-0.9995283018867924    0.0
-0.9985849056603773    0.0
-0.9976415094339622    0.0
-0.9966981132075472    0.0
-0.995754716981132    0.0
-0.9948113207547169    0.0
-0.9938679245283019    0.0
-0.9929245283018868    0.0
-0.9919811320754717    0.0
-0.9910377358490565    0.0
-0.9900943396226415    0.0
-0.9891509433962264    0.0
-0.9882075471698113    0.0
-0.9872641509433961    0.0
-0.9863207547169811    0.0
-0.9853773584905661    0.0
-0.9844339622641509    0.0
-0.9834905660377358    0.0
-0.9825471698113207    0.0
-0.9816037735849057    0.0
-0.9806603773584905    0.0
-0.9797169811320754    0.0
-0.9787735849056604    0.0
-0.9778301886792453    0.0
-0.9768867924528302    0.0
-0.975943396226415    0.0
-0.975    0.0
-0.9740566037735849    0.0
-0.9731132075471698    0.0
-0.9721698113207546    0.0
-0.9712264150943396    0.0
-0.9702830188679246    0.0
-0.9693396226415094    0.0
-0.9683962264150943    0.0
-0.9674528301886792    0.0
-0.9665094339622642    0.0
-0.965566037735849    0.0
-0.9646226415094339    0.0
-0.9636792452830188    0.0
-0.9627358490566038    0.0
-0.9617924528301887    0.0
-0.9608490566037735    0.0
-0.9599056603773585    0.0
-0.9589622641509434    0.0
-0.9580188679245283    0.0
-0.9570754716981131    0.0
-0.9561320754716981    0.0
-0.9551886792452831    0.0
-0.9542452830188679    0.0
-0.9533018867924528    0.0
-0.9523584905660377    0.0
-0.9514150943396227    0.0
-0.9504716981132075    0.0
-0.9495283018867924    0.0
-0.9485849056603773    0.0
-0.9476415094339623    0.0
-0.9466981132075472    0.0
-0.945754716981132    0.0
-0.944811320754717    0.0
-0.9438679245283019    0.0
-0.9429245283018868    0.0
-0.9419811320754716    0.0
-0.9410377358490566    0.0
-0.9400943396226416    0.0
-0.9391509433962264    0.0
-0.9382075471698113    0.0
-0.9372641509433962    0.0
-0.9363207547169812    0.0
-0.935377358490566    0.0
-0.9344339622641509    0.0
-0.9334905660377358    0.0
-0.9325471698113208    0.0
-0.9316037735849056    0.0
-0.9306603773584905    0.0
-0.9297169811320755    0.0
-0.9287735849056604    0.0
-0.9278301886792453    0.0
-0.9268867924528301    0.0
-0.9259433962264151    0.0
-0.925    0.0
-0.9240566037735849    0.0
-0.9231132075471697    0.0
-0.9221698113207547    0.0
-0.9212264150943397    0.0
-0.9202830188679245    0.0
-0.9193396226415094    0.0
-0.9183962264150943    0.0
-0.9174528301886793    0.0
-0.9165094339622641    0.0
-0.915566037735849    0.0
-0.914622641509434    0.0
-0.9136792452830189    0.0
-0.9127358490566038    0.0
-0.9117924528301886    0.0
-0.9108490566037736    0.0
-0.9099056603773585    0.0
-0.9089622641509434    0.0
-0.9080188679245282    0.0
-0.9070754716981132    0.0
-0.9061320754716982    0.0
-0.905188679245283    0.0
-0.9042452830188679    0.0
-0.9033018867924528    0.0
-0.9023584905660378    0.0
-0.9014150943396226    0.0
-0.9004716981132075    0.0
-0.8995283018867924    0.0
-0.8985849056603774    0.0
-0.8976415094339623    0.0
-0.8966981132075471    0.0
-0.8957547169811321    0.0
-0.894811320754717    0.0
-0.8938679245283019    0.0
-0.8929245283018867    0.0
-0.8919811320754717    0.0
-0.8910377358490567    0.0
-0.8900943396226415    0.0
-0.8891509433962264    0.0
-0.8882075471698113    0.0
-0.8872641509433963    0.0
-0.8863207547169811    0.0
-0.885377358490566    0.0
-0.8844339622641509    0.0
-0.8834905660377359    0.0
-0.8825471698113208    0.0
-0.8816037735849056    0.0
-0.8806603773584906    0.0
-0.8797169811320755    0.0
-0.8787735849056604    0.0
-0.8778301886792452    0.0
-0.8768867924528302    0.0
-0.8759433962264151    0.0
-0.875    0.0
-0.8740566037735849    0.0
-0.8731132075471698    0.0
-0.8721698113207548    0.0
-0.8712264150943396    0.0
-0.8702830188679245    0.0
-0.8693396226415094    0.0
-0.8683962264150944    0.0
-0.8674528301886792    0.0
-0.8665094339622641    0.0
-0.8655660377358491    0.0
-0.864622641509434    0.0
-0.8636792452830189    0.0
-0.8627358490566037    0.0
-0.8617924528301887    0.0
-0.8608490566037736    0.0
-0.8599056603773585    0.0
-0.8589622641509433    0.0
-0.8580188679245283    0.0
-0.8570754716981133    0.0
-0.8561320754716981    0.0
-0.855188679245283    0.0
-0.8542452830188679    0.0
-0.8533018867924529    0.0
-0.8523584905660377    0.0
-0.8514150943396226    0.0
-0.8504716981132076    0.0
-0.8495283018867925    0.0
-0.8485849056603774    0.0
-0.8476415094339622    0.0
-0.8466981132075472    0.0
-0.8457547169811321    0.0
-0.844811320754717    0.0
-0.8438679245283018    0.0
-0.8429245283018868    0.0
-0.8419811320754718    0.0
-0.8410377358490566    0.0
-0.8400943396226415    0.0
-0.8391509433962264    0.0
-0.8382075471698114    0.0
-0.8372641509433962    0.0
-0.8363207547169811    0.0
-0.835377358490566    0.0
-0.834433962264151    0.0
-0.8334905660377359    0.0
-0.8325471698113207    0.0
-0.8316037735849057    0.0
-0.8306603773584906    0.0
-0.8297169811320755    0.0
-0.8287735849056603    0.0
-0.8278301886792453    0.0
-0.8268867924528303    0.0
-0.8259433962264151    0.0
-0.825    0.0
-0.8240566037735849    0.0
-0.8231132075471699    0.0
-0.8221698113207547    0.0
-0.8212264150943396    0.0
-0.8202830188679245    0.0
-0.8193396226415095    0.0
-0.8183962264150944    0.0
-0.8174528301886792    0.0
-0.816509433962264    0.0
-0.8155660377358491    0.0
-0.814622641509434    0.0
-0.8136792452830188    0.0
-0.8127358490566037    0.0
-0.8117924528301887    0.0
-0.8108490566037736    0.0
-0.8099056603773584    0.0
-0.8089622641509433    0.0
-0.8080188679245284    0.0
-0.8070754716981132    0.0
-0.8061320754716981    0.0
-0.8051886792452829    0.0
-0.804245283018868    0.0
-0.8033018867924528    0.0
-0.8023584905660377    0.0
-0.8014150943396225    0.0
-0.8004716981132076    0.0
-0.7995283018867925    0.0
-0.7985849056603773    0.0
-0.7976415094339622    0.0
-0.7966981132075472    0.0
-0.7957547169811321    0.0
-0.7948113207547169    0.0
-0.7938679245283018    0.0
-0.7929245283018869    0.0
-0.7919811320754717    0.0
-0.7910377358490566    0.0
-0.7900943396226414    0.0
-0.7891509433962265    0.0
-0.7882075471698113    0.0
-0.7872641509433962    0.0
-0.786320754716981    0.0
-0.7853773584905661    0.0
-0.784433962264151    0.0
-0.7834905660377358    0.0
-0.7825471698113207    0.0
-0.7816037735849057    0.0
-0.7806603773584906    0.0
-0.7797169811320754    0.0
-0.7787735849056603    0.0
-0.7778301886792454    0.0
-0.7768867924528302    0.0
-0.7759433962264151    0.0
-0.7749999999999999    0.0
-0.774056603773585    0.0
-0.7731132075471698    0.0
-0.7721698113207547    0.0
-0.7712264150943395    0.0
-0.7702830188679246    0.0
-0.7693396226415095    0.0
-0.7683962264150943    0.0
-0.7674528301886792    0.0
-0.7665094339622642    0.0
-0.7655660377358491    0.0
-0.7646226415094339    0.0
-0.7636792452830188    0.0
-0.7627358490566039    0.0
-0.7617924528301887    0.0
-0.7608490566037736    0.0
-0.7599056603773584    0.0
-0.7589622641509435    0.0
-0.7580188679245283    0.0
-0.7570754716981132    0.0
-0.756132075471698    0.0
-0.7551886792452831    0.0
-0.754245283018868    0.0
-0.7533018867924528    0.0
-0.7523584905660377    0.0
-0.7514150943396227    0.0
-0.7504716981132076    0.0
-0.7495283018867924    0.0
-0.7485849056603773    0.0
-0.7476415094339623    0.0
-0.7466981132075472    0.0
-0.745754716981132    0.0
-0.7448113207547169    0.0
-0.743867924528302    0.0
-0.7429245283018868    0.0
-0.7419811320754717    0.0
-0.7410377358490565    0.0
-0.7400943396226416    0.0
-0.7391509433962264    0.0
-0.7382075471698113    0.0
-0.7372641509433961    0.0
-0.7363207547169812    0.0
-0.7353773584905661    0.0
-0.7344339622641509    0.0
-0.7334905660377358    0.0
-0.7325471698113208    0.0
-0.7316037735849057    0.0
-0.7306603773584905    0.0
-0.7297169811320754    0.0
-0.7287735849056605    0.0
-0.7278301886792453    0.0
-0.7268867924528302    0.0
-0.725943396226415    0.0
-0.7250000000000001    0.0
-0.7240566037735849    0.0
-0.7231132075471698    0.0
-0.7221698113207546    0.0
-0.7212264150943397    0.0
-0.7202830188679246    0.0
-0.7193396226415094    0.0
-0.7183962264150943    0.0
-0.7174528301886793    0.0
-0.7165094339622642    0.0
-0.715566037735849    0.0
-0.7146226415094339    0.0
-0.713679245283019    0.0
-0.7127358490566038    0.0
-0.7117924528301887    0.0
-0.7108490566037735    0.0
-0.7099056603773586    0.0
-0.7089622641509434    0.0
-0.7080188679245283    0.0
-0.7070754716981131    0.0
-0.7061320754716982    0.0
-0.7051886792452831    0.0
-0.7042452830188679    0.0
-0.7033018867924528    0.0
-0.7023584905660378    0.0
-0.7014150943396227    0.0
-0.7004716981132075    0.0
-0.6995283018867924    0.0
-0.6985849056603775    0.0
-0.6976415094339623    0.0
-0.6966981132075472    0.0
-0.695754716981132    0.0
-0.6948113207547171    0.0
-0.6938679245283019    0.0
-0.6929245283018868    0.0
-0.6919811320754716    0.0
-0.6910377358490567    0.0
-0.6900943396226416    0.0
-0.6891509433962264    0.0
-0.6882075471698113    0.0
-0.6872641509433963    0.0
-0.6863207547169812    0.0
-0.685377358490566    0.0
-0.6844339622641509    0.0
-0.683490566037736    0.0
-0.6825471698113208    0.0
-0.6816037735849056    0.0
-0.6806603773584905    0.0
-0.6797169811320756    0.0
-0.6787735849056604    0.0
-0.6778301886792453    0.0
-0.6768867924528301    0.0
-0.6759433962264152    0.0
-0.675    0.0
-0.6740566037735849    0.0
-0.6731132075471697    0.0
-0.6721698113207548    0.0
-0.6712264150943397    0.0
-0.6702830188679245    0.0
-0.6693396226415094    0.0
-0.6683962264150944    0.0
-0.6674528301886793    0.0
-0.6665094339622641    0.0
-0.665566037735849    0.0
-0.6646226415094341    0.0
-0.6636792452830189    0.0
-0.6627358490566038    0.0
-0.6617924528301886    0.0
-0.6608490566037737    0.0
-0.6599056603773585    0.0
-0.6589622641509434    0.0
-0.6580188679245282    0.0
-0.6570754716981133    0.0
-0.6561320754716982    0.0
-0.655188679245283    0.0
-0.6542452830188679    0.0
-0.6533018867924529    0.0
-0.6523584905660378    0.0
-0.6514150943396226    0.0
-0.6504716981132075    0.0
-0.6495283018867926    0.0
-0.6485849056603774    0.0
-0.6476415094339623    0.0
-0.6466981132075471    0.0
-0.6457547169811322    0.0
-0.644811320754717    0.0
-0.6438679245283019    0.0
-0.6429245283018867    0.0
-0.6419811320754718    0.0
-0.6410377358490567    0.0
-0.6400943396226415    0.0
-0.6391509433962264    0.0
-0.6382075471698113    0.0
-0.6372641509433963    0.0
-0.6363207547169811    0.0
-0.635377358490566    0.0
-0.6344339622641508    0.0
-0.6334905660377359    0.0
-0.6325471698113208    0.0
-0.6316037735849056    0.0
-0.6306603773584905    0.0
-0.6297169811320755    0.0
-0.6287735849056604    0.0
-0.6278301886792452    0.0
-0.6268867924528301    0.0
-0.6259433962264151    0.0
-0.625    0.0
-0.6240566037735849    0.0
-0.6231132075471697    0.0
-0.6221698113207548    0.0
-0.6212264150943396    0.0
-0.6202830188679245    0.0
-0.6193396226415093    0.0
-0.6183962264150944    0.0
-0.6174528301886792    0.0
-0.6165094339622641    0.0
-0.615566037735849    0.0
-0.614622641509434    0.0
-0.6136792452830189    0.0
-0.6127358490566037    0.0
-0.6117924528301886    0.0
-0.6108490566037736    0.0
-0.6099056603773585    0.0
-0.6089622641509433    0.00023563410025562696
-0.6080188679245282    0.0
-0.6070754716981133    0.0
-0.6061320754716981    0.0
-0.605188679245283    0.0
-0.6042452830188678    0.0
-0.6033018867924529    0.0
-0.6023584905660377    0.0
-0.6014150943396226    0.0
-0.6004716981132074    0.0
-0.5995283018867925    0.0
-0.5985849056603774    0.0
-0.5976415094339622    0.0
-0.5966981132075471    0.0
-0.5957547169811321    0.0
-0.594811320754717    0.0
-0.5938679245283018    0.0
-0.5929245283018867    0.0
-0.5919811320754718    0.0
-0.5910377358490566    0.0
-0.5900943396226415    0.0
-0.5891509433962263    0.0
-0.5882075471698114    0.0
-0.5872641509433962    0.0
-0.5863207547169811    0.0
-0.5853773584905659    0.0
-0.584433962264151    0.0
-0.5834905660377359    0.0
-0.5825471698113207    0.0
-0.5816037735849056    0.0
-0.5806603773584906    0.0
-0.5797169811320755    0.0
-0.5787735849056603    0.0
-0.5778301886792452    0.0
-0.5768867924528303    0.0
-0.5759433962264151    0.0
-0.575    0.0
-0.5740566037735848    0.0
-0.5731132075471699    0.0
-0.5721698113207547    0.0
-0.5712264150943396    0.0
-0.5702830188679244    0.0
-0.5693396226415095    0.0
-0.5683962264150944    0.0
-0.5674528301886792    0.0
-0.566509433962264    0.0
-0.5655660377358491    0.0
-0.564622641509434    0.0
-0.5636792452830188    0.0
-0.5627358490566037    0.0
-0.5617924528301887    0.0
-0.5608490566037736    0.0
-0.5599056603773584    0.0
-0.5589622641509433    0.0
-0.5580188679245284    0.0
-0.5570754716981132    0.0
-0.5561320754716981    0.0
-0.5551886792452829    0.00023563410025565466
-0.554245283018868    0.0
-0.5533018867924528    0.0
-0.5523584905660377    0.0
-0.5514150943396225    0.0
-0.5504716981132076    0.0
-0.5495283018867925    0.0
-0.5485849056603773    0.0
-0.5476415094339622    0.0
-0.5466981132075472    0.0
-0.5457547169811321    0.0
-0.5448113207547169    0.00023563410025562696
-0.5438679245283018    0.0
-0.5429245283018869    0.0
-0.5419811320754717    0.0
-0.5410377358490566    0.0
-0.5400943396226414    0.0
-0.5391509433962265    0.0
-0.5382075471698113    0.0
-0.5372641509433962    0.0
-0.536320754716981    0.0
-0.5353773584905661    0.0
-0.534433962264151    0.0
-0.5334905660377358    0.0
-0.5325471698113207    0.0
-0.5316037735849057    0.00023563410025565466
-0.5306603773584906    0.0
-0.5297169811320754    0.0
-0.5287735849056603    0.0
-0.5278301886792454    0.0
-0.5268867924528302    0.0
-0.5259433962264151    0.0
-0.5249999999999999    0.0
-0.524056603773585    0.0
-0.5231132075471698    0.0
-0.5221698113207547    0.0
-0.5212264150943395    0.0
-0.5202830188679246    0.0
-0.5193396226415095    0.0
-0.5183962264150943    0.0
-0.5174528301886792    0.0
-0.5165094339622642    0.0
-0.5155660377358491    0.0
-0.5146226415094339    0.0
-0.5136792452830188    0.0
-0.5127358490566039    0.0
-0.5117924528301887    0.0
-0.5108490566037736    0.0
-0.5099056603773584    0.0
-0.5089622641509435    0.0
-0.5080188679245283    0.0
-0.5070754716981132    0.0
-0.506132075471698    0.0
-0.5051886792452831    0.0
-0.504245283018868    0.0
-0.5033018867924528    0.0
-0.5023584905660377    0.0
-0.5014150943396227    0.0
-0.5004716981132076    0.0
-0.4995283018867924    0.0
-0.49858490566037733    0.00023563410025565466
-0.49764150943396224    0.0
-0.49669811320754714    0.00023563410025565466
-0.49575471698113205    0.0
-0.49481132075471695    0.00023563410025565466
-0.49386792452830186    0.0
-0.49292452830188677    0.0
-0.49198113207547167    0.0
-0.4910377358490566    0.00023563410025565466
-0.4900943396226415    0.0
-0.4891509433962264    0.00023563410025565466
-0.4882075471698113    0.0
-0.4872641509433962    0.00023563410025565466
-0.4863207547169811    0.00023563410025562696
-0.485377358490566    0.0
-0.4844339622641509    0.0
-0.4834905660377358    0.0
-0.48254716981132073    0.0
-0.48160377358490564    0.0
-0.48066037735849054    0.0
-0.47971698113207545    0.0
-0.47877358490566035    0.0
-0.47783018867924526    0.0
-0.47688679245283017    0.0
-0.47594339622641507    0.00023563410025565466
-0.475    0.0
-0.4740566037735849    0.00023563410025565466
-0.4731132075471698    0.0
-0.4721698113207547    0.0
-0.4712264150943396    0.0
-0.4702830188679245    0.0
-0.4693396226415094    0.0
-0.4683962264150943    0.0
-0.4674528301886792    0.00023563410025562696
-0.46650943396226413    0.0
-0.46556603773584904    0.0
-0.46462264150943394    0.0
-0.46367924528301885    0.0
-0.46273584905660375    0.0
-0.46179245283018866    0.0
-0.46084905660377357    0.0
-0.45990566037735847    0.0
-0.4589622641509434    0.0
-0.4580188679245283    0.00023563410025562696
-0.4570754716981132    0.00023563410025565466
-0.4561320754716981    0.0
-0.455188679245283    0.00023563410025565466
-0.4542452830188679    0.0
-0.4533018867924528    0.0
-0.4523584905660377    0.0
-0.4514150943396226    0.00023563410025565466
-0.45047169811320753    0.00023563410025562696
-0.44952830188679244    0.0
-0.44858490566037734    0.00023563410025562696
-0.44764150943396225    0.00023563410025565466
-0.44669811320754715    0.0
-0.44575471698113206    0.0
-0.44481132075471697    0.0
-0.44386792452830187    0.0
-0.4429245283018868    0.0
-0.4419811320754717    0.0
-0.4410377358490566    0.0
-0.4400943396226415    0.0
-0.4391509433962264    0.0004712682005112539
-0.4382075471698113    0.0007069023007669641
-0.4372641509433962    0.00023563410025562696
-0.4363207547169811    0.0
-0.435377358490566    0.00023563410025562696
-0.43443396226415093    0.00023563410025565466
-0.43349056603773584    0.0
-0.43254716981132074    0.0009425364010226187
-0.43160377358490565    0.00023563410025562696
-0.43066037735849055    0.00023563410025565466
-0.42971698113207546    0.0004712682005112539
-0.42877358490566037    0.00023563410025565466
-0.42783018867924527    0.0004712682005112539
-0.4268867924528302    0.00023563410025565466
-0.4259433962264151    0.0004712682005112539
-0.425    0.0004712682005113093
-0.4240566037735849    0.0009425364010225078
-0.4231132075471698    0.00023563410025565466
-0.4221698113207547    0.0
-0.4212264150943396    0.0
-0.4202830188679245    0.00023563410025562696
-0.4193396226415094    0.0004712682005113093
-0.41839622641509433    0.00023563410025562696
-0.41745283018867924    0.00023563410025565466
-0.41650943396226414    0.0004712682005112539
-0.41556603773584905    0.0007069023007669641
-0.41462264150943395    0.0004712682005112539
-0.41367924528301886    0.0
-0.41273584905660377    0.0007069023007668808
-0.41179245283018867    0.0007069023007669641
-0.4108490566037736    0.00023563410025562696
-0.4099056603773585    0.00023563410025565466
-0.4089622641509434    0.0004712682005112539
-0.4080188679245283    0.0009425364010226187
-0.4070754716981132    0.00023563410025562696
-0.4061320754716981    0.0
-0.405188679245283    0.00023563410025562696
-0.4042452830188679    0.0007069023007669641
-0.4033018867924528    0.00023563410025562696
-0.40235849056603773    0.0009425364010226187
-0.40141509433962264    0.0004712682005112539
-0.40047169811320754    0.0009425364010226187
-0.39952830188679245    0.00023563410025562696
-0.39858490566037735    0.0007069023007669641
-0.39764150943396226    0.00023563410025562696
-0.39669811320754716    0.0011781705012782733
-0.39575471698113207    0.00023563410025562696
-0.394811320754717    0.0009425364010226187
-0.3938679245283019    0.0007069023007668808
-0.3929245283018868    0.0007069023007669641
-0.3919811320754717    0.0004712682005112539
-0.3910377358490566    0.0007069023007669641
-0.3900943396226415    0.0014138046015337617
-0.3891509433962264    0.0
-0.3882075471698113    0.0004712682005112539
-0.3872641509433962    0.0009425364010226187
-0.38632075471698113    0.0004712682005112539
-0.38537735849056604    0.0
-0.38443396226415094    0.0014138046015337617
-0.38349056603773585    0.0011781705012782733
-0.38254716981132075    0.0007069023007668808
-0.38160377358490566    0.0007069023007669641
-0.38066037735849056    0.0007069023007668808
-0.37971698113207547    0.0014138046015339282
-0.3787735849056604    0.0014138046015337617
-0.3778301886792453    0.0011781705012782733
-0.3768867924528302    0.0009425364010225078
-0.3759433962264151    0.0009425364010226187
-0.375    0.0014138046015337617
-0.3740566037735849    0.0004712682005113093
-0.3731132075471698    0.0021207069023006426
-0.3721698113207547    0.0009425364010226187
-0.3712264150943396    0.0014138046015337617
-0.37028301886792453    0.0014138046015339282
-0.36933962264150944    0.0014138046015337617
-0.36839622641509434    0.0004712682005113093
-0.36745283018867925    0.0028276092030675233
-0.36650943396226415    0.0009425364010226187
-0.36556603773584906    0.0014138046015337617
-0.36462264150943396    0.0016494387017895829
-0.36367924528301887    0.0018850728020450157
-0.3627358490566038    0.0014138046015339282
-0.3617924528301887    0.0014138046015337617
-0.3608490566037736    0.00400577970434613
-0.3599056603773585    0.0016494387017893888
-0.3589622641509434    0.0018850728020452373
-0.3580188679245283    0.0016494387017893888
-0.3570754716981132    0.0023563410025565466
-0.3561320754716981    0.0016494387017893888
-0.355188679245283    0.0014138046015339282
-0.35424528301886793    0.0025919751028118964
-0.35330188679245284    0.0014138046015339282
-0.35235849056603774    0.0011781705012781348
-0.35141509433962265    0.0030632433033235106
-0.35047169811320755    0.0032988774035787776
-0.34952830188679246    0.0016494387017895829
-0.34858490566037736    0.0028276092030675233
-0.34764150943396227    0.0018850728020452373
-0.3466981132075472    0.0035345115038344045
-0.3457547169811321    0.0018850728020452373
-0.344811320754717    0.004005779704345658
-0.3438679245283019    0.0030632433033235106
-0.3429245283018868    0.0035345115038344045
-0.3419811320754717    0.0030632433033235106
-0.3410377358490566    0.0018850728020450157
-0.3400943396226415    0.0065977548071583314
-0.3391509433962264    0.0028276092030675233
-0.33820754716981133    0.0044770479048574395
-0.33726415094339623    0.0032988774035787776
-0.33632075471698114    0.0037701456040904746
-0.33537735849056605    0.004241413804601285
-0.33443396226415095    0.00400577970434613
-0.33349056603773586    0.0032988774035787776
-0.33254716981132076    0.0028276092030678564
-0.33160377358490567    0.0035345115038344045
-0.3306603773584906    0.004712682005113093
-0.3297169811320755    0.004948316105368166
-0.3287735849056604    0.006126486606647021
-0.3278301886792453    0.007540291208180063
-0.3268867924528302    0.004948316105368748
-0.3259433962264151    0.004241413804601285
-0.325    0.004712682005113093
-0.3240566037735849    0.00541958430587942
-0.3231132075471698    0.0032988774035791657
-0.32216981132075473    0.006597754807157555
-0.32122641509433963    0.004241413804601785
-0.32028301886792454    0.006362120706901928
-0.31933962264150945    0.007540291208180949
-0.31839622641509435    0.006833388907413182
-0.31745283018867926    0.007069023007669641
-0.31650943396226416    0.006833388907413182
-0.31556603773584907    0.006126486606647021
-0.314622641509434    0.007069023007668809
-0.3136792452830189    0.007304657107925295
-0.3127358490566038    0.00777592530843569
-0.3117924528301887    0.007304657107925295
-0.3108490566037736    0.006833388907413182
-0.3099056603773585    0.007304657107925295
-0.3089622641509434    0.011310436812270093
-0.3080188679245283    0.00801155940869226
-0.3070754716981132    0.012017339113036974
-0.30613207547169813    0.012959875514061006
-0.30518867924528303    0.009425364010225078
-0.30424528301886794    0.008718461709459223
-0.30330188679245285    0.009425364010225078
-0.30235849056603775    0.01201733911303839
-0.30141509433962266    0.006362120706901928
-0.30047169811320756    0.008718461709459223
-0.29952830188679247    0.010603534511503214
-0.2985849056603774    0.009896632210737496
-0.2976415094339623    0.012724241413803856
-0.2966981132075472    0.012488607313549699
-0.2957547169811321    0.012959875514059482
-0.294811320754717    0.009189729909970534
-0.2938679245283019    0.01531621651661575
-0.2929245283018868    0.014373680115594936
-0.2919811320754717    0.01460931421584887
-0.2910377358490566    0.014844948316106246
-0.29009433962264153    0.014138046015337618
-0.28915094339622643    0.014844948316106246
-0.28820754716981134    0.013666777814826364
-0.28726415094339625    0.015080582416361898
-0.28632075471698115    0.012017339113036974
-0.28537735849056606    0.0176725575191741
-0.28443396226415096    0.020264532621983918
-0.28349056603773587    0.017908191619429758
-0.2825471698113208    0.018143825719683274
-0.2816037735849057    0.017436923418918445
-0.2806603773584906    0.020028898521728292
-0.2797169811320755    0.016494387017895826
-0.2787735849056604    0.01790819161942765
-0.2778301886792453    0.020971434922753267
-0.2768867924528302    0.022620873624540187
-0.27594339622641506    0.024034678226073948
-0.27499999999999997    0.022385239524287195
-0.2740566037735849    0.02144270312326205
-0.2731132075471698    0.024505946426588085
-0.2721698113207547    0.023799044125818323
-0.2712264150943396    0.024977214627099398
-0.2702830188679245    0.02474158052684083
-0.2693396226415094    0.027804823830167254
-0.2683962264150943    0.023092141825051444
-0.2674528301886792    0.03181060353451338
-0.2665094339622641    0.024505946426585205
-0.265566037735849    0.034402578637325584
-0.26462264150943393    0.028982994331442115
-0.26367924528301884    0.028040457930422907
-0.26273584905660374    0.025684116927863338
-0.26179245283018865    0.032753139935536
-0.26084905660377355    0.0341669445370659
-0.25990566037735846    0.03181060353451338
-0.25896226415094337    0.03251750583527652
-0.2580188679245283    0.043592308547296114
-0.2570754716981132    0.03770145604090031
-0.2561320754716981    0.03322440813604731
-0.255188679245283    0.031574969434254016
-0.2542452830188679    0.041000333444483915
-0.2533018867924528    0.04170723574524597
-0.2523584905660377    0.04406357674780743
-0.2514150943396226    0.04618428365010289
-0.2504716981132075    0.04618428365010832
-0.24952830188679243    0.04524174724908037
-0.24858490566037733    0.056552184061357126
-0.24764150943396224    0.04665555185061414
-0.24669811320754714    0.05560964766033451
-0.24575471698113205    0.050896965655215426
-0.24481132075471695    0.05608091586084581
-0.24386792452830186    0.048304990552403525
-0.24292452830188677    0.057494720462379745
-0.24198113207547167    0.06055796376569613
-0.24103773584905658    0.062443036567748494
-0.24009433962264148    0.06715571857285368
-0.2391509433962264    0.06880515727465117
-0.2382075471698113    0.0603223296654405
-0.2372641509433962    0.06692008447260593
-0.2363207547169811    0.07351783927975561
-0.235377358490566    0.06574191397132766
-0.23443396226415092    0.06739135267310932
-0.23349056603773582    0.07422474158053123
-0.23254716981132073    0.07587418028231188
-0.23160377358490564    0.07752361898411039
-0.23066037735849054    0.08529954429253696
-0.22971698113207545    0.0758741802823208
-0.22877358490566035    0.08152939868844693
-0.22783018867924526    0.09283983550072795
-0.22688679245283017    0.08553517839279258
-0.22594339622641507    0.09001222629766009
-0.22499999999999998    0.09731688340557393
-0.22405660377358488    0.09896632210737497
-0.2231132075471698    0.1032077359119646
-0.2221698113207547    0.1029721018117211
-0.2212264150943396    0.1083916861175884
-0.2202830188679245    0.10792041791708985
-0.2193396226415094    0.11852395242858037
-0.21839622641509432    0.10532844281427765
-0.21745283018867922    0.12182282983215914
-0.21650943396226413    0.12205846393242914
-0.21556603773584904    0.13007002334110607
-0.21462264150943394    0.12394353673447436
-0.21367924528301885    0.1380815827497974
-0.21273584905660375    0.14114482605313716
-0.21179245283018866    0.13525397354672988
-0.21084905660377357    0.14302989885518239
-0.20990566037735847    0.15528287206845814
-0.20896226415094338    0.15763921307103299
-0.20801886792452828    0.1651795042791945
-0.2070754716981132    0.1658864065799809
-0.2061320754716981    0.15669667666999193
-0.205188679245283    0.16824274758253743
-0.2042452830188679    0.18238079359785528
-0.2033018867924528    0.18308769589864368
-0.20235849056603772    0.18143825719683276
-0.20141509433962262    0.19062798710682463
-0.20047169811320753    0.21183505612980863
-0.19952830188679244    0.20264532621986303
-0.19858490566037734    0.2167833722351768
-0.19764150943396225    0.2141913971323901
-0.19669811320754715    0.22785817494719127
-0.19575471698113206    0.2288007113482407
-0.19481132075471697    0.2490652439701977
-0.19386792452830187    0.2450594642658809
-0.19292452830188678    0.2504790485717314
-0.19198113207547168    0.23327775925309813
-0.1910377358490566    0.2719217516949935
-0.1900943396226415    0.2624963876847993
-0.1891509433962264    0.2695654106924373
-0.1882075471698113    0.29053684561522225
-0.1872641509433962    0.2952495276203006
-0.18632075471698112    0.31551406024232165
-0.18537735849056602    0.29949094142490185
-0.18443396226415093    0.313864621540532
-0.18349056603773584    0.3232899855507202
-0.18254716981132074    0.31834166944538944
-0.18160377358490565    0.33672112926529096
-0.18066037735849055    0.34449705457376717
-0.17971698113207546    0.35910636878957547
-0.17877358490566037    0.3690030010003552
-0.17783018867924527    0.37253751250414624
-0.17688679245283018    0.39492275202847726
-0.17594339622641508    0.3800778037123263
-0.175    0.4062331888407487
-0.1740566037735849    0.426968989663196
-0.1731132075471698    0.43144603756810374
-0.1721698113207547    0.44440591308211247
-0.1712264150943396    0.4434633766811421
-0.17028301886792452    0.4660842503056301
-0.16933962264150942    0.4731532733133546
-0.16839622641509433    0.490118928531704
-0.16745283018867924    0.4976592197399427
-0.16650943396226414    0.5155674113593117
-0.16556603773584905    0.5150961431588612
-0.16462264150943395    0.5162743136600787
-0.16367924528301886    0.5558608425030894
-0.16273584905660377    0.5690563521173391
-0.16179245283018867    0.5754184728243087
-0.16084905660377358    0.5850794709347218
-0.15990566037735848    0.6199533177726275
-0.1589622641509434    0.5926197621429018
-0.1580188679245283    0.6385684116928242
-0.1570754716981132    0.6220740246748552
-0.1561320754716981    0.6456374347004938
-0.155188679245283    0.6776836723351831
-0.15424528301886792    0.706902300766964
-0.15330188679245282    0.7189196398799178
-0.15235849056603773    0.7226897854840929
-0.15141509433962264    0.7519084139157056
-0.15047169811320754    0.7519084139157941
-0.14952830188679245    0.7879604312548165
-0.14858490566037735    0.7907880404579771
-0.14764150943396226    0.8004490385683648
-0.14669811320754716    0.8588862954318613
-0.14575471698113207    0.8553517839279259
-0.14481132075471698    0.8647771479382527
-0.14386792452830188    0.8970590196731718
-0.1429245283018868    0.9057774813827366
-0.1419811320754717    0.9255707458041027
-0.1410377358490566    0.9340535734134151
-0.1400943396226415    0.9948471712792569
-0.1391509433962264    0.9936690007780957
-0.13820754716981132    1.0367900411247586
-0.13726415094339622    1.0702500833611834
-0.13632075471698113    1.0353762365232249
-0.13537735849056604    1.1020606868956968
-0.13443396226415094    1.1322218517282874
-0.13349056603773585    1.1301011448261198
-0.13254716981132075    1.1706302100699548
-0.13160377358490566    1.1833544514838978
-0.13066037735849056    1.1725152828719998
-0.12971698113207547    1.2106880071135537
-0.12877358490566038    1.2818495053906107
-0.12783018867924528    1.2764299210848815
-0.1268867924528302    1.3018784039123388
-0.1259433962264151    1.3327464710459829
-0.125    1.3457063465598855
-0.1240566037735849    1.3897699233078513
-0.12311320754716981    1.4076781149271154
-0.12216981132075472    1.4677648104924732
-0.12122641509433962    1.4927420251193968
-0.12028301886792453    1.4705924196955409
-0.11933962264150944    1.5125352895408695
-0.11839622641509434    1.5584839390909002
-0.11745283018867925    1.5693231077024756
-0.11650943396226415    1.6129154162499564
-0.11556603773584906    1.6503812381904113
-0.11462264150943396    1.6920884739358564
-0.11367924528301887    1.7411003667888276
-0.11273584905660378    1.71141047015682
-0.11179245283018868    1.799066355451712
-0.11084905660377359    1.7861064799378625
-0.1099056603773585    1.8393597865954239
-0.1089622641509434    1.8843658997444706
-0.1080188679245283    1.8919061909524288
-0.10707547169811321    1.9402111815050609
-0.10613207547169812    1.9256018672889834
-0.10518867924528302    2.016320995887637
-0.10424528301886793    2.0368211626096397
-0.10330188679245284    2.0639190841392794
-0.10235849056603774    2.1136378792929738
-0.10141509433962265    2.160293431143842
-0.10047169811320755    2.201765032788578
-0.09952830188679246    2.203178837390371
-0.09858490566037736    2.2338112704233435
-0.09764150943396227    2.328771812826635
-0.09669811320754718    2.3103923530064225
-0.09575471698113208    2.320760253417943
-0.09481132075471699    2.3784906079802983
-0.0938679245283019    2.446824497054718
-0.0929245283018868    2.429858841836025
-0.0919811320754717    2.504790485717609
-0.09103773584905661    2.5794864954983483
-0.09009433962264152    2.5533311103702743
-0.08915094339622642    2.603521173724422
-0.08820754716981133    2.6859931088142077
-0.08726415094339623    2.6841080360118466
-0.08632075471698114    2.7031943981328705
-0.08537735849056605    2.7361831721683405
-0.08443396226415095    2.801218183839223
-0.08349056603773586    2.8337356896741697
-0.08254716981132076    2.892172946537906
-0.08160377358490567    2.954380349005051
-0.08066037735849058    2.9694609314217604
-0.07971698113207548    3.0036278759584767
-0.07877358490566039    2.996794487051416
-0.0778301886792453    3.082565299544112
-0.0768867924528302    3.1106057574748975
-0.0759433962264151    3.1650372346335813
-0.07500000000000001    3.1796465488498047
-0.07405660377358492    3.2597621429363435
-0.07311320754716982    3.2972279648773757
-0.07216981132075473    3.31113037679207
-0.07122641509433963    3.395487384683984
-0.07028301886792454    3.3992575302876746
-0.06933962264150945    3.3738090474604636
-0.06839622641509435    3.479137490274332
-0.06745283018867926    3.4977525841949384
-0.06650943396226416    3.588000444592432
-0.06556603773584907    3.6306502167391272
-0.06462264150943398    3.6247593642323097
-0.06367924528301888    3.6789552072915366
-0.06273584905660379    3.6669378681780667
-0.06179245283018869    3.7213693453375547
-0.0608490566037736    3.786875625208181
-0.059905660377358505    3.8208069356454413
-0.05896226415094341    3.817743692341668
-0.05801886792452832    3.883485606313445
-0.05707547169811322    3.9145893075467306
-0.05613207547169813    3.90492830943671
-0.055188679245283034    4.031228187173267
-0.05424528301886794    4.0446593308883125
-0.053301886792452846    4.1122863176612015
-0.05235849056603775    4.130194509281115
-0.05141509433962266    4.1360853617870195
-0.050471698113207564    4.168131599422275
-0.04952830188679247    4.20394798266064
-0.048584905660377375    4.251310436812521
-0.04764150943396228    4.300086695564937
-0.04669811320754719    4.316816716683594
-0.04575471698113209    4.383736801155684
-0.044811320754717    4.402116260976141
-0.043867924528301905    4.4812893186615135
-0.04292452830188681    4.423087695898894
-0.04198113207547172    4.468093809047199
-0.04103773584905662    4.479639879960252
-0.04009433962264153    4.513571190396534
-0.039150943396226434    4.619606535512109
-0.03820754716981134    4.598635100588815
-0.037264150943396246    4.621491608314155
-0.03632075471698115    4.666497721462436
-0.03537735849056606    4.704199177503891
-0.034433962264150964    4.682520840279819
-0.033490566037735814    4.736716683338614
-0.03254716981132072    4.748027120151442
-0.031603773584905626    4.761222629765198
-0.03066037735849053    4.801751695009731
-0.029716981132075437    4.844637101255691
-0.028773584905660343    4.916034233633724
-0.02783018867924525    4.921453817939025
-0.026886792452830155    4.941482716461334
-0.02594339622641506    4.977299099699608
-0.024999999999999967    4.941953984661845
-0.024056603773584873    4.9853106591083
-0.02311320754716978    4.979184172502239
-0.022169811320754684    4.983425586306255
-0.02122641509433959    4.978006002000961
-0.020283018867924496    5.042805379570672
-0.019339622641509402    4.979184172502239
-0.018396226415094308    5.039977770367605
-0.017452830188679214    5.05128820718047
-0.01650943396226412    5.101478270534324
-0.015566037735849025    5.139415360676085
-0.014622641509433931    5.133760142269344
-0.013679245283018837    5.179473157719546
-0.012735849056603743    5.144834944981359
-0.011792452830188649    5.134702678670971
-0.010849056603773555    5.206099811047822
-0.00990566037735846    5.2134044681563605
-0.008962264150943366    5.220944759363926
-0.008018867924528272    5.2065710792489455
-0.007075471698113178    5.248042680893324
-0.006132075471698084    5.2046860064469005
-0.00518867924528299    5.206099811047822
-0.004245283018867896    5.254640435701099
-0.0033018867924528017    5.219059686561882
-0.0023584905660377076    5.217645881960961
-0.0014150943396226134    5.206335445148077
-0.0004716981132075193    5.243094364788573
0.0004716981132075748    5.2779682116257876
0.0014150943396227245    5.271841725019142
0.002358490566037763    5.162978770702257
0.0033018867924528017    5.244272535289234
0.004245283018867951    5.238146048682587
0.005188679245283101    5.26760031121454
0.00613207547169814    5.265479604313479
0.007075471698113178    5.201858397243221
0.008018867924528328    5.159679893297463
0.008962264150943478    5.17499610981408
0.009905660377358516    5.19667444703882
0.010849056603773555    5.156145381793629
0.011792452830188704    5.170283427808966
0.012735849056603854    5.14695565188366
0.013679245283018893    5.202565299545212
0.014622641509433931    5.132817605868322
0.015566037735849081    5.167220184505643
0.01650943396226423    5.097236856729722
0.01745283018867927    5.092759808826064
0.018396226415094308    5.121507169056051
0.019339622641509457    5.0477536956760405
0.020283018867924607    5.0329087473599365
0.021226415094339646    5.016178726242968
0.022169811320754684    4.947373568967143
0.023113207547169834    5.005339557630028
0.024056603773584984    4.9497299099697
0.025000000000000022    4.976356563299757
0.02594339622641506    4.948787373568678
0.02688679245283021    4.942896521062287
0.02783018867924536    4.841809492052622
0.0287735849056604    4.796567744804672
0.029716981132075437    4.836154273646488
0.030660377358490587    4.77300433477798
0.03160377358490574    4.722107369122765
0.032547169811320775    4.77371123707987
0.033490566037735814    4.701135934200013
0.034433962264150964    4.750147827053184
0.03537735849056611    4.60970990330083
0.03632075471698115    4.589445370679927
0.03726415094339619    4.653537845948377
0.03820754716981134    4.5562209625428025
0.03915094339622649    4.538548405023631
0.04009433962264153    4.49424919417663
0.04103773584905657    4.481524952761769
0.04198113207547172    4.444530399021636
0.042924528301886866    4.47280649105231
0.043867924528301905    4.453955763032909
0.04481132075471694    4.295374013559824
0.04575471698113209    4.358052684227821
0.04669811320754724    4.317523618983852
0.04764150943396228    4.265919751028874
0.04858490566037732    4.259321996220712
0.04952830188679247    4.20394798266064
0.05047169811320762    4.15493608980747
0.05141509433962266    4.117470267867795
0.052358490566037696    4.0957919306433075
0.053301886792452846    4.022509725463808
0.054245283018867996    4.01591197065665
0.055188679245283034    3.9810381238197547
0.05613207547169807    3.906342114037783
0.05707547169811322    3.978446148716005
0.05801886792452837    3.890554629320657
0.05896226415094341    3.833531177059697
0.05990566037735845    3.779570968100256
0.0608490566037736    3.721133711236861
0.06179245283018875    3.6850816938977498
0.06273584905660379    3.711237079026998
0.06367924528301883    3.694742692008231
0.06462264150943398    3.5639657663663575
0.06556603773584913    3.523907969322901
0.06650943396226416    3.5535978659559464
0.0674528301886792    3.4869134155827677
0.06839622641509435    3.479137490274332
0.0693396226415095    3.385590752472848
0.07028301886792454    3.3858263865739007
0.07122641509433958    3.316078692897438
0.07216981132075473    3.2944003556739205
0.07311320754716988    3.2609403134376214
0.07405660377358492    3.1480715794159173
0.07499999999999996    3.2128709569854736
0.0759433962264151    3.127335778592681
0.07688679245283025    3.102122929865329
0.0778301886792453    2.9942025119489566
0.07877358490566033    3.045099477603467
0.07971698113207548    2.9458975213958483
0.08066037735849063    2.94471935089457
0.08160377358490567    2.90395465155103
0.08254716981132071    2.8318506168721247
0.08349056603773586    2.849287540291041
0.08443396226415101    2.760924752695181
0.08537735849056605    2.757861509392507
0.08632075471698109    2.7006024230297405
0.08726415094339623    2.6202511948425715
0.08820754716981138    2.62519951094794
0.08915094339622642    2.5571012559746658
0.09009433962264146    2.5337734800487564
0.09103773584905661    2.4908880738022323
0.09198113207547176    2.4586062020672115
0.0929245283018868    2.4006402134048925
0.09386792452830184    2.4331577192396043
0.09481132075471699    2.365530732466239
0.09575471698113214    2.3075647438033546
0.09669811320754718    2.30473713460083
0.09764150943396221    2.2748116038678226
0.09858490566037736    2.211426030899059
0.09952830188679251    2.1869200844724737
0.10047169811320755    2.158172724241795
0.10141509433962259    2.080177837056675
0.10235849056603774    2.073580082249517
0.10330188679245289    2.0410625764142405
0.10424528301886793    2.010430143381482
0.10518867924528297    1.9541135934199143
0.10613207547169812    1.915233966877736
0.10707547169811327    1.8836589974434819
0.1080188679245283    1.8631588307216809
0.10896226415094334    1.8047215738578468
0.1099056603773585    1.8014226964542681
0.11084905660377364    1.7644281427141346
0.11179245283018868    1.7474624874961409
0.11273584905660372    1.714238079359686
0.11367924528301887    1.6904390352338676
0.11462264150943402    1.6605135045014032
0.11556603773584906    1.5697943759033561
0.1165094339622641    1.5938290541290607
0.11745283018867925    1.5257307991551845
0.1183962264150944    1.4894431477158179
0.11933962264150944    1.5097076803381573
0.12028301886792447    1.4545693008779852
0.12122641509433962    1.443965766366482
0.12216981132075477    1.3987240191174015
0.12311320754716981    1.3650283427811682
0.12405660377358485    1.3318039346448036
0.125    1.315780815827421
0.12594339622641515    1.2830276758918888
0.1268867924528302    1.3153095476272192
0.12783018867924523    1.2731310436811525
0.12877358490566038    1.2165788596198022
0.12971698113207553    1.2170501278203132
0.13066037735849056    1.1758141602758554
0.1316037735849056    1.1128998555073262
0.13254716981132075    1.1093653440034916
0.1334905660377359    1.103945759697612
0.13443396226415094    1.092164054685088
0.13537735849056598    1.0412670890296154
0.13632075471698113    1.0356118706234805
0.13726415094339628    1.0266577748137666
0.13820754716981132    1.0111059241971332
0.13915094339622636    0.9529043014337554
0.1400943396226415    0.9599733244414241
0.14103773584905666    0.943007669223019
0.1419811320754717    0.8994153606759399
0.14292452830188673    0.8711392686450529
0.14386792452830188    0.8911681671667812
0.14481132075471703    0.850874736023069
0.14575471698113207    0.8155296209849168
0.1466981132075471    0.8016272090696429
0.14764150943396226    0.8195354006890706
0.1485849056603774    0.7761787262420351
0.14952830188679245    0.753086584417161
0.15047169811320749    0.7328220517949998
0.15141509433962264    0.7316438812937217
0.15235849056603779    0.6951205957540995
0.15330188679245282    0.6732066244304846
0.15424528301886786    0.6583616761142217
0.155188679245283    0.6545915305101316
0.15613207547169816    0.6293786817827797
0.1570754716981132    0.6241947315773028
0.15801886792452824    0.6044014671556832
0.1589622641509434    0.5806024230298648
0.15990566037735854    0.5699988885183616
0.16084905660377358    0.5754184728243765
0.16179245283018862    0.5589240858063471
0.16273584905660377    0.5586884517060916
0.16367924528301891    0.522400800266725
0.16462264150943395    0.5009580971435807
0.165566037735849    0.510383461153688
0.16650943396226414    0.48564188062684716
0.1674528301886793    0.482578637323524
0.16839622641509433    0.47291763921315455
0.16933962264150937    0.44087140157827803
0.17028301886792452    0.43710125597418803
0.17122641509433967    0.4281471601644742
0.1721698113207547    0.41589418695127944
0.17311320754716975    0.42367011225961726
0.1740566037735849    0.3946871179281752
0.17500000000000004    0.39303767922638577
0.17594339622641508    0.3616983438924725
0.17688679245283012    0.37395131710567997
0.17783018867924527    0.3675891963987781
0.17877358490566042    0.35109480938088417
0.17971698113207546    0.3381349338669043
0.1806603773584905    0.3355429587640128
0.18160377358490565    0.3157496943425401
0.1825471698113208    0.30891630543512694
0.18349056603773584    0.31410025564082467
0.18443396226415087    0.29831277092362374
0.18537735849056602    0.2924219184172331
0.18632075471698117    0.28794487051237616
0.1872641509433962    0.27687006780042683
0.18820754716981125    0.2719217516949935
0.1891509433962264    0.26980104479269285
0.19009433962264155    0.2558986328776109
0.1910377358490566    0.2518928531733245
0.19198113207547163    0.22691563854616875
0.19292452830188678    0.21301322663108677
0.19386792452830193    0.23610536845613822
0.19481132075471697    0.22997888184954604
0.195754716981132    0.21277759253083114
0.19669811320754715    0.21183505612980863
0.1976415094339623    0.20405913082137295
0.19858490566037734    0.20688674002448917
0.19952830188679238    0.17978881849504338
0.20047169811320753    0.18473713460041155
0.20141509433962268    0.17955318439478773
0.20235849056603772    0.1779037456930402
0.20330188679245276    0.1809669889963215
0.2042452830188679    0.1748405023896752
0.20518867924528306    0.17201289318660767
0.2061320754716981    0.1635300655774436
0.20707547169811313    0.1496276536623231
0.20801886792452828    0.1625875291763826
0.20896226415094343    0.14774258086027808
0.20990566037735858    0.1442080693564437
0.21084905660377362    0.13431143714573898
0.21179245283018866    0.13949538735133116
0.2127358490566038    0.12559297543624917
0.21367924528301896    0.1380815827497974
0.214622641509434    0.12606424363679009
0.21556603773584904    0.12394353673445978
0.2165094339622642    0.11711014782704661
0.21745283018867934    0.11993775703011411
0.21839622641509437    0.11027675891965937
0.2193396226415094    0.09920195620761896
0.22028301886792456    0.09920195620761896
0.2212264150943397    0.10650661331554338
0.22216981132075475    0.09967322440815367
0.2231132075471698    0.09496054240301767
0.22405660377358494    0.10085139490940834
0.2250000000000001    0.09849505390685206
0.22594339622641513    0.09472490830278434
0.22688679245283017    0.08954095809713825
0.22783018867924532    0.08765588529509323
0.22877358490566047    0.0874202511948376
0.2297169811320755    0.08152939868846612
0.23066037735849054    0.07186840057796622
0.2316037735849057    0.07351783927975561
0.23254716981132084    0.07658108258307876
0.23349056603773588    0.0777592530843752
0.23443396226415092    0.07398910748026687
0.23537735849056607    0.07469600978103375
0.23632075471698122    0.06692008447259806
0.23726415094339626    0.0723396687784945
0.2382075471698113    0.06574191397131991
0.23915094339622645    0.05655218406135047
0.2400943396226416    0.05749472046237298
0.24103773584905663    0.0563165499611081
0.24198113207547167    0.05678781816160609
0.24292452830188682    0.06456374347004179
0.24386792452830197    0.04948316105368166
0.244811320754717    0.05867289096366492
0.24575471698113205    0.05631654996109484
0.2466981132075472    0.05513837945981671
0.24764150943396235    0.051368233855726676
0.2485849056603774    0.04948316105369331
0.24952830188679243    0.04359230854729099
0.2504716981132076    0.044534844948313494
0.2514150943396227    0.04264977214626848
0.25235849056603776    0.04736245415139217
0.2533018867924528    0.03958652884294533
0.25424528301886795    0.04429921084805787
0.2551886792452831    0.040764699344223464
0.25613207547169814    0.03628765143937509
0.2570754716981132    0.03887962654217845
0.25801886792452833    0.0332244081360434
0.2589622641509435    0.040764699344223464
0.2599056603773585    0.03746582194065351
0.26084905660377355    0.031574969434254016
0.2617924528301887    0.03770145604090031
0.26273584905660385    0.03346004223629903
0.2636792452830189    0.027804823830170525
0.26462264150943393    0.03346004223629903
0.2655660377358491    0.03251750583527652
0.26650943396226423    0.0332244081360434
0.26745283018867927    0.03039679893298303
0.2683962264150943    0.026155385128374592
0.26933962264150946    0.027333555629652728
0.2702830188679246    0.02639101922863022
0.27122641509433965    0.022149605424034147
0.2721698113207547    0.025448482827607713
0.27311320754716983    0.022620873624540187
0.274056603773585    0.022856507724795815
0.275    0.022620873624545512
0.27594339622641506    0.02639101922863022
0.2768867924528302    0.02238523952428456
0.27783018867924536    0.02332777592530707
0.2787735849056604    0.025684116927869382
0.27971698113207544    0.02120706902300643
0.2806603773584906    0.020500166722239546
0.28160377358490574    0.022856507724795815
0.2825471698113208    0.023092141825056877
0.2834905660377358    0.017436923418916395
0.28443396226415096    0.021913971323773308
0.2853773584905661    0.022149605424028936
0.28632075471698115    0.021442703123267102
0.2872641509433962    0.020264532621983918
0.28820754716981134    0.0209714349227508
0.2891509433962265    0.02073580082249517
0.29009433962264153    0.016258752917642085
0.29103773584905657    0.013902411915081991
0.2919811320754717    0.016730021118149516
0.29292452830188687    0.017672557519172023
0.2938679245283019    0.016965655218409134
0.29481132075471694    0.015787484717127008
0.2957547169811321    0.01625875291763826
0.29669811320754724    0.01625875291763826
0.2976415094339623    0.017672557519176183
0.2985849056603773    0.01861509392019453
0.29952830188679247    0.015787484717127008
0.3004716981132076    0.013902411915081991
0.30141509433962266    0.014138046015340945
0.3023584905660377    0.014844948316104499
0.30330188679245285    0.01625875291763826
0.304245283018868    0.013902411915081991
0.30518867924528303    0.015787484717130724
0.3061320754716981    0.013431143714570735
0.3070754716981132    0.012488607313548228
0.3080188679245284    0.01083916861175884
0.3089622641509434    0.013195509614318215
0.30990566037735845    0.009189729909969451
0.3108490566037736    0.012252973213292603
0.31179245283018875    0.012724241413803856
0.3127358490566038    0.011310436812272756
0.3136792452830188    0.01319550961431511
0.314622641509434    0.009896632210736332
0.3155660377358491    0.010603534511503214
0.31650943396226416    0.008954095809715932
0.3174528301886792    0.010603534511503214
0.31839622641509435    0.008954095809713824
0.3193396226415095    0.010603534511503214
0.32028301886792454    0.008482827609204567
0.3212264150943396    0.010603534511503214
0.32216981132075473    0.011546070912525722
0.3231132075471699    0.008011559408691317
0.3240566037735849    0.010367900411250026
0.32499999999999996    0.010603534511503214
0.3259433962264151    0.007069023007668809
0.32688679245283025    0.00848282760920257
0.3278301886792453    0.009189729909971614
0.32877358490566033    0.00848282760920257
0.3297169811320755    0.007540291208180063
0.33066037735849063    0.006833388907413182
0.33160377358490567    0.00871846170946025
0.3325471698113207    0.009425364010225078
0.33349056603773586    0.00777592530843569
0.334433962264151    0.007540291208180063
0.33537735849056605    0.008011559408693202
0.3363207547169811    0.006597754807157555
0.33726415094339623    0.008954095809713824
0.3382075471698114    0.006126486606646301
0.3391509433962264    0.006833388907414789
0.34009433962264146    0.008247193508946944
0.3410377358490566    0.007304657107924435
0.34198113207547176    0.005655218406135047
0.3429245283018868    0.006597754807159108
0.34386792452830184    0.005183950205623793
0.344811320754717    0.005183950205623793
0.34575471698113214    0.005655218406135047
0.3466981132075472    0.006126486606647743
0.3476415094339622    0.004948316105368166
0.34858490566037736    0.006833388907413182
0.3495283018867925    0.006597754807157555
0.35047169811320755    0.004712682005113648
0.3514150943396226    0.009896632210736332
0.35235849056603774    0.005655218406135047
0.3533018867924529    0.0058908525063906736
0.35424528301886793    0.0058908525063920605
0.35518867924528297    0.007304657107924435
0.3561320754716981    0.006597754807157555
0.35707547169811327    0.004477047904856912
0.3580188679245283    0.005183950205625013
0.35896226415094334    0.00541958430587942
0.3599056603773585    0.006126486606646301
0.36084905660377364    0.0058908525063906736
0.3617924528301887    0.0042414138046022835
0.3627358490566037    0.004005779704345658
0.36367924528301887    0.004241413804601285
0.364622641509434    0.005655218406135047
0.36556603773584906    0.0042414138046022835
0.3665094339622641    0.00541958430587942
0.36745283018867925    0.00541958430587942
0.3683962264150944    0.004712682005112539
0.36933962264150944    0.002356341002556824
0.3702830188679245    0.0035345115038344045
0.3712264150943396    0.0030632433033231507
0.3721698113207548    0.0035345115038344045
0.3731132075471698    0.0035345115038352363
0.37405660377358485    0.0030632433033231507
0.375    0.004005779704345658
0.37594339622641515    0.0025919751028118964
0.3768867924528302    0.002827609203068189
0.3778301886792452    0.004477047904856912
0.3787735849056604    0.004712682005112539
0.3797169811320755    0.004241413804601285
0.38066037735849056    0.0030632433033238714
0.3816037735849056    0.004948316105368166
0.38254716981132075    0.0030632433033231507
0.3834905660377359    0.0037701456040900314
0.38443396226415094    0.002356341002556824
0.385377358490566    0.0025919751028118964
0.38632075471698113    0.0035345115038344045
0.3872641509433963    0.0035345115038344045
0.3882075471698113    0.0037701456040909187
0.38915094339622636    0.0025919751028118964
0.3900943396226415    0.0023563410025562695
0.39103773584905666    0.0018850728020450157
0.3919811320754717    0.0037701456040909187
0.39292452830188673    0.0037701456040900314
0.3938679245283019    0.0025919751028118964
0.39481132075471703    0.0035345115038344045
0.39575471698113207    0.001649438701789777
0.3966981132075471    0.0035345115038344045
0.39764150943396226    0.0025919751028118964
0.3985849056603774    0.0018850728020450157
0.39952830188679245    0.0018850728020454594
0.4004716981132075    0.0016494387017893888
0.40141509433962264    0.0016494387017893888
0.4023584905660378    0.0023563410025562695
0.4033018867924528    0.0018850728020454594
0.40424528301886786    0.0025919751028118964
0.405188679245283    0.0025919751028118964
0.40613207547169816    0.0009425364010225078
0.4070754716981132    0.002356341002556824
0.40801886792452824    0.0023563410025562695
0.4089622641509434    0.0023563410025562695
0.40990566037735854    0.0035345115038344045
0.4108490566037736    0.002827609203068189
0.4117924528301886    0.0021207069023006426
0.41273584905660377    0.0016494387017893888
0.4136792452830189    0.0018850728020450157
0.41462264150943395    0.002827609203068189
0.415566037735849    0.0009425364010225078
0.41650943396226414    0.0025919751028118964
0.4174528301886793    0.0016494387017893888
0.41839622641509433    0.0009425364010227297
0.41933962264150937    0.0014138046015337617
0.4202830188679245    0.0014138046015337617
0.42122641509433967    0.0023563410025562695
0.4221698113207547    0.0014138046015340945
0.42311320754716975    0.0016494387017893888
0.4240566037735849    0.0014138046015337617
0.42500000000000004    0.0004712682005112539
0.4259433962264151    0.001178170501278412
0.4268867924528301    0.0018850728020450157
0.42783018867924527    0.0018850728020450157
0.4287735849056604    0.0016494387017893888
0.42971698113207546    0.0014138046015340945
0.4306603773584905    0.0014138046015337617
0.43160377358490565    0.0011781705012781348
0.4325471698113208    0.0011781705012781348
0.43349056603773584    0.0021207069023011418
0.4344339622641509    0.0023563410025562695
0.435377358490566    0.0011781705012781348
0.4363207547169812    0.0014138046015337617
0.4372641509433962    0.0018850728020454594
0.43820754716981125    0.0018850728020450157
0.4391509433962264    0.0011781705012781348
0.44009433962264155    0.0007069023007668808
0.4410377358490566    0.0014138046015340945
0.4419811320754716    0.0007069023007668808
0.4429245283018868    0.0007069023007668808
0.4438679245283019    0.0023563410025562695
0.44481132075471697    0.001178170501278412
0.445754716981132    0.0011781705012781348
0.44669811320754715    0.0007069023007668808
0.4476415094339623    0.0011781705012781348
0.44858490566037745    0.0018850728020450157
0.4495283018867925    0.00047126820051136484
0.45047169811320753    0.0009425364010225078
0.4514150943396227    0.0014138046015337617
0.45235849056603783    0.0009425364010225078
0.45330188679245287    0.0009425364010227297
0.4542452830188679    0.00023563410025562696
0.45518867924528306    0.00023563410025562696
0.4561320754716982    0.0007069023007668808
0.45707547169811324    0.001178170501278412
0.4580188679245283    0.0018850728020450157
0.45896226415094343    0.0004712682005112539
0.4599056603773586    0.0014138046015337617
0.4608490566037736    0.001178170501278412
0.46179245283018866    0.0007069023007668808
0.4627358490566038    0.0007069023007668808
0.46367924528301896    0.0011781705012781348
0.464622641509434    0.0007069023007670473
0.46556603773584904    0.0009425364010225078
0.4665094339622642    0.0009425364010225078
0.46745283018867934    0.0007069023007668808
0.4683962264150944    0.0009425364010227297
0.4693396226415094    0.00023563410025562696
0.47028301886792456    0.0004712682005112539
0.4712264150943397    0.0007069023007668808
0.47216981132075475    0.0007069023007670473
0.4731132075471698    0.0004712682005112539
0.47405660377358494    0.0009425364010225078
0.4750000000000001    0.0009425364010225078
0.4759433962264151    0.0007069023007670473
0.47688679245283017    0.0004712682005112539
0.4778301886792453    0.00023563410025562696
0.47877358490566047    0.0009425364010225078
0.4797169811320755    0.0009425364010227297
0.48066037735849054    0.0007069023007668808
0.4816037735849057    0.0011781705012781348
0.48254716981132084    0.0007069023007668808
0.4834905660377359    0.001178170501278412
0.4844339622641509    0.00023563410025562696
0.48537735849056607    0.0004712682005112539
0.4863207547169812    0.0007069023007668808
0.48726415094339626    0.00047126820051136484
0.4882075471698113    0.0
0.48915094339622645    0.0007069023007668808
0.4900943396226416    0.0004712682005112539
0.49103773584905663    0.00047126820051136484
0.49198113207547167    0.0004712682005112539
0.4929245283018868    0.0009425364010225078
0.49386792452830197    0.00023563410025562696
0.494811320754717    0.0007069023007670473
0.49575471698113205    0.0
0.4966981132075472    0.00023563410025562696
0.49764150943396235    0.0
0.4985849056603774    0.00023563410025568242
0.4995283018867924    0.0
0.5004716981132076    0.0007069023007668808
0.5014150943396227    0.00023563410025562696
0.5023584905660378    0.00023563410025568242
0.5033018867924528    0.0007069023007668808
0.504245283018868    0.0004712682005112539
0.5051886792452831    0.0004712682005112539
0.5061320754716981    0.00047126820051136484
0.5070754716981132    0.00023563410025562696
0.5080188679245283    0.0004712682005112539
0.5089622641509435    0.0
0.5099056603773585    0.00047126820051136484
0.5108490566037736    0.0
0.5117924528301887    0.0009425364010225078
0.5127358490566039    0.00023563410025562696
0.5136792452830189    0.00023563410025568242
0.5146226415094339    0.00023563410025562696
0.5155660377358491    0.00023563410025562696
0.5165094339622642    0.00023563410025562696
0.5174528301886793    0.00023563410025568242
0.5183962264150943    0.0004712682005112539
0.5193396226415095    0.0007069023007668808
0.5202830188679246    0.0007069023007668808
0.5212264150943396    0.00023563410025568242
0.5221698113207547    0.0
0.5231132075471698    0.00023563410025562696
0.524056603773585    0.00023563410025562696
0.525    0.00023563410025568242
0.5259433962264151    0.0
0.5268867924528302    0.00023563410025562696
0.5278301886792454    0.0
0.5287735849056604    0.0
0.5297169811320754    0.0
0.5306603773584906    0.0
0.5316037735849057    0.0
0.5325471698113208    0.00023563410025568242
0.5334905660377358    0.00023563410025562696
0.534433962264151    0.0
0.5353773584905661    0.0
0.5363207547169812    0.0
0.5372641509433962    0.0
0.5382075471698113    0.0
0.5391509433962265    0.0
0.5400943396226415    0.00047126820051136484
0.5410377358490566    0.0
0.5419811320754717    0.00023563410025562696
0.5429245283018869    0.0
0.5438679245283019    0.0
0.5448113207547169    0.0
0.5457547169811321    0.0
0.5466981132075472    0.00023563410025562696
0.5476415094339623    0.0
0.5485849056603773    0.0
0.5495283018867925    0.00023563410025562696
0.5504716981132076    0.00023563410025562696
0.5514150943396227    0.00047126820051136484
0.5523584905660377    0.00023563410025562696
0.5533018867924528    0.0004712682005112539
0.554245283018868    0.00023563410025562696
0.555188679245283    0.00023563410025568242
0.5561320754716981    0.0
0.5570754716981132    0.0007069023007668808
0.5580188679245284    0.00023563410025562696
0.5589622641509434    0.00047126820051136484
0.5599056603773584    0.0
0.5608490566037736    0.0004712682005112539
0.5617924528301887    0.0004712682005112539
0.5627358490566038    0.0
0.5636792452830188    0.0
0.564622641509434    0.0
0.5655660377358491    0.00023563410025562696
0.5665094339622642    0.00047126820051136484
0.5674528301886792    0.0
0.5683962264150944    0.00023563410025562696
0.5693396226415095    0.0
0.5702830188679245    0.0
0.5712264150943396    0.0
0.5721698113207547    0.00023563410025562696
0.5731132075471699    0.0
0.5740566037735849    0.0
0.575    0.0
0.5759433962264151    0.0
0.5768867924528303    0.0
0.5778301886792453    0.0
0.5787735849056603    0.0
0.5797169811320755    0.0
0.5806603773584906    0.0
0.5816037735849057    0.0
0.5825471698113207    0.0
0.5834905660377359    0.0
0.584433962264151    0.00023563410025562696
0.585377358490566    0.00047126820051136484
0.5863207547169811    0.0
0.5872641509433962    0.0007069023007668808
0.5882075471698114    0.0004712682005112539
0.5891509433962264    0.0
0.5900943396226415    0.0
0.5910377358490566    0.0
0.5919811320754718    0.00023563410025562696
0.5929245283018868    0.00023563410025568242
0.5938679245283018    0.0
0.594811320754717    0.00023563410025562696
0.5957547169811321    0.0
0.5966981132075472    0.0
0.5976415094339622    0.00023563410025562696
0.5985849056603774    0.00023563410025562696
0.5995283018867925    0.0
0.6004716981132076    0.0
0.6014150943396226    0.00023563410025562696
0.6023584905660377    0.0
0.6033018867924529    0.0
0.6042452830188679    0.0
0.605188679245283    0.0
0.6061320754716981    0.0
0.6070754716981133    0.0
0.6080188679245283    0.0
0.6089622641509433    0.0
0.6099056603773585    0.0
0.6108490566037736    0.0
0.6117924528301887    0.0
0.6127358490566037    0.0
0.6136792452830189    0.0
0.614622641509434    0.0
0.6155660377358491    0.0
0.6165094339622641    0.00023563410025562696
0.6174528301886792    0.00023563410025562696
0.6183962264150944    0.0
0.6193396226415094    0.0
0.6202830188679245    0.0
0.6212264150943396    0.0
0.6221698113207548    0.0
0.6231132075471698    0.0
0.6240566037735849    0.0
0.625    0.0
0.6259433962264151    0.0
0.6268867924528302    0.0
0.6278301886792452    0.00023563410025562696
0.6287735849056604    0.0
0.6297169811320755    0.00023563410025562696
0.6306603773584906    0.00023563410025568242
0.6316037735849056    0.0
0.6325471698113208    0.0
0.6334905660377359    0.0
0.6344339622641509    0.0
0.635377358490566    0.0
0.6363207547169811    0.0
0.6372641509433963    0.0
0.6382075471698113    0.00047126820051136484
0.6391509433962264    0.0
0.6400943396226415    0.0
0.6410377358490567    0.0
0.6419811320754717    0.0
0.6429245283018867    0.0
0.6438679245283019    0.0
0.644811320754717    0.0
0.6457547169811321    0.0
0.6466981132075471    0.0
0.6476415094339623    0.0
0.6485849056603774    0.00023563410025562696
0.6495283018867924    0.0
0.6504716981132075    0.0
0.6514150943396226    0.0
0.6523584905660378    0.00023563410025562696
0.6533018867924528    0.0
0.6542452830188679    0.0
0.655188679245283    0.0
0.6561320754716982    0.0
0.6570754716981132    0.0
0.6580188679245282    0.0
0.6589622641509434    0.0
0.6599056603773585    0.0
0.6608490566037736    0.0
0.6617924528301886    0.0
0.6627358490566038    0.0
0.6636792452830189    0.00023563410025562696
0.664622641509434    0.00023563410025568242
0.665566037735849    0.0
0.6665094339622641    0.0
0.6674528301886793    0.0
0.6683962264150943    0.0
0.6693396226415094    0.0
0.6702830188679245    0.0
0.6712264150943397    0.0
0.6721698113207547    0.0
0.6731132075471697    0.0
0.6740566037735849    0.0
0.675    0.0
0.6759433962264151    0.0
0.6768867924528301    0.0
0.6778301886792453    0.0
0.6787735849056604    0.0
0.6797169811320755    0.0
0.6806603773584905    0.0
0.6816037735849056    0.0
0.6825471698113208    0.0
0.6834905660377358    0.0
0.6844339622641509    0.0
0.685377358490566    0.0
0.6863207547169812    0.0
0.6872641509433962    0.0
0.6882075471698113    0.0
0.6891509433962264    0.0
0.6900943396226416    0.0
0.6910377358490567    0.0
0.6919811320754717    0.0
0.6929245283018868    0.0
0.6938679245283019    0.0
0.6948113207547171    0.0
0.6957547169811321    0.0
0.6966981132075472    0.0
0.6976415094339623    0.0
0.6985849056603775    0.0
0.6995283018867925    0.0
0.7004716981132075    0.0
0.7014150943396227    0.0
0.7023584905660378    0.0
0.7033018867924529    0.0
0.7042452830188679    0.0
0.7051886792452831    0.0
0.7061320754716982    0.0
0.7070754716981132    0.0
0.7080188679245283    0.0
0.7089622641509434    0.0
0.7099056603773586    0.0
0.7108490566037736    0.0
0.7117924528301887    0.0
0.7127358490566038    0.0
0.713679245283019    0.0
0.714622641509434    0.0
0.715566037735849    0.0
0.7165094339622642    0.0
0.7174528301886793    0.0
0.7183962264150944    0.0
0.7193396226415094    0.0
0.7202830188679246    0.0
0.7212264150943397    0.0
0.7221698113207548    0.0
0.7231132075471698    0.0
0.7240566037735849    0.0
0.7250000000000001    0.0
0.7259433962264151    0.0
0.7268867924528302    0.0
0.7278301886792453    0.0
0.7287735849056605    0.0
0.7297169811320755    0.0
0.7306603773584905    0.0
0.7316037735849057    0.0
0.7325471698113208    0.0
0.7334905660377359    0.0
0.7344339622641509    0.0
0.7353773584905661    0.0
0.7363207547169812    0.0
0.7372641509433963    0.0
0.7382075471698113    0.0
0.7391509433962264    0.0
0.7400943396226416    0.0
0.7410377358490566    0.0
0.7419811320754717    0.0
0.7429245283018868    0.0
0.743867924528302    0.0
0.744811320754717    0.0
0.745754716981132    0.0
0.7466981132075472    0.0
0.7476415094339623    0.0
0.7485849056603774    0.0
0.7495283018867924    0.0
0.7504716981132076    0.0
0.7514150943396227    0.0
0.7523584905660378    0.0
0.7533018867924528    0.0
0.754245283018868    0.00023563410025562696
0.7551886792452831    0.0
0.7561320754716981    0.0
0.7570754716981132    0.0
0.7580188679245283    0.0
0.7589622641509435    0.0
0.7599056603773585    0.0
0.7608490566037736    0.0
0.7617924528301887    0.0
0.7627358490566039    0.0
0.7636792452830189    0.0
0.7646226415094339    0.0
0.7655660377358491    0.0
0.7665094339622642    0.0
0.7674528301886793    0.0
0.7683962264150943    0.0
0.7693396226415095    0.0
0.7702830188679246    0.0
0.7712264150943396    0.0
0.7721698113207547    0.0
0.7731132075471698    0.0
0.774056603773585    0.0
0.775    0.0
0.7759433962264151    0.0
0.7768867924528302    0.0
0.7778301886792454    0.0
0.7787735849056604    0.0
0.7797169811320754    0.0
0.7806603773584906    0.0
0.7816037735849057    0.0
0.7825471698113208    0.0
0.7834905660377358    0.0
0.784433962264151    0.0
0.7853773584905661    0.0
0.7863207547169812    0.0
0.7872641509433962    0.0
0.7882075471698113    0.0
0.7891509433962265    0.0
0.7900943396226415    0.0
0.7910377358490566    0.0
0.7919811320754717    0.0
0.7929245283018869    0.0
0.7938679245283019    0.0
0.7948113207547169    0.0
0.7957547169811321    0.0
0.7966981132075472    0.0
0.7976415094339623    0.0
0.7985849056603773    0.0
0.7995283018867925    0.0
0.8004716981132076    0.0
0.8014150943396227    0.0
0.8023584905660377    0.0
0.8033018867924528    0.0
0.804245283018868    0.0
0.805188679245283    0.0
0.8061320754716981    0.0
0.8070754716981132    0.0
0.8080188679245284    0.0
0.8089622641509434    0.0
0.8099056603773584    0.0
0.8108490566037736    0.0
0.8117924528301887    0.0
0.8127358490566038    0.0
0.8136792452830188    0.0
0.814622641509434    0.0
0.8155660377358491    0.0
0.8165094339622642    0.0
0.8174528301886792    0.0
0.8183962264150944    0.0
0.8193396226415095    0.0
0.8202830188679245    0.0
0.8212264150943396    0.0
0.8221698113207547    0.0
0.8231132075471699    0.0
0.8240566037735849    0.0
0.825    0.0
0.8259433962264151    0.0
0.8268867924528303    0.0
0.8278301886792453    0.0
0.8287735849056603    0.0
0.8297169811320755    0.0
0.8306603773584906    0.0
0.8316037735849057    0.0
0.8325471698113207    0.0
0.8334905660377359    0.0
0.834433962264151    0.0
0.835377358490566    0.0
0.8363207547169811    0.0
0.8372641509433962    0.0
0.8382075471698114    0.0
0.8391509433962264    0.0
0.8400943396226415    0.0
0.8410377358490566    0.0
0.8419811320754718    0.0
0.8429245283018868    0.0
0.8438679245283018    0.0
0.844811320754717    0.0
0.8457547169811321    0.0
0.8466981132075472    0.0
0.8476415094339622    0.0
0.8485849056603774    0.0
0.8495283018867925    0.0
0.8504716981132076    0.0
0.8514150943396226    0.0
0.8523584905660377    0.0
0.8533018867924529    0.0
0.8542452830188679    0.0
0.855188679245283    0.0
0.8561320754716981    0.0
0.8570754716981133    0.0
0.8580188679245283    0.0
0.8589622641509433    0.0
0.8599056603773585    0.0
0.8608490566037736    0.0
0.8617924528301887    0.0
0.8627358490566037    0.0
0.8636792452830189    0.0
0.864622641509434    0.0
0.8655660377358491    0.0
0.8665094339622641    0.0
0.8674528301886792    0.0
0.8683962264150944    0.0
0.8693396226415094    0.0
0.8702830188679245    0.0
0.8712264150943396    0.0
0.8721698113207548    0.0
0.8731132075471698    0.0
0.8740566037735849    0.0
0.875    0.0
0.8759433962264151    0.0
0.8768867924528302    0.0
0.8778301886792452    0.0
0.8787735849056604    0.0
0.8797169811320755    0.0
0.8806603773584906    0.0
0.8816037735849056    0.0
0.8825471698113208    0.0
0.8834905660377359    0.0
0.8844339622641509    0.0
0.885377358490566    0.0
0.8863207547169811    0.0
0.8872641509433963    0.0
0.8882075471698113    0.0
0.8891509433962264    0.0
0.8900943396226415    0.0
0.8910377358490567    0.0
0.8919811320754717    0.0
0.8929245283018867    0.0
0.8938679245283019    0.0
0.894811320754717    0.0
0.8957547169811321    0.0
0.8966981132075471    0.0
0.8976415094339623    0.0
0.8985849056603774    0.0
0.8995283018867924    0.0
0.9004716981132075    0.0
0.9014150943396226    0.0
0.9023584905660378    0.0
0.9033018867924528    0.0
0.9042452830188679    0.0
0.905188679245283    0.0
0.9061320754716982    0.0
0.9070754716981132    0.0
0.9080188679245282    0.0
0.9089622641509434    0.0
0.9099056603773585    0.0
0.9108490566037736    0.0
0.9117924528301886    0.0
0.9127358490566038    0.0
0.9136792452830189    0.0
0.914622641509434    0.0
0.915566037735849    0.0
0.9165094339622641    0.0
0.9174528301886793    0.0
0.9183962264150943    0.0
0.9193396226415094    0.0
0.9202830188679245    0.0
0.9212264150943397    0.0
0.9221698113207547    0.0
0.9231132075471697    0.0
0.9240566037735849    0.0
0.925    0.0
0.9259433962264151    0.0
0.9268867924528301    0.0
0.9278301886792453    0.0
0.9287735849056604    0.0
0.9297169811320755    0.0
0.9306603773584905    0.0
0.9316037735849056    0.0
0.9325471698113208    0.0
0.933490566037736    0.0
0.934433962264151    0.0
0.935377358490566    0.0
0.9363207547169812    0.0
0.9372641509433963    0.0
0.9382075471698114    0.0
0.9391509433962264    0.0
0.9400943396226416    0.0
0.9410377358490567    0.0
0.9419811320754717    0.0
0.9429245283018868    0.0
0.9438679245283019    0.0
0.9448113207547171    0.0
0.9457547169811321    0.0
0.9466981132075472    0.0
0.9476415094339623    0.0
0.9485849056603775    0.0
0.9495283018867925    0.0
0.9504716981132075    0.0
0.9514150943396227    0.0
0.9523584905660378    0.0
0.9533018867924529    0.0
0.9542452830188679    0.0
0.9551886792452831    0.0
0.9561320754716982    0.0
0.9570754716981132    0.0
0.9580188679245283    0.0
0.9589622641509434    0.0
0.9599056603773586    0.0
0.9608490566037736    0.0
0.9617924528301887    0.0
0.9627358490566038    0.0
0.963679245283019    0.0
0.964622641509434    0.0
0.965566037735849    0.0
0.9665094339622642    0.0
0.9674528301886793    0.0
0.9683962264150944    0.0
0.9693396226415094    0.0
0.9702830188679246    0.0
0.9712264150943397    0.0
0.9721698113207548    0.0
0.9731132075471698    0.0
0.9740566037735849    0.0
0.9750000000000001    0.0
0.9759433962264151    0.0
0.9768867924528302    0.0
0.9778301886792453    0.0
0.9787735849056605    0.0
0.9797169811320755    0.0
0.9806603773584905    0.0
0.9816037735849057    0.0
0.9825471698113208    0.0
0.9834905660377359    0.0
0.9844339622641509    0.0
0.9853773584905661    0.0
0.9863207547169812    0.0
0.9872641509433963    0.0
0.9882075471698113    0.0
0.9891509433962264    0.0
0.9900943396226416    0.0
0.9910377358490566    0.0
0.9919811320754717    0.0
0.9929245283018868    0.0
0.993867924528302    0.0
0.994811320754717    0.0
0.995754716981132    0.0
0.9966981132075472    0.0
0.9976415094339623    0.0
0.9985849056603774    0.0
0.9995283018867924    0.0