-0.9995283018867924    0.0
-0.9985849056603773    0.0
-0.9976415094339622    0.0
-0.9966981132075472    0.0
-0.995754716981132    0.0
-0.9948113207547169    0.0
-0.9938679245283019    0.0
-0.9929245283018868    0.0
-0.9919811320754717    0.0
-0.9910377358490565    0.0
-0.9900943396226415    0.0
-0.9891509433962264    0.0
-0.9882075471698113    0.0
-0.9872641509433961    0.0
-0.9863207547169811    0.0
-0.9853773584905661    0.0
-0.9844339622641509    0.0
-0.9834905660377358    0.0
-0.9825471698113207    0.0
-0.9816037735849057    0.0
-0.9806603773584905    0.0
-0.9797169811320754    0.0
-0.9787735849056604    0.0
-0.9778301886792453    0.0
-0.9768867924528302    0.0
-0.975943396226415    0.0
-0.975    0.0
-0.9740566037735849    0.0
-0.9731132075471698    0.0
-0.9721698113207546    0.0
-0.9712264150943396    0.0
-0.9702830188679246    0.0
-0.9693396226415094    0.0
-0.9683962264150943    0.0
-0.9674528301886792    0.0
-0.9665094339622642    0.0
-0.965566037735849    0.0
-0.9646226415094339    0.0
-0.9636792452830188    0.0
-0.9627358490566038    0.0
-0.9617924528301887    0.0
-0.9608490566037735    0.0
-0.9599056603773585    0.0
-0.9589622641509434    0.0
-0.9580188679245283    0.0
-0.9570754716981131    0.0
-0.9561320754716981    0.0
-0.9551886792452831    0.0
-0.9542452830188679    0.0
-0.9533018867924528    0.0
-0.9523584905660377    0.0
-0.9514150943396227    0.0
-0.9504716981132075    0.0
-0.9495283018867924    0.0
-0.9485849056603773    0.0
-0.9476415094339623    0.0
-0.9466981132075472    0.0
-0.945754716981132    0.0
-0.944811320754717    0.0
-0.9438679245283019    0.0
-0.9429245283018868    0.0
-0.9419811320754716    0.0
-0.9410377358490566    0.0
-0.9400943396226416    0.0
-0.9391509433962264    0.0
-0.9382075471698113    0.0
-0.9372641509433962    0.0
-0.9363207547169812    0.0
-0.935377358490566    0.0
-0.9344339622641509    0.0
-0.9334905660377358    0.0
-0.9325471698113208    0.0
-0.9316037735849056    0.0
-0.9306603773584905    0.0
-0.9297169811320755    0.0
-0.9287735849056604    0.0
-0.9278301886792453    0.0
-0.9268867924528301    0.0
-0.9259433962264151    0.0
-0.925    0.0
-0.9240566037735849    0.0
-0.9231132075471697    0.0
-0.9221698113207547    0.0
-0.9212264150943397    0.0
-0.9202830188679245    0.0
-0.9193396226415094    0.0
-0.9183962264150943    0.0
-0.9174528301886793    0.0
-0.9165094339622641    0.0
-0.915566037735849    0.0
-0.914622641509434    0.0
-0.9136792452830189    0.0
-0.9127358490566038    0.0
-0.9117924528301886    0.0
-0.9108490566037736    0.0
-0.9099056603773585    0.0
-0.9089622641509434    0.0
-0.9080188679245282    0.0
-0.9070754716981132    0.0
-0.9061320754716982    0.0
-0.905188679245283    0.0
-0.9042452830188679    0.0
-0.9033018867924528    0.0
-0.9023584905660378    0.0
-0.9014150943396226    0.0
-0.9004716981132075    0.0
-0.8995283018867924    0.0
-0.8985849056603774    0.0
-0.8976415094339623    0.0
-0.8966981132075471    0.0
-0.8957547169811321    0.0
-0.894811320754717    0.0
-0.8938679245283019    0.0
-0.8929245283018867    0.0
-0.8919811320754717    0.0
-0.8910377358490567    0.0
-0.8900943396226415    0.0
-0.8891509433962264    0.0
-0.8882075471698113    0.0
-0.8872641509433963    0.0
-0.8863207547169811    0.0
-0.885377358490566    0.0
-0.8844339622641509    0.0
-0.8834905660377359    0.0
-0.8825471698113208    0.0
-0.8816037735849056    0.0
-0.8806603773584906    0.0
-0.8797169811320755    0.0
-0.8787735849056604    0.0
-0.8778301886792452    0.0
-0.8768867924528302    0.0
-0.8759433962264151    0.0
-0.875    0.0
-0.8740566037735849    0.0
-0.8731132075471698    0.0
-0.8721698113207548    0.0
-0.8712264150943396    0.0
-0.8702830188679245    0.0
-0.8693396226415094    0.0
-0.8683962264150944    0.0
-0.8674528301886792    0.0
-0.8665094339622641    0.0
-0.8655660377358491    0.0
-0.864622641509434    0.0
-0.8636792452830189    0.0
-0.8627358490566037    0.0
-0.8617924528301887    0.0
-0.8608490566037736    0.0
-0.8599056603773585    0.0
-0.8589622641509433    0.0
-0.8580188679245283    0.0
-0.8570754716981133    0.0
-0.8561320754716981    0.0
-0.855188679245283    0.0
-0.8542452830188679    0.0
-0.8533018867924529    0.0
-0.8523584905660377    0.0
-0.8514150943396226    0.0
-0.8504716981132076    0.0
-0.8495283018867925    0.0
-0.8485849056603774    0.0
-0.8476415094339622    0.0
-0.8466981132075472    0.0
-0.8457547169811321    0.0
-0.844811320754717    0.0
-0.8438679245283018    0.0
-0.8429245283018868    0.0
-0.8419811320754718    0.0
-0.8410377358490566    0.0
-0.8400943396226415    0.0
-0.8391509433962264    0.0
-0.8382075471698114    0.0
-0.8372641509433962    0.0
-0.8363207547169811    0.0
-0.835377358490566    0.0
-0.834433962264151    0.0
-0.8334905660377359    0.0
-0.8325471698113207    0.0
-0.8316037735849057    0.0
-0.8306603773584906    0.0
-0.8297169811320755    0.0
-0.8287735849056603    0.0
-0.8278301886792453    0.0
-0.8268867924528303    0.0
-0.8259433962264151    0.0
-0.825    0.0
-0.8240566037735849    0.0
-0.8231132075471699    0.0
-0.8221698113207547    0.0
-0.8212264150943396    0.0
-0.8202830188679245    0.0
-0.8193396226415095    0.0
-0.8183962264150944    0.0
-0.8174528301886792    0.0
-0.816509433962264    0.0
-0.8155660377358491    0.0
-0.814622641509434    0.0
-0.8136792452830188    0.0
-0.8127358490566037    0.0
-0.8117924528301887    0.0
-0.8108490566037736    0.0
-0.8099056603773584    0.0
-0.8089622641509433    0.0
-0.8080188679245284    0.0
-0.8070754716981132    0.0
-0.8061320754716981    0.0
-0.8051886792452829    0.0
-0.804245283018868    0.0
-0.8033018867924528    0.0
-0.8023584905660377    0.0
-0.8014150943396225    0.0
-0.8004716981132076    0.0
-0.7995283018867925    0.0
-0.7985849056603773    0.0
-0.7976415094339622    0.0
-0.7966981132075472    0.0
-0.7957547169811321    0.0
-0.7948113207547169    0.0
-0.7938679245283018    0.0
-0.7929245283018869    0.0
-0.7919811320754717    0.0
-0.7910377358490566    0.0
-0.7900943396226414    0.0
-0.7891509433962265    0.0
-0.7882075471698113    0.0
-0.7872641509433962    0.0
-0.786320754716981    0.0
-0.7853773584905661    0.0
-0.784433962264151    0.0
-0.7834905660377358    0.0
-0.7825471698113207    0.0
-0.7816037735849057    0.0
-0.7806603773584906    0.0
-0.7797169811320754    0.0
-0.7787735849056603    0.0
-0.7778301886792454    0.0
-0.7768867924528302    0.0
-0.7759433962264151    0.0
-0.7749999999999999    0.0
-0.774056603773585    0.0
-0.7731132075471698    0.0
-0.7721698113207547    0.0
-0.7712264150943395    0.0
-0.7702830188679246    0.0
-0.7693396226415095    0.0
-0.7683962264150943    0.0
-0.7674528301886792    0.0
-0.7665094339622642    0.0
-0.7655660377358491    0.0
-0.7646226415094339    0.0
-0.7636792452830188    0.0
-0.7627358490566039    0.0
-0.7617924528301887    0.0
-0.7608490566037736    0.0
-0.7599056603773584    0.0
-0.7589622641509435    0.0
-0.7580188679245283    0.0
-0.7570754716981132    0.0
-0.756132075471698    0.0
-0.7551886792452831    0.0
-0.754245283018868    0.0
-0.7533018867924528    0.0
-0.7523584905660377    0.0
-0.7514150943396227    0.0
-0.7504716981132076    0.0
-0.7495283018867924    0.0
-0.7485849056603773    0.0
-0.7476415094339623    0.0
-0.7466981132075472    0.0
-0.745754716981132    0.0
-0.7448113207547169    0.0
-0.743867924528302    0.0
-0.7429245283018868    0.0
-0.7419811320754717    0.0
-0.7410377358490565    0.0
-0.7400943396226416    0.0
-0.7391509433962264    0.0
-0.7382075471698113    0.0
-0.7372641509433961    0.0
-0.7363207547169812    0.0
-0.7353773584905661    0.0
-0.7344339622641509    0.0
-0.7334905660377358    0.0
-0.7325471698113208    0.0
-0.7316037735849057    0.0
-0.7306603773584905    0.0
-0.7297169811320754    0.0
-0.7287735849056605    0.0
-0.7278301886792453    0.0
-0.7268867924528302    0.0
-0.725943396226415    0.0
-0.7250000000000001    0.0
-0.7240566037735849    0.0
-0.7231132075471698    0.0
-0.7221698113207546    0.0
-0.7212264150943397    0.0
-0.7202830188679246    0.0
-0.7193396226415094    0.0
-0.7183962264150943    0.0
-0.7174528301886793    0.0
-0.7165094339622642    0.0
-0.715566037735849    0.0
-0.7146226415094339    0.0
-0.713679245283019    0.0
-0.7127358490566038    0.0
-0.7117924528301887    0.0
-0.7108490566037735    0.0
-0.7099056603773586    0.0
-0.7089622641509434    0.0
-0.7080188679245283    0.0
-0.7070754716981131    0.0
-0.7061320754716982    0.0
-0.7051886792452831    0.0
-0.7042452830188679    0.0
-0.7033018867924528    0.0
-0.7023584905660378    0.0
-0.7014150943396227    0.0
-0.7004716981132075    0.0
-0.6995283018867924    0.0
-0.6985849056603775    0.0
-0.6976415094339623    0.0
-0.6966981132075472    0.0
-0.695754716981132    0.0
-0.6948113207547171    0.0
-0.6938679245283019    0.0
-0.6929245283018868    0.0
-0.6919811320754716    0.0
-0.6910377358490567    0.0
-0.6900943396226416    0.0
-0.6891509433962264    0.0
-0.6882075471698113    0.0
-0.6872641509433963    0.0
-0.6863207547169812    0.0
-0.685377358490566    0.0
-0.6844339622641509    0.0
-0.683490566037736    0.0
-0.6825471698113208    0.0
-0.6816037735849056    0.0
-0.6806603773584905    0.0
-0.6797169811320756    0.0
-0.6787735849056604    0.0
-0.6778301886792453    0.0
-0.6768867924528301    0.0
-0.6759433962264152    0.0
-0.675    0.0
-0.6740566037735849    0.0
-0.6731132075471697    0.0
-0.6721698113207548    0.0
-0.6712264150943397    0.0
-0.6702830188679245    0.0
-0.6693396226415094    0.0
-0.6683962264150944    0.0
-0.6674528301886793    0.0
-0.6665094339622641    0.0
-0.665566037735849    0.0
-0.6646226415094341    0.0
-0.6636792452830189    0.0
-0.6627358490566038    0.0
-0.6617924528301886    0.0
-0.6608490566037737    0.0
-0.6599056603773585    0.0
-0.6589622641509434    0.0
-0.6580188679245282    0.0
-0.6570754716981133    0.0
-0.6561320754716982    0.0
-0.655188679245283    0.0
-0.6542452830188679    0.0
-0.6533018867924529    0.0
-0.6523584905660378    0.0
-0.6514150943396226    0.0
-0.6504716981132075    0.0
-0.6495283018867926    0.0
-0.6485849056603774    0.0
-0.6476415094339623    0.0
-0.6466981132075471    0.0
-0.6457547169811322    0.0
-0.644811320754717    0.0
-0.6438679245283019    0.0
-0.6429245283018867    0.0
-0.6419811320754718    0.0
-0.6410377358490567    0.0
-0.6400943396226415    0.0
-0.6391509433962264    0.0
-0.6382075471698113    0.0
-0.6372641509433963    0.0
-0.6363207547169811    0.0
-0.635377358490566    0.0
-0.6344339622641508    0.0
-0.6334905660377359    0.0
-0.6325471698113208    0.0
-0.6316037735849056    0.0
-0.6306603773584905    0.0
-0.6297169811320755    0.0
-0.6287735849056604    0.0
-0.6278301886792452    0.0
-0.6268867924528301    0.0
-0.6259433962264151    0.0
-0.625    0.0
-0.6240566037735849    0.0
-0.6231132075471697    0.0
-0.6221698113207548    0.0
-0.6212264150943396    0.0
-0.6202830188679245    0.0
-0.6193396226415093    0.0
-0.6183962264150944    0.0
-0.6174528301886792    0.0
-0.6165094339622641    0.0
-0.615566037735849    0.0
-0.614622641509434    0.0
-0.6136792452830189    0.0
-0.6127358490566037    0.0
-0.6117924528301886    0.0
-0.6108490566037736    0.0
-0.6099056603773585    0.0
-0.6089622641509433    0.0
-0.6080188679245282    0.0
-0.6070754716981133    0.0
-0.6061320754716981    0.0
-0.605188679245283    0.0
-0.6042452830188678    0.0
-0.6033018867924529    0.0
-0.6023584905660377    0.0
-0.6014150943396226    0.0
-0.6004716981132074    0.0
-0.5995283018867925    0.0
-0.5985849056603774    0.0
-0.5976415094339622    0.0
-0.5966981132075471    0.0
-0.5957547169811321    0.0
-0.594811320754717    0.0
-0.5938679245283018    0.0
-0.5929245283018867    0.0
-0.5919811320754718    0.0
-0.5910377358490566    0.0
-0.5900943396226415    0.0
-0.5891509433962263    0.0
-0.5882075471698114    0.0
-0.5872641509433962    0.0
-0.5863207547169811    0.0
-0.5853773584905659    0.0
-0.584433962264151    0.0
-0.5834905660377359    0.0
-0.5825471698113207    0.0
-0.5816037735849056    0.0
-0.5806603773584906    0.0
-0.5797169811320755    0.0
-0.5787735849056603    0.0
-0.5778301886792452    0.0
-0.5768867924528303    0.0
-0.5759433962264151    0.0
-0.575    0.0
-0.5740566037735848    0.0
-0.5731132075471699    0.0
-0.5721698113207547    0.0
-0.5712264150943396    0.0
-0.5702830188679244    0.0
-0.5693396226415095    0.0
-0.5683962264150944    0.0
-0.5674528301886792    0.0
-0.566509433962264    0.0
-0.5655660377358491    0.0
-0.564622641509434    0.0
-0.5636792452830188    0.0
-0.5627358490566037    0.0
-0.5617924528301887    0.0
-0.5608490566037736    0.0
-0.5599056603773584    0.0
-0.5589622641509433    0.0
-0.5580188679245284    0.0
-0.5570754716981132    0.0
-0.5561320754716981    0.0
-0.5551886792452829    0.0
-0.554245283018868    0.0
-0.5533018867924528    0.0
-0.5523584905660377    0.0
-0.5514150943396225    0.0
-0.5504716981132076    0.0
-0.5495283018867925    0.0
-0.5485849056603773    0.0
-0.5476415094339622    0.0
-0.5466981132075472    0.0
-0.5457547169811321    0.0
-0.5448113207547169    0.0
-0.5438679245283018    0.0
-0.5429245283018869    0.0
-0.5419811320754717    0.0
-0.5410377358490566    0.0
-0.5400943396226414    0.0
-0.5391509433962265    0.0
-0.5382075471698113    0.0
-0.5372641509433962    0.0
-0.536320754716981    0.0
-0.5353773584905661    0.0
-0.534433962264151    0.0
-0.5334905660377358    0.0
-0.5325471698113207    0.0
-0.5316037735849057    0.0
-0.5306603773584906    0.0
-0.5297169811320754    0.0
-0.5287735849056603    0.0
-0.5278301886792454    0.0
-0.5268867924528302    0.0
-0.5259433962264151    0.0
-0.5249999999999999    0.0
-0.524056603773585    0.0
-0.5231132075471698    0.0
-0.5221698113207547    0.0
-0.5212264150943395    0.0
-0.5202830188679246    0.0
-0.5193396226415095    0.0
-0.5183962264150943    0.0
-0.5174528301886792    0.0
-0.5165094339622642    0.0
-0.5155660377358491    0.0
-0.5146226415094339    0.0
-0.5136792452830188    0.0
-0.5127358490566039    0.0
-0.5117924528301887    0.0
-0.5108490566037736    0.0
-0.5099056603773584    0.0
-0.5089622641509435    0.0
-0.5080188679245283    0.0
-0.5070754716981132    0.0
-0.506132075471698    0.0
-0.5051886792452831    0.0
-0.504245283018868    0.0
-0.5033018867924528    0.0
-0.5023584905660377    0.0
-0.5014150943396227    0.0
-0.5004716981132076    0.0
-0.4995283018867924    0.0
-0.49858490566037733    0.0
-0.49764150943396224    0.0
-0.49669811320754714    0.0
-0.49575471698113205    0.0
-0.49481132075471695    0.0
-0.49386792452830186    0.0
-0.49292452830188677    0.0
-0.49198113207547167    0.0
-0.4910377358490566    0.0
-0.4900943396226415    0.0
-0.4891509433962264    0.0
-0.4882075471698113    0.0
-0.4872641509433962    0.0
-0.4863207547169811    0.0
-0.485377358490566    0.0
-0.4844339622641509    0.0
-0.4834905660377358    0.00023563410025565466
-0.48254716981132073    0.0
-0.48160377358490564    0.0
-0.48066037735849054    0.0
-0.47971698113207545    0.0
-0.47877358490566035    0.0
-0.47783018867924526    0.0
-0.47688679245283017    0.0
-0.47594339622641507    0.0
-0.475    0.0
-0.4740566037735849    0.0
-0.4731132075471698    0.00023563410025562696
-0.4721698113207547    0.0
-0.4712264150943396    0.0
-0.4702830188679245    0.0
-0.4693396226415094    0.0
-0.4683962264150943    0.0
-0.4674528301886792    0.00023563410025562696
-0.46650943396226413    0.00023563410025565466
-0.46556603773584904    0.0
-0.46462264150943394    0.0
-0.46367924528301885    0.0
-0.46273584905660375    0.0
-0.46179245283018866    0.00023563410025562696
-0.46084905660377357    0.00023563410025565466
-0.45990566037735847    0.00023563410025562696
-0.4589622641509434    0.0
-0.4580188679245283    0.00023563410025562696
-0.4570754716981132    0.0
-0.4561320754716981    0.0004712682005112539
-0.455188679245283    0.0
-0.4542452830188679    0.0
-0.4533018867924528    0.0
-0.4523584905660377    0.0
-0.4514150943396226    0.0
-0.45047169811320753    0.0
-0.44952830188679244    0.0
-0.44858490566037734    0.0
-0.44764150943396225    0.0
-0.44669811320754715    0.0
-0.44575471698113206    0.0
-0.44481132075471697    0.0
-0.44386792452830187    0.00023563410025565466
-0.4429245283018868    0.0
-0.4419811320754717    0.00023563410025565466
-0.4410377358490566    0.00023563410025562696
-0.4400943396226415    0.00023563410025565466
-0.4391509433962264    0.0
-0.4382075471698113    0.0
-0.4372641509433962    0.0
-0.4363207547169811    0.0007069023007669641
-0.435377358490566    0.00023563410025562696
-0.43443396226415093    0.0
-0.43349056603773584    0.0
-0.43254716981132074    0.0
-0.43160377358490565    0.0
-0.43066037735849055    0.0
-0.42971698113207546    0.0
-0.42877358490566037    0.0
-0.42783018867924527    0.0
-0.4268867924528302    0.0
-0.4259433962264151    0.0004712682005112539
-0.425    0.0
-0.4240566037735849    0.0
-0.4231132075471698    0.00023563410025565466
-0.4221698113207547    0.0004712682005112539
-0.4212264150943396    0.0
-0.4202830188679245    0.00023563410025562696
-0.4193396226415094    0.00023563410025565466
-0.41839622641509433    0.0
-0.41745283018867924    0.0
-0.41650943396226414    0.0004712682005112539
-0.41556603773584905    0.0004712682005113093
-0.41462264150943395    0.00023563410025562696
-0.41367924528301886    0.00023563410025565466
-0.41273584905660377    0.00023563410025562696
-0.41179245283018867    0.00023563410025565466
-0.4108490566037736    0.0
-0.4099056603773585    0.0007069023007669641
-0.4089622641509434    0.0004712682005112539
-0.4080188679245283    0.0
-0.4070754716981132    0.0
-0.4061320754716981    0.0
-0.405188679245283    0.00023563410025562696
-0.4042452830188679    0.00023563410025565466
-0.4033018867924528    0.00023563410025562696
-0.40235849056603773    0.00023563410025565466
-0.40141509433962264    0.0009425364010225078
-0.40047169811320754    0.00023563410025565466
-0.39952830188679245    0.00023563410025562696
-0.39858490566037735    0.0007069023007669641
-0.39764150943396226    0.00023563410025562696
-0.39669811320754716    0.0007069023007669641
-0.39575471698113207    0.0004712682005112539
-0.394811320754717    0.00023563410025565466
-0.3938679245283019    0.00023563410025562696
-0.3929245283018868    0.0
-0.3919811320754717    0.00023563410025562696
-0.3910377358490566    0.00023563410025565466
-0.3900943396226415    0.0004712682005112539
-0.3891509433962264    0.0007069023007669641
-0.3882075471698113    0.0004712682005112539
-0.3872641509433962    0.0011781705012782733
-0.38632075471698113    0.00023563410025562696
-0.38537735849056604    0.0004712682005113093
-0.38443396226415094    0.0007069023007668808
-0.38349056603773585    0.0009425364010226187
-0.38254716981132075    0.0007069023007668808
-0.38160377358490566    0.0
-0.38066037735849056    0.0011781705012781348
-0.37971698113207547    0.00023563410025565466
-0.3787735849056604    0.0011781705012781348
-0.3778301886792453    0.00023563410025565466
-0.3768867924528302    0.0004712682005112539
-0.3759433962264151    0.0009425364010226187
-0.375    0.0009425364010225078
-0.3740566037735849    0.0004712682005113093
-0.3731132075471698    0.0009425364010225078
-0.3721698113207547    0.0004712682005113093
-0.3712264150943396    0.00023563410025562696
-0.37028301886792453    0.0007069023007669641
-0.36933962264150944    0.0023563410025562695
-0.36839622641509434    0.0009425364010226187
-0.36745283018867925    0.0004712682005112539
-0.36650943396226415    0.0009425364010226187
-0.36556603773584906    0.0014138046015337617
-0.36462264150943396    0.0021207069023008924
-0.36367924528301887    0.0009425364010225078
-0.3627358490566038    0.0011781705012782733
-0.3617924528301887    0.0018850728020450157
-0.3608490566037736    0.0018850728020452373
-0.3599056603773585    0.0018850728020450157
-0.3589622641509434    0.0009425364010226187
-0.3580188679245283    0.0009425364010225078
-0.3570754716981132    0.0014138046015339282
-0.3561320754716981    0.0018850728020450157
-0.355188679245283    0.0004712682005113093
-0.35424528301886793    0.0016494387017893888
-0.35330188679245284    0.0028276092030678564
-0.35235849056603774    0.0009425364010225078
-0.35141509433962265    0.0011781705012782733
-0.35047169811320755    0.0011781705012781348
-0.34952830188679246    0.0011781705012782733
-0.34858490566037736    0.0014138046015337617
-0.34764150943396227    0.0018850728020452373
-0.3466981132075472    0.0011781705012781348
-0.3457547169811321    0.0016494387017895829
-0.344811320754717    0.0023563410025562695
-0.3438679245283019    0.0018850728020452373
-0.3429245283018868    0.0018850728020450157
-0.3419811320754717    0.0023563410025565466
-0.3410377358490566    0.0021207069023006426
-0.3400943396226415    0.0018850728020452373
-0.3391509433962264    0.0018850728020450157
-0.33820754716981133    0.0037701456040904746
-0.33726415094339623    0.0035345115038344045
-0.33632075471698114    0.0030632433033235106
-0.33537735849056605    0.0032988774035787776
-0.33443396226415095    0.0023563410025565466
-0.33349056603773586    0.0021207069023006426
-0.33254716981132076    0.0035345115038348204
-0.33160377358490567    0.0030632433033231507
-0.3306603773584906    0.0016494387017895829
-0.3297169811320755    0.0025919751028118964
-0.3287735849056604    0.0016494387017895829
-0.3278301886792453    0.0018850728020450157
-0.3268867924528302    0.0016494387017895829
-0.3259433962264151    0.0037701456040900314
-0.325    0.0044770479048574395
-0.3240566037735849    0.004712682005112539
-0.3231132075471698    0.0035345115038348204
-0.32216981132075473    0.0028276092030675233
-0.32122641509433963    0.005890852506391367
-0.32028301886792454    0.0035345115038344045
-0.31933962264150945    0.0025919751028122017
-0.31839622641509435    0.0035345115038344045
-0.31745283018867926    0.0037701456040904746
-0.31650943396226416    0.004477047904856912
-0.31556603773584907    0.006362120706902677
-0.314622641509434    0.004005779704345658
-0.3136792452830189    0.005419584305880058
-0.3127358490566038    0.00541958430587942
-0.3117924528301887    0.0035345115038348204
-0.3108490566037736    0.00541958430587942
-0.3099056603773585    0.004712682005113093
-0.3089622641509434    0.00541958430587942
-0.3080188679245283    0.0051839502056244035
-0.3070754716981132    0.004241413804601285
-0.30613207547169813    0.007540291208180949
-0.30518867924528303    0.007069023007668809
-0.30424528301886794    0.005655218406135713
-0.30330188679245285    0.006362120706901928
-0.30235849056603775    0.008718461709459223
-0.30141509433962266    0.006362120706901928
-0.30047169811320756    0.0044770479048574395
-0.29952830188679247    0.007069023007668809
-0.2985849056603774    0.007775925308436605
-0.2976415094339623    0.009425364010225078
-0.2966981132075472    0.00801155940869226
-0.2957547169811321    0.011074802712014468
-0.294811320754717    0.009660998110481843
-0.2938679245283019    0.006833388907413182
-0.2929245283018868    0.009660998110481843
-0.2919811320754717    0.00848282760920257
-0.2910377358490566    0.009660998110481843
-0.29009433962264153    0.008954095809713824
-0.28915094339622643    0.009896632210737496
-0.28820754716981134    0.011310436812270093
-0.28726415094339625    0.009189729909970534
-0.28632075471698115    0.011074802712014468
-0.28537735849056606    0.011310436812271426
-0.28443396226415096    0.010367900411247586
-0.28349056603773587    0.014138046015339282
-0.2825471698113208    0.012488607313548228
-0.2816037735849057    0.013666777814827972
-0.2806603773584906    0.013902411915081991
-0.2797169811320755    0.013902411915083627
-0.2787735849056604    0.016494387017893887
-0.2778301886792453    0.014373680115594936
-0.2768867924528302    0.01696565521840514
-0.27594339622641506    0.016023118817382633
-0.27499999999999997    0.014844948316106246
-0.2740566037735849    0.014844948316104499
-0.2731132075471698    0.018850728020452373
-0.2721698113207547    0.01625875291763826
-0.2712264150943396    0.018379459819941067
-0.2702830188679245    0.023092141825051444
-0.2693396226415094    0.018850728020452373
-0.2683962264150943    0.01955763032121704
-0.2674528301886792    0.022385239524287195
-0.2665094339622641    0.023563410025562694
-0.265566037735849    0.02521284872735505
-0.26462264150943393    0.024977214627096456
-0.26367924528301884    0.02144270312326458
-0.26273584905660374    0.02686228742914147
-0.26179245283018865    0.02214960542403154
-0.26084905660377355    0.029689896632208997
-0.25990566037735846    0.02968989663221249
-0.25896226415094337    0.02945426253195337
-0.2580188679245283    0.03181060353451338
-0.2570754716981132    0.028982994331442115
-0.2561320754716981    0.02968989663221249
-0.255188679245283    0.03346004223629903
-0.2542452830188679    0.030161164832723797
-0.2533018867924528    0.03958652884294533
-0.2523584905660377    0.028040457930422907
-0.2514150943396226    0.036758919639877805
-0.2504716981132075    0.03699455374013779
-0.24952830188679243    0.040764699344223464
-0.24858490566037733    0.04406357674780743
-0.24764150943396224    0.0428854062465241
-0.24669811320754714    0.042649772146273496
-0.24575471698113205    0.04264977214626848
-0.24481132075471695    0.04712682005113093
-0.24386792452830186    0.04854062465265915
-0.24292452830188677    0.05490274535956754
-0.24198113207547167    0.05513837945981671
-0.24103773584905658    0.04948316105368748
-0.24009433962264148    0.051132599755471055
-0.2391509433962264    0.05066133155496576
-0.2382075471698113    0.055374013560072335
-0.2372641509433962    0.05985106146493629
-0.2363207547169811    0.05985106146492925
-0.235377358490566    0.06197176836723718
-0.23443396226415092    0.06786262087362056
-0.23349056603773582    0.05985106146493629
-0.23254716981132073    0.06409247526953053
-0.23160377358490564    0.06833388907413986
-0.23066037735849054    0.06715571857285368
-0.22971698113207545    0.07422474158053123
-0.22877358490566035    0.07540291208180062
-0.22783018867924526    0.0805868622874339
-0.22688679245283017    0.08035122818716879
-0.22594339622641507    0.0758741802823208
-0.22499999999999998    0.0838857396910032
-0.22405660377358488    0.08294320328999046
-0.2231132075471698    0.09825941980659644
-0.2221698113207547    0.08954095809714878
-0.2212264150943396    0.09378237190173953
-0.2202830188679245    0.09967322440814193
-0.2193396226415094    0.10367900411247585
-0.21839622641509432    0.10391463821274372
-0.21745283018867922    0.10155829721017522
-0.21650943396226413    0.11004112481939074
-0.21556603773584904    0.11522507502500158
-0.21462264150943394    0.12912748694009876
-0.21367924528301885    0.1161676114260241
-0.21273584905660375    0.12088029343115085
-0.21179245283018866    0.13242636434366234
-0.21084905660377357    0.14161609425364846
-0.20990566037735847    0.13643214404800802
-0.20896226415094338    0.14467933755697196
-0.20801886792452828    0.14538623985772184
-0.2070754716981132    0.15363343336668686
-0.2061320754716981    0.15763921307101444
-0.205188679245283    0.16353006557742433
-0.2042452830188679    0.15669667666999193
-0.2033018867924528    0.16258752917640173
-0.20235849056603772    0.17813937979325398
-0.20141509433962262    0.17743247749250798
-0.20047169811320753    0.18544403690117842
-0.19952830188679244    0.183558964099155
-0.19858490566037734    0.19557630321217037
-0.19764150943396225    0.18780037790375678
-0.19669811320754715    0.20335222852060605
-0.19575471698113206    0.20570856952318653
-0.19481132075471697    0.21843281093696618
-0.19386792452830187    0.23492719795488773
-0.19292452830188678    0.23987551406022822
-0.19198113207547168    0.23610536845616598
-0.1910377358490566    0.24411692786482955
-0.1900943396226415    0.27192175169502547
-0.1891509433962264    0.2674447037901366
-0.1882075471698113    0.26178948538403235
-0.1872641509433962    0.26249638768476846
-0.18632075471698112    0.2895943092141996
-0.18537735849056602    0.29407135711902244
-0.18443396226415093    0.2917150161165005
-0.18349056603773584    0.3079737690341044
-0.18254716981132074    0.33035900855842787
-0.18160377358490565    0.3086806713348713
-0.18066037735849055    0.3336578859620071
-0.17971698113207546    0.35085917528062854
-0.17877358490566037    0.35675002778706116
-0.17783018867924527    0.3810203401133488
-0.17688679245283018    0.36617539179728736
-0.17594339622641508    0.3772501945092588
-0.175    0.39586528842949986
-0.1740566037735849    0.3998710681337989
-0.1731132075471698    0.4243770145604341
-0.1721698113207547    0.42531955096140667
-0.1712264150943396    0.44134266977884123
-0.17028301886792452    0.43026786706677483
-0.16933962264150942    0.45006113148830046
-0.16839622641509433    0.46679115260639703
-0.16745283018867924    0.4738601756141215
-0.16650943396226414    0.47904412581968964
-0.16556603773584905    0.5007224630432663
-0.16462264150943395    0.5301767255751607
-0.16367924528301886    0.5228720684672977
-0.16273584905660377    0.5403089918861526
-0.16179245283018867    0.5648149383128043
-0.16084905660377358    0.5681138157163166
-0.15990566037735848    0.5784817161276322
-0.1589622641509434    0.5881427142380449
-0.1580188679245283    0.629849949983365
-0.1570754716981132    0.6154762698676975
-0.1561320754716981    0.6284361453818311
-0.155188679245283    0.6675514060241912
-0.15424528301886792    0.6618961876181341
-0.15330188679245282    0.713735689674294
-0.15235849056603773    0.688522840947023
-0.15141509433962264    0.7309369789929548
-0.15047169811320754    0.7488451706124706
-0.14952830188679245    0.7700522396353889
-0.14858490566037735    0.7872535289541422
-0.14764150943396226    0.8056329887739886
-0.14669811320754716    0.8155296209848208
-0.14575471698113207    0.8551161498276703
-0.14481132075471698    0.8631277092364631
-0.14386792452830188    0.872317439146331
-0.1429245283018868    0.9013004334778791
-0.1419811320754717    0.9045993108813519
-0.1410377358490566    0.9218006002001211
-0.1400943396226415    0.9519617650327328
-0.1391509433962264    0.9986173168834646
-0.13820754716981132    1.014404801600474
-0.13726415094339622    1.0367900411248807
-0.13632075471698113    1.0471579415360064
-0.13537735849056604    1.073313326664507
-0.13443396226415094    1.0629454262531333
-0.13349056603773585    1.1173769034123147
-0.13254716981132075    1.1769923307768566
-0.13160377358490566    1.1383483383350679
-0.13066037735849056    1.177934867177879
-0.12971698113207547    1.2351939535401417
-0.12877358490566038    1.2003201067021636
-0.12783018867924528    1.27595865288437
-0.1268867924528302    1.274073580082175
-0.1259433962264151    1.343585639657743
-0.125    1.320022229632022
-0.1240566037735849    1.3673846837835641
-0.12311320754716981    1.4182816494386186
-0.12216981132075472    1.436425475158471
-0.12122641509433962    1.432655329554212
-0.12028301886792453    1.4529198621763668
-0.11933962264150944    1.5066444370344787
-0.11839622641509434    1.525023896854597
-0.11745283018867925    1.5730932533065656
-0.11650943396226415    1.5945359564300152
-0.11556603773584906    1.66122040680217
-0.11462264150943396    1.6838412804269083
-0.11367924528301887    1.7038701789484385
-0.11273584905660378    1.7672557519174101
-0.11179245283018868    1.7300255640768132
-0.11084905660377359    1.7677270201179214
-0.1099056603773585    1.8384172501944014
-0.1089622641509434    1.8532621985107243
-0.1080188679245283    1.9065155051682776
-0.10707547169811321    1.9265444036902328
-0.10613207547169812    1.9444525953094338
-0.10518867924528302    1.9988840724687187
-0.10424528301886793    2.0273957985994144
-0.10330188679245284    2.06603979104158
-0.10235849056603774    2.1027987106812147
-0.10141509433962265    2.1812648660665954
-0.10047169811320755    2.1282471935088227
-0.09952830188679246    2.235460709125396
-0.09858490566037736    2.2154318106034045
-0.09764150943396227    2.28894964988343
-0.09669811320754718    2.329007446926617
-0.09575471698113208    2.349978881849644
-0.09481132075471699    2.445175058352641
-0.0938679245283019    2.425146159831198
-0.0929245283018868    2.5111526064242162
-0.0919811320754717    2.5354229187508444
-0.09103773584905661    2.5262331888405765
-0.09009433962264152    2.6211937312439026
-0.08915094339622642    2.609412026230813
-0.08820754716981133    2.6186017561410906
-0.08726415094339623    2.714976103145334
-0.08632075471698114    2.7781260420141685
-0.08537735849056605    2.757861509391858
-0.08443396226415095    2.7903790152274626
-0.08349056603773586    2.8231321551626665
-0.08254716981132076    2.891701678337394
-0.08160377358490567    2.90159831054779
-0.08066037735849058    2.9748805157276403
-0.07971698113207548    3.030018895187107
-0.07877358490566039    3.084921640547031
-0.0778301886792453    3.074553740135421
-0.0768867924528302    3.1275714126933045
-0.0759433962264151    3.127100144492425
-0.07500000000000001    3.265888629543374
-0.07405660377358492    3.244210292319472
-0.07311320754716982    3.3012337445817224
-0.07216981132075473    3.2656529954427342
-0.07122641509433963    3.3992575302880748
-0.07028301886792454    3.414338112704035
-0.06933962264150945    3.5100055574082325
-0.06839622641509435    3.5059997777034737
-0.06745283018867926    3.4852639768813884
-0.06650943396226416    3.5806957874845073
-0.06556603773584907    3.5835233966879962
-0.06462264150943398    3.6414893853504586
-0.06367924528301888    3.7065243970214485
-0.06273584905660379    3.71689229743226
-0.06179245283018869    3.7769789929978885
-0.0608490566037736    3.8193931310434577
-0.059905660377358505    3.8792441925088434
-0.05896226415094341    3.8896120929196343
-0.05801886792452832    3.938152717572757
-0.05707547169811322    4.02345226186483
-0.05613207547169813    4.022274091364026
-0.055188679245283034    4.022745359564063
-0.05424528301886794    4.058561742803396
-0.053301886792452846    4.117470267866826
-0.05235849056603775    4.21290207847085
-0.05141509433962266    4.097912637545608
-0.050471698113207564    4.231045904190536
-0.04952830188679247    4.239057463598729
-0.048584905660377375    4.317287984884105
-0.04764150943396228    4.2911325997552225
-0.04669811320754719    4.3382594198068585
-0.04575471698113209    4.363707902633956
-0.044811320754717    4.415311770590457
-0.043867924528301905    4.437697010114222
-0.04292452830188681    4.4610247860400545
-0.04198113207547172    4.517105701900369
-0.04103773584905662    4.495898632877892
-0.04009433962264153    4.507444703789888
-0.039150943396226434    4.584968322774529
-0.03820754716981134    4.629974435922814
-0.037264150943396246    4.640106702234352
-0.03632075471698115    4.702549738801547
-0.03537735849056606    4.7277625875294556
-0.034433962264150964    4.755096143158552
-0.033490566037735814    4.714095809714073
-0.03254716981132072    4.815654106924814
-0.031603773584905626    4.828849616538563
-0.03066037735849053    4.847464710459328
-0.029716981132075437    4.841573857952367
-0.028773584905660343    4.945017227965169
-0.02783018867924525    4.920511281538002
-0.026886792452830155    4.9287584750475295
-0.02594339622641506    4.949258641769189
-0.024999999999999967    4.937476936756988
-0.024056603773584873    5.020420140046388
-0.02311320754716978    4.954678226075651
-0.022169811320754684    5.068018228298024
-0.02122641509433959    5.065661887296065
-0.020283018867924496    5.105248416138414
-0.019339622641509402    5.109489829943616
-0.018396226415094308    5.132581971768067
-0.017452830188679214    5.1210359008561435
-0.01650943396226412    5.167691452706155
-0.015566037735849025    5.060006668889929
-0.014622641509433931    5.173111037012035
-0.013679245283018837    5.169576525508808
-0.012735849056603743    5.237910414582331
-0.011792452830188649    5.16297877070165
-0.010849056603773555    5.260060020006361
-0.00990566037735846    5.21128376125406
-0.008962264150943366    5.215525175058048
-0.008018867924528272    5.25841058130519
-0.007075471698113178    5.251105924196646
-0.006132075471698084    5.284801600533823
-0.00518867924528299    5.255582972101504
-0.004245283018867896    5.301295987551719
-0.0033018867924528017    5.249220851394601
-0.0023584905660377076    5.281973991330756
-0.0014150943396226134    5.277496943425277
-0.0004716981132075193    5.327687006780352
0.0004716981132075748    5.249456485494857
0.0014150943396227245    5.274669334222209
0.002358490566037763    5.25888184950632
0.0033018867924528017    5.222829832165972
0.004245283018867951    5.237910414582331
0.005188679245283101    5.195260642436063
0.00613207547169814    5.248278314994814
0.007075471698113178    5.2888073802375475
0.008018867924528328    5.252284094697925
0.008962264150943478    5.249927753695368
0.009905660377358516    5.216232077360042
0.010849056603773555    5.209634322551656
0.011792452830188704    5.160858063798742
0.012735849056603854    5.205628542847311
0.013679245283018893    5.120328998555979
0.014622641509433931    5.154731577192095
0.015566037735849081    5.123863510058608
0.01650943396226423    5.068489496498536
0.01745283018867927    5.091581638324786
0.018396226415094308    5.04351228187144
0.019339622641509457    5.132110703567555
0.020283018867924607    5.079328665110294
0.021226415094339646    5.082391908414814
0.022169811320754684    5.005810825830539
0.023113207547169834    5.011937312437185
0.024056603773584984    4.94054018005973
0.025000000000000022    4.961040346783138
0.02594339622641506    4.922631988440303
0.02688679245283021    4.965988662887337
0.02783018867924536    4.951850616872
0.0287735849056604    4.901189285318194
0.029716981132075437    4.852648660664381
0.030660377358490587    4.778895187284371
0.03160377358490574    4.834740469044954
0.032547169811320775    4.781958430588819
0.033490566037735814    4.728940758030177
0.034433962264150964    4.637279093030739
0.03537735849056611    4.685112815382631
0.03632075471698115    4.690061131489103
0.03726415094339619    4.660606868956045
0.03820754716981134    4.603583416694184
0.03915094339622649    4.568709569856352
0.04009433962264153    4.557163498944898
0.04103773584905657    4.533128820717751
0.04198113207547172    4.472099588751544
0.042924528301886866    4.382322996554151
0.043867924528301905    4.466208736246204
0.04481132075471694    4.383736801155684
0.04575471698113209    4.357345781927054
0.04669811320754724    4.312104034677973
0.04764150943396228    4.264741580527596
0.04858490566037732    4.228453929087226
0.04952830188679247    4.198292764254505
0.05047169811320762    4.162005112815138
0.05141509433962266    4.1332577525849254
0.052358490566037696    4.119119706568615
0.053301886792452846    4.096498832944075
0.054245283018867996    4.031463821273522
0.055188679245283034    4.013084361454528
0.05613207547169807    3.981273757919073
0.05707547169811322    3.9372101811712708
0.05801886792452837    3.901629432032671
0.05896226415094341    3.7689674335896397
0.05990566037735845    3.856387684783591
0.0608490566037736    3.7454040235631907
0.06179245283018875    3.7067600311212674
0.06273584905660379    3.7140646882300663
0.06367924528301883    3.6700011114813895
0.06462264150943398    3.6146270979213173
0.06556603773584913    3.590356785594988
0.06650943396226416    3.553126597755435
0.0674528301886792    3.5123618984103757
0.06839622641509435    3.477723685672798
0.0693396226415095    3.440493497832409
0.07028301886792454    3.4207002334117416
0.07122641509433958    3.3698032677557213
0.07216981132075473    3.2812048460596053
0.07311320754716988    3.2406757808156375
0.07405660377358492    3.2043881293770253
0.07499999999999996    3.134169167500094
0.0759433962264151    3.1761120373455958
0.07688679245283025    3.1077781482714637
0.0778301886792453    3.0208291652778483
0.07877358490566033    3.042743136600911
0.07971698113207548    3.0479270868065345
0.08066037735849063    2.880862509725295
0.08160377358490567    2.875914193620604
0.08254716981132071    2.8931154829385877
0.08349056603773586    2.8497588084915524
0.08443396226415101    2.768465043903361
0.08537735849056605    2.7472579748810015
0.08632075471698109    2.6883494498164477
0.08726415094339623    2.619544292541805
0.08820754716981138    2.6183661220405265
0.08915094339622642    2.620486828943444
0.09009433962264146    2.5446126486605154
0.09103773584905661    2.516572190730096
0.09198113207547176    2.465910859175136
0.0929245283018868    2.4515371790601197
0.09386792452830184    2.4055885295096955
0.09481132075471699    2.4020540180058614
0.09575471698113214    2.3803756807823433
0.09669811320754718    2.3315994220299774
0.09764150943396221    2.244886073135358
0.09858490566037736    2.230512393019765
0.09952830188679251    2.200115594086789
0.10047169811320755    2.147333555630034
0.10141509433962259    2.098321662776358
0.10235849056603774    2.049781038123699
0.10330188679245289    2.049074135822932
0.10424528301886793    2.006659997777392
0.10518867924528297    1.9805046126485448
0.10613207547169812    1.980975880849056
0.10707547169811327    1.8999177503611202
0.1080188679245283    1.8577392464158002
0.10896226415094334    1.8249861064798307
0.1099056603773585    1.8049572079581024
0.11084905660377364    1.772439702122826
0.11179245283018868    1.7366233188843796
0.11273584905660372    1.686433255529522
0.11367924528301887    1.6447260197842761
0.11462264150943402    1.6414271423806974
0.11556603773584906    1.5836967878184416
0.1165094339622641    1.5700300100032423
0.11745283018867925    1.5346848949648983
0.1183962264150944    1.5042880960319225
0.11933962264150944    1.4877937090143787
0.12028301886792447    1.4208736245414306
0.12122641509433962    1.4140402356340174
0.12216981132075477    1.3897699233076877
0.12311320754716981    1.3786951205959979
0.12405660377358485    1.3664421473823807
0.125    1.3294475936422474
0.12594339622641515    1.3174302545292103
0.1268867924528302    1.2585217294655997
0.12783018867924523    1.2561653884627473
0.12877358490566038    1.204561520506765
0.12971698113207553    1.2118661776146895
0.13066037735849056    1.1628542847617929
0.1316037735849056    1.142118483939024
0.13254716981132075    1.1329287540290545
0.1334905660377359    1.112428587306815
0.13443396226415094    1.1046526619986392
0.13537735849056598    1.037732577525781
0.13632075471698113    1.006157608091527
0.13726415094339628    0.9821229298654531
0.13820754716981132    0.997910414582815
0.13915094339622636    0.9767033455595736
0.1400943396226415    0.9411225964209742
0.14103773584905666    0.9024786039790512
0.1419811320754717    0.8982371901746614
0.14292452830188673    0.8690185617427523
0.14386792452830188    0.8548805157274146
0.14481132075471703    0.8480471268200015
0.14575471698113207    0.8086962320775021
0.1466981132075471    0.7705235078359002
0.14764150943396226    0.771230410136667
0.1485849056603774    0.7721729465376895
0.14952830188679245    0.7420117817051439
0.15047169811320749    0.7215116149827296
0.15141509433962264    0.7090230076691815
0.15235849056603779    0.705488496165347
0.15330188679245282    0.6802756474381552
0.15424528301886786    0.6548271646103873
0.155188679245283    0.6390396798932603
0.15613207547169816    0.6503501167055304
0.1570754716981132    0.6501144826054278
0.15801886792452824    0.620895854173577
0.1589622641509434    0.5688207180170834
0.15990566037735854    0.5954473713459694
0.16084905660377358    0.5483205512949729
0.16179245283018862    0.5457285761920321
0.16273584905660377    0.533711237078995
0.16367924528301891    0.5176881182616124
0.16462264150943395    0.5096765588530411
0.165566037735849    0.49836612204065106
0.16650943396226414    0.4715038346115095
0.1674528301886793    0.45265310659105934
0.16839622641509433    0.4571301544960239
0.16933962264150937    0.45171057019003685
0.17028301886792452    0.43450928087137614
0.17122641509433967    0.4227275758585948
0.1721698113207547    0.4142447482494897
0.17311320754716975    0.3989285317327764
0.1740566037735849    0.38573302211846133
0.17500000000000004    0.39280204512613015
0.17594339622641508    0.38007780371241573
0.17688679245283012    0.33460042236299026
0.17783018867924527    0.35109480938088417
0.17877358490566042    0.3489741024785835
0.17971698113207546    0.3376636656663929
0.1806603773584905    0.31197954873845013
0.18160377358490565    0.3162209625430514
0.1825471698113208    0.31857730354560765
0.18349056603773584    0.2910081138157678
0.18443396226415087    0.2832321885072636
0.18537735849056602    0.27286428809601604
0.18632075471698117    0.27050794709345977
0.1872641509433962    0.2561342669779268
0.18820754716981125    0.2622607535845128
0.1891509433962264    0.23469156385460443
0.19009433962264155    0.2516572190730096
0.1910377358490566    0.24529509836616542
0.19198113207547163    0.2368122707569051
0.19292452830188678    0.23186395465153692
0.19386792452830193    0.1993464488162604
0.19481132075471697    0.19958208291656301
0.195754716981132    0.2073580082249517
0.19669811320754715    0.2080649105257186
0.1976415094339623    0.1870934756029678
0.19858490566037734    0.19746137601426186
0.19952830188679238    0.18214515949759963
0.20047169811320753    0.18544403690117842
0.20141509433962268    0.17224852728686332
0.20235849056603772    0.16682894298102313
0.20330188679245276    0.16376569967766072
0.2042452830188679    0.16046682227408196
0.20518867924528306    0.15693231077024755
0.2061320754716981    0.15928865177284132
0.20707547169811313    0.15057019006334563
0.20801886792452828    0.13855285095030864
0.20896226415094343    0.13054129154161734
0.20990566037735858    0.12747804823829417
0.21084905660377362    0.1378459486495742
0.21179245283018866    0.13219073024340675
0.2127358490566038    0.12205846393241478
0.21367924528301896    0.1284205846393167
0.214622641509434    0.12441480493500032
0.21556603773584904    0.10909858841835528
0.2165094339622642    0.10744914971656588
0.21745283018867934    0.1032077359119646
0.21839622641509437    0.10250083361122185
0.2193396226415094    0.09755251750582956
0.22028301886792456    0.09613871290429579
0.2212264150943397    0.09731688340557393
0.22216981132075475    0.08412137379127863
0.2231132075471698    0.09071912859841638
0.22405660377358494    0.10485717461375399
0.2250000000000001    0.07752361898410128
0.22594339622641513    0.0843570078915343
0.22688679245283017    0.08553517839279258
0.22783018867924532    0.07634544848282314
0.22877358490566047    0.07351783927975561
0.2297169811320755    0.07728798488386383
0.23066037735849054    0.06692008447259806
0.2316037735849057    0.07139713237745497
0.23254716981132084    0.06739135267310932
0.23349056603773588    0.069747693675682
0.23443396226415092    0.06314993886850803
0.23537735849056607    0.05655218406135047
0.23632075471698122    0.054667111259305456
0.23726415094339626    0.052310770256761494
0.2382075471698113    0.05773035456262861
0.23915094339622645    0.04689118595086977
0.2400943396226416    0.052310770256749184
0.24103773584905663    0.04500611314883535
0.24198113207547167    0.04147160164499034
0.24292452830188682    0.048304990552403525
0.24386792452830197    0.04429921084805787
0.244811320754717    0.04594864954985807
0.24575471698113205    0.04100033344447909
0.2466981132075472    0.04147160164499034
0.24764150943396235    0.040764699344223464
0.2485849056603774    0.037937090141164864
0.24952830188679243    0.0341669445370659
0.2504716981132076    0.03770145604090031
0.2514150943396227    0.03251750583527652
0.25235849056603776    0.037937090141164864
0.2533018867924528    0.0358163832388553
0.25424528301886795    0.03840835834166719
0.2551886792452831    0.03440257863732153
0.25613207547169814    0.03133933533400576
0.2570754716981132    0.027569189729908353
0.25801886792452833    0.03016116483272025
0.2589622641509435    0.029925530732464626
0.2599056603773585    0.03110370123375008
0.26084905660377355    0.024977214627096456
0.2617924528301887    0.028982994331442115
0.26273584905660385    0.027333555629652728
0.2636792452830189    0.024741580526846656
0.26462264150943393    0.02945426253195337
0.2655660377358491    0.02474158052684083
0.26650943396226423    0.026626653328885846
0.26745283018867927    0.019793264421477323
0.2683962264150943    0.026155385128374592
0.26933962264150946    0.022620873624540187
0.2702830188679246    0.020028898521728292
0.27122641509433965    0.021207069023011418
0.2721698113207547    0.020028898521728292
0.27311320754716983    0.02120706902300643
0.274056603773585    0.016730021118149516
0.275    0.021442703123267102
0.27594339622641506    0.017201289318660766
0.2768867924528302    0.016023118817382633
0.27783018867924536    0.01696565521840514
0.2787735849056604    0.019793264421477323
0.27971698113207544    0.017436923418916395
0.2806603773584906    0.011546070912525722
0.28160377358490574    0.01460931421584887
0.2825471698113208    0.013666777814829579
0.2834905660377358    0.014138046015337618
0.28443396226415096    0.014138046015337618
0.2853773584905661    0.014373680115593245
0.28632075471698115    0.012252973213295486
0.2872641509433962    0.011546070912525722
0.28820754716981134    0.012488607313548228
0.2891509433962265    0.01319550961431511
0.29009433962264153    0.012724241413806849
0.29103773584905657    0.014373680115593245
0.2919811320754717    0.00777592530843569
0.29292452830188687    0.009189729909969451
0.2938679245283019    0.009896632210738662
0.29481132075471694    0.008247193508946944
0.2957547169811321    0.011781705012781347
0.29669811320754724    0.007304657107924435
0.2976415094339623    0.009425364010227297
0.2985849056603773    0.009189729909969451
0.29952830188679247    0.009189729909969451
0.3004716981132076    0.009425364010225078
0.30141509433962266    0.0070690230076704726
0.3023584905660377    0.007069023007668809
0.30330188679245285    0.010367900411247586
0.304245283018868    0.006833388907413182
0.30518867924528303    0.009189729909971614
0.3061320754716981    0.006597754807157555
0.3070754716981132    0.00848282760920257
0.3080188679245284    0.008247193508946944
0.3089622641509434    0.006833388907414789
0.30990566037735845    0.007069023007668809
0.3108490566037736    0.008011559408691317
0.31179245283018875    0.006597754807157555
0.3127358490566038    0.008011559408693202
0.3136792452830188    0.004712682005112539
0.314622641509434    0.008011559408691317
0.3155660377358491    0.005183950205623793
0.31650943396226416    0.00966099811048298
0.3174528301886792    0.004477047904856912
0.31839622641509435    0.006597754807157555
0.3193396226415095    0.0058908525063906736
0.32028301886792454    0.007304657107926154
0.3212264150943396    0.004948316105368166
0.32216981132075473    0.0058908525063906736
0.3231132075471699    0.004477047904856912
0.3240566037735849    0.004005779704346601
0.32499999999999996    0.004477047904856912
0.3259433962264151    0.004005779704345658
0.32688679245283025    0.004948316105368166
0.3278301886792453    0.004477047904857966
0.32877358490566033    0.0035345115038344045
0.3297169811320755    0.0037701456040900314
0.33066037735849063    0.0032988774035787776
0.33160377358490567    0.0021207069023011418
0.3325471698113207    0.0030632433033231507
0.33349056603773586    0.0037701456040900314
0.334433962264151    0.004712682005112539
0.33537735849056605    0.0030632433033238714
0.3363207547169811    0.004005779704345658
0.33726415094339623    0.005183950205623793
0.3382075471698114    0.0035345115038344045
0.3391509433962264    0.0035345115038352363
0.34009433962264146    0.0028276092030675233
0.3410377358490566    0.0037701456040900314
0.34198113207547176    0.0021207069023006426
0.3429245283018868    0.0042414138046022835
0.34386792452830184    0.0028276092030675233
0.344811320754717    0.0018850728020450157
0.34575471698113214    0.0018850728020450157
0.3466981132075472    0.0025919751028125066
0.3476415094339622    0.0021207069023006426
0.34858490566037736    0.0023563410025562695
0.3495283018867925    0.0021207069023006426
0.35047169811320755    0.003298877403579554
0.3514150943396226    0.0016494387017893888
0.35235849056603774    0.004005779704345658
0.3533018867924529    0.0025919751028118964
0.35424528301886793    0.002827609203068189
0.35518867924528297    0.0023563410025562695
0.3561320754716981    0.0018850728020450157
0.35707547169811327    0.0016494387017893888
0.3580188679245283    0.001649438701789777
0.35896226415094334    0.0028276092030675233
0.3599056603773585    0.0021207069023006426
0.36084905660377364    0.0016494387017893888
0.3617924528301887    0.001649438701789777
0.3627358490566037    0.0009425364010225078
0.36367924528301887    0.0021207069023006426
0.364622641509434    0.0025919751028118964
0.36556603773584906    0.0018850728020454594
0.3665094339622641    0.0014138046015337617
0.36745283018867925    0.0014138046015337617
0.3683962264150944    0.0014138046015337617
0.36933962264150944    0.0025919751028125066
0.3702830188679245    0.0009425364010225078
0.3712264150943396    0.0018850728020450157
0.3721698113207548    0.0016494387017893888
0.3731132075471698    0.0009425364010227297
0.37405660377358485    0.0009425364010225078
0.375    0.0009425364010225078
0.37594339622641515    0.0007069023007668808
0.3768867924528302    0.0014138046015340945
0.3778301886792452    0.0037701456040900314
0.3787735849056604    0.0004712682005112539
0.3797169811320755    0.0009425364010225078
0.38066037735849056    0.00023563410025568242
0.3816037735849056    0.0011781705012781348
0.38254716981132075    0.0014138046015337617
0.3834905660377359    0.0025919751028118964
0.38443396226415094    0.0007069023007670473
0.385377358490566    0.0011781705012781348
0.38632075471698113    0.0004712682005112539
0.3872641509433963    0.0021207069023006426
0.3882075471698113    0.0009425364010227297
0.38915094339622636    0.0016494387017893888
0.3900943396226415    0.0
0.39103773584905666    0.0004712682005112539
0.3919811320754717    0.0009425364010227297
0.39292452830188673    0.0007069023007668808
0.3938679245283019    0.0009425364010225078
0.39481132075471703    0.0018850728020450157
0.39575471698113207    0.0009425364010227297
0.3966981132075471    0.0011781705012781348
0.39764150943396226    0.0011781705012781348
0.3985849056603774    0.0
0.39952830188679245    0.00023563410025568242
0.4004716981132075    0.0011781705012781348
0.40141509433962264    0.0007069023007668808
0.4023584905660378    0.0009425364010225078
0.4033018867924528    0.001178170501278412
0.40424528301886786    0.0009425364010225078
0.405188679245283    0.00023563410025562696
0.40613207547169816    0.0009425364010225078
0.4070754716981132    0.0014138046015340945
0.40801886792452824    0.00023563410025562696
0.4089622641509434    0.0011781705012781348
0.40990566037735854    0.0014138046015337617
0.4108490566037736    0.00047126820051136484
0.4117924528301886    0.0011781705012781348
0.41273584905660377    0.00023563410025562696
0.4136792452830189    0.0007069023007668808
0.41462264150943395    0.00047126820051136484
0.415566037735849    0.0007069023007668808
0.41650943396226414    0.0
0.4174528301886793    0.0004712682005112539
0.41839622641509433    0.0009425364010227297
0.41933962264150937    0.00023563410025562696
0.4202830188679245    0.0004712682005112539
0.42122641509433967    0.0004712682005112539
0.4221698113207547    0.0009425364010227297
0.42311320754716975    0.00023563410025562696
0.4240566037735849    0.00023563410025562696
0.42500000000000004    0.0009425364010225078
0.4259433962264151    0.0007069023007670473
0.4268867924528301    0.00023563410025562696
0.42783018867924527    0.0009425364010225078
0.4287735849056604    0.0009425364010225078
0.42971698113207546    0.0
0.4306603773584905    0.0007069023007668808
0.43160377358490565    0.0007069023007668808
0.4325471698113208    0.00023563410025562696
0.43349056603773584    0.00047126820051136484
0.4344339622641509    0.00023563410025562696
0.435377358490566    0.00023563410025562696
0.4363207547169812    0.0004712682005112539
0.4372641509433962    0.00047126820051136484
0.43820754716981125    0.0007069023007668808
0.4391509433962264    0.00023563410025562696
0.44009433962264155    0.0
0.4410377358490566    0.00023563410025568242
0.4419811320754716    0.0004712682005112539
0.4429245283018868    0.0
0.4438679245283019    0.0
0.44481132075471697    0.0007069023007670473
0.445754716981132    0.0004712682005112539
0.44669811320754715    0.00023563410025562696
0.4476415094339623    0.00023563410025562696
0.44858490566037745    0.00023563410025562696
0.4495283018867925    0.00023563410025568242
0.45047169811320753    0.00023563410025562696
0.4514150943396227    0.00023563410025562696
0.45235849056603783    0.00023563410025562696
0.45330188679245287    0.00047126820051136484
0.4542452830188679    0.0
0.45518867924528306    0.0
0.4561320754716982    0.00023563410025562696
0.45707547169811324    0.0
0.4580188679245283    0.0004712682005112539
0.45896226415094343    0.0007069023007668808
0.4599056603773586    0.00023563410025562696
0.4608490566037736    0.00023563410025568242
0.46179245283018866    0.00023563410025562696
0.4627358490566038    0.00023563410025562696
0.46367924528301896    0.0004712682005112539
0.464622641509434    0.00023563410025568242
0.46556603773584904    0.0007069023007668808
0.4665094339622642    0.00023563410025562696
0.46745283018867934    0.00023563410025562696
0.4683962264150944    0.00047126820051136484
0.4693396226415094    0.00023563410025562696
0.47028301886792456    0.00023563410025562696
0.4712264150943397    0.0
0.47216981132075475    0.0
0.4731132075471698    0.0
0.47405660377358494    0.00023563410025562696
0.4750000000000001    0.0
0.4759433962264151    0.00023563410025568242
0.47688679245283017    0.0004712682005112539
0.4778301886792453    0.0
0.47877358490566047    0.0004712682005112539
0.4797169811320755    0.0
0.48066037735849054    0.0
0.4816037735849057    0.00023563410025562696
0.48254716981132084    0.00023563410025562696
0.4834905660377359    0.0
0.4844339622641509    0.0
0.48537735849056607    0.0004712682005112539
0.4863207547169812    0.0
0.48726415094339626    0.00047126820051136484
0.4882075471698113    0.0
0.48915094339622645    0.0
0.4900943396226416    0.00023563410025562696
0.49103773584905663    0.0
0.49198113207547167    0.0
0.4929245283018868    0.0
0.49386792452830197    0.0
0.494811320754717    0.00023563410025568242
0.49575471698113205    0.0
0.4966981132075472    0.00023563410025562696
0.49764150943396235    0.00023563410025562696
0.4985849056603774    0.0
0.4995283018867924    0.0007069023007668808
0.5004716981132076    0.00023563410025562696
0.5014150943396227    0.0
0.5023584905660378    0.00023563410025568242
0.5033018867924528    0.0
0.504245283018868    0.00023563410025562696
0.5051886792452831    0.00023563410025562696
0.5061320754716981    0.0
0.5070754716981132    0.0
0.5080188679245283    0.0
0.5089622641509435    0.0
0.5099056603773585    0.0
0.5108490566037736    0.00023563410025562696
0.5117924528301887    0.0
0.5127358490566039    0.00023563410025562696
0.5136792452830189    0.0
0.5146226415094339    0.0004712682005112539
0.5155660377358491    0.0
0.5165094339622642    0.0
0.5174528301886793    0.0
0.5183962264150943    0.0
0.5193396226415095    0.0
0.5202830188679246    0.0
0.5212264150943396    0.0
0.5221698113207547    0.0
0.5231132075471698    0.0
0.524056603773585    0.00023563410025562696
0.525    0.00023563410025568242
0.5259433962264151    0.00023563410025562696
0.5268867924528302    0.0
0.5278301886792454    0.0
0.5287735849056604    0.0
0.5297169811320754    0.0
0.5306603773584906    0.00023563410025562696
0.5316037735849057    0.0
0.5325471698113208    0.0
0.5334905660377358    0.00023563410025562696
0.534433962264151    0.0
0.5353773584905661    0.0
0.5363207547169812    0.0
0.5372641509433962    0.0
0.5382075471698113    0.0
0.5391509433962265    0.0
0.5400943396226415    0.0
0.5410377358490566    0.0
0.5419811320754717    0.0
0.5429245283018869    0.00023563410025562696
0.5438679245283019    0.0
0.5448113207547169    0.0
0.5457547169811321    0.00023563410025562696
0.5466981132075472    0.0
0.5476415094339623    0.0
0.5485849056603773    0.0
0.5495283018867925    0.0
0.5504716981132076    0.0
0.5514150943396227    0.0
0.5523584905660377    0.0
0.5533018867924528    0.00023563410025562696
0.554245283018868    0.0
0.555188679245283    0.0
0.5561320754716981    0.0
0.5570754716981132    0.0
0.5580188679245284    0.0
0.5589622641509434    0.0
0.5599056603773584    0.0
0.5608490566037736    0.0
0.5617924528301887    0.0
0.5627358490566038    0.0
0.5636792452830188    0.0
0.564622641509434    0.0
0.5655660377358491    0.0
0.5665094339622642    0.0
0.5674528301886792    0.0
0.5683962264150944    0.0
0.5693396226415095    0.0
0.5702830188679245    0.0
0.5712264150943396    0.0
0.5721698113207547    0.0
0.5731132075471699    0.0
0.5740566037735849    0.0
0.575    0.0
0.5759433962264151    0.0
0.5768867924528303    0.0
0.5778301886792453    0.0
0.5787735849056603    0.0
0.5797169811320755    0.0
0.5806603773584906    0.0
0.5816037735849057    0.0
0.5825471698113207    0.0
0.5834905660377359    0.0
0.584433962264151    0.0
0.585377358490566    0.0
0.5863207547169811    0.0
0.5872641509433962    0.0
0.5882075471698114    0.0
0.5891509433962264    0.0
0.5900943396226415    0.0
0.5910377358490566    0.0
0.5919811320754718    0.0
0.5929245283018868    0.0
0.5938679245283018    0.0
0.594811320754717    0.0
0.5957547169811321    0.0
0.5966981132075472    0.0
0.5976415094339622    0.0
0.5985849056603774    0.0
0.5995283018867925    0.0
0.6004716981132076    0.0
0.6014150943396226    0.0
0.6023584905660377    0.0
0.6033018867924529    0.0
0.6042452830188679    0.0
0.605188679245283    0.0
0.6061320754716981    0.0
0.6070754716981133    0.0
0.6080188679245283    0.0
0.6089622641509433    0.0
0.6099056603773585    0.0
0.6108490566037736    0.0
0.6117924528301887    0.0
0.6127358490566037    0.0
0.6136792452830189    0.00023563410025562696
0.614622641509434    0.0
0.6155660377358491    0.0
0.6165094339622641    0.0
0.6174528301886792    0.0
0.6183962264150944    0.0
0.6193396226415094    0.0
0.6202830188679245    0.0
0.6212264150943396    0.0
0.6221698113207548    0.0
0.6231132075471698    0.0
0.6240566037735849    0.0
0.625    0.0
0.6259433962264151    0.0
0.6268867924528302    0.0
0.6278301886792452    0.0
0.6287735849056604    0.0
0.6297169811320755    0.0
0.6306603773584906    0.0
0.6316037735849056    0.0
0.6325471698113208    0.0
0.6334905660377359    0.0
0.6344339622641509    0.0
0.635377358490566    0.0
0.6363207547169811    0.0
0.6372641509433963    0.0
0.6382075471698113    0.0
0.6391509433962264    0.0
0.6400943396226415    0.0
0.6410377358490567    0.0
0.6419811320754717    0.0
0.6429245283018867    0.0
0.6438679245283019    0.0
0.644811320754717    0.0
0.6457547169811321    0.0
0.6466981132075471    0.0
0.6476415094339623    0.0
0.6485849056603774    0.0
0.6495283018867924    0.0
0.6504716981132075    0.0
0.6514150943396226    0.0
0.6523584905660378    0.0
0.6533018867924528    0.0
0.6542452830188679    0.0
0.655188679245283    0.0
0.6561320754716982    0.0
0.6570754716981132    0.0
0.6580188679245282    0.0
0.6589622641509434    0.0
0.6599056603773585    0.0
0.6608490566037736    0.0
0.6617924528301886    0.0
0.6627358490566038    0.0
0.6636792452830189    0.0
0.664622641509434    0.0
0.665566037735849    0.0
0.6665094339622641    0.0
0.6674528301886793    0.0
0.6683962264150943    0.0
0.6693396226415094    0.0
0.6702830188679245    0.0
0.6712264150943397    0.0
0.6721698113207547    0.0
0.6731132075471697    0.0
0.6740566037735849    0.0
0.675    0.0
0.6759433962264151    0.0
0.6768867924528301    0.0
0.6778301886792453    0.0
0.6787735849056604    0.0
0.6797169811320755    0.0
0.6806603773584905    0.0
0.6816037735849056    0.0
0.6825471698113208    0.0
0.6834905660377358    0.0
0.6844339622641509    0.0
0.685377358490566    0.0
0.6863207547169812    0.0
0.6872641509433962    0.0
0.6882075471698113    0.0
0.6891509433962264    0.0
0.6900943396226416    0.0
0.6910377358490567    0.0
0.6919811320754717    0.0
0.6929245283018868    0.0
0.6938679245283019    0.0
0.6948113207547171    0.0
0.6957547169811321    0.0
0.6966981132075472    0.0
0.6976415094339623    0.0
0.6985849056603775    0.0
0.6995283018867925    0.0
0.7004716981132075    0.0
0.7014150943396227    0.0
0.7023584905660378    0.0
0.7033018867924529    0.0
0.7042452830188679    0.0
0.7051886792452831    0.0
0.7061320754716982    0.0
0.7070754716981132    0.0
0.7080188679245283    0.0
0.7089622641509434    0.0
0.7099056603773586    0.0
0.7108490566037736    0.0
0.7117924528301887    0.0
0.7127358490566038    0.0
0.713679245283019    0.0
0.714622641509434    0.0
0.715566037735849    0.0
0.7165094339622642    0.0
0.7174528301886793    0.0
0.7183962264150944    0.0
0.7193396226415094    0.0
0.7202830188679246    0.0
0.7212264150943397    0.0
0.7221698113207548    0.0
0.7231132075471698    0.0
0.7240566037735849    0.0
0.7250000000000001    0.0
0.7259433962264151    0.0
0.7268867924528302    0.0
0.7278301886792453    0.0
0.7287735849056605    0.0
0.7297169811320755    0.0
0.7306603773584905    0.0
0.7316037735849057    0.0
0.7325471698113208    0.0
0.7334905660377359    0.0
0.7344339622641509    0.0
0.7353773584905661    0.0
0.7363207547169812    0.0
0.7372641509433963    0.0
0.7382075471698113    0.0
0.7391509433962264    0.0
0.7400943396226416    0.0
0.7410377358490566    0.0
0.7419811320754717    0.0
0.7429245283018868    0.0
0.743867924528302    0.0
0.744811320754717    0.0
0.745754716981132    0.0
0.7466981132075472    0.0
0.7476415094339623    0.0
0.7485849056603774    0.0
0.7495283018867924    0.0
0.7504716981132076    0.0
0.7514150943396227    0.0
0.7523584905660378    0.0
0.7533018867924528    0.0
0.754245283018868    0.0
0.7551886792452831    0.0
0.7561320754716981    0.0
0.7570754716981132    0.0
0.7580188679245283    0.0
0.7589622641509435    0.0
0.7599056603773585    0.0
0.7608490566037736    0.0
0.7617924528301887    0.0
0.7627358490566039    0.0
0.7636792452830189    0.0
0.7646226415094339    0.0
0.7655660377358491    0.0
0.7665094339622642    0.0
0.7674528301886793    0.0
0.7683962264150943    0.0
0.7693396226415095    0.0
0.7702830188679246    0.0
0.7712264150943396    0.0
0.7721698113207547    0.0
0.7731132075471698    0.0
0.774056603773585    0.0
0.775    0.0
0.7759433962264151    0.0
0.7768867924528302    0.0
0.7778301886792454    0.0
0.7787735849056604    0.0
0.7797169811320754    0.0
0.7806603773584906    0.0
0.7816037735849057    0.0
0.7825471698113208    0.0
0.7834905660377358    0.0
0.784433962264151    0.0
0.7853773584905661    0.0
0.7863207547169812    0.0
0.7872641509433962    0.0
0.7882075471698113    0.0
0.7891509433962265    0.0
0.7900943396226415    0.0
0.7910377358490566    0.0
0.7919811320754717    0.0
0.7929245283018869    0.0
0.7938679245283019    0.0
0.7948113207547169    0.0
0.7957547169811321    0.0
0.7966981132075472    0.0
0.7976415094339623    0.0
0.7985849056603773    0.0
0.7995283018867925    0.0
0.8004716981132076    0.0
0.8014150943396227    0.0
0.8023584905660377    0.0
0.8033018867924528    0.0
0.804245283018868    0.0
0.805188679245283    0.0
0.8061320754716981    0.0
0.8070754716981132    0.0
0.8080188679245284    0.0
0.8089622641509434    0.0
0.8099056603773584    0.0
0.8108490566037736    0.0
0.8117924528301887    0.0
0.8127358490566038    0.0
0.8136792452830188    0.0
0.814622641509434    0.0
0.8155660377358491    0.0
0.8165094339622642    0.0
0.8174528301886792    0.0
0.8183962264150944    0.0
0.8193396226415095    0.0
0.8202830188679245    0.0
0.8212264150943396    0.0
0.8221698113207547    0.0
0.8231132075471699    0.0
0.8240566037735849    0.0
0.825    0.0
0.8259433962264151    0.0
0.8268867924528303    0.0
0.8278301886792453    0.0
0.8287735849056603    0.0
0.8297169811320755    0.0
0.8306603773584906    0.0
0.8316037735849057    0.0
0.8325471698113207    0.0
0.8334905660377359    0.0
0.834433962264151    0.0
0.835377358490566    0.0
0.8363207547169811    0.0
0.8372641509433962    0.0
0.8382075471698114    0.0
0.8391509433962264    0.0
0.8400943396226415    0.0
0.8410377358490566    0.0
0.8419811320754718    0.0
0.8429245283018868    0.0
0.8438679245283018    0.0
0.844811320754717    0.0
0.8457547169811321    0.0
0.8466981132075472    0.0
0.8476415094339622    0.0
0.8485849056603774    0.0
0.8495283018867925    0.0
0.8504716981132076    0.0
0.8514150943396226    0.0
0.8523584905660377    0.0
0.8533018867924529    0.0
0.8542452830188679    0.0
0.855188679245283    0.0
0.8561320754716981    0.0
0.8570754716981133    0.0
0.8580188679245283    0.0
0.8589622641509433    0.0
0.8599056603773585    0.0
0.8608490566037736    0.0
0.8617924528301887    0.0
0.8627358490566037    0.0
0.8636792452830189    0.0
0.864622641509434    0.0
0.8655660377358491    0.0
0.8665094339622641    0.0
0.8674528301886792    0.0
0.8683962264150944    0.0
0.8693396226415094    0.0
0.8702830188679245    0.0
0.8712264150943396    0.0
0.8721698113207548    0.0
0.8731132075471698    0.0
0.8740566037735849    0.0
0.875    0.0
0.8759433962264151    0.0
0.8768867924528302    0.0
0.8778301886792452    0.0
0.8787735849056604    0.0
0.8797169811320755    0.0
0.8806603773584906    0.0
0.8816037735849056    0.0
0.8825471698113208    0.0
0.8834905660377359    0.0
0.8844339622641509    0.0
0.885377358490566    0.0
0.8863207547169811    0.0
0.8872641509433963    0.0
0.8882075471698113    0.0
0.8891509433962264    0.0
0.8900943396226415    0.0
0.8910377358490567    0.0
0.8919811320754717    0.0
0.8929245283018867    0.0
0.8938679245283019    0.0
0.894811320754717    0.0
0.8957547169811321    0.0
0.8966981132075471    0.0
0.8976415094339623    0.0
0.8985849056603774    0.0
0.8995283018867924    0.0
0.9004716981132075    0.0
0.9014150943396226    0.0
0.9023584905660378    0.0
0.9033018867924528    0.0
0.9042452830188679    0.0
0.905188679245283    0.0
0.9061320754716982    0.0
0.9070754716981132    0.0
0.9080188679245282    0.0
0.9089622641509434    0.0
0.9099056603773585    0.0
0.9108490566037736    0.0
0.9117924528301886    0.0
0.9127358490566038    0.0
0.9136792452830189    0.0
0.914622641509434    0.0
0.915566037735849    0.0
0.9165094339622641    0.0
0.9174528301886793    0.0
0.9183962264150943    0.0
0.9193396226415094    0.0
0.9202830188679245    0.0
0.9212264150943397    0.0
0.9221698113207547    0.0
0.9231132075471697    0.0
0.9240566037735849    0.0
0.925    0.0
0.9259433962264151    0.0
0.9268867924528301    0.0
0.9278301886792453    0.0
0.9287735849056604    0.0
0.9297169811320755    0.0
0.9306603773584905    0.0
0.9316037735849056    0.0
0.9325471698113208    0.0
0.933490566037736    0.0
0.934433962264151    0.0
0.935377358490566    0.0
0.9363207547169812    0.0
0.9372641509433963    0.0
0.9382075471698114    0.0
0.9391509433962264    0.0
0.9400943396226416    0.0
0.9410377358490567    0.0
0.9419811320754717    0.0
0.9429245283018868    0.0
0.9438679245283019    0.0
0.9448113207547171    0.0
0.9457547169811321    0.0
0.9466981132075472    0.0
0.9476415094339623    0.0
0.9485849056603775    0.0
0.9495283018867925    0.0
0.9504716981132075    0.0
0.9514150943396227    0.0
0.9523584905660378    0.0
0.9533018867924529    0.0
0.9542452830188679    0.0
0.9551886792452831    0.0
0.9561320754716982    0.0
0.9570754716981132    0.0
0.9580188679245283    0.0
0.9589622641509434    0.0
0.9599056603773586    0.0
0.9608490566037736    0.0
0.9617924528301887    0.0
0.9627358490566038    0.0
0.963679245283019    0.0
0.964622641509434    0.0
0.965566037735849    0.0
0.9665094339622642    0.0
0.9674528301886793    0.0
0.9683962264150944    0.0
0.9693396226415094    0.0
0.9702830188679246    0.0
0.9712264150943397    0.0
0.9721698113207548    0.0
0.9731132075471698    0.0
0.9740566037735849    0.0
0.9750000000000001    0.0
0.9759433962264151    0.0
0.9768867924528302    0.0
0.9778301886792453    0.0
0.9787735849056605    0.0
0.9797169811320755    0.0
0.9806603773584905    0.0
0.9816037735849057    0.0
0.9825471698113208    0.0
0.9834905660377359    0.0
0.9844339622641509    0.0
0.9853773584905661    0.0
0.9863207547169812    0.0
0.9872641509433963    0.0
0.9882075471698113    0.0
0.9891509433962264    0.0
0.9900943396226416    0.0
0.9910377358490566    0.0
0.9919811320754717    0.0
0.9929245283018868    0.0
0.993867924528302    0.0
0.994811320754717    0.0
0.995754716981132    0.0
0.9966981132075472    0.0
0.9976415094339623    0.0
0.9985849056603774    0.0
0.9995283018867924    0.0