-0.9995283018867924    0.0
-0.9985849056603773    0.0
-0.9976415094339622    0.0
-0.9966981132075472    0.0
-0.995754716981132    0.0
-0.9948113207547169    0.0
-0.9938679245283019    0.0
-0.9929245283018868    0.0
-0.9919811320754717    0.0
-0.9910377358490565    0.0
-0.9900943396226415    0.0
-0.9891509433962264    0.0
-0.9882075471698113    0.0
-0.9872641509433961    0.0
-0.9863207547169811    0.0
-0.9853773584905661    0.0
-0.9844339622641509    0.0
-0.9834905660377358    0.0
-0.9825471698113207    0.0
-0.9816037735849057    0.0
-0.9806603773584905    0.0
-0.9797169811320754    0.0
-0.9787735849056604    0.0
-0.9778301886792453    0.0
-0.9768867924528302    0.0
-0.975943396226415    0.0
-0.975    0.0
-0.9740566037735849    0.0
-0.9731132075471698    0.0
-0.9721698113207546    0.0
-0.9712264150943396    0.0
-0.9702830188679246    0.0
-0.9693396226415094    0.0
-0.9683962264150943    0.0
-0.9674528301886792    0.0
-0.9665094339622642    0.0
-0.965566037735849    0.0
-0.9646226415094339    0.0
-0.9636792452830188    0.0
-0.9627358490566038    0.0
-0.9617924528301887    0.0
-0.9608490566037735    0.0
-0.9599056603773585    0.0
-0.9589622641509434    0.0
-0.9580188679245283    0.0
-0.9570754716981131    0.0
-0.9561320754716981    0.0
-0.9551886792452831    0.0
-0.9542452830188679    0.0
-0.9533018867924528    0.0
-0.9523584905660377    0.0
-0.9514150943396227    0.0
-0.9504716981132075    0.0
-0.9495283018867924    0.0
-0.9485849056603773    0.0
-0.9476415094339623    0.0
-0.9466981132075472    0.0
-0.945754716981132    0.0
-0.944811320754717    0.0
-0.9438679245283019    0.0
-0.9429245283018868    0.0
-0.9419811320754716    0.0
-0.9410377358490566    0.0
-0.9400943396226416    0.0
-0.9391509433962264    0.0
-0.9382075471698113    0.0
-0.9372641509433962    0.0
-0.9363207547169812    0.0
-0.935377358490566    0.0
-0.9344339622641509    0.0
-0.9334905660377358    0.0
-0.9325471698113208    0.0
-0.9316037735849056    0.0
-0.9306603773584905    0.0
-0.9297169811320755    0.0
-0.9287735849056604    0.0
-0.9278301886792453    0.0
-0.9268867924528301    0.0
-0.9259433962264151    0.0
-0.925    0.0
-0.9240566037735849    0.0
-0.9231132075471697    0.0
-0.9221698113207547    0.0
-0.9212264150943397    0.0
-0.9202830188679245    0.0
-0.9193396226415094    0.0
-0.9183962264150943    0.0
-0.9174528301886793    0.0
-0.9165094339622641    0.0
-0.915566037735849    0.0
-0.914622641509434    0.0
-0.9136792452830189    0.0
-0.9127358490566038    0.0
-0.9117924528301886    0.0
-0.9108490566037736    0.0
-0.9099056603773585    0.0
-0.9089622641509434    0.0
-0.9080188679245282    0.0
-0.9070754716981132    0.0
-0.9061320754716982    0.0
-0.905188679245283    0.0
-0.9042452830188679    0.0
-0.9033018867924528    0.0
-0.9023584905660378    0.0
-0.9014150943396226    0.0
-0.9004716981132075    0.0
-0.8995283018867924    0.0
-0.8985849056603774    0.0
-0.8976415094339623    0.0
-0.8966981132075471    0.0
-0.8957547169811321    0.0
-0.894811320754717    0.0
-0.8938679245283019    0.0
-0.8929245283018867    0.0
-0.8919811320754717    0.0
-0.8910377358490567    0.0
-0.8900943396226415    0.0
-0.8891509433962264    0.0
-0.8882075471698113    0.0
-0.8872641509433963    0.0
-0.8863207547169811    0.0
-0.885377358490566    0.0
-0.8844339622641509    0.0
-0.8834905660377359    0.0
-0.8825471698113208    0.0
-0.8816037735849056    0.0
-0.8806603773584906    0.0
-0.8797169811320755    0.0
-0.8787735849056604    0.0
-0.8778301886792452    0.0
-0.8768867924528302    0.0
-0.8759433962264151    0.0
-0.875    0.0
-0.8740566037735849    0.0
-0.8731132075471698    0.0
-0.8721698113207548    0.0
-0.8712264150943396    0.0
-0.8702830188679245    0.0
-0.8693396226415094    0.0
-0.8683962264150944    0.0
-0.8674528301886792    0.0
-0.8665094339622641    0.0
-0.8655660377358491    0.0
-0.864622641509434    0.0
-0.8636792452830189    0.0
-0.8627358490566037    0.0
-0.8617924528301887    0.0
-0.8608490566037736    0.0
-0.8599056603773585    0.0
-0.8589622641509433    0.0
-0.8580188679245283    0.0
-0.8570754716981133    0.0
-0.8561320754716981    0.0
-0.855188679245283    0.0
-0.8542452830188679    0.0
-0.8533018867924529    0.0
-0.8523584905660377    0.0
-0.8514150943396226    0.0
-0.8504716981132076    0.0
-0.8495283018867925    0.0
-0.8485849056603774    0.0
-0.8476415094339622    0.0
-0.8466981132075472    0.0
-0.8457547169811321    0.0
-0.844811320754717    0.0
-0.8438679245283018    0.0
-0.8429245283018868    0.0
-0.8419811320754718    0.0
-0.8410377358490566    0.0
-0.8400943396226415    0.0
-0.8391509433962264    0.0
-0.8382075471698114    0.0
-0.8372641509433962    0.0
-0.8363207547169811    0.0
-0.835377358490566    0.0
-0.834433962264151    0.0
-0.8334905660377359    0.0
-0.8325471698113207    0.0
-0.8316037735849057    0.0
-0.8306603773584906    0.0
-0.8297169811320755    0.0
-0.8287735849056603    0.0
-0.8278301886792453    0.0
-0.8268867924528303    0.0
-0.8259433962264151    0.0
-0.825    0.0
-0.8240566037735849    0.0
-0.8231132075471699    0.0
-0.8221698113207547    0.0
-0.8212264150943396    0.0
-0.8202830188679245    0.0
-0.8193396226415095    0.0
-0.8183962264150944    0.0
-0.8174528301886792    0.0
-0.816509433962264    0.0
-0.8155660377358491    0.0
-0.814622641509434    0.0
-0.8136792452830188    0.0
-0.8127358490566037    0.0
-0.8117924528301887    0.0
-0.8108490566037736    0.0
-0.8099056603773584    0.0
-0.8089622641509433    0.0
-0.8080188679245284    0.0
-0.8070754716981132    0.0
-0.8061320754716981    0.0
-0.8051886792452829    0.0
-0.804245283018868    0.0
-0.8033018867924528    0.0
-0.8023584905660377    0.0
-0.8014150943396225    0.0
-0.8004716981132076    0.0
-0.7995283018867925    0.0
-0.7985849056603773    0.0
-0.7976415094339622    0.0
-0.7966981132075472    0.0
-0.7957547169811321    0.0
-0.7948113207547169    0.0
-0.7938679245283018    0.0
-0.7929245283018869    0.0
-0.7919811320754717    0.0
-0.7910377358490566    0.0
-0.7900943396226414    0.0
-0.7891509433962265    0.0
-0.7882075471698113    0.0
-0.7872641509433962    0.0
-0.786320754716981    0.0
-0.7853773584905661    0.0
-0.784433962264151    0.0
-0.7834905660377358    0.0
-0.7825471698113207    0.0
-0.7816037735849057    0.0
-0.7806603773584906    0.0
-0.7797169811320754    0.0
-0.7787735849056603    0.0
-0.7778301886792454    0.0
-0.7768867924528302    0.0
-0.7759433962264151    0.0
-0.7749999999999999    0.0
-0.774056603773585    0.0
-0.7731132075471698    0.0
-0.7721698113207547    0.0
-0.7712264150943395    0.0
-0.7702830188679246    0.0
-0.7693396226415095    0.0
-0.7683962264150943    0.0
-0.7674528301886792    0.0
-0.7665094339622642    0.0
-0.7655660377358491    0.0
-0.7646226415094339    0.0
-0.7636792452830188    0.0
-0.7627358490566039    0.0
-0.7617924528301887    0.0
-0.7608490566037736    0.0
-0.7599056603773584    0.0
-0.7589622641509435    0.0
-0.7580188679245283    0.0
-0.7570754716981132    0.0
-0.756132075471698    0.0
-0.7551886792452831    0.0
-0.754245283018868    0.0
-0.7533018867924528    0.0
-0.7523584905660377    0.0
-0.7514150943396227    0.0
-0.7504716981132076    0.0
-0.7495283018867924    0.0
-0.7485849056603773    0.0
-0.7476415094339623    0.0
-0.7466981132075472    0.0
-0.745754716981132    0.0
-0.7448113207547169    0.0
-0.743867924528302    0.0
-0.7429245283018868    0.0
-0.7419811320754717    0.0
-0.7410377358490565    0.0
-0.7400943396226416    0.0
-0.7391509433962264    0.0
-0.7382075471698113    0.0
-0.7372641509433961    0.0
-0.7363207547169812    0.0
-0.7353773584905661    0.0
-0.7344339622641509    0.0
-0.7334905660377358    0.0
-0.7325471698113208    0.0
-0.7316037735849057    0.0
-0.7306603773584905    0.0
-0.7297169811320754    0.0
-0.7287735849056605    0.0
-0.7278301886792453    0.0
-0.7268867924528302    0.0
-0.725943396226415    0.0
-0.7250000000000001    0.0
-0.7240566037735849    0.0
-0.7231132075471698    0.0
-0.7221698113207546    0.0
-0.7212264150943397    0.0
-0.7202830188679246    0.0
-0.7193396226415094    0.0
-0.7183962264150943    0.0
-0.7174528301886793    0.0
-0.7165094339622642    0.0
-0.715566037735849    0.0
-0.7146226415094339    0.0
-0.713679245283019    0.0
-0.7127358490566038    0.0
-0.7117924528301887    0.0
-0.7108490566037735    0.0
-0.7099056603773586    0.0
-0.7089622641509434    0.0
-0.7080188679245283    0.0
-0.7070754716981131    0.0
-0.7061320754716982    0.0
-0.7051886792452831    0.0
-0.7042452830188679    0.0
-0.7033018867924528    0.0
-0.7023584905660378    0.0
-0.7014150943396227    0.0
-0.7004716981132075    0.0
-0.6995283018867924    0.0
-0.6985849056603775    0.0
-0.6976415094339623    0.0
-0.6966981132075472    0.0
-0.695754716981132    0.0
-0.6948113207547171    0.0
-0.6938679245283019    0.0
-0.6929245283018868    0.0
-0.6919811320754716    0.0
-0.6910377358490567    0.0
-0.6900943396226416    0.0
-0.6891509433962264    0.0
-0.6882075471698113    0.0
-0.6872641509433963    0.0
-0.6863207547169812    0.0
-0.685377358490566    0.0
-0.6844339622641509    0.0
-0.683490566037736    0.0
-0.6825471698113208    0.0
-0.6816037735849056    0.0
-0.6806603773584905    0.0
-0.6797169811320756    0.0
-0.6787735849056604    0.0
-0.6778301886792453    0.0
-0.6768867924528301    0.0
-0.6759433962264152    0.0
-0.675    0.0
-0.6740566037735849    0.0
-0.6731132075471697    0.0
-0.6721698113207548    0.0
-0.6712264150943397    0.0
-0.6702830188679245    0.0
-0.6693396226415094    0.0
-0.6683962264150944    0.0
-0.6674528301886793    0.0
-0.6665094339622641    0.0
-0.665566037735849    0.0
-0.6646226415094341    0.0
-0.6636792452830189    0.0
-0.6627358490566038    0.0
-0.6617924528301886    0.0
-0.6608490566037737    0.0
-0.6599056603773585    0.0
-0.6589622641509434    0.0
-0.6580188679245282    0.0
-0.6570754716981133    0.0
-0.6561320754716982    0.0
-0.655188679245283    0.0
-0.6542452830188679    0.0
-0.6533018867924529    0.0
-0.6523584905660378    0.0
-0.6514150943396226    0.0
-0.6504716981132075    0.0
-0.6495283018867926    0.0
-0.6485849056603774    0.0
-0.6476415094339623    0.0
-0.6466981132075471    0.0
-0.6457547169811322    0.0
-0.644811320754717    0.0
-0.6438679245283019    0.0
-0.6429245283018867    0.0
-0.6419811320754718    0.0
-0.6410377358490567    0.0
-0.6400943396226415    0.0
-0.6391509433962264    0.0
-0.6382075471698113    0.0
-0.6372641509433963    0.0
-0.6363207547169811    0.0
-0.635377358490566    0.0
-0.6344339622641508    0.0
-0.6334905660377359    0.0
-0.6325471698113208    0.0
-0.6316037735849056    0.0
-0.6306603773584905    0.0
-0.6297169811320755    0.0
-0.6287735849056604    0.0
-0.6278301886792452    0.0
-0.6268867924528301    0.0
-0.6259433962264151    0.0
-0.625    0.0
-0.6240566037735849    0.0
-0.6231132075471697    0.0
-0.6221698113207548    0.0
-0.6212264150943396    0.0
-0.6202830188679245    0.0
-0.6193396226415093    0.0
-0.6183962264150944    0.0
-0.6174528301886792    0.0
-0.6165094339622641    0.0
-0.615566037735849    0.0
-0.614622641509434    0.0
-0.6136792452830189    0.0
-0.6127358490566037    0.0
-0.6117924528301886    0.0
-0.6108490566037736    0.0
-0.6099056603773585    0.0
-0.6089622641509433    0.0
-0.6080188679245282    0.0
-0.6070754716981133    0.0
-0.6061320754716981    0.0
-0.605188679245283    0.0
-0.6042452830188678    0.0
-0.6033018867924529    0.0
-0.6023584905660377    0.0
-0.6014150943396226    0.0
-0.6004716981132074    0.0
-0.5995283018867925    0.0
-0.5985849056603774    0.0
-0.5976415094339622    0.0
-0.5966981132075471    0.0
-0.5957547169811321    0.0
-0.594811320754717    0.0
-0.5938679245283018    0.0
-0.5929245283018867    0.0
-0.5919811320754718    0.0
-0.5910377358490566    0.0
-0.5900943396226415    0.0
-0.5891509433962263    0.0
-0.5882075471698114    0.0
-0.5872641509433962    0.0
-0.5863207547169811    0.0
-0.5853773584905659    0.0
-0.584433962264151    0.0
-0.5834905660377359    0.0
-0.5825471698113207    0.0
-0.5816037735849056    0.0
-0.5806603773584906    0.0
-0.5797169811320755    0.0
-0.5787735849056603    0.0
-0.5778301886792452    0.0
-0.5768867924528303    0.0
-0.5759433962264151    0.0
-0.575    0.0
-0.5740566037735848    0.0
-0.5731132075471699    0.0
-0.5721698113207547    0.0
-0.5712264150943396    0.0
-0.5702830188679244    0.0
-0.5693396226415095    0.0
-0.5683962264150944    0.0
-0.5674528301886792    0.0
-0.566509433962264    0.0
-0.5655660377358491    0.0
-0.564622641509434    0.0
-0.5636792452830188    0.0
-0.5627358490566037    0.0
-0.5617924528301887    0.0
-0.5608490566037736    0.0
-0.5599056603773584    0.0
-0.5589622641509433    0.0
-0.5580188679245284    0.0
-0.5570754716981132    0.0
-0.5561320754716981    0.0
-0.5551886792452829    0.0
-0.554245283018868    0.0
-0.5533018867924528    0.0
-0.5523584905660377    0.0
-0.5514150943396225    0.0
-0.5504716981132076    0.0
-0.5495283018867925    0.0
-0.5485849056603773    0.0
-0.5476415094339622    0.0
-0.5466981132075472    0.0
-0.5457547169811321    0.0
-0.5448113207547169    0.0
-0.5438679245283018    0.0
-0.5429245283018869    0.0
-0.5419811320754717    0.0
-0.5410377358490566    0.0
-0.5400943396226414    0.0
-0.5391509433962265    0.0
-0.5382075471698113    0.0
-0.5372641509433962    0.0
-0.536320754716981    0.0
-0.5353773584905661    0.00023563410025565466
-0.534433962264151    0.0
-0.5334905660377358    0.0
-0.5325471698113207    0.0
-0.5316037735849057    0.00023563410025565466
-0.5306603773584906    0.0
-0.5297169811320754    0.0
-0.5287735849056603    0.0
-0.5278301886792454    0.00023563410025565466
-0.5268867924528302    0.0
-0.5259433962264151    0.0
-0.5249999999999999    0.0
-0.524056603773585    0.00023563410025565466
-0.5231132075471698    0.0
-0.5221698113207547    0.0
-0.5212264150943395    0.00023563410025565466
-0.5202830188679246    0.0
-0.5193396226415095    0.0
-0.5183962264150943    0.0
-0.5174528301886792    0.0
-0.5165094339622642    0.0
-0.5155660377358491    0.0
-0.5146226415094339    0.0
-0.5136792452830188    0.0
-0.5127358490566039    0.0
-0.5117924528301887    0.00023563410025562696
-0.5108490566037736    0.0
-0.5099056603773584    0.0
-0.5089622641509435    0.00023563410025565466
-0.5080188679245283    0.0
-0.5070754716981132    0.0
-0.506132075471698    0.0
-0.5051886792452831    0.00023563410025565466
-0.504245283018868    0.0
-0.5033018867924528    0.0
-0.5023584905660377    0.00023563410025565466
-0.5014150943396227    0.0
-0.5004716981132076    0.0
-0.4995283018867924    0.0
-0.49858490566037733    0.00023563410025565466
-0.49764150943396224    0.0004712682005112539
-0.49669811320754714    0.0004712682005113093
-0.49575471698113205    0.00023563410025562696
-0.49481132075471695    0.0
-0.49386792452830186    0.00023563410025562696
-0.49292452830188677    0.0
-0.49198113207547167    0.0
-0.4910377358490566    0.0
-0.4900943396226415    0.0
-0.4891509433962264    0.0
-0.4882075471698113    0.0
-0.4872641509433962    0.0
-0.4863207547169811    0.0
-0.485377358490566    0.00023563410025565466
-0.4844339622641509    0.00023563410025562696
-0.4834905660377358    0.0
-0.48254716981132073    0.0009425364010225078
-0.48160377358490564    0.0
-0.48066037735849054    0.0
-0.47971698113207545    0.00023563410025565466
-0.47877358490566035    0.00023563410025562696
-0.47783018867924526    0.0004712682005113093
-0.47688679245283017    0.0
-0.47594339622641507    0.0
-0.475    0.0007069023007668808
-0.4740566037735849    0.00023563410025565466
-0.4731132075471698    0.00023563410025562696
-0.4721698113207547    0.0004712682005113093
-0.4712264150943396    0.00023563410025562696
-0.4702830188679245    0.0
-0.4693396226415094    0.00023563410025562696
-0.4683962264150943    0.0007069023007669641
-0.4674528301886792    0.0
-0.46650943396226413    0.00023563410025565466
-0.46556603773584904    0.0007069023007668808
-0.46462264150943394    0.0007069023007669641
-0.46367924528301885    0.00023563410025562696
-0.46273584905660375    0.00023563410025565466
-0.46179245283018866    0.0009425364010225078
-0.46084905660377357    0.00023563410025565466
-0.45990566037735847    0.0011781705012781348
-0.4589622641509434    0.0009425364010226187
-0.4580188679245283    0.0
-0.4570754716981132    0.0004712682005113093
-0.4561320754716981    0.00023563410025562696
-0.455188679245283    0.0004712682005113093
-0.4542452830188679    0.0009425364010225078
-0.4533018867924528    0.0
-0.4523584905660377    0.00023563410025562696
-0.4514150943396226    0.0
-0.45047169811320753    0.0004712682005112539
-0.44952830188679244    0.0004712682005113093
-0.44858490566037734    0.00023563410025562696
-0.44764150943396225    0.0
-0.44669811320754715    0.0011781705012781348
-0.44575471698113206    0.00023563410025565466
-0.44481132075471697    0.0011781705012781348
-0.44386792452830187    0.0011781705012782733
-0.4429245283018868    0.0004712682005112539
-0.4419811320754717    0.0
-0.4410377358490566    0.0009425364010225078
-0.4400943396226415    0.0014138046015339282
-0.4391509433962264    0.0004712682005112539
-0.4382075471698113    0.0004712682005113093
-0.4372641509433962    0.0011781705012781348
-0.4363207547169811    0.0004712682005113093
-0.435377358490566    0.00023563410025562696
-0.43443396226415093    0.0016494387017895829
-0.43349056603773584    0.0007069023007668808
-0.43254716981132074    0.0004712682005113093
-0.43160377358490565    0.0021207069023006426
-0.43066037735849055    0.0009425364010226187
-0.42971698113207546    0.0009425364010225078
-0.42877358490566037    0.0007069023007669641
-0.42783018867924527    0.0011781705012781348
-0.4268867924528302    0.0004712682005113093
-0.4259433962264151    0.0009425364010225078
-0.425    0.0009425364010226187
-0.4240566037735849    0.0021207069023006426
-0.4231132075471698    0.0011781705012782733
-0.4221698113207547    0.0011781705012781348
-0.4212264150943396    0.0016494387017895829
-0.4202830188679245    0.0014138046015337617
-0.4193396226415094    0.0007069023007669641
-0.41839622641509433    0.0016494387017893888
-0.41745283018867924    0.0023563410025565466
-0.41650943396226414    0.0014138046015337617
-0.41556603773584905    0.0018850728020452373
-0.41462264150943395    0.0018850728020450157
-0.41367924528301886    0.0018850728020452373
-0.41273584905660377    0.0030632433033231507
-0.41179245283018867    0.0011781705012782733
-0.4108490566037736    0.0014138046015337617
-0.4099056603773585    0.0011781705012782733
-0.4089622641509434    0.0023563410025562695
-0.4080188679245283    0.0011781705012782733
-0.4070754716981132    0.0016494387017893888
-0.4061320754716981    0.0016494387017895829
-0.405188679245283    0.0035345115038344045
-0.4042452830188679    0.0023563410025565466
-0.4033018867924528    0.0035345115038344045
-0.40235849056603773    0.0021207069023008924
-0.40141509433962264    0.0021207069023006426
-0.40047169811320754    0.004241413804601785
-0.39952830188679245    0.004241413804601285
-0.39858490566037735    0.0032988774035791657
-0.39764150943396226    0.0023563410025562695
-0.39669811320754716    0.0025919751028122017
-0.39575471698113207    0.005183950205623793
-0.394811320754717    0.0037701456040904746
-0.3938679245283019    0.0023563410025562695
-0.3929245283018868    0.0018850728020452373
-0.3919811320754717    0.004005779704345658
-0.3910377358490566    0.0030632433033235106
-0.3900943396226415    0.0032988774035787776
-0.3891509433962264    0.00400577970434613
-0.3882075471698113    0.0037701456040900314
-0.3872641509433962    0.0035345115038348204
-0.38632075471698113    0.0030632433033231507
-0.38537735849056604    0.005419584305880058
-0.38443396226415094    0.004948316105368166
-0.38349056603773585    0.0028276092030678564
-0.38254716981132075    0.004241413804601285
-0.38160377358490566    0.005655218406135713
-0.38066037735849056    0.005655218406135047
-0.37971698113207547    0.00400577970434613
-0.3787735849056604    0.004005779704345658
-0.3778301886792453    0.004712682005113093
-0.3768867924528302    0.004948316105368166
-0.3759433962264151    0.0051839502056244035
-0.375    0.0035345115038344045
-0.3740566037735849    0.004241413804601785
-0.3731132075471698    0.004948316105368166
-0.3721698113207547    0.005655218406135713
-0.3712264150943396    0.006833388907413182
-0.37028301886792453    0.007304657107925295
-0.36933962264150944    0.006833388907413182
-0.36839622641509434    0.007540291208180949
-0.36745283018867925    0.0058908525063906736
-0.36650943396226415    0.006833388907413986
-0.36556603773584906    0.00541958430587942
-0.36462264150943396    0.006833388907413986
-0.36367924528301887    0.00848282760920257
-0.3627358490566038    0.008247193508947913
-0.3617924528301887    0.0058908525063906736
-0.3608490566037736    0.007304657107925295
-0.3599056603773585    0.007540291208180063
-0.3589622641509434    0.007304657107925295
-0.3580188679245283    0.011074802712014468
-0.3570754716981132    0.007540291208180949
-0.3561320754716981    0.008011559408691317
-0.355188679245283    0.01154607091252708
-0.35424528301886793    0.00848282760920257
-0.35330188679245284    0.010132266310993152
-0.35235849056603774    0.009896632210736332
-0.35141509433962265    0.009896632210737496
-0.35047169811320755    0.012724241413803856
-0.34952830188679246    0.012252973213294042
-0.34858490566037736    0.011310436812270093
-0.34764150943396227    0.01107480271201577
-0.3466981132075472    0.011074802712014468
-0.3457547169811321    0.013195509614316663
-0.344811320754717    0.011310436812270093
-0.3438679245283019    0.013195509614316663
-0.3429245283018868    0.011781705012781347
-0.3419811320754717    0.012252973213294042
-0.3410377358490566    0.012959875514059482
-0.3400943396226415    0.014844948316106246
-0.3391509433962264    0.01319550961431511
-0.33820754716981133    0.012252973213294042
-0.33726415094339623    0.014138046015337618
-0.33632075471698114    0.016730021118151483
-0.33537735849056605    0.01555185061687138
-0.33443396226415095    0.01696565521840714
-0.33349056603773586    0.014844948316104499
-0.33254716981132076    0.017436923418918445
-0.33160377358490567    0.018379459819938902
-0.3306603773584906    0.01555185061687321
-0.3297169811320755    0.018143825719683274
-0.3287735849056604    0.018850728020452373
-0.3278301886792453    0.019793264421472664
-0.3268867924528302    0.015787484717128864
-0.3259433962264151    0.02120706902300643
-0.325    0.021678337223520232
-0.3240566037735849    0.02120706902300643
-0.3231132075471698    0.01460931421585059
-0.32216981132075473    0.01955763032121704
-0.32122641509433963    0.02214960542403154
-0.32028301886792454    0.023092141825051444
-0.31933962264150945    0.01979326442147499
-0.31839622641509435    0.028982994331442115
-0.31745283018867926    0.02262087362454285
-0.31650943396226416    0.02474158052684083
-0.31556603773584907    0.024505946426588085
-0.314622641509434    0.026626653328885846
-0.3136792452830189    0.028982994331445525
-0.3127358490566038    0.024977214627096456
-0.3117924528301887    0.027097921529400288
-0.3108490566037736    0.02921862843169774
-0.3099056603773585    0.029925530732468144
-0.3089622641509434    0.032281871735020895
-0.3080188679245283    0.0353451150383482
-0.3070754716981132    0.03746582194064469
-0.30613207547169813    0.030161164832723797
-0.30518867924528303    0.0358163832388553
-0.30424528301886794    0.03487384683783689
-0.30330188679245285    0.03251750583527652
-0.30235849056603775    0.03958652884294998
-0.30141509433962266    0.035580749138599675
-0.30047169811320756    0.04029343114371695
-0.29952830188679247    0.04359230854729099
-0.2985849056603774    0.04453484494831874
-0.2976415094339623    0.04147160164499034
-0.2966981132075472    0.04406357674780743
-0.2957547169811321    0.04029343114371221
-0.294811320754717    0.04453484494831874
-0.2938679245283019    0.04689118595086977
-0.2929245283018868    0.04288540624652916
-0.2919811320754717    0.051132599755471055
-0.2910377358490566    0.04877625875292052
-0.29009433962264153    0.051132599755471055
-0.28915094339622643    0.043592308547296114
-0.28820754716981134    0.05396020895853857
-0.28726415094339625    0.05820162276314671
-0.28632075471698115    0.05372457485828294
-0.28537735849056606    0.05985106146493629
-0.28443396226415096    0.05513837945981671
-0.28349056603773587    0.061264866066470226
-0.2825471698113208    0.0541958430587942
-0.2816037735849057    0.059144159164169326
-0.2806603773584906    0.06597754807157555
-0.2797169811320755    0.06574191397132766
-0.2787735849056604    0.06173613426697426
-0.2778301886792453    0.07116149827720772
-0.2768867924528302    0.0683338890741318
-0.27594339622641506    0.07469600978103375
-0.27499999999999997    0.06974769367567378
-0.2740566037735849    0.0822363009892138
-0.2731132075471698    0.07328220517950862
-0.2721698113207547    0.07045459597643246
-0.2712264150943396    0.08647771479382527
-0.2702830188679245    0.07940869178614628
-0.2693396226415094    0.08553517839280264
-0.2683962264150943    0.08930532399688261
-0.2674528301886792    0.0930754696009836
-0.2665094339622641    0.09613871290429579
-0.265566037735849    0.10179393131044283
-0.26462264150943393    0.10038012670889708
-0.26367924528301884    0.10155829721018718
-0.26273584905660374    0.09778815160608519
-0.26179245283018865    0.11192619762143598
-0.26084905660377355    0.1032077359119646
-0.25990566037735846    0.11216183172169163
-0.25896226415094337    0.11145492942091155
-0.2580188679245283    0.10509280871402199
-0.2570754716981132    0.12229409803267038
-0.2561320754716981    0.12064465933089519
-0.255188679245283    0.11923085472934725
-0.2542452830188679    0.12158719573191783
-0.2533018867924528    0.1189952206290916
-0.2523584905660377    0.12394353673447436
-0.2514150943396226    0.12629987773701606
-0.2504716981132075    0.13855285095032496
-0.24952830188679243    0.12559297543624917
-0.24858490566037733    0.1491563854618294
-0.24764150943396224    0.14114482605312054
-0.24669811320754714    0.13902411915083626
-0.24575471698113205    0.15999555407357072
-0.24481132075471695    0.15528287206847644
-0.24386792452830186    0.15104145826385687
-0.24292452830188677    0.17342669778816186
-0.24198113207547167    0.16329443147714948
-0.24103773584905658    0.17224852728688358
-0.24009433962264148    0.1748405023896752
-0.2391509433962264    0.1809669889963428
-0.2382075471698113    0.1738979659886527
-0.2372641509433962    0.18756474380350113
-0.2363207547169811    0.19534066911191475
-0.235377358490566    0.19675447371347166
-0.23443396226415092    0.2054729354229067
-0.23349056603773582    0.19651883961321603
-0.23254716981132073    0.21749027453594366
-0.23160377358490564    0.21395576303213446
-0.23066037735849054    0.22691563854616875
-0.22971698113207545    0.21725464043571363
-0.22877358490566035    0.23657663665664946
-0.22783018867924526    0.24553073246639218
-0.22688679245283017    0.23822607535843884
-0.22594339622641507    0.2554273646771297
-0.22499999999999998    0.2530710236745433
-0.22405660377358488    0.2596687784817314
-0.2231132075471698    0.26508836278758036
-0.2221698113207547    0.26603089918863415
-0.2212264150943396    0.26815160609090344
-0.2202830188679245    0.28134711570525167
-0.2193396226415094    0.2801689452039405
-0.21839622641509432    0.2870023341113874
-0.21745283018867922    0.3051461598310369
-0.21650943396226413    0.2976058686228919
-0.21556603773584904    0.30632433033231504
-0.21462264150943394    0.3037323552295389
-0.21367924528301885    0.3277670334555771
-0.21273584905660375    0.3468533955763237
-0.21179245283018866    0.3452039568744935
-0.21084905660377357    0.3487384683783689
-0.20990566037735847    0.3459108591752604
-0.20896226415094338    0.3588707346893621
-0.20801886792452828    0.3687673669000562
-0.2070754716981132    0.3697099033011222
-0.2061320754716981    0.37489385350670246
-0.205188679245283    0.4083538957430496
-0.2042452830188679    0.4031699455373777
-0.2033018867924528    0.41683672335225314
-0.20235849056603772    0.4154229187506703
-0.20141509433962262    0.413537845948674
-0.20047169811320753    0.42932533066575235
-0.19952830188679244    0.4477047904857439
-0.19858490566037734    0.4514749360897813
-0.19764150943396225    0.4528887406913683
-0.19669811320754715    0.47221073691227644
-0.19575471698113206    0.5030788040458227
-0.19481132075471697    0.4818717350227571
-0.19386792452830187    0.4924752695343183
-0.19292452830188678    0.5188662887628905
-0.19198113207547168    0.5214582638657639
-0.1910377358490566    0.5035500722462748
-0.1900943396226415    0.5457285761920962
-0.1891509433962264    0.5509125263976559
-0.1882075471698113    0.583430032233001
-0.1872641509433962    0.5685850839168278
-0.18632075471698112    0.5831943981327454
-0.18537735849056602    0.5999244192508262
-0.18443396226415093    0.5904990552406707
-0.18349056603773584    0.6020451261531269
-0.18254716981132074    0.627729243081064
-0.18160377358490565    0.6388040457930046
-0.18066037735849055    0.6776836723352629
-0.17971698113207546    0.6595398466154999
-0.17877358490566037    0.7160920306769346
-0.17783018867924527    0.7113793486717378
-0.17688679245283018    0.7066666666667084
-0.17594339622641508    0.7266955651883534
-0.175    0.7323507835945747
-0.1740566037735849    0.7403623430031799
-0.1731132075471698    0.7573279982216742
-0.1721698113207547    0.773822385239479
-0.1712264150943396    0.7896098699566989
-0.17028301886792452    0.7900811381571172
-0.16933962264150942    0.8068111592753616
-0.16839622641509433    0.8155296209847249
-0.16745283018867924    0.8235411803935131
-0.16650943396226414    0.8421562743136107
-0.16556603773584905    0.891875069467653
-0.16462264150943395    0.8895187284649917
-0.16367924528301886    0.9010647993776235
-0.16273584905660377    0.9081338223851864
-0.16179245283018867    0.9500766922307997
-0.16084905660377358    0.9611514949427024
-0.15990566037735848    0.9693986884517635
-0.1589622641509434    0.9800022229631526
-0.1580188679245283    1.0165255085028944
-0.1570754716981132    1.0250083361119773
-0.1561320754716981    1.0452728687340842
-0.155188679245283    1.0556407691452088
-0.15424528301886792    1.104652661998509
-0.15330188679245282    1.0676581082582457
-0.15235849056603773    1.103474491497231
-0.15141509433962264    1.1209114149160175
-0.15047169811320754    1.1496587751473393
-0.14952830188679245    1.1675669667666315
-0.14858490566037735    1.164739357563701
-0.14764150943396226    1.1946648882960287
-0.14669811320754716    1.2208202734245468
-0.14575471698113207    1.2290674669333501
-0.14481132075471698    1.2455618539513906
-0.14386792452830188    1.2912748694008356
-0.1429245283018868    1.3209647660332002
-0.1419811320754717    1.3042347449148952
-0.1410377358490566    1.342878737356976
-0.1400943396226415    1.3664421473823807
-0.1391509433962264    1.362672001778451
-0.13820754716981132    1.385764143603342
-0.13726415094339622    1.4020228965211454
-0.13632075471698113    1.4178103812381075
-0.13537735849056604    1.4493853506725318
-0.13443396226415094    1.501460486828855
-0.13349056603773585    1.4906213182172714
-0.13254716981132075    1.5419895520728226
-0.13160377358490566    1.5280871401579206
-0.13066037735849056    1.554478159386371
-0.12971698113207547    1.5841680560187665
-0.12877358490566038    1.6218695120594804
-0.12783018867924528    1.6477892630877933
-0.1268867924528302    1.6779504279203197
-0.1259433962264151    1.6763009892187275
-0.125    1.692795376236424
-0.1240566037735849    1.725784150272415
-0.12311320754716981    1.7455774146936844
-0.12216981132075472    1.7467555851951682
-0.12122641509433962    1.8087273535621926
-0.12028301886792453    1.7995376236524347
-0.11933962264150944    1.8650439035232873
-0.11839622641509434    1.8332332999889935
-0.11745283018867925    1.908871846170834
-0.11650943396226415    1.9359697677004588
-0.11556603773584906    1.8996821162608646
-0.11462264150943396    1.952464154718355
-0.11367924528301887    2.0215049460930237
-0.11273584905660378    2.011137045682013
-0.11179245283018868    2.0938446148715015
-0.11084905660377359    2.072637545848739
-0.1099056603773585    2.069338668444916
-0.1089622641509434    2.1195287317996137
-0.1080188679245283    2.1991730576857664
-0.10707547169811321    2.194696009781168
-0.10613207547169812    2.2321618317215544
-0.10518867924528302    2.2262709792154256
-0.10424528301886793    2.2717483605644992
-0.10330188679245284    2.281173724574993
-0.10235849056603774    2.2776392130708905
-0.10141509433962265    2.3688296098700965
-0.10047169811320755    2.356576636656525
-0.09952830188679246    2.39522062909873
-0.09858490566037736    2.386973435589501
-0.09764150943396227    2.4293875736358
-0.09669811320754718    2.487589196398654
-0.09575471698113208    2.4927731466045713
-0.09481132075471699    2.5264688229408323
-0.0938679245283019    2.545319550961582
-0.0929245283018868    2.5596932310768756
-0.0919811320754717    2.6301478270536176
-0.09103773584905661    2.6431077025673675
-0.09009433962264152    2.6555963098812283
-0.08915094339622642    2.6867000111146586
-0.08820754716981133    2.6779815494055157
-0.08726415094339623    2.7637523618982485
-0.08632075471698114    2.76775814160292
-0.08537735849056605    2.7840168945202324
-0.08443396226415095    2.8469311992888198
-0.08349056603773586    2.8464599310879737
-0.08254716981132076    2.8408047126821727
-0.08160377358490567    2.913380015560572
-0.08066037735849058    2.9312882071803443
-0.07971698113207548    2.945190619095081
-0.07877358490566039    2.9414204734913376
-0.0778301886792453    3.020593531176882
-0.0768867924528302    2.9939668778483486
-0.0759433962264151    3.0648927420249397
-0.07500000000000001    3.0674847171281128
-0.07405660377358492    3.1391174836054625
-0.07311320754716982    3.1749338668446914
-0.07216981132075473    3.1633877959317918
-0.07122641509433963    3.2065088362789487
-0.07028301886792454    3.209807713682151
-0.06933962264150945    3.227480271201702
-0.06839622641509435    3.186008669556332
-0.06745283018867926    3.2868600644661274
-0.06650943396226416    3.296521062576221
-0.06556603773584907    3.326682227409333
-0.06462264150943398    3.3575502945424285
-0.06367924528301888    3.381820606869156
-0.06273584905660379    3.417872624207869
-0.06179245283018869    3.4006713348896085
-0.0608490566037736    3.5022296320993833
-0.059905660377358505    3.492332999889058
-0.05896226415094341    3.5008158274978496
-0.05801886792452832    3.5206090919197366
-0.05707547169811322    3.5439368678446295
-0.05613207547169813    3.5356896743360986
-0.055188679245283034    3.604966099810837
-0.05424528301886794    3.6264088029345256
-0.053301886792452846    3.571977325775049
-0.05235849056603775    3.658926308769806
-0.05141509433962266    3.706524397021012
-0.050471698113207564    3.7234900522398555
-0.04952830188679247    3.7015760809156437
-0.048584905660377375    3.7336223185508484
-0.04764150943396228    3.7489385350670252
-0.04669811320754719    3.7842836501058144
-0.04575471698113209    3.8201000333442248
-0.044811320754717    3.8818361676116555
-0.043867924528301905    3.85426697788129
-0.04292452830188681    3.8497899299768865
-0.04198113207547172    3.934853840168714
-0.04103773584905662    3.9009225297323633
-0.04009433962264153    3.895267311325769
-0.039150943396226434    3.9442792041794035
-0.03820754716981134    3.9346182060684587
-0.037264150943396246    3.9687851506059917
-0.03632075471698115    4.019917750360995
-0.03537735849056606    4.015205068356355
-0.034433962264150964    4.020153384461251
-0.033490566037735814    4.041596087584514
-0.03254716981132072    4.031699455374252
-0.031603773584905626    4.0903723463374275
-0.03066037735849053    4.095085028343023
-0.029716981132075437    4.08165388462797
-0.028773584905660343    4.154464821607448
-0.02783018867924525    4.130901411581396
-0.026886792452830155    4.143154384795177
-0.02594339622641506    4.138677336889832
-0.024999999999999967    4.171901745026367
-0.024056603773584873    4.171430476825364
-0.02311320754716978    4.191930643548097
-0.022169811320754684    4.157292430810027
-0.02122641509433959    4.175907524730713
-0.020283018867924496    4.189338668444791
-0.019339622641509402    4.1817983772371035
-0.018396226415094308    4.224212515282624
-0.017452830188679214    4.231517172391047
-0.01650943396226412    4.2656841169276145
-0.015566037735849025    4.266862287429395
-0.014622641509433931    4.227511392686203
-0.013679245283018837    4.276287651439621
-0.012735849056603743    4.236936756696428
-0.011792452830188649    4.225861953984911
-0.010849056603773555    4.2857130154493435
-0.00990566037735846    4.297965988663142
-0.008962264150943366    4.3460353451147835
-0.008018867924528272    4.325299544292797
-0.007075471698113178    4.334253640102002
-0.006132075471698084    4.279350894742945
-0.00518867924528299    4.364650439034978
-0.004245283018867896    4.349334222518874
-0.0033018867924528017    4.343207735911716
-0.0023584905660377076    4.345564076914783
-0.0014150943396226134    4.283356674446787
-0.0004716981132075193    4.286891185951126
0.0004716981132075748    4.349334222518363
0.0014150943396227245    4.314224741580274
0.002358490566037763    4.346977881516829
0.0033018867924528017    4.317052350783341
0.004245283018867951    4.350748027119896
0.005188679245283101    4.369363121040091
0.00613207547169814    4.299379793265182
0.007075471698113178    4.279115260642185
0.008018867924528328    4.27723018784014
0.008962264150943478    4.245419584305631
0.009905660377358516    4.285006113149585
0.010849056603773555    4.274402578637073
0.011792452830188704    4.3149316438810414
0.012735849056603854    4.264034678225825
0.013679245283018893    4.23505168389538
0.014622641509433931    4.27887962654193
0.015566037735849081    4.2765232855393736
0.01650943396226423    4.26002889852148
0.01745283018867927    4.235758586196147
0.018396226415094308    4.238821829498473
0.019339622641509457    4.220206735578278
0.020283018867924607    4.283592308547043
0.021226415094339646    4.228925197288732
0.022169811320754684    4.197585861953739
0.023113207547169834    4.178499499833032
0.024056603773584984    4.116763365566059
0.025000000000000022    4.129958875181345
0.02594339622641506    4.181091474935845
0.02688679245283021    4.191930643547603
0.02783018867924536    4.087309103034105
0.0287735849056604    4.153051017006402
0.029716981132075437    4.089901078136917
0.030660377358490587    4.013319995553839
0.03160377358490574    4.075763032121579
0.032547169811320775    4.025101700567567
0.033490566037735814    4.0170901411579285
0.034433962264150964    4.002952095142591
0.03537735849056611    3.966193175502713
0.03632075471698115    4.002480826943021
0.03726415094339619    3.934853840168714
0.03820754716981134    3.9581816160940217
0.03915094339622649    3.9009225297319046
0.04009433962264153    3.924957207958902
0.04103773584905657    3.9193019895518435
0.04198113207547172    3.8988018228296037
0.042924528301886866    3.8446059797708094
0.043867924528301905    3.7955940869185323
0.04481132075471694    3.759777703678784
0.04575471698113209    3.8215138379457576
0.04669811320754724    3.79606535511815
0.04764150943396228    3.6834322551968275
0.04858490566037732    3.741162609758589
0.04952830188679247    3.6890874736020955
0.05047169811320762    3.7100589085248465
0.05141509433962266    3.655863065466913
0.052358490566037696    3.6504434811601727
0.053301886792452846    3.6469089696563386
0.054245283018867996    3.546764477047697
0.055188679245283034    3.6009603201073386
0.05613207547169807    3.5750405690783724
0.05707547169811322    3.536632210736705
0.05801886792452837    3.551712793153065
0.05896226415094341    3.419757697010719
0.05990566037735845    3.4129243081025007
0.0608490566037736    3.3959586528840955
0.06179245283018875    3.4334244748247404
0.06273584905660379    3.3747515838618836
0.06367924528301883    3.385119484272337
0.06462264150943398    3.392188507280006
0.06556603773584913    3.276492164054493
0.06650943396226416    3.2849749916644684
0.0674528301886792    3.2225319550959544
0.06839622641509435    3.2673024341445234
0.0693396226415095    3.2564632655327643
0.07028301886792454    3.223710125597991
0.07122641509433958    3.1058930754694187
0.07216981132075473    3.1402956541067404
0.07311320754716988    3.1478359453149203
0.07405660377358492    3.0580593531182463
0.07499999999999996    3.0561742803154814
0.0759433962264151    2.9975013893518305
0.07688679245283025    2.994202511948252
0.0778301886792453    3.0099899966660875
0.07877358490566033    2.9647482494162984
0.07971698113207548    2.928224963876676
0.08066037735849063    2.8853395576301524
0.08160377358490567    2.8775636323223934
0.08254716981132071    2.846695565188229
0.08349056603773586    2.838684005779538
0.08443396226415101    2.760689118594925
0.08537735849056605    2.7456085361792115
0.08632075471698109    2.7458441702788208
0.08726415094339623    2.7130910303432887
0.08820754716981138    2.6791597199064787
0.08915094339622642    2.6751539402027626
0.09009433962264146    2.615067244636948
0.09103773584905661    2.591739468711641
0.09198113207547176    2.610590196732091
0.0929245283018868    2.6002222963214554
0.09386792452830184    2.5446126486605154
0.09481132075471699    2.4831121484937966
0.09575471698113214    2.450123374458009
0.09669811320754718    2.467795931977762
0.09764150943396221    2.418077136823244
0.09858490566037736    2.4270312326329573
0.09952830188679251    2.4037034567076505
0.10047169811320755    2.325944203623841
0.10141509433962259    2.304265866399776
0.10235849056603774    2.2917772590862278
0.10330188679245289    2.2439435367343354
0.10424528301886793    2.276461042570148
0.10518867924528297    2.198466155385
0.10613207547169812    2.149689896632085
0.10707547169811327    2.1574658219405207
0.1080188679245283    2.139793264421852
0.10896226415094334    2.083947982660765
0.1099056603773585    2.062269645437247
0.11084905660377364    2.041533844614752
0.11179245283018868    2.02857396910117
0.11273584905660372    1.9845103923528902
0.11367924528301887    1.9713148827385751
0.11462264150943402    1.9538779593196585
0.11556603773584906    1.8909636545518513
0.1165094339622641    1.9034522618649548
0.11745283018867925    1.8681071468266106
0.1183962264150944    1.8775325108368355
0.11933962264150944    1.835589640991766
0.12028301886792447    1.8346471045903117
0.12122641509433962    1.7429854395908726
0.12216981132075477    1.7288473935755349
0.12311320754716981    1.7441636100925613
0.12405660377358485    1.7227209069688887
0.125    1.6913815716348903
0.12594339622641515    1.67630098921853
0.1268867924528302    1.6525019450931009
0.12783018867924523    1.6178637323551348
0.12877358490566038    1.6034900522395414
0.12971698113207553    1.5766277648104001
0.13066037735849056    1.5488229409806005
0.1316037735849056    1.5353917972656652
0.13254716981132075    1.50711570523499
0.1334905660377359    1.4503278870733838
0.13443396226415094    1.4764832722021062
0.13537735849056598    1.4628164943869322
0.13632075471698113    1.4187529176391298
0.13726415094339628    1.4055574080248148
0.13820754716981132    1.3817583638993218
0.13915094339622636    1.3702122929864708
0.1400943396226415    1.343585639657585
0.14103773584905666    1.3355740802488936
0.1419811320754717    1.3167233522287534
0.14292452830188673    1.276665555184987
0.14386792452830188    1.2429698788484322
0.14481132075471703    1.2514527064576348
0.14575471698113207    1.2158719573193213
0.1466981132075471    1.1784061353783903
0.14764150943396226    1.20644659330881
0.1485849056603774    1.1918372790929612
0.14952830188679245    1.158141602756679
0.15047169811320749    1.1449460931420914
0.15141509433962264    1.1013537845948003
0.15235849056603779    1.089100811381508
0.15330188679245282    1.0577614760477583
0.15424528301886786    1.0622385239523662
0.155188679245283    1.0660086695564563
0.15613207547169816    1.0111059241968954
0.1570754716981132    0.9851861731690081
0.15801886792452824    0.9571457152383567
0.1589622641509434    0.9578526175391237
0.15990566037735854    0.9734044681559949
0.16084905660377358    0.9279270868068773
0.16179245283018862    0.9192086250972007
0.16273584905660377    0.9024786039790512
0.16367924528301891    0.891875069467548
0.16462264150943395    0.8638346115373318
0.165566037735849    0.886219851061413
0.16650943396226414    0.8322596421028744
0.1674528301886793    0.8287251305990401
0.16839622641509433    0.816236523285684
0.16933962264150937    0.7886673335555834
0.17028301886792452    0.8065755251750111
0.17122641509433967    0.7848971879514934
0.1721698113207547    0.7747649216406838
0.17311320754716975    0.7443681227075255
0.1740566037735849    0.7344714904967892
0.17500000000000004    0.7264599310880979
0.17594339622641508    0.6953562298545188
0.17688679245283012    0.7033677892630466
0.17783018867924527    0.6656663332221462
0.17877358490566042    0.6585973102144773
0.17971698113207546    0.6682583083251153
0.1806603773584905    0.6604823830165224
0.18160377358490565    0.6435167277981173
0.1825471698113208    0.622780926975622
0.18349056603773584    0.623959097477047
0.18443396226415087    0.587435811937278
0.18537735849056602    0.5777748138267973
0.18632075471698117    0.5565677448037909
0.1872641509433962    0.576596643325655
0.18820754716981125    0.5506768922974001
0.1891509433962264    0.5403089918861526
0.19009433962264155    0.5330043347782282
0.1910377358490566    0.5092052906525296
0.19198113207547163    0.5009580971434628
0.19292452830188678    0.4842280760253134
0.19386792452830193    0.4755096143158552
0.19481132075471697    0.4865844170279842
0.195754716981132    0.4835211737245465
0.19669811320754715    0.4514749360897813
0.1976415094339623    0.4512393019895256
0.19858490566037734    0.4394575969768477
0.19952830188679238    0.42767589196396294
0.20047169811320753    0.405526286539934
0.20141509433962268    0.4206068689562941
0.20235849056603772    0.42956096476610905
0.20330188679245276    0.40623318884070087
0.2042452830188679    0.39822162943200956
0.20518867924528306    0.3810203401133488
0.2061320754716981    0.37819273091037026
0.20707547169811313    0.3784283650105369
0.20801886792452828    0.3680604645992893
0.20896226415094343    0.3496810047793504
0.20990566037735858    0.3539224185839517
0.21084905660377362    0.33436478826281335
0.21179245283018866    0.3355429587640128
0.2127358490566038    0.32211181504944203
0.21367924528301896    0.3197554740468858
0.214622641509434    0.29666333222190416
0.21556603773584904    0.30278981882848066
0.2165094339622642    0.3084450372346157
0.21745283018867934    0.2903012115149324
0.21839622641509437    0.2865310659109098
0.2193396226415094    0.2870023341113536
0.22028301886792456    0.28111148160496296
0.2212264150943397    0.27286428809601604
0.22216981132075475    0.26343892408585295
0.2231132075471698    0.2558986328776109
0.22405660377358494    0.2610825830832347
0.2250000000000001    0.26603089918860284
0.22594339622641513    0.23398466155389264
0.22688679245283017    0.23634100255639381
0.22783018867924532    0.22738690674668002
0.22877358490566047    0.2280938090474469
0.2297169811320755    0.2210247860398301
0.23066037735849054    0.211599422029553
0.2316037735849057    0.2012315216183054
0.23254716981132084    0.2071223741246961
0.23349056603773588    0.19793264421477325
0.23443396226415092    0.19722574191395975
0.23537735849056607    0.2009958875180498
0.23632075471698122    0.18615093920194528
0.23726415094339626    0.18261642769815387
0.2382075471698113    0.18638657330220093
0.23915094339622645    0.1703634544848183
0.2400943396226416    0.17766811159274273
0.24103773584905663    0.17931755029457433
0.24198113207547167    0.16871401578302891
0.24292452830188682    0.164236967878172
0.24386792452830197    0.15858174947203696
0.244811320754717    0.15528287206849473
0.24575471698113205    0.15033455596308998
0.2466981132075472    0.1493920195620675
0.24764150943396235    0.14467933755695495
0.2485849056603774    0.14302989885519923
0.24952830188679243    0.1413804601533762
0.2504716981132076    0.13030565744136172
0.2514150943396227    0.13784594864954178
0.25235849056603776    0.12794931643883556
0.2533018867924528    0.13030565744136172
0.25424528301886795    0.12465043903522667
0.2551886792452831    0.12417917083471541
0.25613207547169814    0.11334000222298324
0.2570754716981132    0.1161676114260241
0.25801886792452833    0.11404690452372344
0.2589622641509435    0.10415027231298711
0.2599056603773585    0.0992019562076423
0.26084905660377355    0.10485717461375399
0.2617924528301887    0.1006157608091527
0.26273584905660385    0.10509280871400963
0.2636792452830189    0.09543181060355138
0.26462264150943393    0.09378237190173953
0.2655660377358491    0.09637434700455141
0.26650943396226423    0.09071912859841638
0.26745283018867927    0.09260420140048319
0.2683962264150943    0.08859842169611575
0.26933962264150946    0.07893742358563502
0.2702830188679246    0.07563854618205625
0.27122641509433965    0.08365010559076726
0.2721698113207547    0.08341447149049194
0.27311320754716983    0.07799488718461253
0.274056603773585    0.07846615538512378
0.275    0.07328220517951724
0.27594339622641506    0.07375347338001124
0.2768867924528302    0.07092586417694371
0.27783018867924536    0.07139713237745497
0.2787735849056604    0.06715571857286949
0.27971698113207544    0.06574191397131991
0.2806603773584906    0.06362120706901928
0.28160377358490574    0.06220740246748552
0.2825471698113208    0.05066133155497172
0.2834905660377358    0.05843725686339548
0.28443396226415096    0.052310770256749184
0.2853773584905661    0.0629143047682524
0.28632075471698115    0.05867289096366492
0.2872641509433962    0.05372457485828294
0.28820754716981134    0.055609647660327964
0.2891509433962265    0.048069356452147896
0.29009433962264153    0.05278203845727286
0.29103773584905657    0.04924752695342603
0.2919811320754717    0.05773035456262861
0.29292452830188687    0.052310770256749184
0.2938679245283019    0.047598088251647845
0.29481132075471694    0.04618428365010289
0.2957547169811321    0.0419428698455016
0.29669811320754724    0.04312104034677973
0.2976415094339623    0.04170723574525578
0.2985849056603773    0.045477381349336
0.29952830188679247    0.03793709014115594
0.3004716981132076    0.03699455374013343
0.30141509433962266    0.03699455374014214
0.3023584905660377    0.044534844948313494
0.30330188679245285    0.03440257863732153
0.304245283018868    0.03510948093808842
0.30518867924528303    0.03298877403579554
0.3061320754716981    0.031574969434254016
0.3070754716981132    0.03133933533399839
0.3080188679245284    0.0332244081360434
0.3089622641509434    0.03157496943426145
0.30990566037735845    0.02874736023118649
0.3108490566037736    0.03039679893297588
0.31179245283018875    0.03393131043681028
0.3127358490566038    0.02827609203068189
0.3136792452830188    0.024034678226073948
0.314622641509434    0.02639101922863022
0.3155660377358491    0.027569189729908353
0.31650943396226416    0.03016116483272735
0.3174528301886792    0.02474158052684083
0.31839622641509435    0.026155385128374592
0.3193396226415095    0.024505946426585205
0.32028301886792454    0.024270312326335287
0.3212264150943396    0.02167833722351768
0.32216981132075473    0.02474158052684083
0.3231132075471699    0.01932199622096141
0.3240566037735849    0.021913971323778463
0.32499999999999996    0.01932199622096141
0.3259433962264151    0.017436923418916395
0.32688679245283025    0.02120706902300643
0.3278301886792453    0.022856507724801196
0.32877358490566033    0.01696565521840514
0.3297169811320755    0.018850728020450156
0.33066037735849063    0.01861509392019453
0.33160377358490567    0.016965655218409134
0.3325471698113207    0.018379459819938902
0.33349056603773586    0.01531621651661575
0.334433962264151    0.01460931421584887
0.33537735849056605    0.01673002111815345
0.3363207547169811    0.01460931421584887
0.33726415094339623    0.016023118817382633
0.3382075471698114    0.013431143714570735
0.3391509433962264    0.014373680115596628
0.34009433962264146    0.01460931421584887
0.3410377358490566    0.012488607313548228
0.34198113207547176    0.01531621651661575
0.3429245283018868    0.009189729909971614
0.34386792452830184    0.013431143714570735
0.344811320754717    0.01319550961431511
0.34575471698113214    0.011781705012781347
0.3466981132075472    0.01555185061687504
0.3476415094339622    0.01083916861175884
0.34858490566037736    0.011074802712014468
0.3495283018867925    0.010132266310991959
0.35047169811320755    0.012017339113039803
0.3514150943396226    0.012488607313548228
0.35235849056603774    0.007069023007668809
0.3533018867924529    0.009660998110480705
0.35424528301886793    0.0070690230076704726
0.35518867924528297    0.009660998110480705
0.3561320754716981    0.007069023007668809
0.35707547169811327    0.008247193508946944
0.3580188679245283    0.008954095809715932
0.35896226415094334    0.010603534511503214
0.3599056603773585    0.006833388907413182
0.36084905660377364    0.008954095809713824
0.3617924528301887    0.008954095809715932
0.3627358490566037    0.008247193508946944
0.36367924528301887    0.008954095809713824
0.364622641509434    0.0058908525063906736
0.36556603773584906    0.008011559408693202
0.3665094339622641    0.008247193508946944
0.36745283018867925    0.007304657107924435
0.3683962264150944    0.004948316105368166
0.36933962264150944    0.004712682005113648
0.3702830188679245    0.006126486606646301
0.3712264150943396    0.00541958430587942
0.3721698113207548    0.00541958430587942
0.3731132075471698    0.006126486606647743
0.37405660377358485    0.0058908525063906736
0.375    0.00541958430587942
0.37594339622641515    0.006833388907413182
0.3768867924528302    0.005183950205625013
0.3778301886792452    0.0028276092030675233
0.3787735849056604    0.004005779704345658
0.3797169811320755    0.0035345115038344045
0.38066037735849056    0.003298877403579554
0.3816037735849056    0.004712682005112539
0.38254716981132075    0.004477047904856912
0.3834905660377359    0.004005779704345658
0.38443396226415094    0.0030632433033238714
0.385377358490566    0.0032988774035787776
0.38632075471698113    0.004241413804601285
0.3872641509433963    0.005655218406135047
0.3882075471698113    0.0025919751028125066
0.38915094339622636    0.0030632433033231507
0.3900943396226415    0.004477047904856912
0.39103773584905666    0.0023563410025562695
0.3919811320754717    0.0042414138046022835
0.39292452830188673    0.0028276092030675233
0.3938679245283019    0.0030632433033231507
0.39481132075471703    0.0037701456040900314
0.39575471698113207    0.0025919751028125066
0.3966981132075471    0.0028276092030675233
0.39764150943396226    0.004241413804601285
0.3985849056603774    0.0030632433033231507
0.39952830188679245    0.0021207069023011418
0.4004716981132075    0.0025919751028118964
0.40141509433962264    0.0023563410025562695
0.4023584905660378    0.0021207069023006426
0.4033018867924528    0.003298877403579554
0.40424528301886786    0.0014138046015337617
0.405188679245283    0.0032988774035787776
0.40613207547169816    0.0014138046015337617
0.4070754716981132    0.0018850728020454594
0.40801886792452824    0.0035345115038344045
0.4089622641509434    0.0018850728020450157
0.40990566037735854    0.0023563410025562695
0.4108490566037736    0.0007069023007670473
0.4117924528301886    0.0014138046015337617
0.41273584905660377    0.0018850728020450157
0.4136792452830189    0.0030632433033231507
0.41462264150943395    0.001178170501278412
0.415566037735849    0.0016494387017893888
0.41650943396226414    0.0007069023007668808
0.4174528301886793    0.0030632433033231507
0.41839622641509433    0.001649438701789777
0.41933962264150937    0.0016494387017893888
0.4202830188679245    0.0014138046015337617
0.42122641509433967    0.0014138046015337617
0.4221698113207547    0.0021207069023011418
0.42311320754716975    0.0014138046015337617
0.4240566037735849    0.0009425364010225078
0.42500000000000004    0.0009425364010225078
0.4259433962264151    0.001178170501278412
0.4268867924528301    0.0007069023007668808
0.42783018867924527    0.0007069023007668808
0.4287735849056604    0.0007069023007668808
0.42971698113207546    0.0021207069023011418
0.4306603773584905    0.0004712682005112539
0.43160377358490565    0.0009425364010225078
0.4325471698113208    0.0011781705012781348
0.43349056603773584    0.001178170501278412
0.4344339622641509    0.0016494387017893888
0.435377358490566    0.0018850728020450157
0.4363207547169812    0.0014138046015337617
0.4372641509433962    0.00047126820051136484
0.43820754716981125    0.0004712682005112539
0.4391509433962264    0.0007069023007668808
0.44009433962264155    0.00023563410025562696
0.4410377358490566    0.0009425364010227297
0.4419811320754716    0.0016494387017893888
0.4429245283018868    0.0011781705012781348
0.4438679245283019    0.0011781705012781348
0.44481132075471697    0.001178170501278412
0.445754716981132    0.0004712682005112539
0.44669811320754715    0.0011781705012781348
0.4476415094339623    0.0007069023007668808
0.44858490566037745    0.0004712682005112539
0.4495283018867925    0.00023563410025568242
0.45047169811320753    0.00023563410025562696
0.4514150943396227    0.0011781705012781348
0.45235849056603783    0.00023563410025562696
0.45330188679245287    0.0007069023007670473
0.4542452830188679    0.0014138046015337617
0.45518867924528306    0.0004712682005112539
0.4561320754716982    0.0011781705012781348
0.45707547169811324    0.00023563410025568242
0.4580188679245283    0.00023563410025562696
0.45896226415094343    0.0014138046015337617
0.4599056603773586    0.0007069023007668808
0.4608490566037736    0.0007069023007670473
0.46179245283018866    0.0
0.4627358490566038    0.00023563410025562696
0.46367924528301896    0.0004712682005112539
0.464622641509434    0.0007069023007670473
0.46556603773584904    0.00023563410025562696
0.4665094339622642    0.0007069023007668808
0.46745283018867934    0.00023563410025562696
0.4683962264150944    0.0
0.4693396226415094    0.00023563410025562696
0.47028301886792456    0.0004712682005112539
0.4712264150943397    0.00023563410025562696
0.47216981132075475    0.0
0.4731132075471698    0.00023563410025562696
0.47405660377358494    0.00023563410025562696
0.4750000000000001    0.0007069023007668808
0.4759433962264151    0.00023563410025568242
0.47688679245283017    0.0
0.4778301886792453    0.0
0.47877358490566047    0.0
0.4797169811320755    0.00047126820051136484
0.48066037735849054    0.0004712682005112539
0.4816037735849057    0.00023563410025562696
0.48254716981132084    0.0
0.4834905660377359    0.00023563410025568242
0.4844339622641509    0.0007069023007668808
0.48537735849056607    0.0
0.4863207547169812    0.0
0.48726415094339626    0.00023563410025568242
0.4882075471698113    0.0004712682005112539
0.48915094339622645    0.00023563410025562696
0.4900943396226416    0.0
0.49103773584905663    0.00047126820051136484
0.49198113207547167    0.0
0.4929245283018868    0.0007069023007668808
0.49386792452830197    0.0004712682005112539
0.494811320754717    0.0
0.49575471698113205    0.0004712682005112539
0.4966981132075472    0.0
0.49764150943396235    0.0
0.4985849056603774    0.0
0.4995283018867924    0.0
0.5004716981132076    0.0
0.5014150943396227    0.00023563410025562696
0.5023584905660378    0.0
0.5033018867924528    0.0
0.504245283018868    0.00023563410025562696
0.5051886792452831    0.0
0.5061320754716981    0.00023563410025568242
0.5070754716981132    0.0
0.5080188679245283    0.0
0.5089622641509435    0.0
0.5099056603773585    0.0
0.5108490566037736    0.0
0.5117924528301887    0.00023563410025562696
0.5127358490566039    0.0
0.5136792452830189    0.0
0.5146226415094339    0.0
0.5155660377358491    0.0
0.5165094339622642    0.0
0.5174528301886793    0.0
0.5183962264150943    0.0
0.5193396226415095    0.00023563410025562696
0.5202830188679246    0.0
0.5212264150943396    0.0
0.5221698113207547    0.0
0.5231132075471698    0.0004712682005112539
0.524056603773585    0.0
0.525    0.0
0.5259433962264151    0.0
0.5268867924528302    0.0
0.5278301886792454    0.00023563410025562696
0.5287735849056604    0.0
0.5297169811320754    0.0
0.5306603773584906    0.0
0.5316037735849057    0.0
0.5325471698113208    0.00023563410025568242
0.5334905660377358    0.0
0.534433962264151    0.0
0.5353773584905661    0.0
0.5363207547169812    0.00023563410025568242
0.5372641509433962    0.0
0.5382075471698113    0.0
0.5391509433962265    0.0
0.5400943396226415    0.0
0.5410377358490566    0.0
0.5419811320754717    0.0
0.5429245283018869    0.0
0.5438679245283019    0.0
0.5448113207547169    0.0
0.5457547169811321    0.00023563410025562696
0.5466981132075472    0.0
0.5476415094339623    0.0
0.5485849056603773    0.0
0.5495283018867925    0.0
0.5504716981132076    0.0
0.5514150943396227    0.0
0.5523584905660377    0.0
0.5533018867924528    0.0
0.554245283018868    0.0
0.555188679245283    0.0
0.5561320754716981    0.0
0.5570754716981132    0.0
0.5580188679245284    0.0
0.5589622641509434    0.0
0.5599056603773584    0.0
0.5608490566037736    0.0
0.5617924528301887    0.0
0.5627358490566038    0.0
0.5636792452830188    0.0
0.564622641509434    0.0
0.5655660377358491    0.0
0.5665094339622642    0.0
0.5674528301886792    0.0
0.5683962264150944    0.0
0.5693396226415095    0.0
0.5702830188679245    0.0
0.5712264150943396    0.0
0.5721698113207547    0.0
0.5731132075471699    0.0
0.5740566037735849    0.0
0.575    0.0
0.5759433962264151    0.0
0.5768867924528303    0.0
0.5778301886792453    0.0
0.5787735849056603    0.0
0.5797169811320755    0.0
0.5806603773584906    0.0
0.5816037735849057    0.0
0.5825471698113207    0.0
0.5834905660377359    0.0
0.584433962264151    0.0
0.585377358490566    0.0
0.5863207547169811    0.0
0.5872641509433962    0.0
0.5882075471698114    0.0
0.5891509433962264    0.0
0.5900943396226415    0.0
0.5910377358490566    0.0
0.5919811320754718    0.0
0.5929245283018868    0.0
0.5938679245283018    0.0
0.594811320754717    0.0
0.5957547169811321    0.0
0.5966981132075472    0.0
0.5976415094339622    0.0
0.5985849056603774    0.0
0.5995283018867925    0.0
0.6004716981132076    0.0
0.6014150943396226    0.0
0.6023584905660377    0.0
0.6033018867924529    0.0
0.6042452830188679    0.0
0.605188679245283    0.0
0.6061320754716981    0.0
0.6070754716981133    0.0
0.6080188679245283    0.0
0.6089622641509433    0.0
0.6099056603773585    0.0
0.6108490566037736    0.0
0.6117924528301887    0.0
0.6127358490566037    0.0
0.6136792452830189    0.0
0.614622641509434    0.0
0.6155660377358491    0.0
0.6165094339622641    0.0
0.6174528301886792    0.0
0.6183962264150944    0.0
0.6193396226415094    0.0
0.6202830188679245    0.0
0.6212264150943396    0.0
0.6221698113207548    0.0
0.6231132075471698    0.0
0.6240566037735849    0.0
0.625    0.0
0.6259433962264151    0.0
0.6268867924528302    0.0
0.6278301886792452    0.0
0.6287735849056604    0.0
0.6297169811320755    0.0
0.6306603773584906    0.0
0.6316037735849056    0.0
0.6325471698113208    0.0
0.6334905660377359    0.0
0.6344339622641509    0.0
0.635377358490566    0.0
0.6363207547169811    0.0
0.6372641509433963    0.0
0.6382075471698113    0.0
0.6391509433962264    0.0
0.6400943396226415    0.0
0.6410377358490567    0.0
0.6419811320754717    0.0
0.6429245283018867    0.0
0.6438679245283019    0.0
0.644811320754717    0.0
0.6457547169811321    0.0
0.6466981132075471    0.0
0.6476415094339623    0.0
0.6485849056603774    0.0
0.6495283018867924    0.0
0.6504716981132075    0.0
0.6514150943396226    0.0
0.6523584905660378    0.0
0.6533018867924528    0.0
0.6542452830188679    0.0
0.655188679245283    0.0
0.6561320754716982    0.0
0.6570754716981132    0.0
0.6580188679245282    0.0
0.6589622641509434    0.0
0.6599056603773585    0.0
0.6608490566037736    0.0
0.6617924528301886    0.0
0.6627358490566038    0.0
0.6636792452830189    0.0
0.664622641509434    0.0
0.665566037735849    0.0
0.6665094339622641    0.0
0.6674528301886793    0.0
0.6683962264150943    0.0
0.6693396226415094    0.0
0.6702830188679245    0.0
0.6712264150943397    0.0
0.6721698113207547    0.0
0.6731132075471697    0.0
0.6740566037735849    0.0
0.675    0.0
0.6759433962264151    0.0
0.6768867924528301    0.0
0.6778301886792453    0.0
0.6787735849056604    0.0
0.6797169811320755    0.0
0.6806603773584905    0.0
0.6816037735849056    0.0
0.6825471698113208    0.0
0.6834905660377358    0.0
0.6844339622641509    0.0
0.685377358490566    0.0
0.6863207547169812    0.0
0.6872641509433962    0.0
0.6882075471698113    0.0
0.6891509433962264    0.0
0.6900943396226416    0.0
0.6910377358490567    0.0
0.6919811320754717    0.0
0.6929245283018868    0.0
0.6938679245283019    0.0
0.6948113207547171    0.0
0.6957547169811321    0.0
0.6966981132075472    0.0
0.6976415094339623    0.0
0.6985849056603775    0.0
0.6995283018867925    0.0
0.7004716981132075    0.0
0.7014150943396227    0.0
0.7023584905660378    0.0
0.7033018867924529    0.0
0.7042452830188679    0.0
0.7051886792452831    0.0
0.7061320754716982    0.0
0.7070754716981132    0.0
0.7080188679245283    0.0
0.7089622641509434    0.0
0.7099056603773586    0.0
0.7108490566037736    0.0
0.7117924528301887    0.0
0.7127358490566038    0.0
0.713679245283019    0.0
0.714622641509434    0.0
0.715566037735849    0.0
0.7165094339622642    0.0
0.7174528301886793    0.0
0.7183962264150944    0.0
0.7193396226415094    0.0
0.7202830188679246    0.0
0.7212264150943397    0.0
0.7221698113207548    0.0
0.7231132075471698    0.0
0.7240566037735849    0.0
0.7250000000000001    0.0
0.7259433962264151    0.0
0.7268867924528302    0.0
0.7278301886792453    0.0
0.7287735849056605    0.0
0.7297169811320755    0.0
0.7306603773584905    0.0
0.7316037735849057    0.0
0.7325471698113208    0.0
0.7334905660377359    0.0
0.7344339622641509    0.0
0.7353773584905661    0.0
0.7363207547169812    0.0
0.7372641509433963    0.0
0.7382075471698113    0.0
0.7391509433962264    0.0
0.7400943396226416    0.0
0.7410377358490566    0.0
0.7419811320754717    0.0
0.7429245283018868    0.0
0.743867924528302    0.0
0.744811320754717    0.0
0.745754716981132    0.0
0.7466981132075472    0.0
0.7476415094339623    0.0
0.7485849056603774    0.0
0.7495283018867924    0.0
0.7504716981132076    0.0
0.7514150943396227    0.0
0.7523584905660378    0.0
0.7533018867924528    0.0
0.754245283018868    0.0
0.7551886792452831    0.0
0.7561320754716981    0.0
0.7570754716981132    0.0
0.7580188679245283    0.0
0.7589622641509435    0.0
0.7599056603773585    0.0
0.7608490566037736    0.0
0.7617924528301887    0.0
0.7627358490566039    0.0
0.7636792452830189    0.0
0.7646226415094339    0.0
0.7655660377358491    0.0
0.7665094339622642    0.0
0.7674528301886793    0.0
0.7683962264150943    0.0
0.7693396226415095    0.0
0.7702830188679246    0.0
0.7712264150943396    0.0
0.7721698113207547    0.0
0.7731132075471698    0.0
0.774056603773585    0.0
0.775    0.0
0.7759433962264151    0.0
0.7768867924528302    0.0
0.7778301886792454    0.0
0.7787735849056604    0.0
0.7797169811320754    0.0
0.7806603773584906    0.0
0.7816037735849057    0.0
0.7825471698113208    0.0
0.7834905660377358    0.0
0.784433962264151    0.0
0.7853773584905661    0.0
0.7863207547169812    0.0
0.7872641509433962    0.0
0.7882075471698113    0.0
0.7891509433962265    0.0
0.7900943396226415    0.0
0.7910377358490566    0.0
0.7919811320754717    0.0
0.7929245283018869    0.0
0.7938679245283019    0.0
0.7948113207547169    0.0
0.7957547169811321    0.0
0.7966981132075472    0.0
0.7976415094339623    0.0
0.7985849056603773    0.0
0.7995283018867925    0.0
0.8004716981132076    0.0
0.8014150943396227    0.0
0.8023584905660377    0.0
0.8033018867924528    0.0
0.804245283018868    0.0
0.805188679245283    0.0
0.8061320754716981    0.0
0.8070754716981132    0.0
0.8080188679245284    0.0
0.8089622641509434    0.0
0.8099056603773584    0.0
0.8108490566037736    0.0
0.8117924528301887    0.0
0.8127358490566038    0.0
0.8136792452830188    0.0
0.814622641509434    0.0
0.8155660377358491    0.0
0.8165094339622642    0.0
0.8174528301886792    0.0
0.8183962264150944    0.0
0.8193396226415095    0.0
0.8202830188679245    0.0
0.8212264150943396    0.0
0.8221698113207547    0.0
0.8231132075471699    0.0
0.8240566037735849    0.0
0.825    0.0
0.8259433962264151    0.0
0.8268867924528303    0.0
0.8278301886792453    0.0
0.8287735849056603    0.0
0.8297169811320755    0.0
0.8306603773584906    0.0
0.8316037735849057    0.0
0.8325471698113207    0.0
0.8334905660377359    0.0
0.834433962264151    0.0
0.835377358490566    0.0
0.8363207547169811    0.0
0.8372641509433962    0.0
0.8382075471698114    0.0
0.8391509433962264    0.0
0.8400943396226415    0.0
0.8410377358490566    0.0
0.8419811320754718    0.0
0.8429245283018868    0.0
0.8438679245283018    0.0
0.844811320754717    0.0
0.8457547169811321    0.0
0.8466981132075472    0.0
0.8476415094339622    0.0
0.8485849056603774    0.0
0.8495283018867925    0.0
0.8504716981132076    0.0
0.8514150943396226    0.0
0.8523584905660377    0.0
0.8533018867924529    0.0
0.8542452830188679    0.0
0.855188679245283    0.0
0.8561320754716981    0.0
0.8570754716981133    0.0
0.8580188679245283    0.0
0.8589622641509433    0.0
0.8599056603773585    0.0
0.8608490566037736    0.0
0.8617924528301887    0.0
0.8627358490566037    0.0
0.8636792452830189    0.0
0.864622641509434    0.0
0.8655660377358491    0.0
0.8665094339622641    0.0
0.8674528301886792    0.0
0.8683962264150944    0.0
0.8693396226415094    0.0
0.8702830188679245    0.0
0.8712264150943396    0.0
0.8721698113207548    0.0
0.8731132075471698    0.0
0.8740566037735849    0.0
0.875    0.0
0.8759433962264151    0.0
0.8768867924528302    0.0
0.8778301886792452    0.0
0.8787735849056604    0.0
0.8797169811320755    0.0
0.8806603773584906    0.0
0.8816037735849056    0.0
0.8825471698113208    0.0
0.8834905660377359    0.0
0.8844339622641509    0.0
0.885377358490566    0.0
0.8863207547169811    0.0
0.8872641509433963    0.0
0.8882075471698113    0.0
0.8891509433962264    0.0
0.8900943396226415    0.0
0.8910377358490567    0.0
0.8919811320754717    0.0
0.8929245283018867    0.0
0.8938679245283019    0.0
0.894811320754717    0.0
0.8957547169811321    0.0
0.8966981132075471    0.0
0.8976415094339623    0.0
0.8985849056603774    0.0
0.8995283018867924    0.0
0.9004716981132075    0.0
0.9014150943396226    0.0
0.9023584905660378    0.0
0.9033018867924528    0.0
0.9042452830188679    0.0
0.905188679245283    0.0
0.9061320754716982    0.0
0.9070754716981132    0.0
0.9080188679245282    0.0
0.9089622641509434    0.0
0.9099056603773585    0.0
0.9108490566037736    0.0
0.9117924528301886    0.0
0.9127358490566038    0.0
0.9136792452830189    0.0
0.914622641509434    0.0
0.915566037735849    0.0
0.9165094339622641    0.0
0.9174528301886793    0.0
0.9183962264150943    0.0
0.9193396226415094    0.0
0.9202830188679245    0.0
0.9212264150943397    0.0
0.9221698113207547    0.0
0.9231132075471697    0.0
0.9240566037735849    0.0
0.925    0.0
0.9259433962264151    0.0
0.9268867924528301    0.0
0.9278301886792453    0.0
0.9287735849056604    0.0
0.9297169811320755    0.0
0.9306603773584905    0.0
0.9316037735849056    0.0
0.9325471698113208    0.0
0.933490566037736    0.0
0.934433962264151    0.0
0.935377358490566    0.0
0.9363207547169812    0.0
0.9372641509433963    0.0
0.9382075471698114    0.0
0.9391509433962264    0.0
0.9400943396226416    0.0
0.9410377358490567    0.0
0.9419811320754717    0.0
0.9429245283018868    0.0
0.9438679245283019    0.0
0.9448113207547171    0.0
0.9457547169811321    0.0
0.9466981132075472    0.0
0.9476415094339623    0.0
0.9485849056603775    0.0
0.9495283018867925    0.0
0.9504716981132075    0.0
0.9514150943396227    0.0
0.9523584905660378    0.0
0.9533018867924529    0.0
0.9542452830188679    0.0
0.9551886792452831    0.0
0.9561320754716982    0.0
0.9570754716981132    0.0
0.9580188679245283    0.0
0.9589622641509434    0.0
0.9599056603773586    0.0
0.9608490566037736    0.0
0.9617924528301887    0.0
0.9627358490566038    0.0
0.963679245283019    0.0
0.964622641509434    0.0
0.965566037735849    0.0
0.9665094339622642    0.0
0.9674528301886793    0.0
0.9683962264150944    0.0
0.9693396226415094    0.0
0.9702830188679246    0.0
0.9712264150943397    0.0
0.9721698113207548    0.0
0.9731132075471698    0.0
0.9740566037735849    0.0
0.9750000000000001    0.0
0.9759433962264151    0.0
0.9768867924528302    0.0
0.9778301886792453    0.0
0.9787735849056605    0.0
0.9797169811320755    0.0
0.9806603773584905    0.0
0.9816037735849057    0.0
0.9825471698113208    0.0
0.9834905660377359    0.0
0.9844339622641509    0.0
0.9853773584905661    0.0
0.9863207547169812    0.0
0.9872641509433963    0.0
0.9882075471698113    0.0
0.9891509433962264    0.0
0.9900943396226416    0.0
0.9910377358490566    0.0
0.9919811320754717    0.0
0.9929245283018868    0.0
0.993867924528302    0.0
0.994811320754717    0.0
0.995754716981132    0.0
0.9966981132075472    0.0
0.9976415094339623    0.0
0.9985849056603774    0.0
0.9995283018867924    0.0