-0.9995283018867924    0.0
-0.9985849056603773    0.0
-0.9976415094339622    0.0
-0.9966981132075472    0.0
-0.995754716981132    0.0
-0.9948113207547169    0.0
-0.9938679245283019    0.0
-0.9929245283018868    0.0
-0.9919811320754717    0.0
-0.9910377358490565    0.0
-0.9900943396226415    0.0
-0.9891509433962264    0.0
-0.9882075471698113    0.0
-0.9872641509433961    0.0
-0.9863207547169811    0.0
-0.9853773584905661    0.0
-0.9844339622641509    0.0
-0.9834905660377358    0.0
-0.9825471698113207    0.0
-0.9816037735849057    0.0
-0.9806603773584905    0.0
-0.9797169811320754    0.0
-0.9787735849056604    0.0
-0.9778301886792453    0.0
-0.9768867924528302    0.0
-0.975943396226415    0.0
-0.975    0.0
-0.9740566037735849    0.0
-0.9731132075471698    0.0
-0.9721698113207546    0.0
-0.9712264150943396    0.0
-0.9702830188679246    0.0
-0.9693396226415094    0.0
-0.9683962264150943    0.0
-0.9674528301886792    0.0
-0.9665094339622642    0.0
-0.965566037735849    0.0
-0.9646226415094339    0.0
-0.9636792452830188    0.0
-0.9627358490566038    0.0
-0.9617924528301887    0.0
-0.9608490566037735    0.0
-0.9599056603773585    0.0
-0.9589622641509434    0.0
-0.9580188679245283    0.0
-0.9570754716981131    0.0
-0.9561320754716981    0.0
-0.9551886792452831    0.0
-0.9542452830188679    0.0
-0.9533018867924528    0.0
-0.9523584905660377    0.0
-0.9514150943396227    0.0
-0.9504716981132075    0.0
-0.9495283018867924    0.0
-0.9485849056603773    0.0
-0.9476415094339623    0.0
-0.9466981132075472    0.0
-0.945754716981132    0.0
-0.944811320754717    0.0
-0.9438679245283019    0.0
-0.9429245283018868    0.0
-0.9419811320754716    0.0
-0.9410377358490566    0.0
-0.9400943396226416    0.0
-0.9391509433962264    0.0
-0.9382075471698113    0.0
-0.9372641509433962    0.0
-0.9363207547169812    0.0
-0.935377358490566    0.0
-0.9344339622641509    0.0
-0.9334905660377358    0.0
-0.9325471698113208    0.0
-0.9316037735849056    0.0
-0.9306603773584905    0.0
-0.9297169811320755    0.0
-0.9287735849056604    0.0
-0.9278301886792453    0.0
-0.9268867924528301    0.0
-0.9259433962264151    0.0
-0.925    0.0
-0.9240566037735849    0.0
-0.9231132075471697    0.0
-0.9221698113207547    0.0
-0.9212264150943397    0.0
-0.9202830188679245    0.0
-0.9193396226415094    0.0
-0.9183962264150943    0.0
-0.9174528301886793    0.0
-0.9165094339622641    0.0
-0.915566037735849    0.0
-0.914622641509434    0.0
-0.9136792452830189    0.0
-0.9127358490566038    0.0
-0.9117924528301886    0.0
-0.9108490566037736    0.0
-0.9099056603773585    0.0
-0.9089622641509434    0.0
-0.9080188679245282    0.0
-0.9070754716981132    0.0
-0.9061320754716982    0.0
-0.905188679245283    0.0
-0.9042452830188679    0.0
-0.9033018867924528    0.0
-0.9023584905660378    0.0
-0.9014150943396226    0.0
-0.9004716981132075    0.0
-0.8995283018867924    0.0
-0.8985849056603774    0.0
-0.8976415094339623    0.0
-0.8966981132075471    0.0
-0.8957547169811321    0.0
-0.894811320754717    0.0
-0.8938679245283019    0.0
-0.8929245283018867    0.0
-0.8919811320754717    0.0
-0.8910377358490567    0.0
-0.8900943396226415    0.0
-0.8891509433962264    0.0
-0.8882075471698113    0.0
-0.8872641509433963    0.0
-0.8863207547169811    0.0
-0.885377358490566    0.0
-0.8844339622641509    0.0
-0.8834905660377359    0.0
-0.8825471698113208    0.0
-0.8816037735849056    0.0
-0.8806603773584906    0.0
-0.8797169811320755    0.0
-0.8787735849056604    0.0
-0.8778301886792452    0.0
-0.8768867924528302    0.0
-0.8759433962264151    0.0
-0.875    0.0
-0.8740566037735849    0.0
-0.8731132075471698    0.0
-0.8721698113207548    0.0
-0.8712264150943396    0.0
-0.8702830188679245    0.0
-0.8693396226415094    0.0
-0.8683962264150944    0.0
-0.8674528301886792    0.0
-0.8665094339622641    0.0
-0.8655660377358491    0.0
-0.864622641509434    0.0
-0.8636792452830189    0.0
-0.8627358490566037    0.0
-0.8617924528301887    0.0
-0.8608490566037736    0.0
-0.8599056603773585    0.0
-0.8589622641509433    0.0
-0.8580188679245283    0.0
-0.8570754716981133    0.0
-0.8561320754716981    0.0
-0.855188679245283    0.0
-0.8542452830188679    0.0
-0.8533018867924529    0.0
-0.8523584905660377    0.0
-0.8514150943396226    0.0
-0.8504716981132076    0.0
-0.8495283018867925    0.0
-0.8485849056603774    0.0
-0.8476415094339622    0.0
-0.8466981132075472    0.0
-0.8457547169811321    0.0
-0.844811320754717    0.0
-0.8438679245283018    0.0
-0.8429245283018868    0.0
-0.8419811320754718    0.0
-0.8410377358490566    0.0
-0.8400943396226415    0.0
-0.8391509433962264    0.0
-0.8382075471698114    0.0
-0.8372641509433962    0.0
-0.8363207547169811    0.0
-0.835377358490566    0.0
-0.834433962264151    0.0
-0.8334905660377359    0.0
-0.8325471698113207    0.0
-0.8316037735849057    0.0
-0.8306603773584906    0.0
-0.8297169811320755    0.0
-0.8287735849056603    0.0
-0.8278301886792453    0.0
-0.8268867924528303    0.0
-0.8259433962264151    0.0
-0.825    0.0
-0.8240566037735849    0.0
-0.8231132075471699    0.0
-0.8221698113207547    0.0
-0.8212264150943396    0.0
-0.8202830188679245    0.0
-0.8193396226415095    0.0
-0.8183962264150944    0.0
-0.8174528301886792    0.0
-0.816509433962264    0.0
-0.8155660377358491    0.0
-0.814622641509434    0.0
-0.8136792452830188    0.0
-0.8127358490566037    0.0
-0.8117924528301887    0.0
-0.8108490566037736    0.0
-0.8099056603773584    0.0
-0.8089622641509433    0.0
-0.8080188679245284    0.0
-0.8070754716981132    0.0
-0.8061320754716981    0.0
-0.8051886792452829    0.0
-0.804245283018868    0.0
-0.8033018867924528    0.0
-0.8023584905660377    0.0
-0.8014150943396225    0.0
-0.8004716981132076    0.0
-0.7995283018867925    0.0
-0.7985849056603773    0.0
-0.7976415094339622    0.0
-0.7966981132075472    0.0
-0.7957547169811321    0.0
-0.7948113207547169    0.0
-0.7938679245283018    0.0
-0.7929245283018869    0.0
-0.7919811320754717    0.0
-0.7910377358490566    0.0
-0.7900943396226414    0.0
-0.7891509433962265    0.0
-0.7882075471698113    0.0
-0.7872641509433962    0.0
-0.786320754716981    0.0
-0.7853773584905661    0.0
-0.784433962264151    0.0
-0.7834905660377358    0.0
-0.7825471698113207    0.0
-0.7816037735849057    0.0
-0.7806603773584906    0.0
-0.7797169811320754    0.0
-0.7787735849056603    0.0
-0.7778301886792454    0.0
-0.7768867924528302    0.0
-0.7759433962264151    0.0
-0.7749999999999999    0.0
-0.774056603773585    0.0
-0.7731132075471698    0.0
-0.7721698113207547    0.0
-0.7712264150943395    0.0
-0.7702830188679246    0.0
-0.7693396226415095    0.0
-0.7683962264150943    0.0
-0.7674528301886792    0.0
-0.7665094339622642    0.0
-0.7655660377358491    0.0
-0.7646226415094339    0.0
-0.7636792452830188    0.0
-0.7627358490566039    0.0
-0.7617924528301887    0.0
-0.7608490566037736    0.0
-0.7599056603773584    0.0
-0.7589622641509435    0.0
-0.7580188679245283    0.0
-0.7570754716981132    0.0
-0.756132075471698    0.0
-0.7551886792452831    0.0
-0.754245283018868    0.0
-0.7533018867924528    0.0
-0.7523584905660377    0.0
-0.7514150943396227    0.0
-0.7504716981132076    0.0
-0.7495283018867924    0.0
-0.7485849056603773    0.0
-0.7476415094339623    0.0
-0.7466981132075472    0.0
-0.745754716981132    0.0
-0.7448113207547169    0.0
-0.743867924528302    0.0
-0.7429245283018868    0.0
-0.7419811320754717    0.0
-0.7410377358490565    0.0
-0.7400943396226416    0.0
-0.7391509433962264    0.0
-0.7382075471698113    0.0
-0.7372641509433961    0.0
-0.7363207547169812    0.0
-0.7353773584905661    0.0
-0.7344339622641509    0.0
-0.7334905660377358    0.0
-0.7325471698113208    0.0
-0.7316037735849057    0.0
-0.7306603773584905    0.0
-0.7297169811320754    0.0
-0.7287735849056605    0.0
-0.7278301886792453    0.0
-0.7268867924528302    0.0
-0.725943396226415    0.0
-0.7250000000000001    0.0
-0.7240566037735849    0.0
-0.7231132075471698    0.0
-0.7221698113207546    0.0
-0.7212264150943397    0.0
-0.7202830188679246    0.0
-0.7193396226415094    0.0
-0.7183962264150943    0.0
-0.7174528301886793    0.0
-0.7165094339622642    0.0
-0.715566037735849    0.0
-0.7146226415094339    0.0
-0.713679245283019    0.0
-0.7127358490566038    0.0
-0.7117924528301887    0.0
-0.7108490566037735    0.0
-0.7099056603773586    0.0
-0.7089622641509434    0.0
-0.7080188679245283    0.0
-0.7070754716981131    0.0
-0.7061320754716982    0.0
-0.7051886792452831    0.0
-0.7042452830188679    0.0
-0.7033018867924528    0.0
-0.7023584905660378    0.0
-0.7014150943396227    0.0
-0.7004716981132075    0.0
-0.6995283018867924    0.0
-0.6985849056603775    0.0
-0.6976415094339623    0.0
-0.6966981132075472    0.0
-0.695754716981132    0.0
-0.6948113207547171    0.0
-0.6938679245283019    0.0
-0.6929245283018868    0.0
-0.6919811320754716    0.0
-0.6910377358490567    0.0
-0.6900943396226416    0.0
-0.6891509433962264    0.0
-0.6882075471698113    0.0
-0.6872641509433963    0.0
-0.6863207547169812    0.0
-0.685377358490566    0.0
-0.6844339622641509    0.0
-0.683490566037736    0.0
-0.6825471698113208    0.0
-0.6816037735849056    0.0
-0.6806603773584905    0.0
-0.6797169811320756    0.0
-0.6787735849056604    0.0
-0.6778301886792453    0.0
-0.6768867924528301    0.0
-0.6759433962264152    0.0
-0.675    0.0
-0.6740566037735849    0.0
-0.6731132075471697    0.0
-0.6721698113207548    0.0
-0.6712264150943397    0.0
-0.6702830188679245    0.0
-0.6693396226415094    0.0
-0.6683962264150944    0.0
-0.6674528301886793    0.0
-0.6665094339622641    0.0
-0.665566037735849    0.0
-0.6646226415094341    0.0
-0.6636792452830189    0.0
-0.6627358490566038    0.0
-0.6617924528301886    0.0
-0.6608490566037737    0.0
-0.6599056603773585    0.0
-0.6589622641509434    0.0
-0.6580188679245282    0.0
-0.6570754716981133    0.0
-0.6561320754716982    0.0
-0.655188679245283    0.0
-0.6542452830188679    0.0
-0.6533018867924529    0.0
-0.6523584905660378    0.0
-0.6514150943396226    0.0
-0.6504716981132075    0.0
-0.6495283018867926    0.0
-0.6485849056603774    0.0
-0.6476415094339623    0.0
-0.6466981132075471    0.0
-0.6457547169811322    0.0
-0.644811320754717    0.0
-0.6438679245283019    0.0
-0.6429245283018867    0.0
-0.6419811320754718    0.0
-0.6410377358490567    0.0
-0.6400943396226415    0.0
-0.6391509433962264    0.0
-0.6382075471698113    0.0
-0.6372641509433963    0.0
-0.6363207547169811    0.0
-0.635377358490566    0.0
-0.6344339622641508    0.0
-0.6334905660377359    0.0
-0.6325471698113208    0.0
-0.6316037735849056    0.0
-0.6306603773584905    0.0
-0.6297169811320755    0.0
-0.6287735849056604    0.0
-0.6278301886792452    0.0
-0.6268867924528301    0.0
-0.6259433962264151    0.0
-0.625    0.0
-0.6240566037735849    0.0
-0.6231132075471697    0.0
-0.6221698113207548    0.0
-0.6212264150943396    0.0
-0.6202830188679245    0.0
-0.6193396226415093    0.0
-0.6183962264150944    0.0
-0.6174528301886792    0.0
-0.6165094339622641    0.0
-0.615566037735849    0.0
-0.614622641509434    0.0
-0.6136792452830189    0.0
-0.6127358490566037    0.0
-0.6117924528301886    0.0
-0.6108490566037736    0.0
-0.6099056603773585    0.0
-0.6089622641509433    0.0
-0.6080188679245282    0.0
-0.6070754716981133    0.0
-0.6061320754716981    0.0
-0.605188679245283    0.0
-0.6042452830188678    0.0
-0.6033018867924529    0.0
-0.6023584905660377    0.0
-0.6014150943396226    0.0
-0.6004716981132074    0.0
-0.5995283018867925    0.0
-0.5985849056603774    0.0
-0.5976415094339622    0.0
-0.5966981132075471    0.0
-0.5957547169811321    0.0
-0.594811320754717    0.0
-0.5938679245283018    0.0
-0.5929245283018867    0.0
-0.5919811320754718    0.0
-0.5910377358490566    0.0
-0.5900943396226415    0.0
-0.5891509433962263    0.0
-0.5882075471698114    0.0
-0.5872641509433962    0.0
-0.5863207547169811    0.0
-0.5853773584905659    0.0
-0.584433962264151    0.0
-0.5834905660377359    0.0
-0.5825471698113207    0.0
-0.5816037735849056    0.0
-0.5806603773584906    0.0
-0.5797169811320755    0.0
-0.5787735849056603    0.0
-0.5778301886792452    0.0
-0.5768867924528303    0.0
-0.5759433962264151    0.0
-0.575    0.0
-0.5740566037735848    0.0
-0.5731132075471699    0.0
-0.5721698113207547    0.0
-0.5712264150943396    0.0
-0.5702830188679244    0.0
-0.5693396226415095    0.0
-0.5683962264150944    0.0
-0.5674528301886792    0.0
-0.566509433962264    0.0
-0.5655660377358491    0.0
-0.564622641509434    0.0
-0.5636792452830188    0.0
-0.5627358490566037    0.0
-0.5617924528301887    0.0
-0.5608490566037736    0.0
-0.5599056603773584    0.0
-0.5589622641509433    0.0
-0.5580188679245284    0.0
-0.5570754716981132    0.0
-0.5561320754716981    0.0
-0.5551886792452829    0.0
-0.554245283018868    0.0
-0.5533018867924528    0.0
-0.5523584905660377    0.0
-0.5514150943396225    0.0
-0.5504716981132076    0.0
-0.5495283018867925    0.0
-0.5485849056603773    0.0
-0.5476415094339622    0.0
-0.5466981132075472    0.0
-0.5457547169811321    0.0
-0.5448113207547169    0.0
-0.5438679245283018    0.0
-0.5429245283018869    0.0
-0.5419811320754717    0.0
-0.5410377358490566    0.0
-0.5400943396226414    0.0
-0.5391509433962265    0.0
-0.5382075471698113    0.0
-0.5372641509433962    0.0
-0.536320754716981    0.0
-0.5353773584905661    0.0
-0.534433962264151    0.0
-0.5334905660377358    0.0
-0.5325471698113207    0.0
-0.5316037735849057    0.0
-0.5306603773584906    0.0
-0.5297169811320754    0.0
-0.5287735849056603    0.0
-0.5278301886792454    0.0
-0.5268867924528302    0.0
-0.5259433962264151    0.0
-0.5249999999999999    0.0
-0.524056603773585    0.0
-0.5231132075471698    0.0
-0.5221698113207547    0.0
-0.5212264150943395    0.0
-0.5202830188679246    0.0
-0.5193396226415095    0.0
-0.5183962264150943    0.0
-0.5174528301886792    0.0
-0.5165094339622642    0.0
-0.5155660377358491    0.0
-0.5146226415094339    0.0
-0.5136792452830188    0.0
-0.5127358490566039    0.0
-0.5117924528301887    0.00023563410025562696
-0.5108490566037736    0.0
-0.5099056603773584    0.0
-0.5089622641509435    0.0
-0.5080188679245283    0.0
-0.5070754716981132    0.0
-0.506132075471698    0.0
-0.5051886792452831    0.0
-0.504245283018868    0.0
-0.5033018867924528    0.0
-0.5023584905660377    0.0
-0.5014150943396227    0.0
-0.5004716981132076    0.0
-0.4995283018867924    0.0
-0.49858490566037733    0.0
-0.49764150943396224    0.0004712682005112539
-0.49669811320754714    0.0
-0.49575471698113205    0.0
-0.49481132075471695    0.0
-0.49386792452830186    0.0
-0.49292452830188677    0.0
-0.49198113207547167    0.0
-0.4910377358490566    0.0
-0.4900943396226415    0.0
-0.4891509433962264    0.0
-0.4882075471698113    0.0
-0.4872641509433962    0.0
-0.4863207547169811    0.0
-0.485377358490566    0.0
-0.4844339622641509    0.0
-0.4834905660377358    0.0
-0.48254716981132073    0.0
-0.48160377358490564    0.0
-0.48066037735849054    0.00023563410025562696
-0.47971698113207545    0.00023563410025565466
-0.47877358490566035    0.00023563410025562696
-0.47783018867924526    0.0
-0.47688679245283017    0.00023563410025562696
-0.47594339622641507    0.00023563410025565466
-0.475    0.0
-0.4740566037735849    0.0
-0.4731132075471698    0.00023563410025562696
-0.4721698113207547    0.0
-0.4712264150943396    0.0
-0.4702830188679245    0.0
-0.4693396226415094    0.0
-0.4683962264150943    0.00023563410025565466
-0.4674528301886792    0.0004712682005112539
-0.46650943396226413    0.0007069023007669641
-0.46556603773584904    0.0
-0.46462264150943394    0.00023563410025565466
-0.46367924528301885    0.0
-0.46273584905660375    0.0
-0.46179245283018866    0.00023563410025562696
-0.46084905660377357    0.0
-0.45990566037735847    0.0
-0.4589622641509434    0.00023563410025565466
-0.4580188679245283    0.0
-0.4570754716981132    0.0
-0.4561320754716981    0.0004712682005112539
-0.455188679245283    0.00023563410025565466
-0.4542452830188679    0.0
-0.4533018867924528    0.0
-0.4523584905660377    0.00023563410025562696
-0.4514150943396226    0.00023563410025565466
-0.45047169811320753    0.0
-0.44952830188679244    0.0
-0.44858490566037734    0.00023563410025562696
-0.44764150943396225    0.00023563410025565466
-0.44669811320754715    0.0
-0.44575471698113206    0.0007069023007669641
-0.44481132075471697    0.0
-0.44386792452830187    0.00023563410025565466
-0.4429245283018868    0.00023563410025562696
-0.4419811320754717    0.00023563410025565466
-0.4410377358490566    0.00023563410025562696
-0.4400943396226415    0.0
-0.4391509433962264    0.0
-0.4382075471698113    0.00023563410025565466
-0.4372641509433962    0.00023563410025562696
-0.4363207547169811    0.00023563410025565466
-0.435377358490566    0.00023563410025562696
-0.43443396226415093    0.0
-0.43349056603773584    0.0004712682005112539
-0.43254716981132074    0.00023563410025565466
-0.43160377358490565    0.0
-0.43066037735849055    0.00023563410025565466
-0.42971698113207546    0.00023563410025562696
-0.42877358490566037    0.00023563410025565466
-0.42783018867924527    0.0
-0.4268867924528302    0.0
-0.4259433962264151    0.00023563410025562696
-0.425    0.0004712682005113093
-0.4240566037735849    0.0007069023007668808
-0.4231132075471698    0.0007069023007669641
-0.4221698113207547    0.0004712682005112539
-0.4212264150943396    0.0004712682005113093
-0.4202830188679245    0.0007069023007668808
-0.4193396226415094    0.00023563410025565466
-0.41839622641509433    0.0004712682005112539
-0.41745283018867924    0.00023563410025565466
-0.41650943396226414    0.0
-0.41556603773584905    0.0007069023007669641
-0.41462264150943395    0.0007069023007668808
-0.41367924528301886    0.00023563410025565466
-0.41273584905660377    0.0
-0.41179245283018867    0.00023563410025565466
-0.4108490566037736    0.0016494387017893888
-0.4099056603773585    0.00023563410025565466
-0.4089622641509434    0.0004712682005112539
-0.4080188679245283    0.0016494387017895829
-0.4070754716981132    0.0004712682005112539
-0.4061320754716981    0.00023563410025565466
-0.405188679245283    0.0011781705012781348
-0.4042452830188679    0.0004712682005113093
-0.4033018867924528    0.0014138046015337617
-0.40235849056603773    0.00023563410025565466
-0.40141509433962264    0.0009425364010225078
-0.40047169811320754    0.0009425364010226187
-0.39952830188679245    0.0016494387017893888
-0.39858490566037735    0.0004712682005113093
-0.39764150943396226    0.0014138046015337617
-0.39669811320754716    0.0007069023007669641
-0.39575471698113207    0.0009425364010225078
-0.394811320754717    0.0016494387017895829
-0.3938679245283019    0.0007069023007668808
-0.3929245283018868    0.0009425364010226187
-0.3919811320754717    0.0007069023007668808
-0.3910377358490566    0.0018850728020452373
-0.3900943396226415    0.0009425364010225078
-0.3891509433962264    0.0009425364010226187
-0.3882075471698113    0.0014138046015337617
-0.3872641509433962    0.0011781705012782733
-0.38632075471698113    0.0016494387017893888
-0.38537735849056604    0.0014138046015339282
-0.38443396226415094    0.0016494387017893888
-0.38349056603773585    0.0011781705012782733
-0.38254716981132075    0.0016494387017893888
-0.38160377358490566    0.0025919751028122017
-0.38066037735849056    0.0023563410025562695
-0.37971698113207547    0.0014138046015339282
-0.3787735849056604    0.0009425364010225078
-0.3778301886792453    0.0028276092030678564
-0.3768867924528302    0.0028276092030675233
-0.3759433962264151    0.0014138046015339282
-0.375    0.0009425364010225078
-0.3740566037735849    0.0011781705012782733
-0.3731132075471698    0.0021207069023006426
-0.3721698113207547    0.0014138046015339282
-0.3712264150943396    0.0009425364010225078
-0.37028301886792453    0.0028276092030678564
-0.36933962264150944    0.0018850728020450157
-0.36839622641509434    0.0037701456040904746
-0.36745283018867925    0.0016494387017893888
-0.36650943396226415    0.0016494387017895829
-0.36556603773584906    0.0025919751028118964
-0.36462264150943396    0.004241413804601785
-0.36367924528301887    0.005183950205623793
-0.3627358490566038    0.0016494387017895829
-0.3617924528301887    0.004241413804601285
-0.3608490566037736    0.0016494387017895829
-0.3599056603773585    0.0035345115038344045
-0.3589622641509434    0.00400577970434613
-0.3580188679245283    0.0032988774035787776
-0.3570754716981132    0.00400577970434613
-0.3561320754716981    0.004477047904856912
-0.355188679245283    0.0035345115038348204
-0.35424528301886793    0.004712682005112539
-0.35330188679245284    0.004241413804601785
-0.35235849056603774    0.004241413804601285
-0.35141509433962265    0.0044770479048574395
-0.35047169811320755    0.0058908525063906736
-0.34952830188679246    0.0051839502056244035
-0.34858490566037736    0.00541958430587942
-0.34764150943396227    0.0051839502056244035
-0.3466981132075472    0.0058908525063906736
-0.3457547169811321    0.0037701456040904746
-0.344811320754717    0.007069023007668809
-0.3438679245283019    0.005655218406135713
-0.3429245283018868    0.006833388907413182
-0.3419811320754717    0.004241413804601785
-0.3410377358490566    0.006597754807157555
-0.3400943396226415    0.005419584305880058
-0.3391509433962264    0.006597754807157555
-0.33820754716981133    0.0051839502056244035
-0.33726415094339623    0.0058908525063906736
-0.33632075471698114    0.0065977548071583314
-0.33537735849056605    0.00777592530843569
-0.33443396226415095    0.006126486606647021
-0.33349056603773586    0.007304657107924435
-0.33254716981132076    0.008247193508947913
-0.33160377358490567    0.009896632210736332
-0.3306603773584906    0.006126486606647021
-0.3297169811320755    0.009660998110480705
-0.3287735849056604    0.007069023007669641
-0.3278301886792453    0.008718461709458197
-0.3268867924528302    0.008247193508947913
-0.3259433962264151    0.009896632210736332
-0.325    0.01107480271201577
-0.3240566037735849    0.009189729909969451
-0.3231132075471698    0.01154607091252708
-0.32216981132075473    0.008247193508946944
-0.32122641509433963    0.009189729909970534
-0.32028301886792454    0.011310436812270093
-0.31933962264150945    0.012724241413805354
-0.31839622641509435    0.010367900411247586
-0.31745283018867926    0.010839168611760116
-0.31650943396226416    0.011781705012781347
-0.31556603773584907    0.013195509614316663
-0.314622641509434    0.013666777814826364
-0.3136792452830189    0.014138046015339282
-0.3127358490566038    0.015080582416360126
-0.3117924528301887    0.012488607313549699
-0.3108490566037736    0.01531621651661575
-0.3099056603773585    0.015316216516617557
-0.3089622641509434    0.01319550961431511
-0.3080188679245283    0.015787484717128864
-0.3070754716981132    0.017201289318660766
-0.30613207547169813    0.013902411915083627
-0.30518867924528303    0.017436923418916395
-0.30424528301886794    0.017908191619429758
-0.30330188679245285    0.017672557519172023
-0.30235849056603775    0.020028898521730648
-0.30141509433962266    0.01790819161942765
-0.30047169811320756    0.01908636212070803
-0.29952830188679247    0.018143825719683274
-0.2985849056603774    0.01955763032121934
-0.2976415094339623    0.023799044125818323
-0.2966981132075472    0.022856507724798504
-0.2957547169811321    0.023799044125818323
-0.294811320754717    0.026391019228633326
-0.2938679245283019    0.022620873624540187
-0.2929245283018868    0.024977214627099398
-0.2919811320754717    0.024977214627096456
-0.2910377358490566    0.022385239524287195
-0.29009433962264153    0.023563410025562694
-0.28915094339622643    0.026391019228633326
-0.28820754716981134    0.025448482827607713
-0.28726415094339625    0.028982994331445525
-0.28632075471698115    0.03039679893297588
-0.28537735849056606    0.030632433033235113
-0.28443396226415096    0.03086806713348713
-0.28349056603773587    0.034402578637325584
-0.2825471698113208    0.032988774035787774
-0.2816037735849057    0.03463821273758124
-0.2806603773584906    0.03181060353450964
-0.2797169811320755    0.04288540624652916
-0.2787735849056604    0.03958652884294533
-0.2778301886792453    0.03958652884294998
-0.2768867924528302    0.040529065243967835
-0.27594339622641506    0.03628765143936655
-0.27499999999999997    0.04406357674780743
-0.2740566037735849    0.03793709014115594
-0.2731132075471698    0.04429921084806308
-0.2721698113207547    0.041235967544734714
-0.2712264150943396    0.04429921084806308
-0.2702830188679245    0.045006113148824745
-0.2693396226415094    0.04477047904857439
-0.2683962264150943    0.04924752695342603
-0.2674528301886792    0.05066133155496576
-0.2665094339622641    0.052075136156493555
-0.265566037735849    0.05396020895854493
-0.26462264150943393    0.04689118595086977
-0.26367924528301884    0.06432810936979373
-0.26273584905660374    0.05702345226186172
-0.26179245283018865    0.05725908636212409
-0.26084905660377355    0.05867289096365111
-0.25990566037735846    0.060086695565191944
-0.25896226415094337    0.0603223296654405
-0.2580188679245283    0.062443036567748494
-0.2570754716981132    0.06527064577080867
-0.2561320754716981    0.07021896187618511
-0.255188679245283    0.07375347338001124
-0.2542452830188679    0.07658108258308778
-0.2533018867924528    0.07634544848282314
-0.2523584905660377    0.07940869178615563
-0.2514150943396226    0.08341447149049194
-0.2504716981132075    0.0779948871846217
-0.24952830188679243    0.08270756918972506
-0.24858490566037733    0.08930532399689313
-0.24764150943396224    0.09331110370122828
-0.24669811320754714    0.08341447149050177
-0.24575471698113205    0.09283983550071702
-0.24481132075471695    0.09684561520507408
-0.24386792452830186    0.09684561520506267
-0.24292452830188677    0.09896632210737497
-0.24198113207547167    0.10273646771145335
-0.24103773584905658    0.1008513949094202
-0.24009433962264148    0.11145492942091155
-0.2391509433962264    0.11192619762143598
-0.2382075471698113    0.12276536623318164
-0.2372641509433962    0.11357563632322555
-0.2363207547169811    0.12182282983215914
-0.235377358490566    0.10792041791708985
-0.23443396226415092    0.11711014782704661
-0.23349056603773582    0.11781705012782735
-0.23254716981132073    0.1366677781482636
-0.23160377358490564    0.1298343892408657
-0.23066037735849054    0.13219073024340675
-0.22971698113207545    0.14632877625876156
-0.22877358490566035    0.1387884850505643
-0.22783018867924526    0.14680004445927286
-0.22688679245283017    0.14892075136155625
-0.22594339622641507    0.15999555407358954
-0.22499999999999998    0.16635767478047261
-0.22405660377358488    0.17460486828944013
-0.2231132075471698    0.1625875291763826
-0.2221698113207547    0.16612204068023656
-0.2212264150943396    0.17342669778814143
-0.2202830188679245    0.18685784150273416
-0.2193396226415094    0.18756474380347907
-0.21839622641509432    0.18968545070580203
-0.21745283018867922    0.19157052350782472
-0.21650943396226413    0.20264532621986303
-0.21556603773584904    0.19369123041012534
-0.21462264150943394    0.21136378792932226
-0.21367924528301885    0.2038234967211173
-0.21273584905660375    0.20971434922753268
-0.21179245283018866    0.22691563854616875
-0.21084905660377357    0.22432366344338325
-0.20990566037735847    0.23115705235077003
-0.20896226415094338    0.2262087362454285
-0.20801886792452828    0.2290363454484694
-0.2070754716981132    0.242231855062813
-0.2061320754716981    0.2641458263865578
-0.205188679245283    0.25212848727355053
-0.2042452830188679    0.2749849949983167
-0.2033018867924528    0.2700366788929803
-0.20235849056603772    0.27309992219627166
-0.20141509433962262    0.2895943092141996
-0.20047169811320753    0.2917150161164662
-0.19952830188679244    0.3096232077359302
-0.19858490566037734    0.30891630543512694
-0.19764150943396225    0.30750250083362934
-0.19669811320754715    0.3124508169389613
-0.19575471698113206    0.3230543514505026
-0.19481132075471697    0.34143381127040345
-0.19386792452830187    0.33884183616763147
-0.19292452830188678    0.35510058908522985
-0.19198113207547168    0.35392241858399337
-0.1910377358490566    0.35910636878957547
-0.1900943396226415    0.35745693008782814
-0.1891509433962264    0.3869111926197395
-0.1882075471698113    0.4034055796376808
-0.1872641509433962    0.40741135934197903
-0.18632075471698112    0.43026786706682546
-0.18537735849056602    0.42932533066575235
-0.18443396226415093    0.4356874513727055
-0.18349056603773584    0.45100366788927
-0.18254716981132074    0.44723352228523255
-0.18160377358490565    0.46749805490716384
-0.18066037735849055    0.459250861398271
-0.17971698113207546    0.49106146493272657
-0.17877358490566037    0.511797265755282
-0.17783018867924527    0.5113259975547104
-0.17688679245283018    0.5125041680560489
-0.17594339622641508    0.5268778481715819
-0.175    0.5440791374903067
-0.1740566037735849    0.5341825052795063
-0.1731132075471698    0.5659931088140826
-0.1721698113207547    0.5690563521173391
-0.1712264150943396    0.5945048349450167
-0.17028301886792452    0.5982749805490368
-0.16933962264150942    0.6197176836723719
-0.16839622641509433    0.6519995554073198
-0.16745283018867924    0.6637812604201793
-0.16650943396226414    0.654355896409876
-0.16556603773584905    0.6991263754585275
-0.16462264150943395    0.6750916972323713
-0.16367924528301886    0.7066666666667084
-0.16273584905660377    0.7111437145714822
-0.16179245283018867    0.7512015116150271
-0.16084905660377358    0.7368278314993455
-0.15990566037735848    0.7502589752140045
-0.1589622641509434    0.7799488718461252
-0.1580188679245283    0.7728798488385473
-0.1570754716981132    0.8230699121929049
-0.1561320754716981    0.8251906190953028
-0.155188679245283    0.8148227186839581
-0.15424528301886792    0.8593575636323726
-0.15330188679245282    0.8765588529509323
-0.15235849056603773    0.9088407246860601
-0.15141509433962264    0.8855129487606461
-0.15047169811320754    0.9316972324108587
-0.14952830188679245    0.9639791041457698
-0.14858490566037735    0.9611514949428154
-0.14764150943396226    0.9818872957651975
-0.14669811320754716    1.0195887518062179
-0.14575471698113207    1.0438590641324272
-0.14481132075471698    1.0643592308547922
-0.14386792452830188    1.075669667666937
-0.1429245283018868    1.0700144492609278
-0.1419811320754717    1.106066466599913
-0.1410377358490566    1.1105435145049005
-0.1400943396226415    1.1348138268310994
-0.1391509433962264    1.1630899188619115
-0.13820754716981132    1.205975325108299
-0.13726415094339622    1.204561520506907
-0.13632075471698113    1.2231766144269596
-0.13537735849056604    1.2674758252751666
-0.13443396226415094    1.2806713348893324
-0.13349056603773585    1.2790218961876936
-0.13254716981132075    1.3148382794263984
-0.13160377358490566    1.3417005668556978
-0.13066037735849056    1.3916549961097329
-0.12971698113207547    1.3553673446705259
-0.12877358490566038    1.431948427253445
-0.12783018867924528    1.4300633544515684
-0.1268867924528302    1.4639946648882103
-0.1259433962264151    1.4967478048239187
-0.125    1.550708013782281
-0.1240566037735849    1.5488229409804182
-0.12311320754716981    1.5495298432810027
-0.12216981132075472    1.59807046793385
-0.12122641509433962    1.632237412470728
-0.12028301886792453    1.6640480160054334
-0.11933962264150944    1.6807780371233871
-0.11839622641509434    1.7295542958765053
-0.11745283018867925    1.729318661776046
-0.11650943396226415    1.7618361676115302
-0.11556603773584906    1.7722040680225704
-0.11462264150943396    1.8023652328555027
-0.11367924528301887    1.8494920529064158
-0.11273584905660378    1.8886073135490722
-0.11179245283018868    1.8855440702455268
-0.11084905660377359    1.9220673557853751
-0.1099056603773585    1.9428031566076442
-0.1089622641509434    1.9875736356564475
-0.1080188679245283    2.0066599977769193
-0.10707547169811321    2.06226964543749
-0.10613207547169812    2.090781371568178
-0.10518867924528302    2.139086362120833
-0.10424528301886793    2.161707235745122
-0.10330188679245284    2.120942536401148
-0.10235849056603774    2.1977592530842327
-0.10141509433962265    2.254547071246104
-0.10047169811320755    2.245357341335869
-0.09952830188679246    2.2950761364900765
-0.09858490566037736    2.3240591308212486
-0.09764150943396227    2.380375680782624
-0.09669811320754718    2.40158274980535
-0.09575471698113208    2.4901811715017588
-0.09481132075471699    2.4246748916304015
-0.0938679245283019    2.5069111926199104
-0.0929245283018868    2.529060798043644
-0.0919811320754717    2.575716349894561
-0.09103773584905661    2.590796932310618
-0.09009433962264152    2.645228409469979
-0.08915094339622642    2.6683205512947197
-0.08820754716981133    2.7097921529400293
-0.08726415094339623    2.7010736912302518
-0.08632075471698114    2.7611603867957615
-0.08537735849056605    2.804045793041961
-0.08443396226415095    2.8770923641215433
-0.08349056603773586    2.859419806602033
-0.08254716981132076    2.8671957319108063
-0.08160377358490567    2.8832188507278516
-0.08066037735849058    2.9701678337225275
-0.07971698113207548    2.977001222629591
-0.07877358490566039    3.020829165277493
-0.0778301886792453    3.0340246748914526
-0.0768867924528302    3.0950539068580243
-0.0759433962264151    3.1629165277312805
-0.07500000000000001    3.1834166944538946
-0.07405660377358492    3.174933866844318
-0.07311320754716982    3.1864799377572184
-0.07216981132075473    3.2399688785148704
-0.07122641509433963    3.2543425586308468
-0.07028301886792454    3.2894520395685523
-0.06933962264150945    3.334222518617514
-0.06839622641509435    3.377343558963901
-0.06745283018867926    3.34906746693362
-0.06650943396226416    3.4548671779480027
-0.06556603773584907    3.504821607202608
-0.06462264150943398    3.524614871623668
-0.06367924528301888    3.548885183950415
-0.06273584905660379    3.534982772034916
-0.06179245283018869    3.6353628987442406
-0.0608490566037736    3.618868511725919
-0.059905660377358505    3.680840280093582
-0.05896226415094341    3.7399844392573107
-0.05801886792452832    3.7574213626766695
-0.05707547169811322    3.7807491386015344
-0.05613207547169813    3.822456374347231
-0.055188679245283034    3.8479048571743886
-0.05424528301886794    3.8721751695011735
-0.053301886792452846    3.903985773035228
-0.05235849056603775    3.9461642769814484
-0.05141509433962266    3.976561075913961
-0.050471698113207564    3.9800955874182633
-0.04952830188679247    4.026986773368665
-0.048584905660377375    4.039946648883199
-0.04764150943396228    4.107573635656089
-0.04669811320754719    4.07081471601669
-0.04575471698113209    4.151872846504147
-0.044811320754717    4.124303656774724
-0.043867924528301905    4.149045237301079
-0.04292452830188681    4.170487940424832
-0.04198113207547172    4.228689563187482
-0.04103773584905662    4.24871846170971
-0.04009433962264153    4.268982994331194
-0.039150943396226434    4.2774658219409
-0.03820754716981134    4.378317216849805
-0.037264150943396246    4.3238857396912636
-0.03632075471698115    4.3860931421582405
-0.03537735849056606    4.346270979215551
-0.034433962264150964    4.32954095809689
-0.033490566037735814    4.429685450705531
-0.03254716981132072    4.428507280204775
-0.031603773584905626    4.45772590863595
-0.03066037735849053    4.49542736467738
-0.029716981132075437    4.532893186617495
-0.028773584905660343    4.5171057019009
-0.02783018867924525    4.564232521951494
-0.026886792452830155    4.564232521952031
-0.02594339622641506    4.582140713570922
-0.024999999999999967    4.5748360564635355
-0.024056603773584873    4.615836389907476
-0.02311320754716978    4.6139513171059745
-0.022169811320754684    4.6492964321437755
-0.02122641509433959    4.638221629432307
-0.020283018867924496    4.708204957207682
-0.019339622641509402    4.686055351784205
-0.018396226415094308    4.669089696565248
-0.017452830188679214    4.737659219740193
-0.01650943396226412    4.74331443814577
-0.015566037735849025    4.707026786706958
-0.014622641509433931    4.764992775369288
-0.013679245283018837    4.786199844392858
-0.012735849056603743    4.809291986217347
-0.011792452830188649    4.739544292542238
-0.010849056603773555    4.823194398132428
-0.00990566037735846    4.84793597865984
-0.008962264150943366    4.778659553184115
-0.008018867924528272    4.7989240858066635
-0.007075471698113178    4.793033233299708
-0.006132075471698084    4.779602089585699
-0.00518867924528299    4.844401467155435
-0.004245283018867896    4.820131154829673
-0.0033018867924528017    4.821544959430639
-0.0023584905660377076    4.871970656885916
-0.0014150943396226134    4.774889407580025
-0.0004716981132075193    4.814711570523792
0.0004716981132075748    4.787613648993829
0.0014150943396227245    4.8611314882735845
0.002358490566037763    4.780308991887029
0.0033018867924528017    4.8448727353559455
0.004245283018867951    4.796332110703286
0.005188679245283101    4.832384128042397
0.00613207547169814    4.807642547516688
0.007075471698113178    4.831441591641375
0.008018867924528328    4.826493275536007
0.008962264150943478    4.824372568633706
0.009905660377358516    4.801751695010297
0.010849056603773555    4.776067578081303
0.011792452830188704    4.744021340446538
0.012735849056603854    4.753446704456763
0.013679245283018893    4.750854729355069
0.014622641509433931    4.769469823274145
0.015566037735849081    4.765228409469544
0.01650943396226423    4.682520840279819
0.01745283018867927    4.65966433255612
0.018396226415094308    4.70184283650078
0.019339622641509457    4.699015227297712
0.020283018867924607    4.694773813493112
0.021226415094339646    4.673095476270693
0.022169811320754684    4.666733355562692
0.023113207547169834    4.675216183171894
0.024056603773584984    4.563054351450216
0.025000000000000022    4.60617539179808
0.02594339622641506    4.55150828053769
0.02688679245283021    4.587560297876801
0.02783018867924536    4.551979548738202
0.0287735849056604    4.548916305435949
0.029716981132075437    4.518048238301391
0.030660377358490587    4.555514060242037
0.03160377358490574    4.484352561964837
0.032547169811320775    4.449949983328563
0.033490566037735814    4.469978881849244
0.034433962264150964    4.388449483160796
0.03537735849056611    4.348862954317851
0.03632075471698115    4.352161831722454
0.03726415094339619    4.3257708124928
0.03820754716981134    4.291603867955733
0.03915094339622649    4.281235967544486
0.04009433962264153    4.257672557519926
0.04103773584905657    4.247540291207931
0.04198113207547172    4.213844614871377
0.042924528301886866    4.191223741246836
0.043867924528301905    4.187453595643732
0.04481132075471694    4.12642436367654
0.04575471698113209    4.157292430810027
0.04669811320754724    4.0701078137154445
0.04764150943396228    4.090372346338391
0.04858490566037732    4.057854840502152
0.04952830188679247    3.9506413248858414
0.05047169811320762    4.016618872957418
0.05141509433962266    3.953940202290351
0.052358490566037696    3.901865066132927
0.053301886792452846    3.8851350450147772
0.054245283018867996    3.82245637434678
0.055188679245283034    3.7767433588980777
0.05613207547169807    3.760955874180062
0.05707547169811322    3.7011048127151325
0.05801886792452837    3.717363565632771
0.05896226415094341    3.6492653106597537
0.05990566037735845    3.673064354784713
0.0608490566037736    3.5983683450036796
0.06179245283018875    3.5543047682558773
0.06273584905660379    3.5521840613544122
0.06367924528301883    3.501758363898872
0.06462264150943398    3.458637323552092
0.06556603773584913    3.4621718350559267
0.06650943396226416    3.3978437256869403
0.0674528301886792    3.4037345781925312
0.06839622641509435    3.3940735800820505
0.0693396226415095    3.3549583194396164
0.07028301886792454    3.3186706680010314
0.07122641509433958    3.270601311548102
0.07216981132075473    3.2347849283092467
0.07311320754716988    3.190485717461189
0.07405660377358492    3.1822385239529907
0.07499999999999996    3.1490141158161986
0.0759433962264151    3.1176747804822003
0.07688679245283025    3.0323752361896634
0.0778301886792453    3.0677203512287297
0.07877358490566033    2.989725464043395
0.07971698113207548    2.9204490385682407
0.08066037735849063    2.96357007891502
0.08160377358490567    2.928460597977621
0.08254716981132071    2.869787707013281
0.08349056603773586    2.8144136934532087
0.08443396226415101    2.779775480715631
0.08537735849056605    2.7722351895081037
0.08632075471698109    2.725579637656837
0.08726415094339623    2.738775147271152
0.08820754716981138    2.6664354784926747
0.08915094339622642    2.6402800933649213
0.09009433962264146    2.5773657885960475
0.09103773584905661    2.5483827942646053
0.09198113207547176    2.552388573968951
0.0929245283018868    2.485468489496938
0.09386792452830184    2.5010203401132247
0.09481132075471699    2.3867378014892453
0.09575471698113214    2.413364454818131
0.09669811320754718    2.4011114816054038
0.09764150943396221    2.331599422029429
0.09858490566037736    2.321231521618181
0.09952830188679251    2.230276758919509
0.10047169811320755    2.2755185061691248
0.10141509433962259    2.2015293986883226
0.10235849056603774    2.1478048238300396
0.10330188679245289    2.1511037012336183
0.10424528301886793    2.06674669334259
0.10518867924528297    2.0886606646658774
0.10613207547169812    2.0295165055017153
0.10707547169811327    1.9946426586638824
0.1080188679245283    1.9724930532403175
0.10896226415094334    1.9906368789595366
0.1099056603773585    1.9133488940756909
0.11084905660377364    1.9531710570188916
0.11179245283018868    1.8659864399247492
0.11273584905660372    1.8398310547959353
0.11367924528301887    1.7936467711458324
0.11462264150943402    1.8023652328552906
0.11556603773584906    1.7707902634214534
0.1165094339622641    1.6972724241412809
0.11745283018867925    1.7538246082026314
0.1183962264150944    1.6753584528175078
0.11933962264150944    1.6513237745918223
0.12028301886792447    1.6730021118149514
0.12122641509433962    1.6348293875735398
0.12216981132075477    1.564610425697363
0.12311320754716981    1.556598866289038
0.12405660377358485    1.5441102589751234
0.125    1.5104145826385686
0.12594339622641515    1.4885006113147956
0.1268867924528302    1.4510347893744924
0.12783018867924523    1.4300633544513999
0.12877358490566038    1.3982527509168903
0.12971698113207553    1.367620317883659
0.13066037735849056    1.3527753695678728
0.1316037735849056    1.308711792819752
0.13254716981132075    1.3061198177169402
0.1334905660377359    1.2761942869844756
0.13443396226415094    1.2552228520620203
0.13537735849056598    1.2245904190284933
0.13632075471698113    1.1859464265865705
0.13726415094339628    1.166624430365609
0.13820754716981132    1.1699233077694633
0.13915094339622636    1.1465955318438807
0.1400943396226415    1.1204401467155063
0.14103773584905666    1.0855662998776734
0.1419811320754717    1.078261642770003
0.14292452830188673    1.0881582749804852
0.14386792452830188    1.0174680449037972
0.14481132075471703    1.0490430143380511
0.14575471698113207    1.006157608091764
0.1466981132075471    0.989191952873122
0.14764150943396226    0.957616983438868
0.1485849056603774    0.9545537401355448
0.14952830188679245    0.9328754029122466
0.15047169811320749    0.8963521173724049
0.15141509433962264    0.9031855062798182
0.15235849056603779    0.8671334889407072
0.15330188679245282    0.8529954429255703
0.15424528301886786    0.8388573969100319
0.155188679245283    0.8315527398021075
0.15613207547169816    0.8303745693008294
0.1570754716981132    0.8058686228744338
0.15801886792452824    0.7580349005223519
0.1589622641509434    0.759919973324397
0.15990566037735854    0.7455462932088037
0.16084905660377358    0.7125575191731837
0.16179245283018862    0.7135000555740384
0.16273584905660377    0.6878159386461751
0.16367924528301891    0.6840457930420851
0.16462264150943395    0.6548271646105415
0.165566037735849    0.6760342336333938
0.16650943396226414    0.6437523618983728
0.1674528301886793    0.6331488273868696
0.16839622641509433    0.6159475380683539
0.16933962264150937    0.6159475380682088
0.17028301886792452    0.6206602200733214
0.17122641509433967    0.5657574747137604
0.1721698113207547    0.5718839613205412
0.17311320754716975    0.5403089918861526
0.1740566037735849    0.5426653328887089
0.17500000000000004    0.5117972657552218
0.17594339622641508    0.533475602978865
0.17688679245283012    0.5033144381460192
0.17783018867924527    0.4957741469378391
0.17877358490566042    0.472446371012532
0.17971698113207546    0.4545381793932114
0.1806603773584905    0.4710325664109983
0.18160377358490565    0.4781015894186671
0.1825471698113208    0.4434633766810899
0.18349056603773584    0.4206068689563931
0.18443396226415087    0.4149516505501591
0.18537735849056602    0.41188840724683595
0.18632075471698117    0.4133022118483697
0.1872641509433962    0.4135378459487226
0.18820754716981125    0.4022274091363552
0.1891509433962264    0.3741869512059356
0.19009433962264155    0.37041680560184553
0.1910377358490566    0.34756029787713155
0.19198113207547163    0.3649972212959662
0.19292452830188678    0.33601422696452404
0.19386792452830193    0.3381349338668247
0.19481132075471697    0.3416694453707395
0.195754716981132    0.3206980104479083
0.19669811320754715    0.30938757363563824
0.1976415094339623    0.3077381349338488
0.19858490566037734    0.30491052573085303
0.19952830188679238    0.29430699121927806
0.20047169811320753    0.29147938201621054
0.20141509433962268    0.28299655440700794
0.20235849056603772    0.28299655440707455
0.20330188679245276    0.2610825830832347
0.2042452830188679    0.26626653328885846
0.20518867924528306    0.2584906079804228
0.2061320754716981    0.25142158497281314
0.20707547169811313    0.2535422918750546
0.20801886792452828    0.24364565966431828
0.20896226415094343    0.245059464265852
0.20990566037735858    0.23021451594974754
0.21084905660377362    0.21324886073139257
0.21179245283018866    0.21254195843057552
0.2127358490566038    0.21207069023006428
0.21367924528301896    0.19628320551293724
0.214622641509434    0.19581193731247207
0.21556603773584904    0.19699010781370413
0.2165094339622642    0.1790819161942765
0.21745283018867934    0.18167389129708836
0.21839622641509437    0.18897854840505732
0.2193396226415094    0.1651795042791945
0.22028301886792456    0.16659330888072826
0.2212264150943397    0.164236967878172
0.22216981132075475    0.1569323107702845
0.2231132075471698    0.16541513837945013
0.22405660377358494    0.16305879737689385
0.2250000000000001    0.1555185061687138
0.22594339622641513    0.154340335667472
0.22688679245283017    0.15104145826385687
0.22783018867924532    0.1486851172613006
0.22877358490566047    0.14844948316104498
0.2297169811320755    0.13195509614318215
0.23066037735849054    0.13242636434366234
0.2316037735849057    0.1387884850505643
0.23254716981132084    0.12229409803267038
0.23349056603773588    0.13077692564190374
0.23443396226415092    0.11263309992218969
0.23537735849056607    0.11569634322551284
0.23632075471698122    0.11192619762142281
0.23726415094339626    0.11475380682451734
0.2382075471698113    0.10956985661886653
0.23915094339622645    0.10344337001222023
0.2400943396226416    0.10415027231298711
0.24103773584905663    0.10038012670892071
0.24198113207547167    0.10721351561631026
0.24292452830188682    0.08482827609202571
0.24386792452830197    0.09731688340557393
0.244811320754717    0.08789151939536954
0.24575471698113205    0.09448927420250641
0.2466981132075472    0.08718461709458197
0.24764150943396235    0.08247193508946943
0.2485849056603774    0.0803512281871877
0.24952830188679243    0.08459264199177008
0.2504716981132076    0.07587418028231188
0.2514150943396227    0.08671334889407072
0.25235849056603776    0.07210403467823882
0.2533018867924528    0.06951205957540996
0.25424528301886795    0.07375347338001124
0.2551886792452831    0.06621318217183117
0.25613207547169814    0.06856952317440358
0.2570754716981132    0.06739135267310932
0.25801886792452833    0.06314993886850803
0.2589622641509435    0.060086695565184874
0.2599056603773585    0.05749472046238651
0.26084905660377355    0.05820162276313986
0.2617924528301887    0.06715571857285368
0.26273584905660385    0.06385684116927491
0.2636792452830189    0.05372457485829559
0.26462264150943393    0.0541958430587942
0.2655660377358491    0.05325330665777169
0.26650943396226423    0.055609647660327964
0.26745283018867927    0.052075136156505816
0.2683962264150943    0.04712682005112539
0.26933962264150946    0.05042569745470417
0.2702830188679246    0.04877625875291478
0.27122641509433965    0.04736245415139217
0.2721698113207547    0.0428854062465241
0.27311320754716983    0.04571301544959163
0.274056603773585    0.040529065243967835
0.275    0.03723018784039782
0.27594339622641506    0.0419428698455016
0.2768867924528302    0.036052017339110926
0.27783018867924536    0.045477381349336
0.2787735849056604    0.038172724241420555
0.27971698113207544    0.03911526064243408
0.2806603773584906    0.0358163832388553
0.28160377358490574    0.03181060353450964
0.2825471698113208    0.038172724241420555
0.2834905660377358    0.03534511503834405
0.28443396226415096    0.0332244081360434
0.2853773584905661    0.0332244081360434
0.28632075471698115    0.02827609203068189
0.2872641509433962    0.03110370123374276
0.28820754716981134    0.026155385128374592
0.2891509433962265    0.02851172613093086
0.29009433962264153    0.031810603534517125
0.29103773584905657    0.025684116927863338
0.2919811320754717    0.029925530732464626
0.29292452830188687    0.02639101922863022
0.2938679245283019    0.02756918972991484
0.29481132075471694    0.024270312326329577
0.2957547169811321    0.023092141825051444
0.29669811320754724    0.024270312326329577
0.2976415094339623    0.02050016672224437
0.2985849056603773    0.02238523952428456
0.29952830188679247    0.02167833722351768
0.3004716981132076    0.020028898521728292
0.30141509433962266    0.024741580526846656
0.3023584905660377    0.0209714349227508
0.30330188679245285    0.018850728020450156
0.304245283018868    0.019086362120705785
0.30518867924528303    0.020735800822500053
0.3061320754716981    0.016023118817382633
0.3070754716981132    0.016494387017893887
0.3080188679245284    0.017201289318660766
0.3089622641509434    0.015316216516619357
0.30990566037735845    0.014844948316104499
0.3108490566037736    0.019793264421472664
0.31179245283018875    0.01555185061687138
0.3127358490566038    0.013666777814829579
0.3136792452830188    0.01625875291763826
0.314622641509434    0.017436923418916395
0.3155660377358491    0.013902411915081991
0.31650943396226416    0.012959875514062533
0.3174528301886792    0.011546070912525722
0.31839622641509435    0.012017339113036974
0.3193396226415095    0.011546070912525722
0.32028301886792454    0.012017339113039803
0.3212264150943396    0.010367900411247586
0.32216981132075473    0.009660998110480705
0.3231132075471699    0.012488607313548228
0.3240566037735849    0.008954095809715932
0.32499999999999996    0.010367900411247586
0.3259433962264151    0.010603534511503214
0.32688679245283025    0.01083916861175884
0.3278301886792453    0.009896632210738662
0.32877358490566033    0.007540291208180063
0.3297169811320755    0.010367900411247586
0.33066037735849063    0.009660998110480705
0.33160377358490567    0.00966099811048298
0.3325471698113207    0.008954095809713824
0.33349056603773586    0.009425364010225078
0.334433962264151    0.008011559408691317
0.33537735849056605    0.00777592530843752
0.3363207547169811    0.007304657107924435
0.33726415094339623    0.007540291208180063
0.3382075471698114    0.009425364010225078
0.3391509433962264    0.006833388907414789
0.34009433962264146    0.006597754807157555
0.3410377358490566    0.004712682005112539
0.34198113207547176    0.006362120706901928
0.3429245283018868    0.006833388907414789
0.34386792452830184    0.007540291208180063
0.344811320754717    0.0058908525063906736
0.34575471698113214    0.004948316105368166
0.3466981132075472    0.006833388907414789
0.3476415094339622    0.006126486606646301
0.34858490566037736    0.00777592530843569
0.3495283018867925    0.005183950205623793
0.35047169811320755    0.0070690230076704726
0.3514150943396226    0.004712682005112539
0.35235849056603774    0.004241413804601285
0.3533018867924529    0.0032988774035787776
0.35424528301886793    0.005419584305880696
0.35518867924528297    0.0035345115038344045
0.3561320754716981    0.004005779704345658
0.35707547169811327    0.0035345115038344045
0.3580188679245283    0.005655218406136378
0.35896226415094334    0.004241413804601285
0.3599056603773585    0.0058908525063906736
0.36084905660377364    0.0035345115038344045
0.3617924528301887    0.0042414138046022835
0.3627358490566037    0.0037701456040900314
0.36367924528301887    0.004477047904856912
0.364622641509434    0.004712682005112539
0.36556603773584906    0.003298877403579554
0.3665094339622641    0.0023563410025562695
0.36745283018867925    0.0023563410025562695
0.3683962264150944    0.0028276092030675233
0.36933962264150944    0.003298877403579554
0.3702830188679245    0.0009425364010225078
0.3712264150943396    0.0025919751028118964
0.3721698113207548    0.0032988774035787776
0.3731132075471698    0.0018850728020454594
0.37405660377358485    0.0037701456040900314
0.375    0.0030632433033231507
0.37594339622641515    0.0032988774035787776
0.3768867924528302    0.0025919751028125066
0.3778301886792452    0.004005779704345658
0.3787735849056604    0.0035345115038344045
0.3797169811320755    0.0025919751028118964
0.38066037735849056    0.0018850728020454594
0.3816037735849056    0.0030632433033231507
0.38254716981132075    0.0018850728020450157
0.3834905660377359    0.0016494387017893888
0.38443396226415094    0.0014138046015340945
0.385377358490566    0.0018850728020450157
0.38632075471698113    0.0021207069023006426
0.3872641509433963    0.0016494387017893888
0.3882075471698113    0.001649438701789777
0.38915094339622636    0.0018850728020450157
0.3900943396226415    0.0009425364010225078
0.39103773584905666    0.0009425364010225078
0.3919811320754717    0.001178170501278412
0.39292452830188673    0.0021207069023006426
0.3938679245283019    0.0011781705012781348
0.39481132075471703    0.0021207069023006426
0.39575471698113207    0.0018850728020454594
0.3966981132075471    0.0004712682005112539
0.39764150943396226    0.0021207069023006426
0.3985849056603774    0.0016494387017893888
0.39952830188679245    0.001178170501278412
0.4004716981132075    0.0011781705012781348
0.40141509433962264    0.0009425364010225078
0.4023584905660378    0.0009425364010225078
0.4033018867924528    0.0021207069023011418
0.40424528301886786    0.0007069023007668808
0.405188679245283    0.0009425364010225078
0.40613207547169816    0.0014138046015337617
0.4070754716981132    0.001178170501278412
0.40801886792452824    0.0011781705012781348
0.4089622641509434    0.0011781705012781348
0.40990566037735854    0.0014138046015337617
0.4108490566037736    0.0007069023007670473
0.4117924528301886    0.0011781705012781348
0.41273584905660377    0.0011781705012781348
0.4136792452830189    0.0016494387017893888
0.41462264150943395    0.0009425364010227297
0.415566037735849    0.0011781705012781348
0.41650943396226414    0.0004712682005112539
0.4174528301886793    0.00023563410025562696
0.41839622641509433    0.0014138046015340945
0.41933962264150937    0.0011781705012781348
0.4202830188679245    0.0004712682005112539
0.42122641509433967    0.0007069023007668808
0.4221698113207547    0.00023563410025568242
0.42311320754716975    0.0009425364010225078
0.4240566037735849    0.00023563410025562696
0.42500000000000004    0.0004712682005112539
0.4259433962264151    0.001649438701789777
0.4268867924528301    0.0004712682005112539
0.42783018867924527    0.0014138046015337617
0.4287735849056604    0.0004712682005112539
0.42971698113207546    0.0007069023007670473
0.4306603773584905    0.0009425364010225078
0.43160377358490565    0.00023563410025562696
0.4325471698113208    0.0004712682005112539
0.43349056603773584    0.00047126820051136484
0.4344339622641509    0.0004712682005112539
0.435377358490566    0.0007069023007668808
0.4363207547169812    0.0009425364010225078
0.4372641509433962    0.0007069023007670473
0.43820754716981125    0.0
0.4391509433962264    0.00023563410025562696
0.44009433962264155    0.0
0.4410377358490566    0.001178170501278412
0.4419811320754716    0.0004712682005112539
0.4429245283018868    0.0
0.4438679245283019    0.0
0.44481132075471697    0.00047126820051136484
0.445754716981132    0.00023563410025562696
0.44669811320754715    0.0004712682005112539
0.4476415094339623    0.0
0.44858490566037745    0.0009425364010225078
0.4495283018867925    0.00047126820051136484
0.45047169811320753    0.00023563410025562696
0.4514150943396227    0.00023563410025562696
0.45235849056603783    0.0
0.45330188679245287    0.00047126820051136484
0.4542452830188679    0.00023563410025562696
0.45518867924528306    0.00023563410025562696
0.4561320754716982    0.0009425364010225078
0.45707547169811324    0.0
0.4580188679245283    0.0
0.45896226415094343    0.0011781705012781348
0.4599056603773586    0.0007069023007668808
0.4608490566037736    0.00023563410025568242
0.46179245283018866    0.00023563410025562696
0.4627358490566038    0.00023563410025562696
0.46367924528301896    0.0
0.464622641509434    0.00047126820051136484
0.46556603773584904    0.0007069023007668808
0.4665094339622642    0.00023563410025562696
0.46745283018867934    0.0004712682005112539
0.4683962264150944    0.0
0.4693396226415094    0.0
0.47028301886792456    0.00023563410025562696
0.4712264150943397    0.0
0.47216981132075475    0.00023563410025568242
0.4731132075471698    0.00023563410025562696
0.47405660377358494    0.0007069023007668808
0.4750000000000001    0.00023563410025562696
0.4759433962264151    0.00023563410025568242
0.47688679245283017    0.0
0.4778301886792453    0.00023563410025562696
0.47877358490566047    0.00023563410025562696
0.4797169811320755    0.00047126820051136484
0.48066037735849054    0.0
0.4816037735849057    0.0
0.48254716981132084    0.0004712682005112539
0.4834905660377359    0.00023563410025568242
0.4844339622641509    0.0004712682005112539
0.48537735849056607    0.0
0.4863207547169812    0.0
0.48726415094339626    0.0
0.4882075471698113    0.0
0.48915094339622645    0.0
0.4900943396226416    0.0004712682005112539
0.49103773584905663    0.0
0.49198113207547167    0.0
0.4929245283018868    0.00023563410025562696
0.49386792452830197    0.0
0.494811320754717    0.0
0.49575471698113205    0.0
0.4966981132075472    0.00023563410025562696
0.49764150943396235    0.00023563410025562696
0.4985849056603774    0.0
0.4995283018867924    0.00023563410025562696
0.5004716981132076    0.0
0.5014150943396227    0.0
0.5023584905660378    0.0
0.5033018867924528    0.0
0.504245283018868    0.00023563410025562696
0.5051886792452831    0.00023563410025562696
0.5061320754716981    0.0
0.5070754716981132    0.00023563410025562696
0.5080188679245283    0.0007069023007668808
0.5089622641509435    0.0
0.5099056603773585    0.00047126820051136484
0.5108490566037736    0.00023563410025562696
0.5117924528301887    0.0004712682005112539
0.5127358490566039    0.0004712682005112539
0.5136792452830189    0.0
0.5146226415094339    0.0
0.5155660377358491    0.00023563410025562696
0.5165094339622642    0.0
0.5174528301886793    0.0
0.5183962264150943    0.00023563410025562696
0.5193396226415095    0.0
0.5202830188679246    0.0
0.5212264150943396    0.0
0.5221698113207547    0.0
0.5231132075471698    0.0
0.524056603773585    0.0
0.525    0.0
0.5259433962264151    0.0
0.5268867924528302    0.0
0.5278301886792454    0.0
0.5287735849056604    0.0
0.5297169811320754    0.0
0.5306603773584906    0.0
0.5316037735849057    0.0
0.5325471698113208    0.0
0.5334905660377358    0.0
0.534433962264151    0.0
0.5353773584905661    0.0
0.5363207547169812    0.0
0.5372641509433962    0.0
0.5382075471698113    0.0
0.5391509433962265    0.0
0.5400943396226415    0.0
0.5410377358490566    0.0
0.5419811320754717    0.0
0.5429245283018869    0.0
0.5438679245283019    0.0
0.5448113207547169    0.0
0.5457547169811321    0.0
0.5466981132075472    0.0
0.5476415094339623    0.0
0.5485849056603773    0.0
0.5495283018867925    0.0
0.5504716981132076    0.0
0.5514150943396227    0.0
0.5523584905660377    0.00023563410025562696
0.5533018867924528    0.00023563410025562696
0.554245283018868    0.0
0.555188679245283    0.0
0.5561320754716981    0.0
0.5570754716981132    0.0
0.5580188679245284    0.0
0.5589622641509434    0.0
0.5599056603773584    0.0
0.5608490566037736    0.00023563410025562696
0.5617924528301887    0.0
0.5627358490566038    0.0
0.5636792452830188    0.0
0.564622641509434    0.0
0.5655660377358491    0.0
0.5665094339622642    0.0
0.5674528301886792    0.0
0.5683962264150944    0.00023563410025562696
0.5693396226415095    0.0
0.5702830188679245    0.0
0.5712264150943396    0.0
0.5721698113207547    0.0
0.5731132075471699    0.0
0.5740566037735849    0.0
0.575    0.0
0.5759433962264151    0.0
0.5768867924528303    0.0
0.5778301886792453    0.0
0.5787735849056603    0.0
0.5797169811320755    0.0
0.5806603773584906    0.0
0.5816037735849057    0.0
0.5825471698113207    0.0
0.5834905660377359    0.00023563410025562696
0.584433962264151    0.0
0.585377358490566    0.0
0.5863207547169811    0.0
0.5872641509433962    0.0
0.5882075471698114    0.0
0.5891509433962264    0.0
0.5900943396226415    0.0
0.5910377358490566    0.0
0.5919811320754718    0.0
0.5929245283018868    0.0
0.5938679245283018    0.0
0.594811320754717    0.0
0.5957547169811321    0.0
0.5966981132075472    0.0
0.5976415094339622    0.0
0.5985849056603774    0.0
0.5995283018867925    0.0
0.6004716981132076    0.0
0.6014150943396226    0.0
0.6023584905660377    0.0
0.6033018867924529    0.0
0.6042452830188679    0.0
0.605188679245283    0.00023563410025562696
0.6061320754716981    0.0
0.6070754716981133    0.0
0.6080188679245283    0.0
0.6089622641509433    0.0
0.6099056603773585    0.0
0.6108490566037736    0.0
0.6117924528301887    0.0
0.6127358490566037    0.0
0.6136792452830189    0.0
0.614622641509434    0.0
0.6155660377358491    0.0
0.6165094339622641    0.0
0.6174528301886792    0.0
0.6183962264150944    0.0
0.6193396226415094    0.0
0.6202830188679245    0.0
0.6212264150943396    0.0
0.6221698113207548    0.0
0.6231132075471698    0.0
0.6240566037735849    0.0
0.625    0.0
0.6259433962264151    0.0
0.6268867924528302    0.0
0.6278301886792452    0.0
0.6287735849056604    0.0
0.6297169811320755    0.0
0.6306603773584906    0.0
0.6316037735849056    0.0
0.6325471698113208    0.0
0.6334905660377359    0.0
0.6344339622641509    0.0
0.635377358490566    0.0
0.6363207547169811    0.0
0.6372641509433963    0.0
0.6382075471698113    0.0
0.6391509433962264    0.0
0.6400943396226415    0.0
0.6410377358490567    0.0
0.6419811320754717    0.0
0.6429245283018867    0.0
0.6438679245283019    0.0
0.644811320754717    0.0
0.6457547169811321    0.0
0.6466981132075471    0.0
0.6476415094339623    0.0
0.6485849056603774    0.0
0.6495283018867924    0.0
0.6504716981132075    0.0
0.6514150943396226    0.0
0.6523584905660378    0.0
0.6533018867924528    0.0
0.6542452830188679    0.0
0.655188679245283    0.0
0.6561320754716982    0.0
0.6570754716981132    0.0
0.6580188679245282    0.0
0.6589622641509434    0.0
0.6599056603773585    0.0
0.6608490566037736    0.0
0.6617924528301886    0.0
0.6627358490566038    0.0
0.6636792452830189    0.0
0.664622641509434    0.0
0.665566037735849    0.0
0.6665094339622641    0.0
0.6674528301886793    0.0
0.6683962264150943    0.0
0.6693396226415094    0.0
0.6702830188679245    0.0
0.6712264150943397    0.0
0.6721698113207547    0.0
0.6731132075471697    0.0
0.6740566037735849    0.0
0.675    0.0
0.6759433962264151    0.0
0.6768867924528301    0.0
0.6778301886792453    0.0
0.6787735849056604    0.0
0.6797169811320755    0.0
0.6806603773584905    0.0
0.6816037735849056    0.0
0.6825471698113208    0.0
0.6834905660377358    0.0
0.6844339622641509    0.0
0.685377358490566    0.0
0.6863207547169812    0.0
0.6872641509433962    0.0
0.6882075471698113    0.0
0.6891509433962264    0.0
0.6900943396226416    0.0
0.6910377358490567    0.0
0.6919811320754717    0.0
0.6929245283018868    0.0
0.6938679245283019    0.0
0.6948113207547171    0.0
0.6957547169811321    0.0
0.6966981132075472    0.0
0.6976415094339623    0.0
0.6985849056603775    0.0
0.6995283018867925    0.0
0.7004716981132075    0.0
0.7014150943396227    0.0
0.7023584905660378    0.0
0.7033018867924529    0.0
0.7042452830188679    0.0
0.7051886792452831    0.0
0.7061320754716982    0.0
0.7070754716981132    0.0
0.7080188679245283    0.0
0.7089622641509434    0.0
0.7099056603773586    0.0
0.7108490566037736    0.0
0.7117924528301887    0.0
0.7127358490566038    0.0
0.713679245283019    0.0
0.714622641509434    0.0
0.715566037735849    0.0
0.7165094339622642    0.0
0.7174528301886793    0.0
0.7183962264150944    0.0
0.7193396226415094    0.0
0.7202830188679246    0.0
0.7212264150943397    0.0
0.7221698113207548    0.0
0.7231132075471698    0.0
0.7240566037735849    0.0
0.7250000000000001    0.0
0.7259433962264151    0.0
0.7268867924528302    0.0
0.7278301886792453    0.0
0.7287735849056605    0.0
0.7297169811320755    0.0
0.7306603773584905    0.0
0.7316037735849057    0.0
0.7325471698113208    0.0
0.7334905660377359    0.0
0.7344339622641509    0.0
0.7353773584905661    0.0
0.7363207547169812    0.0
0.7372641509433963    0.0
0.7382075471698113    0.0
0.7391509433962264    0.0
0.7400943396226416    0.0
0.7410377358490566    0.0
0.7419811320754717    0.0
0.7429245283018868    0.0
0.743867924528302    0.0
0.744811320754717    0.0
0.745754716981132    0.0
0.7466981132075472    0.0
0.7476415094339623    0.0
0.7485849056603774    0.0
0.7495283018867924    0.0
0.7504716981132076    0.0
0.7514150943396227    0.0
0.7523584905660378    0.0
0.7533018867924528    0.0
0.754245283018868    0.0
0.7551886792452831    0.0
0.7561320754716981    0.0
0.7570754716981132    0.0
0.7580188679245283    0.0
0.7589622641509435    0.0
0.7599056603773585    0.0
0.7608490566037736    0.0
0.7617924528301887    0.0
0.7627358490566039    0.0
0.7636792452830189    0.0
0.7646226415094339    0.0
0.7655660377358491    0.0
0.7665094339622642    0.0
0.7674528301886793    0.0
0.7683962264150943    0.0
0.7693396226415095    0.0
0.7702830188679246    0.0
0.7712264150943396    0.0
0.7721698113207547    0.0
0.7731132075471698    0.0
0.774056603773585    0.0
0.775    0.0
0.7759433962264151    0.0
0.7768867924528302    0.0
0.7778301886792454    0.0
0.7787735849056604    0.0
0.7797169811320754    0.0
0.7806603773584906    0.0
0.7816037735849057    0.0
0.7825471698113208    0.0
0.7834905660377358    0.0
0.784433962264151    0.0
0.7853773584905661    0.0
0.7863207547169812    0.0
0.7872641509433962    0.0
0.7882075471698113    0.0
0.7891509433962265    0.0
0.7900943396226415    0.0
0.7910377358490566    0.0
0.7919811320754717    0.0
0.7929245283018869    0.0
0.7938679245283019    0.0
0.7948113207547169    0.0
0.7957547169811321    0.0
0.7966981132075472    0.0
0.7976415094339623    0.0
0.7985849056603773    0.0
0.7995283018867925    0.0
0.8004716981132076    0.0
0.8014150943396227    0.0
0.8023584905660377    0.0
0.8033018867924528    0.0
0.804245283018868    0.0
0.805188679245283    0.0
0.8061320754716981    0.0
0.8070754716981132    0.0
0.8080188679245284    0.0
0.8089622641509434    0.0
0.8099056603773584    0.0
0.8108490566037736    0.0
0.8117924528301887    0.0
0.8127358490566038    0.0
0.8136792452830188    0.0
0.814622641509434    0.0
0.8155660377358491    0.0
0.8165094339622642    0.0
0.8174528301886792    0.0
0.8183962264150944    0.0
0.8193396226415095    0.0
0.8202830188679245    0.0
0.8212264150943396    0.0
0.8221698113207547    0.0
0.8231132075471699    0.0
0.8240566037735849    0.0
0.825    0.0
0.8259433962264151    0.0
0.8268867924528303    0.0
0.8278301886792453    0.0
0.8287735849056603    0.0
0.8297169811320755    0.0
0.8306603773584906    0.0
0.8316037735849057    0.0
0.8325471698113207    0.0
0.8334905660377359    0.0
0.834433962264151    0.0
0.835377358490566    0.0
0.8363207547169811    0.0
0.8372641509433962    0.0
0.8382075471698114    0.0
0.8391509433962264    0.0
0.8400943396226415    0.0
0.8410377358490566    0.0
0.8419811320754718    0.0
0.8429245283018868    0.0
0.8438679245283018    0.0
0.844811320754717    0.0
0.8457547169811321    0.0
0.8466981132075472    0.0
0.8476415094339622    0.0
0.8485849056603774    0.0
0.8495283018867925    0.0
0.8504716981132076    0.0
0.8514150943396226    0.0
0.8523584905660377    0.0
0.8533018867924529    0.0
0.8542452830188679    0.0
0.855188679245283    0.0
0.8561320754716981    0.0
0.8570754716981133    0.0
0.8580188679245283    0.0
0.8589622641509433    0.0
0.8599056603773585    0.0
0.8608490566037736    0.0
0.8617924528301887    0.0
0.8627358490566037    0.0
0.8636792452830189    0.0
0.864622641509434    0.0
0.8655660377358491    0.0
0.8665094339622641    0.0
0.8674528301886792    0.0
0.8683962264150944    0.0
0.8693396226415094    0.0
0.8702830188679245    0.0
0.8712264150943396    0.0
0.8721698113207548    0.0
0.8731132075471698    0.0
0.8740566037735849    0.0
0.875    0.0
0.8759433962264151    0.0
0.8768867924528302    0.0
0.8778301886792452    0.0
0.8787735849056604    0.0
0.8797169811320755    0.0
0.8806603773584906    0.0
0.8816037735849056    0.0
0.8825471698113208    0.0
0.8834905660377359    0.0
0.8844339622641509    0.0
0.885377358490566    0.0
0.8863207547169811    0.0
0.8872641509433963    0.0
0.8882075471698113    0.0
0.8891509433962264    0.0
0.8900943396226415    0.0
0.8910377358490567    0.0
0.8919811320754717    0.0
0.8929245283018867    0.0
0.8938679245283019    0.0
0.894811320754717    0.0
0.8957547169811321    0.0
0.8966981132075471    0.0
0.8976415094339623    0.0
0.8985849056603774    0.0
0.8995283018867924    0.0
0.9004716981132075    0.0
0.9014150943396226    0.0
0.9023584905660378    0.0
0.9033018867924528    0.0
0.9042452830188679    0.0
0.905188679245283    0.0
0.9061320754716982    0.0
0.9070754716981132    0.0
0.9080188679245282    0.0
0.9089622641509434    0.0
0.9099056603773585    0.0
0.9108490566037736    0.0
0.9117924528301886    0.0
0.9127358490566038    0.0
0.9136792452830189    0.0
0.914622641509434    0.0
0.915566037735849    0.0
0.9165094339622641    0.0
0.9174528301886793    0.0
0.9183962264150943    0.0
0.9193396226415094    0.0
0.9202830188679245    0.0
0.9212264150943397    0.0
0.9221698113207547    0.0
0.9231132075471697    0.0
0.9240566037735849    0.0
0.925    0.0
0.9259433962264151    0.0
0.9268867924528301    0.0
0.9278301886792453    0.0
0.9287735849056604    0.0
0.9297169811320755    0.0
0.9306603773584905    0.0
0.9316037735849056    0.0
0.9325471698113208    0.0
0.933490566037736    0.0
0.934433962264151    0.0
0.935377358490566    0.0
0.9363207547169812    0.0
0.9372641509433963    0.0
0.9382075471698114    0.0
0.9391509433962264    0.0
0.9400943396226416    0.0
0.9410377358490567    0.0
0.9419811320754717    0.0
0.9429245283018868    0.0
0.9438679245283019    0.0
0.9448113207547171    0.0
0.9457547169811321    0.0
0.9466981132075472    0.0
0.9476415094339623    0.0
0.9485849056603775    0.0
0.9495283018867925    0.0
0.9504716981132075    0.0
0.9514150943396227    0.0
0.9523584905660378    0.0
0.9533018867924529    0.0
0.9542452830188679    0.0
0.9551886792452831    0.0
0.9561320754716982    0.0
0.9570754716981132    0.0
0.9580188679245283    0.0
0.9589622641509434    0.0
0.9599056603773586    0.0
0.9608490566037736    0.0
0.9617924528301887    0.0
0.9627358490566038    0.0
0.963679245283019    0.0
0.964622641509434    0.0
0.965566037735849    0.0
0.9665094339622642    0.0
0.9674528301886793    0.0
0.9683962264150944    0.0
0.9693396226415094    0.0
0.9702830188679246    0.0
0.9712264150943397    0.0
0.9721698113207548    0.0
0.9731132075471698    0.0
0.9740566037735849    0.0
0.9750000000000001    0.0
0.9759433962264151    0.0
0.9768867924528302    0.0
0.9778301886792453    0.0
0.9787735849056605    0.0
0.9797169811320755    0.0
0.9806603773584905    0.0
0.9816037735849057    0.0
0.9825471698113208    0.0
0.9834905660377359    0.0
0.9844339622641509    0.0
0.9853773584905661    0.0
0.9863207547169812    0.0
0.9872641509433963    0.0
0.9882075471698113    0.0
0.9891509433962264    0.0
0.9900943396226416    0.0
0.9910377358490566    0.0
0.9919811320754717    0.0
0.9929245283018868    0.0
0.993867924528302    0.0
0.994811320754717    0.0
0.995754716981132    0.0
0.9966981132075472    0.0
0.9976415094339623    0.0
0.9985849056603774    0.0
0.9995283018867924    0.0