-0.9995283018867924    0.0
-0.9985849056603773    0.0
-0.9976415094339622    0.0
-0.9966981132075472    0.0
-0.995754716981132    0.0
-0.9948113207547169    0.0
-0.9938679245283019    0.0
-0.9929245283018868    0.0
-0.9919811320754717    0.0
-0.9910377358490565    0.0
-0.9900943396226415    0.0
-0.9891509433962264    0.0
-0.9882075471698113    0.0
-0.9872641509433961    0.0
-0.9863207547169811    0.0
-0.9853773584905661    0.0
-0.9844339622641509    0.0
-0.9834905660377358    0.0
-0.9825471698113207    0.0
-0.9816037735849057    0.0
-0.9806603773584905    0.0
-0.9797169811320754    0.0
-0.9787735849056604    0.0
-0.9778301886792453    0.0
-0.9768867924528302    0.0
-0.975943396226415    0.0
-0.975    0.0
-0.9740566037735849    0.0
-0.9731132075471698    0.0
-0.9721698113207546    0.0
-0.9712264150943396    0.0
-0.9702830188679246    0.0
-0.9693396226415094    0.0
-0.9683962264150943    0.0
-0.9674528301886792    0.0
-0.9665094339622642    0.0
-0.965566037735849    0.0
-0.9646226415094339    0.0
-0.9636792452830188    0.0
-0.9627358490566038    0.0
-0.9617924528301887    0.0
-0.9608490566037735    0.0
-0.9599056603773585    0.0
-0.9589622641509434    0.0
-0.9580188679245283    0.0
-0.9570754716981131    0.0
-0.9561320754716981    0.0
-0.9551886792452831    0.00023563410025565466
-0.9542452830188679    0.0
-0.9533018867924528    0.0004712682005113093
-0.9523584905660377    0.0
-0.9514150943396227    0.00023563410025565466
-0.9504716981132075    0.00023563410025562696
-0.9495283018867924    0.0
-0.9485849056603773    0.00023563410025562696
-0.9476415094339623    0.0014138046015339282
-0.9466981132075472    0.0021207069023006426
-0.945754716981132    0.0016494387017895829
-0.944811320754717    0.0021207069023006426
-0.9438679245283019    0.005419584305880058
-0.9429245283018868    0.004712682005112539
-0.9419811320754716    0.010367900411248807
-0.9410377358490566    0.011310436812270093
-0.9400943396226416    0.013431143714572316
-0.9391509433962264    0.012488607313548228
-0.9382075471698113    0.023327775925309813
-0.9372641509433962    0.023092141825051444
-0.9363207547169812    0.02851172613093422
-0.935377358490566    0.03958652884294533
-0.9344339622641509    0.04665555185061963
-0.9334905660377358    0.05867289096365111
-0.9325471698113208    0.07139713237746337
-0.9316037735849056    0.08906968989662699
-0.9306603773584905    0.10179393131044283
-0.9297169811320755    0.11781705012781347
-0.9287735849056604    0.1357252417472571
-0.9278301886792453    0.1590530176725482
-0.9268867924528301    0.1788462820940419
-0.9259433962264151    0.20076025341779416
-0.925    0.20782927642548743
-0.9240566037735849    0.23398466155383757
-0.9231132075471697    0.2679159719906794
-0.9221698113207547    0.2938357230187668
-0.9212264150943397    0.30066911192621537
-0.9202830188679245    0.34543959097474913
-0.9193396226415094    0.3581638323885951
-0.9183962264150943    0.39374458152715264
-0.9174528301886793    0.40646882294100434
-0.9165094339622641    0.45524508169387123
-0.915566037735849    0.47739468711795635
-0.914622641509434    0.49129709903298224
-0.9136792452830189    0.5096765588529811
-0.9127358490566038    0.5674069134155497
-0.9117924528301886    0.5645793042125486
-0.9108490566037736    0.5992175169500594
-0.9099056603773585    0.6390396798933355
-0.9089622641509434    0.666373235522913
-0.9080188679245282    0.6569478715127652
-0.9070754716981132    0.7064310325663696
-0.9061320754716982    0.7231610536846043
-0.905188679245283    0.7231610536845191
-0.9042452830188679    0.765575191730622
-0.9033018867924528    0.7936156496609517
-0.9023584905660378    0.8037479159720382
-0.9014150943396226    0.7983283316660641
-0.9004716981132075    0.8294320328999044
-0.8995283018867924    0.8423919084138664
-0.8985849056603774    0.8383861287096194
-0.8976415094339623    0.853937979326392
-0.8966981132075471    0.891168167166886
-0.8957547169811321    0.8668978548404516
-0.894811320754717    0.8817428031566599
-0.8938679245283019    0.892581971768315
-0.8929245283018867    0.9005935311771123
-0.8919811320754717    0.9225075025007796
-0.8910377358490567    0.9288696232077908
-0.8900943396226415    0.9283983550071702
-0.8891509433962264    0.936174280315716
-0.8882075471698113    0.9451283761253196
-0.8872641509433963    0.9448927420251754
-0.8863207547169811    0.9484272535288985
-0.885377358490566    0.9592664221407703
-0.8844339622641509    0.9472490830276205
-0.8834905660377359    0.9291052573080464
-0.8825471698113208    0.953846837834778
-0.8816037735849056    0.9234500389019107
-0.8806603773584906    0.9863643436700545
-0.8797169811320755    0.9349961098144378
-0.8787735849056604    0.9335823052127941
-0.8778301886792452    0.9222718684006325
-0.8768867924528302    0.9307546960097265
-0.8759433962264151    0.9328754029121369
-0.875    0.9472490830276205
-0.8740566037735849    0.8954095809714878
-0.8731132075471698    0.892581971768315
-0.8721698113207548    0.9182660886962863
-0.8712264150943396    0.9213293319995014
-0.8702830188679245    0.9394731577192952
-0.8693396226415094    0.8873980215626911
-0.8683962264150944    0.9121396020896393
-0.8674528301886792    0.8923463376680593
-0.8665094339622641    0.8803289985551259
-0.8655660377358491    0.8775013893519548
-0.864622641509434    0.872081805046178
-0.8636792452830189    0.8859842169611574
-0.8627358490566037    0.8603001000333953
-0.8617924528301887    0.8485183950205126
-0.8608490566037736    0.8716105368456667
-0.8599056603773585    0.8626564410358503
-0.8589622641509433    0.8515816383239361
-0.8580188679245283    0.8303745693008294
-0.8570754716981133    0.8657196843392754
-0.8561320754716981    0.830610203401085
-0.855188679245283    0.8296676670001601
-0.8542452830188679    0.8379148605090094
-0.8533018867924529    0.8160008891853322
-0.8523584905660377    0.8277825941980175
-0.8514150943396226    0.8581793931310944
-0.8504716981132076    0.8188284983883036
-0.8495283018867925    0.8002134044682033
-0.8485849056603774    0.8355585195064532
-0.8476415094339622    0.8105813048794521
-0.8466981132075472    0.8188284983883036
-0.8457547169811321    0.8435700789152437
-0.844811320754717    0.8162365232854918
-0.8438679245283018    0.7912593086584884
-0.8429245283018868    0.7922018450594178
-0.8419811320754718    0.793615649661045
-0.8410377358490566    0.8075180615760336
-0.8400943396226415    0.793615649661045
-0.8391509433962264    0.8020984772701542
-0.8382075471698114    0.8028053795710155
-0.8372641509433962    0.7966788929642747
-0.8363207547169811    0.8046904523730607
-0.835377358490566    0.8079893297765448
-0.834433962264151    0.7938512837613007
-0.8334905660377359    0.797150161164786
-0.8325471698113207    0.7872535289541422
-0.8316037735849057    0.7957363565632521
-0.8306603773584906    0.8032766477715267
-0.8297169811320755    0.7853684561520046
-0.8287735849056603    0.7846615538513302
-0.8278301886792453    0.8138801822829355
-0.8268867924528303    0.7969145270646242
-0.8259433962264151    0.7754718239412683
-0.825    0.8247193508947914
-0.8240566037735849    0.787017894853794
-0.8231132075471699    0.8216561075914679
-0.8221698113207547    0.8136445481826798
-0.8212264150943396    0.7808914082472397
-0.8202830188679245    0.794558186061974
-0.8193396226415095    0.7917305768589997
-0.8183962264150944    0.7853684561520046
-0.8174528301886792    0.8145870845837024
-0.816509433962264    0.7914949427587441
-0.8155660377358491    0.7841902856508187
-0.814622641509434    0.8030410136711766
-0.8136792452830188    0.7790063354451028
-0.8127358490566037    0.7823052128487735
-0.8117924528301887    0.7815983105480065
-0.8108490566037736    0.7820695787484259
-0.8099056603773584    0.794558186061974
-0.8089622641509433    0.8075180615761286
-0.8080188679245284    0.7976214293653912
-0.8070754716981132    0.7695809714348776
-0.8061320754716981    0.7863109925530272
-0.8051886792452829    0.7488451706124706
-0.804245283018868    0.7889029676559319
-0.8033018867924528    0.7566210959208182
-0.8023584905660377    0.7771212626430577
-0.8014150943396225    0.7851328220518414
-0.8004716981132076    0.7688740691342013
-0.7995283018867925    0.7672246304323214
-0.7985849056603773    0.7752361898410127
-0.7976415094339622    0.7891386017561876
-0.7966981132075472    0.7679315327331786
-0.7957547169811321    0.75167277981545
-0.7948113207547169    0.7464888296098262
-0.7938679245283018    0.7700522396354795
-0.7929245283018869    0.7622763143270429
-0.7919811320754717    0.7349427586973005
-0.7910377358490566    0.7610981438256751
-0.7900943396226414    0.766988996332156
-0.7891509433962265    0.754736023118862
-0.7882075471698113    0.7552072913192843
-0.7872641509433962    0.7504946093141719
-0.786320754716981    0.7476670001111924
-0.7853773584905661    0.7559141936201402
-0.784433962264151    0.7811270423474034
-0.7834905660377358    0.735885295098323
-0.7825471698113207    0.7436612204068461
-0.7816037735849057    0.7401267089030114
-0.7806603773584906    0.7519084139157056
-0.7797169811320754    0.7262242969878423
-0.7787735849056603    0.7231610536846043
-0.7778301886792454    0.7462531955096584
-0.7768867924528302    0.7387129043013906
-0.7759433962264151    0.7069023007668809
-0.7749999999999999    0.7236323218851155
-0.774056603773585    0.7250461264866495
-0.7731132075471698    0.7177414693786398
-0.7721698113207547    0.7502589752139163
-0.7712264150943395    0.7311726130932965
-0.7702830188679246    0.7396554407025001
-0.7693396226415095    0.7186840057796622
-0.7683962264150943    0.7337645881960223
-0.7674528301886792    0.7146782260754007
-0.7665094339622642    0.7497877070134932
-0.7655660377358491    0.7314082471934661
-0.7646226415094339    0.7019539846615126
-0.7636792452830188    0.7285806379904843
-0.7627358490566039    0.7365921973991765
-0.7617924528301887    0.708080471268159
-0.7608490566037736    0.7184483716794066
-0.7599056603773584    0.6955918639546926
-0.7589622641509435    0.6821607202401203
-0.7580188679245283    0.708080471268159
-0.7570754716981132    0.7059597643658584
-0.756132075471698    0.6828676225408873
-0.7551886792452831    0.6920573524508579
-0.754245283018868    0.6720284539290481
-0.7533018867924528    0.7031321551627908
-0.7523584905660377    0.7012470823608283
-0.7514150943396227    0.7036034233633849
-0.7504716981132076    0.6918217183505208
-0.7495283018867924    0.6953562298543551
-0.7485849056603773    0.7085517394687536
-0.7476415094339623    0.695356229854437
-0.7466981132075472    0.6998332777592121
-0.745754716981132    0.6856952317438745
-0.7448113207547169    0.6984194731577605
-0.743867924528302    0.6995976436590388
-0.7429245283018868    0.6948849616538438
-0.7419811320754717    0.6729709903300706
-0.7410377358490565    0.6929998888518804
-0.7400943396226416    0.6939424252529031
-0.7391509433962264    0.6873446704456638
-0.7382075471698113    0.6661376014226574
-0.7372641509433961    0.668022674224781
-0.7363207547169812    0.688522840947023
-0.7353773584905661    0.6743847949316043
-0.7344339622641509    0.6682583083249581
-0.7334905660377358    0.6946493275536699
-0.7325471698113208    0.6616605535178784
-0.7316037735849057    0.6958274980548664
-0.7306603773584905    0.6717928198287925
-0.7297169811320754    0.6538846282094417
-0.7287735849056605    0.6515282872068853
-0.7278301886792453    0.656947871512688
-0.7268867924528302    0.660718017116778
-0.725943396226415    0.6536489941091861
-0.7250000000000001    0.6946493275536699
-0.7240566037735849    0.6347982660886591
-0.7231132075471698    0.6444592641991397
-0.7221698113207546    0.6710859175281045
-0.7212264150943397    0.6576547738135322
-0.7202830188679246    0.6456374347004178
-0.7193396226415094    0.6656663332221462
-0.7183962264150943    0.657183505613021
-0.7174528301886793    0.6623674558186453
-0.7165094339622642    0.6684939424252136
-0.715566037735849    0.6616605535178005
-0.7146226415094339    0.6743847949316837
-0.713679245283019    0.6736778926309167
-0.7127358490566038    0.6651950650216348
-0.7117924528301887    0.6557697010114099
-0.7108490566037735    0.6670801378237584
-0.7099056603773586    0.6633099922196679
-0.7089622641509434    0.6564766033121767
-0.7080188679245283    0.640453484494794
-0.7070754716981131    0.6461087029010052
-0.7061320754716982    0.6458730688007496
-0.7051886792452831    0.666373235522913
-0.7042452830188679    0.6454018006001623
-0.7033018867924528    0.6651950650217132
-0.7023584905660378    0.6545915305102087
-0.7014150943396227    0.6670801378236799
-0.7004716981132075    0.6479937757029741
-0.6995283018867924    0.6527064577081635
-0.6985849056603775    0.6307924863843876
-0.6976415094339623    0.6416316549960722
-0.6966981132075472    0.6508213849060416
-0.695754716981132    0.6454018006002381
-0.6948113207547171    0.6425741913971703
-0.6938679245283019    0.6439879959986284
-0.6929245283018868    0.6560053351116655
-0.6919811320754716    0.6343269978882224
-0.6910377358490567    0.635269534289245
-0.6900943396226416    0.6312637545848246
-0.6891509433962264    0.6470512393019516
-0.6882075471698113    0.6477581416027948
-0.6872641509433963    0.6552984328109757
-0.6863207547169812    0.6347982660886591
-0.685377358490566    0.6635456263198455
-0.6844339622641509    0.6390396798933355
-0.683490566037736    0.6239590974769736
-0.6825471698113208    0.6536489941091091
-0.6816037735849056    0.6282005112815015
-0.6806603773584905    0.629143047682598
-0.6797169811320756    0.6272579748805528
-0.6787735849056604    0.6345626319884035
-0.6778301886792453    0.6482294098032297
-0.6768867924528301    0.6258441702790188
-0.6759433962264152    0.642102923196659
-0.675    0.6234878292763889
-0.6740566037735849    0.6107635878625851
-0.6731132075471697    0.6305568522841319
-0.6721698113207548    0.6107635878626569
-0.6712264150943397    0.6239590974769003
-0.6702830188679245    0.6164188062687201
-0.6693396226415094    0.6362120706902676
-0.6683962264150944    0.635976436590012
-0.6674528301886793    0.6124130265643745
-0.6665094339622641    0.6093497832610513
-0.665566037735849    0.5989818828498742
-0.6646226415094341    0.6180682449705823
-0.6636792452830189    0.6241947315771559
-0.6627358490566038    0.6258441702789452
-0.6617924528301886    0.6338557296877111
-0.6608490566037737    0.6164188062687926
-0.6599056603773585    0.6185395131710207
-0.6589622641509434    0.6239590974769003
-0.6580188679245282    0.5756541069245643
-0.6570754716981133    0.6044014671557543
-0.6561320754716982    0.6060509058574726
-0.655188679245283    0.6119417583638631
-0.6542452830188679    0.6197176836723719
-0.6533018867924529    0.5996887851506412
-0.6523584905660378    0.5952117372457137
-0.6514150943396226    0.6300855840835464
-0.6504716981132075    0.6197176836723719
-0.6495283018867926    0.608642880960356
-0.6485849056603774    0.6020451261531269
-0.6476415094339623    0.6022807602533825
-0.6466981132075471    0.6208958541736501
-0.6457547169811322    0.6048727353562655
-0.644811320754717    0.6307924863843134
-0.6438679245283019    0.6034589307546606
-0.6429245283018867    0.6305568522841319
-0.6419811320754718    0.589556518839648
-0.6410377358490567    0.5928553962431574
-0.6400943396226415    0.6074647104590063
-0.6391509433962264    0.6107635878626569
-0.6382075471698113    0.5834300322329324
-0.6372641509433963    0.6124130265644465
-0.6363207547169811    0.5907346893408567
-0.635377358490566    0.6084072468600288
-0.6344339622641508    0.6074647104590778
-0.6334905660377359    0.5897921529399037
-0.6325471698113208    0.5834300322329324
-0.6316037735849056    0.624665999777667
-0.6306603773584905    0.6055796376570326
-0.6297169811320755    0.5952117372457838
-0.6287735849056604    0.6029876625541495
-0.6278301886792452    0.6055796376569613
-0.6268867924528301    0.6013382238524307
-0.6259433962264151    0.5919128598422047
-0.625    0.5937979326441799
-0.6240566037735849    0.6201889518728102
-0.6231132075471697    0.5930910303434828
-0.6221698113207548    0.588849616538881
-0.6212264150943396    0.5982749805490368
-0.6202830188679245    0.594976103145458
-0.6193396226415093    0.5907346893409263
-0.6183962264150944    0.5973324441480846
-0.6174528301886792    0.599453151050315
-0.6165094339622641    0.5803667889296091
-0.615566037735849    0.6072290763588221
-0.614622641509434    0.6060509058575438
-0.6136792452830189    0.6138268311659082
-0.6127358490566037    0.5970968100477587
-0.6117924528301886    0.6117061242636795
-0.6108490566037736    0.6034589307547317
-0.6099056603773585    0.6223096587751108
-0.6089622641509433    0.5923841280426462
-0.6080188679245282    0.5822518617317227
-0.6070754716981133    0.6027520284539647
-0.6061320754716981    0.5862576414359999
-0.605188679245283    0.5881427142380449
-0.6042452830188678    0.598510614649363
-0.6033018867924529    0.586257641436069
-0.6023584905660377    0.6006313215515932
-0.6014150943396226    0.5704701567188729
-0.6004716981132074    0.5954473713460394
-0.5995283018867925    0.5794242525286549
-0.5985849056603774    0.6020451261531269
-0.5976415094339622    0.5645793042124821
-0.5966981132075471    0.6088785150606116
-0.5957547169811321    0.5723552295209853
-0.594811320754717    0.5751828387239853
-0.5938679245283018    0.5681138157163166
-0.5929245283018867    0.5725908636212409
-0.5919811320754718    0.558924085806413
-0.5910377358490566    0.5768322774257748
-0.5900943396226415    0.5768322774257748
-0.5891509433962263    0.5676425475158722
-0.5882075471698114    0.5669356452151051
-0.5872641509433962    0.5532688674002121
-0.5863207547169811    0.5763610092252636
-0.5853773584905659    0.5791886184283992
-0.584433962264151    0.568349449816639
-0.5834905660377359    0.5751828387239853
-0.5825471698113207    0.5737690341224516
-0.5816037735849056    0.5798955207291662
-0.5806603773584906    0.5327687006780353
-0.5797169811320755    0.5471423807935658
-0.5787735849056603    0.5556252084027683
-0.5778301886792452    0.558924085806413
-0.5768867924528303    0.556803378904112
-0.5759433962264151    0.5483205512948439
-0.575    0.5365388462820626
-0.5740566037735848    0.5372457485828928
-0.5731132075471699    0.5530332333000216
-0.5721698113207547    0.5433722351894757
-0.5712264150943396    0.5200444592641688
-0.5702830188679244    0.5325330665777797
-0.5693396226415095    0.5464354784928632
-0.5683962264150944    0.5464354784927989
-0.5674528301886792    0.5424296987884533
-0.566509433962264    0.5494987217961868
-0.5655660377358491    0.5252284094698543
-0.564622641509434    0.5219295320662136
-0.5636792452830188    0.5252284094697925
-0.5627358490566037    0.5403089918862162
-0.5617924528301887    0.5256996776703656
-0.5608490566037736    0.5219295320662136
-0.5599056603773584    0.5148605090585449
-0.5589622641509433    0.5513837945982321
-0.5580188679245284    0.5059064132488906
-0.5570754716981132    0.5042569745470417
-0.5561320754716981    0.5195731910636575
-0.5551886792452829    0.5304123596754787
-0.554245283018868    0.5301767255752231
-0.5533018867924528    0.5030788040457636
-0.5523584905660377    0.5073202178503649
-0.5514150943396225    0.5110903634545151
-0.5504716981132076    0.5150961431588612
-0.5495283018867925    0.5191019228631462
-0.5485849056603773    0.5009580971434628
-0.5476415094339622    0.5122685339557933
-0.5466981132075472    0.5002511948427548
-0.5457547169811321    0.5023719017449967
-0.5448113207547169    0.5099121929531767
-0.5438679245283018    0.4889407580304835
-0.5429245283018869    0.49860175614096525
-0.5419811320754717    0.49907302434141787
-0.5410377358490566    0.4957741469378391
-0.5400943396226414    0.49954429254198796
-0.5391509433962265    0.47998666222076863
-0.5382075471698113    0.5007224630432072
-0.5372641509433962    0.4943603423363053
-0.536320754716981    0.5035500722463341
-0.5353773584905661    0.4759808825164225
-0.534433962264151    0.49671668333886165
-0.5334905660377358    0.4938890741357941
-0.5325471698113207    0.49860175614096525
-0.5316037735849057    0.47173946871182065
-0.5306603773584906    0.5068489496498536
-0.5297169811320754    0.5044926086472973
-0.5287735849056603    0.4879982216294608
-0.5278301886792454    0.49035456263201743
-0.5268867924528302    0.48140046682224585
-0.5259433962264151    0.4943603423363053
-0.5249999999999999    0.5016649994442888
-0.524056603773585    0.4776303212182121
-0.5231132075471698    0.480693564521479
-0.5221698113207547    0.4941247082360497
-0.5212264150943395    0.49341780593534096
-0.5202830188679246    0.4993086584417323
-0.5193396226415095    0.47503834611534396
-0.5183962264150943    0.48658441702786964
-0.5174528301886792    0.4839924419251147
-0.5165094339622642    0.4879982216294608
-0.5155660377358491    0.4755096143158552
-0.5146226415094339    0.47857285761917834
-0.5136792452830188    0.4948316105368748
-0.5127358490566039    0.4832855396243478
-0.5117924528301887    0.47409580971432147
-0.5108490566037736    0.4710325664109983
-0.5099056603773584    0.4816361009225582
-0.5089622641509435    0.49223963543406263
-0.5080188679245283    0.46702678670665265
-0.5070754716981132    0.47268200511278763
-0.506132075471698    0.4613715683005719
-0.5051886792452831    0.4623141047015945
-0.504245283018868    0.4712682005112539
-0.5033018867924528    0.46985439590972017
-0.5023584905660377    0.47739468711795635
-0.5014150943396227    0.46514171390466236
-0.5004716981132076    0.4606646659997507
-0.4995283018867924    0.4719751028120208
-0.49858490566037733    0.48988329443150613
-0.49764150943396224    0.4458197176836462
-0.49669811320754714    0.4644348116038954
-0.49575471698113205    0.45972212959872816
-0.49481132075471695    0.45053239968881176
-0.49386792452830186    0.45877959319770567
-0.49292452830188677    0.4528887406913683
-0.49198113207547167    0.46679115260639703
-0.4910377358490566    0.45053239968881176
-0.4900943396226415    0.4568945203956607
-0.4891509433962264    0.4757452484161668
-0.4882075471698113    0.4594864954984726
-0.4872641509433962    0.4434633766811421
-0.4863207547169811    0.438986328776233
-0.485377358490566    0.45053239968881176
-0.4844339622641509    0.4474691563854356
-0.4834905660377358    0.43875069467602906
-0.48254716981132073    0.44464154718236804
-0.48160377358490564    0.4533600088918796
-0.48066037735849054    0.42461264866063975
-0.47971698113207545    0.44393464488165346
-0.47877358490566035    0.44440591308211247
-0.47783018867924526    0.452417472490857
-0.47688679245283017    0.44652661998441306
-0.47594339622641507    0.4627853729021058
-0.475    0.4467622540846687
-0.4740566037735849    0.4248482827609454
-0.4731132075471698    0.4396932310769999
-0.4721698113207547    0.45006113148830046
-0.4712264150943396    0.45877959319770567
-0.4702830188679245    0.445584083583443
-0.4693396226415094    0.44275647438032306
-0.4683962264150943    0.4432277425808865
-0.4674528301886792    0.41825052795373785
-0.46650943396226413    0.4349805490719385
-0.46556603773584904    0.45006113148824745
-0.46462264150943394    0.42084250305659926
-0.46367924528301885    0.42225630765808353
-0.46273584905660375    0.4368656218739838
-0.46179245283018866    0.44511281538287933
-0.46084905660377357    0.4279115260642689
-0.45990566037735847    0.45430254529284875
-0.4589622641509434    0.4392219628765403
-0.4580188679245283    0.4264977214626848
-0.4570754716981132    0.43521618317219424
-0.4561320754716981    0.42767589196396294
-0.455188679245283    0.41848616205404277
-0.4542452830188679    0.4309747693675417
-0.4533018867924528    0.42508391686120106
-0.4523584905660377    0.42343447815936164
-0.4514150943396226    0.43851506057577333
-0.45047169811320753    0.41825052795373785
-0.44952830188679244    0.4392219628765403
-0.44858490566037734    0.4380437923752105
-0.44764150943396225    0.42249194175838883
-0.44669811320754715    0.41118150494606903
-0.44575471698113206    0.4305035011670811
-0.44481132075471697    0.41565855285092596
-0.44386792452830187    0.41047460264535046
-0.4429245283018868    0.4151872846504147
-0.4419811320754717    0.44275647438037513
-0.4410377358490566    0.4255551850616623
-0.4400943396226415    0.41094587084586176
-0.4391509433962264    0.43474491497163176
-0.4382075471698113    0.4201356007558323
-0.4372641509433962    0.4406357674780224
-0.4363207547169811    0.4031699455374252
-0.435377358490566    0.43662998777367673
-0.43443396226415093    0.43615871957321684
-0.43349056603773584    0.41141713904632465
-0.43254716981132074    0.4036412137379365
-0.43160377358490565    0.43215293986881986
-0.43066037735849055    0.4295609647660585
-0.42971698113207546    0.42202067355782785
-0.42877358490566037    0.4095320662443278
-0.42783018867924527    0.40882516394351276
-0.4268867924528302    0.4180148938535314
-0.4259433962264151    0.42225630765808353
-0.425    0.4274402578637576
-0.4240566037735849    0.42508391686115105
-0.4231132075471698    0.42932533066580286
-0.4221698113207547    0.4201356007557829
-0.4212264150943396    0.4234344781594115
-0.4202830188679245    0.421313771257061
-0.4193396226415094    0.41306657774816263
-0.41839622641509433    0.4177792597532266
-0.41745283018867924    0.413537845948674
-0.41650943396226414    0.40623318884070087
-0.41556603773584905    0.4286184283650359
-0.41462264150943395    0.40340557963763335
-0.41367924528301886    0.40906079804381656
-0.41273584905660377    0.40387684783814465
-0.41179245283018867    0.4137734800489296
-0.4108490566037736    0.4203712348560385
-0.4099056603773585    0.41660108925199746
-0.4089622641509434    0.41848616205399347
-0.4080188679245283    0.43757252417475073
-0.4070754716981132    0.40858952984325714
-0.4061320754716981    0.42084250305659926
-0.405188679245283    0.42720462376345164
-0.4042452830188679    0.4290896965655472
-0.4033018867924528    0.4135378459486253
-0.40235849056603773    0.40552628653998174
-0.40141509433962264    0.40481938423916713
-0.40047169811320754    0.418957430254554
-0.39952830188679245    0.41118150494606903
-0.39858490566037735    0.42084250305659926
-0.39764150943396226    0.4024630432366108
-0.39669811320754716    0.427204623763502
-0.39575471698113207    0.39822162943200956
-0.394811320754717    0.4081182616427939
-0.3938679245283019    0.4041124819384002
-0.3929245283018868    0.3890318995220859
-0.3919811320754717    0.4081182616427459
-0.3910377358490566    0.4036412137379365
-0.3900943396226415    0.417543625652971
-0.3891509433962264    0.40128487273537994
-0.3882075471698113    0.4133022118483697
-0.3872641509433962    0.39398021562745467
-0.38632075471698113    0.4029343114371221
-0.38537735849056604    0.41825052795378703
-0.38443396226415094    0.42343447815936164
-0.38349056603773585    0.39704345893077814
-0.38254716981132075    0.39798599533175394
-0.38160377358490566    0.40057797043461296
-0.38066037735849056    0.3998710681337989
-0.37971698113207547    0.41754362565302006
-0.3787735849056604    0.4203712348560385
-0.3778301886792453    0.3880893631210633
-0.3768867924528302    0.40481938423916713
-0.3759433962264151    0.4095320662443278
-0.375    0.4026986773368665
-0.3740566037735849    0.3982216294320564
-0.3731132075471698    0.3996354340335433
-0.3721698113207547    0.40741135934202694
-0.3712264150943396    0.40599755474044524
-0.37028301886792453    0.4029343114371695
-0.36933962264150944    0.38455485161718317
-0.36839622641509434    0.40175614093589124
-0.36745283018867925    0.40128487273533275
-0.36650943396226415    0.39657219073026684
-0.36556603773584906    0.41047460264530217
-0.36462264150943396    0.4008136045348686
-0.36367924528301887    0.38549738801820566
-0.3627358490566038    0.399871068133846
-0.3617924528301887    0.39303767922638577
-0.3608490566037736    0.40175614093589124
-0.3599056603773585    0.4057619206401896
-0.3589622641509434    0.39586528842949986
-0.3580188679245283    0.40599755474044524
-0.3570754716981132    0.405997554740493
-0.3561320754716981    0.39798599533175394
-0.355188679245283    0.38620429031901804
-0.35424528301886793    0.38573302211846133
-0.35330188679245284    0.3925664110259207
-0.35235849056603774    0.3866755585194838
-0.35141509433962265    0.40010670223410166
-0.35047169811320755    0.3821985106146269
-0.34952830188679246    0.3899744359231085
-0.34858490566037736    0.4003423363343102
-0.34764150943396227    0.39633655663001116
-0.3466981132075472    0.3873824608202507
-0.3457547169811321    0.38125597421364926
-0.344811320754717    0.3920951428253633
-0.3438679245283019    0.3968078248305225
-0.3429245283018868    0.36829609869954494
-0.3419811320754717    0.38526175391799544
-0.3410377358490566    0.3852617539179501
-0.3400943396226415    0.3925664110259207
-0.3391509433962264    0.3852617539179501
-0.33820754716981133    0.3880893631210633
-0.33726415094339623    0.3840835834166719
-0.33632075471698114    0.39610092252975554
-0.33537735849056605    0.36429031899519926
-0.33443396226415095    0.37607202400802486
-0.33349056603773586    0.39633655662996453
-0.33254716981132076    0.3817272424141606
-0.33160377358490567    0.4142447482493922
-0.3306603773584906    0.37677892630879184
-0.3297169811320755    0.38314104701564944
-0.3287735849056604    0.36664665999779866
-0.3278301886792453    0.37230187840389056
-0.3268867924528302    0.39657219073026684
-0.3259433962264151    0.4031699455373777
-0.325    0.38620429031901804
-0.3240566037735849    0.3883249972212732
-0.3231132075471698    0.3821985106146719
-0.32216981132075473    0.39138824052459636
-0.32122641509433963    0.38196287651441624
-0.32028301886792454    0.3760720240079806
-0.31933962264150945    0.4088251639435609
-0.31839622641509435    0.3932733133266414
-0.31745283018867926    0.3899744359231085
-0.31650943396226416    0.3772501945092588
-0.31556603773584907    0.38502611981773976
-0.314622641509434    0.3906813382238295
-0.3136792452830189    0.40010670223410166
-0.3127358490566038    0.39398021562740826
-0.3117924528301887    0.39209514282540936
-0.3108490566037736    0.3817272424141157
-0.3099056603773585    0.41047460264535046
-0.3089622641509434    0.4001067022340546
-0.3080188679245283    0.38149160831390494
-0.3070754716981132    0.4078826275424903
-0.30613207547169813    0.4029343114371695
-0.30518867924528303    0.3932733133266414
-0.30424528301886794    0.39704345893077814
-0.30330188679245285    0.4010492386350771
-0.30235849056603775    0.3892675336223415
-0.30141509433962266    0.3986928976325208
-0.30047169811320756    0.40010670223410166
-0.29952830188679247    0.4274402578637073
-0.2985849056603774    0.4125953095476514
-0.2976415094339623    0.4041124819384002
-0.2966981132075472    0.40529065243972606
-0.2957547169811321    0.4019917750360996
-0.294811320754717    0.41330221184841837
-0.2938679245283019    0.4076469934422346
-0.2929245283018868    0.39633655663001116
-0.2919811320754717    0.4128309436478584
-0.2910377358490566    0.399871068133846
-0.29009433962264153    0.40741135934197903
-0.28915094339622643    0.4026986773369139
-0.28820754716981134    0.40387684783814465
-0.28726415094339625    0.40741135934202694
-0.28632075471698115    0.409296432144024
-0.28537735849056606    0.4024630432366582
-0.28443396226415096    0.4067044570412121
-0.28349056603773587    0.41141713904637306
-0.2825471698113208    0.41188840724683595
-0.2816037735849057    0.41636545515174184
-0.2806603773584906    0.4189574302545047
-0.2797169811320755    0.41730799155276443
-0.2787735849056604    0.40906079804376844
-0.2778301886792453    0.4288540624652915
-0.2768867924528302    0.42202067355782785
-0.27594339622641506    0.40387684783814465
-0.27499999999999997    0.4307391352673368
-0.2740566037735849    0.40741135934197903
-0.2731132075471698    0.42555518506171236
-0.2721698113207547    0.4125953095476028
-0.2712264150943396    0.4222563076581332
-0.2702830188679245    0.41707235745245974
-0.2693396226415094    0.4147160164499522
-0.2683962264150943    0.435216183172143
-0.2674528301886792    0.42461264866068976
-0.2665094339622641    0.4078826275424903
-0.265566037735849    0.4330954762698933
-0.26462264150943393    0.4274402578637073
-0.26367924528301884    0.41612982105148616
-0.26273584905660374    0.42979659886626354
-0.26179245283018865    0.42037123485608796
-0.26084905660377355    0.426968989663196
-0.25990566037735846    0.42037123485608796
-0.25896226415094337    0.43238857396907543
-0.2580188679245283    0.4102389685450948
-0.2570754716981132    0.42791152606421856
-0.2561320754716981    0.44181393797935253
-0.255188679245283    0.4392219628764887
-0.2542452830188679    0.42673335556299063
-0.2533018867924528    0.4378081582749549
-0.2523584905660377    0.43450928087142726
-0.2514150943396226    0.42461264866063975
-0.2504716981132075    0.4239057463599228
-0.24952830188679243    0.42367011225961726
-0.24858490566037733    0.41636545515174184
-0.24764150943396224    0.4349805490718873
-0.24669811320754714    0.4342736467711716
-0.24575471698113205    0.4300322329665192
-0.24481132075471695    0.4248482827609454
-0.24386792452830186    0.4173079915527153
-0.24292452830188677    0.433331110370149
-0.24198113207547167    0.4198999666555272
-0.24103773584905658    0.42696898966324626
-0.24009433962264148    0.43662998777367673
-0.2391509433962264    0.41730799155276443
-0.2382075471698113    0.43380237857060927
-0.2372641509433962    0.4305035011670811
-0.2363207547169811    0.426968989663196
-0.235377358490566    0.4213137712571106
-0.23443396226415092    0.42720462376345164
-0.23349056603773582    0.426497721462735
-0.23254716981132073    0.43710125597418803
-0.23160377358490564    0.41306657774816263
-0.23066037735849054    0.4488829609869694
-0.22971698113207545    0.44794042458599953
-0.22877358490566035    0.4264977214626848
-0.22783018867924526    0.4279115260642689
-0.22688679245283017    0.4432277425808343
-0.22594339622641507    0.43615871957321684
-0.22499999999999998    0.4281471601644742
-0.22405660377358488    0.44063576747807426
-0.2231132075471698    0.44275647438032306
-0.2221698113207547    0.4281471601645246
-0.2212264150943396    0.4300322329665192
-0.2202830188679245    0.45783705679673703
-0.2193396226415094    0.4349805490718873
-0.21839622641509432    0.44040013337781864
-0.21745283018867922    0.43662998777367673
-0.21650943396226413    0.43969323107705166
-0.21556603773584904    0.4594864954984726
-0.21462264150943394    0.45218183839060133
-0.21367924528301885    0.4354518172723986
-0.21273584905660375    0.44204957207960816
-0.21179245283018866    0.4264977214626848
-0.21084905660377357    0.4451128153829317
-0.20990566037735847    0.4432277425808343
-0.20896226415094338    0.4559519839946918
-0.20801886792452828    0.4295609647660079
-0.2070754716981132    0.4330954762698933
-0.2061320754716981    0.42932533066575235
-0.205188679245283    0.4382794264755177
-0.2042452830188679    0.44275647438032306
-0.2033018867924528    0.4328598421696377
-0.20235849056603772    0.4441702789818568
-0.20141509433962262    0.4436990107813978
-0.20047169811320753    0.43827942647546614
-0.19952830188679244    0.43662998777372813
-0.19858490566037734    0.43450928087137614
-0.19764150943396225    0.4342736467711716
-0.19669811320754715    0.4524174724908038
-0.19575471698113206    0.42767589196401323
-0.19481132075471697    0.43403801267086484
-0.19386792452830187    0.43592308547296116
-0.19292452830188678    0.43662998777367673
-0.19198113207547168    0.4561876180949475
-0.1910377358490566    0.42979659886626354
-0.1900943396226415    0.4446415471824204
-0.1891509433962264    0.4415783038790449
-0.1882075471698113    0.44134266977884123
-0.1872641509433962    0.4422852061798118
-0.18632075471698112    0.4201356007558323
-0.18537735849056602    0.4455840835833906
-0.18443396226415093    0.4234344781594115
-0.18349056603773584    0.44252084028006744
-0.18254716981132074    0.44181393797935253
-0.18160377358490565    0.44087140157827803
-0.18066037735849055    0.4545381793931579
-0.17971698113207546    0.45312437479157064
-0.17877358490566037    0.433331110370149
-0.17783018867924527    0.45500944759361567
-0.17688679245283018    0.4340380126709159
-0.17594339622641508    0.43733689007444365
-0.175    0.44723352228523255
-0.1740566037735849    0.44511281538287933
-0.1731132075471698    0.45524508169392486
-0.1721698113207547    0.4312104034677974
-0.1712264150943396    0.4488829609870222
-0.17028301886792452    0.45171057019003685
-0.16933962264150942    0.433331110370149
-0.16839622641509433    0.4415783038790449
-0.16745283018867924    0.4432277425808865
-0.16650943396226414    0.44911859508722496
-0.16556603773584905    0.4382794264755177
-0.16462264150943395    0.44369901078134555
-0.16367924528301886    0.4201356007558323
-0.16273584905660377    0.4243770145603841
-0.16179245283018867    0.4248482827609454
-0.16084905660377358    0.4305035011670304
-0.15990566037735848    0.41518728465046356
-0.1589622641509434    0.44794042458594685
-0.1580188679245283    0.4481760586862552
-0.1570754716981132    0.4422852061798118
-0.1561320754716981    0.44699788818497693
-0.155188679245283    0.43427364677112046
-0.15424528301886792    0.452417472490857
-0.15330188679245282    0.45524508169387123
-0.15235849056603773    0.4281471601645246
-0.15141509433962264    0.4538312770923375
-0.15047169811320754    0.445584083583443
-0.14952830188679245    0.43945759697674425
-0.14858490566037735    0.4444059130821647
-0.14764150943396226    0.44511281538287933
-0.14669811320754716    0.43969323107705166
-0.14575471698113207    0.42720462376345164
-0.14481132075471698    0.46066466599980493
-0.14386792452830188    0.44440591308211247
-0.1429245283018868    0.43026786706682546
-0.1419811320754717    0.44534844948313496
-0.1410377358490566    0.43875069467602906
-0.1400943396226415    0.43403801267086484
-0.1391509433962264    0.44110703567858556
-0.13820754716981132    0.45006113148824745
-0.13726415094339622    0.4434633766811421
-0.13632075471698113    0.45100366788927
-0.13537735849056604    0.4378081582750064
-0.13443396226415094    0.43333111037009797
-0.13349056603773585    0.44040013337781864
-0.13254716981132075    0.44440591308211247
-0.13160377358490566    0.4488829609870222
-0.13066037735849056    0.42602645326217353
-0.12971698113207547    0.458543959097504
-0.12877358490566038    0.42979659886626354
-0.12783018867924528    0.41612982105148616
-0.1268867924528302    0.4387506946759774
-0.1259433962264151    0.4451128153829317
-0.125    0.45595198399463815
-0.1240566037735849    0.452417472490857
-0.12311320754716981    0.43686562187393235
-0.12216981132075472    0.4316816716683594
-0.12122641509433962    0.4467622540846687
-0.12028301886792453    0.45689452039571443
-0.11933962264150944    0.4173079915527153
-0.11839622641509434    0.4378081582750064
-0.11745283018867925    0.4448771812826237
-0.11650943396226415    0.433331110370149
-0.11556603773584906    0.43403801267086484
-0.11462264150943396    0.4335667444704046
-0.11367924528301887    0.44275647438032306
-0.11273584905660378    0.4373368900744951
-0.11179245283018868    0.4413426697787893
-0.11084905660377359    0.4415783038790969
-0.1099056603773585    0.42343447815936164
-0.1089622641509434    0.46090030010006056
-0.1080188679245283    0.45076803378901437
-0.10707547169811321    0.4422852061798639
-0.10613207547169812    0.44464154718236804
-0.10518867924528302    0.4274402578637576
-0.10424528301886793    0.4432277425808343
-0.10330188679245284    0.4307391352673368
-0.10235849056603774    0.41919306435476034
-0.10141509433962265    0.4279115260642689
-0.10047169811320755    0.41306657774811406
-0.09952830188679246    0.43026786706682546
-0.09858490566037736    0.43710125597418803
-0.09764150943396227    0.4340380126709159
-0.09669811320754718    0.4432277425808343
-0.09575471698113208    0.44605535178395433
-0.09481132075471699    0.40364121373788897
-0.0938679245283019    0.43969323107705166
-0.0929245283018868    0.4429921084805787
-0.0919811320754717    0.4297965988663141
-0.09103773584905661    0.4224919417583391
-0.09009433962264152    0.44134266977884123
-0.08915094339622642    0.4441702789818568
-0.08820754716981133    0.42932533066580286
-0.08726415094339623    0.44440591308211247
-0.08632075471698114    0.41495165055020794
-0.08537735849056605    0.426968989663196
-0.08443396226415095    0.4234344781594115
-0.08349056603773586    0.44110703567853365
-0.08254716981132076    0.44110703567858556
-0.08160377358490567    0.44252084028006744
-0.08066037735849058    0.43639435367347246
-0.07971698113207548    0.44087140157827803
-0.07877358490566039    0.4283827942647802
-0.0778301886792453    0.4286184283649855
-0.0768867924528302    0.4229632099589002
-0.0759433962264151    0.42767589196396294
-0.07500000000000001    0.43003223296656984
-0.07405660377358492    0.43662998777367673
-0.07311320754716982    0.4425208402801195
-0.07216981132075473    0.41141713904632465
-0.07122641509433963    0.4262620873624793
-0.07028301886792454    0.42367011225961726
-0.06933962264150945    0.4328598421696377
-0.06839622641509435    0.42343447815936164
-0.06745283018867926    0.4378081582750064
-0.06650943396226416    0.44464154718236804
-0.06556603773584907    0.44487718128267606
-0.06462264150943398    0.44369901078134555
-0.06367924528301888    0.4335667444704046
-0.06273584905660379    0.4441702789818568
-0.06179245283018869    0.44016449927756296
-0.0608490566037736    0.4401644992775111
-0.059905660377358505    0.43097476936759244
-0.05896226415094341    0.4512393019895256
-0.05801886792452832    0.4349805490719385
-0.05707547169811322    0.4455840835833906
-0.05613207547169813    0.44063576747807426
-0.055188679245283034    0.4460553517839018
-0.05424528301886794    0.44958986328778916
-0.053301886792452846    0.44369901078134555
-0.05235849056603775    0.4528887406913683
-0.05141509433962266    0.45877959319770567
-0.050471698113207564    0.4477047904857439
-0.04952830188679247    0.46490607980435195
-0.048584905660377375    0.4342736467711716
-0.04764150943396228    0.43851506057572176
-0.04669811320754719    0.4571301544959701
-0.04575471698113209    0.4533600088918263
-0.044811320754717    0.45147493608983436
-0.043867924528301905    0.4462909858841575
-0.04292452830188681    0.4432277425808865
-0.04198113207547172    0.4514749360897813
-0.04103773584905662    0.4707969323107981
-0.04009433962264153    0.480693564521479
-0.039150943396226434    0.46042903189954926
-0.03820754716981134    0.46372790930307384
-0.037264150943396246    0.4781015894187234
-0.03632075471698115    0.4538312770923375
-0.03537735849056606    0.45736578859622573
-0.034433962264150964    0.46278537290205135
-0.033490566037735814    0.4696187618094645
-0.03254716981132072    0.463963543403384
-0.031603773584905626    0.45783705679668313
-0.03066037735849053    0.4757452484161668
-0.029716981132075437    0.4646704457040964
-0.028773584905660343    0.4759808825164225
-0.02783018867924525    0.47857285761917834
-0.026886792452830155    0.4872913193286939
-0.02594339622641506    0.46490607980435195
-0.024999999999999967    0.47456707791488856
-0.024056603773584873    0.44958986328773626
-0.02311320754716978    0.47456707791488856
-0.022169811320754684    0.4877625875291478
-0.02122641509433959    0.4764521507169338
-0.020283018867924496    0.4651417139046076
-0.019339622641509402    0.47103256641105373
-0.018396226415094308    0.472446371012532
-0.017452830188679214    0.4971879515394314
-0.01650943396226412    0.4875269534288922
-0.015566037735849025    0.4894120262309948
-0.014622641509433931    0.4969523174391173
-0.013679245283018837    0.46891185950875286
-0.012735849056603743    0.4882338557296591
-0.011792452830188649    0.47786595531846776
-0.010849056603773555    0.47621651661662207
-0.00990566037735846    0.47221073691233195
-0.008962264150943366    0.5094409247526656
-0.008018867924528272    0.48988329443150613
-0.007075471698113178    0.4884694898299146
-0.006132075471698084    0.4868200511281826
-0.00518867924528299    0.48446371012556905
-0.004245283018867896    0.4755096143159111
-0.0033018867924528017    0.4757452484161109
-0.0023584905660377076    0.5000155607424992
-0.0014150943396226134    0.48517061242633586
-0.0004716981132075193    0.49553851283764183
0.0004716981132075748    0.4832855396242908
0.0014150943396227245    0.47433144381457704
0.002358490566037763    0.48187173502287056
0.0033018867924528017    0.4917683672334935
0.004245283018867951    0.4752739802155996
0.005188679245283101    0.49506724463707225
0.00613207547169814    0.5068489496499728
0.007075471698113178    0.4778659553184114
0.008018867924528328    0.4712682005112539
0.008962264150943478    0.4839924419250578
0.009905660377358516    0.4788084917195467
0.010849056603773555    0.4712682005112539
0.011792452830188704    0.46443481160384076
0.012735849056603854    0.4731532733132989
0.013679245283018893    0.47833722351903535
0.014622641509433931    0.48682005112812526
0.015566037735849081    0.4776303212181559
0.01650943396226423    0.4641991775035851
0.01745283018867927    0.4887051239302853
0.018396226415094308    0.4811648327219903
0.019339622641509457    0.4715038346115095
0.020283018867924607    0.4634922752028182
0.021226415094339646    0.4632566411026716
0.022169811320754684    0.4731532733132989
0.023113207547169834    0.46679115260639703
0.024056603773584984    0.44511281538287933
0.025000000000000022    0.46467044570420574
0.02594339622641506    0.4616072024007732
0.02688679245283021    0.4759808825163664
0.02783018867924536    0.4677336890074195
0.0287735849056604    0.48729131932875125
0.029716981132075437    0.45736578859617194
0.030660377358490587    0.45877959319770567
0.03160377358490574    0.4658486162053745
0.032547169811320775    0.45642325219525687
0.033490566037735814    0.46443481160384076
0.034433962264150964    0.46891185950869757
0.03537735849056611    0.452888740691315
0.03632075471698115    0.4625497388019046
0.03726415094339619    0.47857285761917834
0.03820754716981134    0.44723352228517993
0.03915094339622649    0.46796932310767514
0.04009433962264153    0.44817605868630794
0.04103773584905657    0.45524508169387123
0.04198113207547172    0.45312437479157064
0.042924528301886866    0.4606646659997507
0.043867924528301905    0.4606646659998591
0.04481132075471694    0.4474691563854356
0.04575471698113209    0.45477381349336005
0.04669811320754724    0.46702678670665265
0.04764150943396228    0.4609003001001148
0.04858490566037732    0.44911859508722496
0.04952830188679247    0.4639635434033295
0.05047169811320762    0.4274402578637073
0.05141509433962266    0.4580726908970466
0.052358490566037696    0.42673335556294045
0.053301886792452846    0.45171057019003685
0.054245283018867996    0.4458197176836462
0.055188679245283034    0.4469978881850295
0.05613207547169807    0.4281471601644742
0.05707547169811322    0.43827942647546614
0.05801886792452837    0.43238857396907543
0.05896226415094341    0.4394575969768477
0.05990566037735845    0.4512393019895256
0.0608490566037736    0.45053239968875874
0.06179245283018875    0.43945759697674425
0.06273584905660379    0.4623141047016489
0.06367924528301883    0.4512393019895256
0.06462264150943398    0.4441702789818568
0.06556603773584913    0.4700900300099758
0.06650943396226416    0.4420495720796602
0.0674528301886792    0.45571634989438253
0.06839622641509435    0.4467622540846687
0.0693396226415095    0.4493542291874806
0.07028301886792454    0.41565855285102377
0.07122641509433958    0.438986328776233
0.07216981132075473    0.4396932310769999
0.07311320754716988    0.4460553517839018
0.07405660377358492    0.4517105701901432
0.07499999999999996    0.43285984216958673
0.0759433962264151    0.4274402578637073
0.07688679245283025    0.452888740691315
0.0778301886792453    0.4587795931978137
0.07877358490566033    0.42932533066575235
0.07971698113207548    0.4415783038790449
0.08066037735849063    0.4404001333777668
0.08160377358490567    0.44299210848068293
0.08254716981132071    0.44087140157827803
0.08349056603773586    0.43992886517725555
0.08443396226415101    0.43710125597418803
0.08537735849056605    0.4455840835834955
0.08632075471698109    0.4401644992775111
0.08726415094339623    0.4432277425808343
0.08820754716981138    0.43945759697674425
0.08915094339622642    0.4484116927865636
0.09009433962264146    0.435216183172143
0.09103773584905661    0.43403801267086484
0.09198113207547176    0.4363943536734211
0.0929245283018868    0.42814716016457494
0.09386792452830184    0.4604290318994951
0.09481132075471699    0.4554807157941269
0.09575471698113214    0.43945759697674425
0.09669811320754718    0.46467044570420574
0.09764150943396221    0.4604290318994951
0.09858490566037736    0.4484116927864581
0.09952830188679251    0.4514749360897813
0.10047169811320755    0.4493542291875864
0.10141509433962259    0.45972212959872816
0.10235849056603774    0.4474691563854356
0.10330188679245289    0.43851506057572176
0.10424528301886793    0.4368656218740352
0.10518867924528297    0.44110703567853365
0.10613207547169812    0.4467622540846687
0.10707547169811327    0.45783705679668313
0.1080188679245283    0.44817605868630794
0.10896226415094334    0.4462909858841575
0.1099056603773585    0.45524508169387123
0.11084905660377364    0.45760142269642756
0.11179245283018868    0.45076803378912045
0.11273584905660372    0.4418139379793006
0.11367924528301887    0.44723352228517993
0.11462264150943402    0.4484116927864581
0.11556603773584906    0.4665555185062512
0.1165094339622641    0.46702678670665265
0.11745283018867925    0.46820495720793076
0.1183962264150944    0.4641991775035851
0.11933962264150944    0.45194620429039883
0.12028301886792447    0.45925086139821697
0.12122641509433962    0.435216183172143
0.12216981132075477    0.4583083249971944
0.12311320754716981    0.44534844948323976
0.12405660377358485    0.4660842503056301
0.125    0.4660842503056301
0.12594339622641515    0.4498254973879919
0.1268867924528302    0.45406691119270004
0.12783018867924523    0.46278537290205135
0.12877358490566038    0.4484116927864581
0.12971698113207553    0.4778659553184114
0.13066037735849056    0.4609003001001148
0.1316037735849056    0.4392219628764887
0.13254716981132075    0.45265310659105934
0.1334905660377359    0.44652661998441306
0.13443396226415094    0.4420495720796602
0.13537735849056598    0.43992886517725555
0.13632075471698113    0.44911859508722496
0.13726415094339628    0.44087140157827803
0.13820754716981132    0.4469978881850295
0.13915094339622636    0.45524508169387123
0.1400943396226415    0.4434633766810899
0.14103773584905666    0.44087140157827803
0.1419811320754717    0.4439346448817057
0.14292452830188673    0.4719751028120208
0.14386792452830188    0.47998666222071207
0.14481132075471703    0.435216183172143
0.14575471698113207    0.44275647438042726
0.1466981132075471    0.4519462042902925
0.14764150943396226    0.45171057019003685
0.1485849056603774    0.43238857396907543
0.14952830188679245    0.46278537290216026
0.15047169811320749    0.45171057019003685
0.15141509433962264    0.4396932310769999
0.15235849056603779    0.46631988440588573
0.15330188679245282    0.4531243747916773
0.15424528301886786    0.45218183839054815
0.155188679245283    0.44652661998441306
0.15613207547169816    0.45760142269642756
0.1570754716981132    0.43922196287659204
0.15801886792452824    0.4375725241746992
0.1589622641509434    0.478808491719434
0.15990566037735854    0.45524508169387123
0.16084905660377358    0.4378081582750579
0.16179245283018862    0.45453817939310437
0.16273584905660377    0.45854395909745005
0.16367924528301891    0.4554807157941269
0.16462264150943395    0.4561876180950012
0.165566037735849    0.4488829609869694
0.16650943396226414    0.46113593420026194
0.1674528301886793    0.4514749360897813
0.16839622641509433    0.459250861398325
0.16933962264150937    0.46631988440588573
0.17028301886792452    0.4639635434033295
0.17122641509433967    0.45076803378901437
0.1721698113207547    0.46914749360906366
0.17311320754716975    0.46844059130818644
0.1740566037735849    0.4349805490718873
0.17500000000000004    0.4519462042902925
0.17594339622641508    0.4342736467712227
0.17688679245283012    0.47268200511278763
0.17783018867924527    0.45076803378901437
0.17877358490566042    0.4493542291874806
0.17971698113207546    0.45241747249091024
0.1806603773584905    0.4514749360897813
0.18160377358490565    0.46891185950869757
0.1825471698113208    0.4512393019895256
0.18349056603773584    0.47268200511289893
0.18443396226415087    0.4604290318994951
0.18537735849056602    0.45500944759361567
0.18632075471698117    0.4783372235189227
0.1872641509433962    0.4679693231077853
0.18820754716981125    0.4632566411025626
0.1891509433962264    0.4554807157941269
0.19009433962264155    0.45218183839054815
0.1910377358490566    0.43875069467608063
0.19198113207547163    0.46702678670665265
0.19292452830188678    0.4514749360897813
0.19386792452830193    0.45972212959872816
0.19481132075471697    0.45218183839065457
0.195754716981132    0.46679115260639703
0.19669811320754715    0.45100366788927
0.1976415094339623    0.4462909858841575
0.19858490566037734    0.45336000889193295
0.19952830188679238    0.4583083249971944
0.20047169811320753    0.4462909858841575
0.20141509433962268    0.4564232521951494
0.20235849056603772    0.46396354340343865
0.20330188679245276    0.4493542291874806
0.2042452830188679    0.4309747693675417
0.20518867924528306    0.4380437923752105
0.2061320754716981    0.4394575969768477
0.20707547169811313    0.45571634989438253
0.20801886792452828    0.4580726908969388
0.20896226415094343    0.45053239968875874
0.20990566037735858    0.4335667444703536
0.21084905660377362    0.4651417139047171
0.21179245283018866    0.46749805490716384
0.2127358490566038    0.45854395909745005
0.21367924528301896    0.4533600088918263
0.214622641509434    0.46019339779934776
0.21556603773584904    0.44464154718236804
0.2165094339622642    0.44911859508722496
0.21745283018867934    0.44369901078134555
0.21839622641509437    0.44629098588426247
0.2193396226415094    0.45218183839054815
0.22028301886792456    0.4486473268867137
0.2212264150943397    0.4564232521951494
0.22216981132075475    0.45383127709244436
0.2231132075471698    0.4524174724908038
0.22405660377358494    0.4514749360897813
0.2250000000000001    0.4406357674780224
0.22594339622641513    0.4557163498944898
0.22688679245283017    0.4307391352672861
0.22783018867924532    0.44464154718236804
0.22877358490566047    0.4441702789818568
0.2297169811320755    0.4474691563855409
0.23066037735849054    0.43285984216958673
0.2316037735849057    0.438986328776233
0.23254716981132084    0.4486473268867137
0.23349056603773588    0.4425208402801716
0.23443396226415092    0.4326242080693311
0.23537735849056607    0.45218183839054815
0.23632075471698122    0.44204957207955614
0.23726415094339626    0.4434633766811943
0.2382075471698113    0.452888740691315
0.23915094339622645    0.43427364677112046
0.2400943396226416    0.43992886517725555
0.24103773584905663    0.44982549738809774
0.24198113207547167    0.46537734800486324
0.24292452830188682    0.43144603756805294
0.24386792452830197    0.4354518172723986
0.244811320754717    0.44181393797940455
0.24575471698113205    0.44534844948313496
0.2466981132075472    0.4404001333777668
0.24764150943396235    0.4203712348560385
0.2485849056603774    0.4267333555630408
0.24952830188679243    0.4198999666555272
0.2504716981132076    0.4422852061798118
0.2514150943396227    0.42885406246524105
0.25235849056603776    0.41754362565306924
0.2533018867924528    0.4305035011670304
0.25424528301886795    0.42602645326217353
0.2551886792452831    0.4295609647660079
0.25613207547169814    0.42696898966329655
0.2570754716981132    0.42225630765808353
0.25801886792452833    0.43427364677112046
0.2589622641509435    0.43592308547290987
0.2599056603773585    0.4109458708459101
0.26084905660377355    0.42508391686115105
0.2617924528301887    0.423198844059106
0.26273584905660385    0.42767589196396294
0.2636792452830189    0.4361587195732681
0.26462264150943393    0.4083538957430015
0.2655660377358491    0.42767589196396294
0.26650943396226423    0.42178503945757223
0.26745283018867927    0.4220206735579272
0.2683962264150943    0.4078826275424903
0.26933962264150946    0.43168167166830856
0.2702830188679246    0.40646882294095654
0.27122641509433965    0.4272046237635522
0.2721698113207547    0.42531955096140667
0.27311320754716983    0.4076469934422346
0.274056603773585    0.40057797043456583
0.275    0.40694009114156354
0.27594339622641506    0.4239057463598729
0.2768867924528302    0.3906813382238295
0.27783018867924536    0.40882516394351276
0.2787735849056604    0.41895743025460336
0.27971698113207544    0.4071757252417234
0.2806603773584906    0.4201356007557829
0.28160377358490574    0.4102389685450465
0.2825471698113208    0.39657219073031347
0.2834905660377358    0.4029343114371221
0.28443396226415096    0.4083538957430015
0.2853773584905661    0.4022274091363552
0.28632075471698115    0.42602645326227384
0.2872641509433962    0.41188840724683595
0.28820754716981134    0.3909169723240851
0.2891509433962265    0.40434811603865584
0.29009433962264153    0.40788262754258625
0.29103773584905657    0.4128309436478584
0.2919811320754717    0.4045837501389115
0.29292452830188687    0.3970434589307314
0.2938679245283019    0.39185950872519987
0.29481132075471694    0.41660108925194844
0.2957547169811321    0.43662998777367673
0.29669811320754724    0.40623318884070087
0.2976415094339623    0.39987106813389306
0.2985849056603773    0.4001067022340546
0.29952830188679247    0.4019917750360996
0.3004716981132076    0.4052906524396784
0.30141509433962266    0.4102389685451431
0.3023584905660377    0.3800778037123263
0.30330188679245285    0.42531955096140667
0.304245283018868    0.39657219073022015
0.30518867924528303    0.40882516394360896
0.3061320754716981    0.3984572635322652
0.3070754716981132    0.3946871179281752
0.3080188679245284    0.4076469934422346
0.3089622641509434    0.3977503612315919
0.30990566037735845    0.38573302211846133
0.3108490566037736    0.39280204512613015
0.31179245283018875    0.3944514838279195
0.3127358490566038    0.3890318995221317
0.3136792452830188    0.40623318884070087
0.314622641509434    0.3923307769256189
0.3155660377358491    0.3843192175169276
0.31650943396226416    0.38502611981778506
0.3174528301886792    0.4083538957430015
0.31839622641509435    0.3847904857174388
0.3193396226415095    0.3883249972212732
0.32028301886792454    0.39727909303108055
0.3212264150943396    0.38761809492050636
0.32216981132075473    0.38856063132152885
0.3231132075471699    0.3840835834166719
0.3240566037735849    0.38856063132162033
0.32499999999999996    0.3906813382238295
0.3259433962264151    0.38879626542178447
0.32688679245283025    0.3895031677225514
0.3278301886792453    0.384319217517018
0.32877358490566033    0.37795709681002565
0.3297169811320755    0.3920951428253633
0.33066037735849063    0.38290541291539376
0.33160377358490567    0.40529065243977375
0.3325471698113207    0.39303767922638577
0.33349056603773586    0.3847904857174388
0.334433962264151    0.39398021562740826
0.33537735849056605    0.39115260642443284
0.3363207547169811    0.38054907191283754
0.33726415094339623    0.3949227520284308
0.3382075471698114    0.3925664110258745
0.3391509433962264    0.39327331332673393
0.34009433962264146    0.40858952984325714
0.3410377358490566    0.3824341447148826
0.34198113207547176    0.389738801822807
0.3429245283018868    0.3838479493165067
0.34386792452830184    0.39822162943200956
0.344811320754717    0.3847904857174388
0.34575471698113214    0.39398021562740826
0.3466981132075472    0.388796265421876
0.3476415094339622    0.3909169723240851
0.34858490566037736    0.41047460264530217
0.3495283018867925    0.3890318995220401
0.35047169811320755    0.4029343114372169
0.3514150943396226    0.4041124819384002
0.35235849056603774    0.4041124819384002
0.3533018867924529    0.4107102367455578
0.35424528301886793    0.4022274091364499
0.35518867924528297    0.41966433255527164
0.3561320754716981    0.41565855285092596
0.35707547169811327    0.40175614093584394
0.3580188679245283    0.3996354340336374
0.35896226415094334    0.41825052795373785
0.3599056603773585    0.4050550183394227
0.36084905660377364    0.38337668111590506
0.3617924528301887    0.40152050683568286
0.3627358490566037    0.3989285317327764
0.36367924528301887    0.3918595087251076
0.364622641509434    0.417543625652971
0.36556603773584906    0.41636545515179085
0.3665094339622641    0.41565855285092596
0.36745283018867925    0.4224919417583391
0.3683962264150944    0.41707235745245974
0.36933962264150944    0.4114171390464215
0.3702830188679245    0.4031699455373777
0.3712264150943396    0.4201356007557829
0.3721698113207548    0.4239057463598729
0.3731132075471698    0.4272046237635522
0.37405660377358485    0.42414138046012856
0.375    0.4121240413470915
0.37594339622641515    0.41118150494606903
0.3768867924528302    0.4276758919640636
0.3778301886792452    0.42367011225961726
0.3787735849056604    0.42107813715680537
0.3797169811320755    0.39822162943200956
0.38066037735849056    0.41989996665562607
0.3816037735849056    0.4151872846504147
0.38254716981132075    0.41047460264530217
0.3834905660377359    0.4154229187506703
0.38443396226415094    0.4048193842392624
0.385377358490566    0.4349805490718873
0.38632075471698113    0.41565855285092596
0.3872641509433963    0.44464154718236804
0.3882075471698113    0.41377348004897835
0.38915094339622636    0.43827942647546614
0.3900943396226415    0.40599755474044524
0.39103773584905666    0.4281471601644742
0.3919811320754717    0.4194286984551147
0.39292452830188673    0.4151872846504147
0.3938679245283019    0.4264977214626848
0.39481132075471703    0.43450928087137614
0.39575471698113207    0.41660108925204653
0.3966981132075471    0.4133022118483697
0.39764150943396226    0.42908969656549667
0.3985849056603774    0.43592308547290987
0.39952830188679245    0.42791152606431926
0.4004716981132075    0.43380237857060927
0.40141509433962264    0.42531955096140667
0.4023584905660378    0.4229632099588504
0.4033018867924528    0.43757252417480225
0.40424528301886786    0.42531955096140667
0.405188679245283    0.4189574302545047
0.40613207547169816    0.4248482827608954
0.4070754716981132    0.44181393797940455
0.40801886792452824    0.4540669111925932
0.4089622641509434    0.423198844059106
0.40990566037735854    0.4305035011670304
0.4108490566037736    0.41825052795383627
0.4117924528301886    0.4257908191619179
0.41273584905660377    0.4206068689562941
0.4136792452830189    0.4052906524396784
0.41462264150943395    0.4180148938535806
0.415566037735849    0.43568745137265424
0.41650943396226414    0.42084250305654974
0.4174528301886793    0.4224919417583391
0.41839622641509433    0.41377348004897835
0.41933962264150937    0.42791152606421856
0.4202830188679245    0.4305035011670304
0.42122641509433967    0.4326242080693311
0.4221698113207547    0.4083538957430976
0.42311320754716975    0.43144603756805294
0.4240566037735849    0.4312104034677974
0.42500000000000004    0.4264977214626848
0.4259433962264151    0.4170723574525579
0.4268867924528301    0.42602645326217353
0.42783018867924527    0.435216183172143
0.4287735849056604    0.4158941869511816
0.42971698113207546    0.4484116927865636
0.4306603773584905    0.43827942647546614
0.43160377358490565    0.4406357674780224
0.4325471698113208    0.42885406246524105
0.43349056603773584    0.43922196287659204
0.4344339622641509    0.4406357674780224
0.435377358490566    0.4401644992775111
0.4363207547169812    0.4076469934422346
0.4372641509433962    0.4326242080694329
0.43820754716981125    0.40434811603865584
0.4391509433962264    0.43285984216958673
0.44009433962264155    0.43215293986881986
0.4410377358490566    0.4517105701901432
0.4419811320754716    0.4283827942647298
0.4429245283018868    0.45760142269642756
0.4438679245283019    0.42673335556294045
0.44481132075471697    0.4345092808714784
0.445754716981132    0.43851506057572176
0.44669811320754715    0.4305035011670304
0.4476415094339623    0.44911859508722496
0.44858490566037745    0.4540669111925932
0.4495283018867925    0.44629098588426247
0.45047169811320753    0.43568745137265424
0.4514150943396227    0.43686562187393235
0.45235849056603783    0.44440591308211247
0.45330188679245287    0.43050350116713176
0.4542452830188679    0.43427364677112046
0.45518867924528306    0.42367011225961726
0.4561320754716982    0.4349805490718873
0.45707547169811324    0.44982549738809774
0.4580188679245283    0.44652661998441306
0.45896226415094343    0.4434633766810899
0.4599056603773586    0.4474691563854356
0.4608490566037736    0.44958986328784206
0.46179245283018866    0.43710125597418803
0.4627358490566038    0.43827942647546614
0.46367924528301896    0.44110703567853365
0.464622641509434    0.4394575969768477
0.46556603773584904    0.44699788818492436
0.4665094339622642    0.45006113148824745
0.46745283018867934    0.4300322329665192
0.4683962264150944    0.4371012559742909
0.4693396226415094    0.44817605868620247
0.47028301886792456    0.45312437479157064
0.4712264150943397    0.4583083249971944
0.47216981132075475    0.4363943536735238
0.4731132075471698    0.4707969323107426
0.47405660377358494    0.45571634989438253
0.4750000000000001    0.4305035011670304
0.4759433962264151    0.45642325219525687
0.47688679245283017    0.4460553517839018
0.4778301886792453    0.4514749360897813
0.47877358490566047    0.4512393019895256
0.4797169811320755    0.4502967655886091
0.48066037735849054    0.4512393019895256
0.4816037735849057    0.4533600088918263
0.48254716981132084    0.46231410470154005
0.4834905660377359    0.45123930198963186
0.4844339622641509    0.46891185950869757
0.48537735849056607    0.47857285761917834
0.4863207547169812    0.4757452484161109
0.48726415094339626    0.48917639213079667
0.4882075471698113    0.45076803378901437
0.48915094339622645    0.4554807157941269
0.4900943396226416    0.4715038346115095
0.49103773584905663    0.4625497388019046
0.49198113207547167    0.46820495720793076
0.4929245283018868    0.46820495720793076
0.49386792452830197    0.46679115260639703
0.494811320754717    0.4703256641103421
0.49575471698113205    0.4665555185061414
0.4966981132075472    0.46137156830051756
0.49764150943396235    0.4795153940202008
0.4985849056603774    0.46184283650113755
0.4995283018867924    0.4879982216294035
0.5004716981132076    0.506613315549598
0.5014150943396227    0.4715038346115095
0.5023584905660378    0.484463710125683
0.5033018867924528    0.46372790930307384
0.504245283018868    0.4700900300099758
0.5051886792452831    0.4696187618094645
0.5061320754716981    0.46467044570420574
0.5070754716981132    0.46844059130818644
0.5080188679245283    0.4957741469378391
0.5089622641509435    0.47338890741355455
0.5099056603773585    0.4825786373236376
0.5108490566037736    0.48517061242633586
0.5117924528301887    0.4823430032232684
0.5127358490566039    0.4707969323107426
0.5136792452830189    0.4759808825164785
0.5146226415094339    0.4816361009225015
0.5155660377358491    0.4752739802155996
0.5165094339622642    0.4877625875291478
0.5174528301886793    0.4757452484162228
0.5183962264150943    0.492710903634516
0.5193396226415095    0.4953028787373279
0.5202830188679246    0.4997799266421848
0.5212264150943396    0.4922396354341205
0.5221698113207547    0.4870556852283809
0.5231132075471698    0.5054351450483199
0.524056603773585    0.48964766033119284
0.525    0.5101478270535524
0.5259433962264151    0.5040213404467861
0.5268867924528302    0.49789485384013976
0.5278301886792454    0.5061420473490866
0.5287735849056604    0.49011892853181943
0.5297169811320754    0.5035500722462748
0.5306603773584906    0.4957741469378391
0.5316037735849057    0.4953028787373279
0.5325471698113208    0.4915327331333535
0.5334905660377358    0.5228720684672362
0.534433962264151    0.5191019228631462
0.5353773584905661    0.5299410914749051
0.5363207547169812    0.5363032121819332
0.5372641509433962    0.517923752361868
0.5382075471698113    0.5113259975547104
0.5391509433962265    0.5117972657552218
0.5400943396226415    0.5304123596755411
0.5410377358490566    0.5092052906524099
0.5419811320754717    0.5004868289429517
0.5429245283018869    0.5120328998554774
0.5438679245283019    0.5344181393798877
0.5448113207547169    0.5259353117705593
0.5457547169811321    0.544550405690754
0.5466981132075472    0.5150961431588005
0.5476415094339623    0.5421940646883253
0.5485849056603773    0.5120328998554774
0.5495283018867925    0.5294698232743937
0.5504716981132076    0.5275847504723488
0.5514150943396227    0.5228720684673593
0.5523584905660377    0.5301767255751607
0.5533018867924528    0.5245215071690256
0.554245283018868    0.5214582638657025
0.555188679245283    0.5280560186729844
0.5561320754716981    0.517923752361868
0.5570754716981132    0.5431366010892201
0.5580188679245284    0.5278203845726044
0.5589622641509434    0.5315905301768196
0.5599056603773584    0.5393664554851302
0.5608490566037736    0.5313548960764388
0.5617924528301887    0.5490274535956108
0.5627358490566038    0.5249927753696604
0.5636792452830188    0.5421940646881976
0.564622641509434    0.5344181393797619
0.5655660377358491    0.5440791374902426
0.5665094339622642    0.554211403801365
0.5674528301886792    0.5742403023229629
0.5683962264150944    0.5370101144825739
0.5693396226415095    0.5674069134155497
0.5702830188679245    0.5565677448039218
0.5712264150943396    0.5497343558963778
0.5721698113207547    0.5586884517060916
0.5731132075471699    0.5615160609091591
0.5740566037735849    0.5619873291098026
0.575    0.5424296987884533
0.5759433962264151    0.5615160609091591
0.5768867924528303    0.5410158941869195
0.5778301886792453    0.5471423807936946
0.5787735849056603    0.5544470379014902
0.5797169811320755    0.543843503389987
0.5806603773584906    0.5711770590196398
0.5816037735849057    0.5754184728243765
0.5825471698113207    0.5806024230298648
0.5834905660377359    0.5857863732354885
0.584433962264151    0.5709414249193842
0.585377358490566    0.5820162276315356
0.5863207547169811    0.5403089918861526
0.5872641509433962    0.5740046682227072
0.5882075471698114    0.5591597199066027
0.5891509433962264    0.564579304212615
0.5900943396226415    0.5560964766032797
0.5910377358490566    0.5690563521173391
0.5919811320754718    0.587435811937278
0.5929245283018868    0.5834300322330697
0.5938679245283018    0.567878181616061
0.594811320754717    0.5688207180170834
0.5957547169811321    0.5751828387239853
0.5966981132075472    0.5671712793154275
0.5976415094339622    0.573533400022196
0.5985849056603774    0.5768322774257748
0.5995283018867925    0.5902634211403456
0.6004716981132076    0.5690563521174731
0.6014150943396226    0.5709414249193842
0.6023584905660377    0.599453151050315
0.6033018867924529    0.5862576414359999
0.6042452830188679    0.5919128598422743
0.605188679245283    0.581780593531143
0.6061320754716981    0.5756541069244967
0.6070754716981133    0.6020451261531269
0.6080188679245283    0.6128842947650299
0.6089622641509433    0.6003956874513375
0.6099056603773585    0.6065221740579838
0.6108490566037736    0.5749472046237297
0.6117924528301887    0.6058152717573595
0.6127358490566037    0.5674069134155497
0.6136792452830189    0.5742403023229629
0.614622641509434    0.6020451261531269
0.6155660377358491    0.6079359786596606
0.6165094339622641    0.5888496165388118
0.6174528301886792    0.5890852506390674
0.6183962264150944    0.5775391797265417
0.6193396226415094    0.5857863732356264
0.6202830188679245    0.6008669556518488
0.6212264150943396    0.6001600533510818
0.6221698113207548    0.6107635878625851
0.6231132075471698    0.6201889518729561
0.6240566037735849    0.6079359786595175
0.625    0.5820162276313985
0.6259433962264151    0.595683005446225
0.6268867924528302    0.5968611759476435
0.6278301886792452    0.571648327220151
0.6287735849056604    0.606993442258495
0.6297169811320755    0.6197176836722988
0.6306603773584906    0.6204245859732118
0.6316037735849056    0.6081716127597732
0.6325471698113208    0.599453151050315
0.6334905660377359    0.6084072468600288
0.6344339622641509    0.6006313215517345
0.635377358490566    0.5966255418472475
0.6363207547169811    0.6373902411914709
0.6372641509433963    0.5926197621429018
0.6382075471698113    0.6371546070913653
0.6391509433962264    0.5982749805490368
0.6400943396226415    0.6192464154717876
0.6410377358490567    0.6225452928753664
0.6419811320754717    0.617361342669888
0.6429245283018867    0.6357408024896816
0.6438679245283019    0.6218383905745996
0.644811320754717    0.6324419250861028
0.6457547169811321    0.6267867066801152
0.6466981132075471    0.6142980993664194
0.6476415094339623    0.6263154384794564
0.6485849056603774    0.6003956874513375
0.6495283018867924    0.6180682449706549
0.6504716981132075    0.6093497832610513
0.6514150943396226    0.6258441702789452
0.6523584905660378    0.624665999777667
0.6533018867924528    0.6185395131711663
0.6542452830188679    0.6251372679781784
0.655188679245283    0.6359764365899372
0.6561320754716982    0.6336200955873809
0.6570754716981132    0.6192464154719334
0.6580188679245282    0.6423385572968391
0.6589622641509434    0.6383327775924935
0.6599056603773585    0.6201889518728102
0.6608490566037736    0.6227809269757686
0.6617924528301886    0.627257974880479
0.6627358490566038    0.6333844614871252
0.6636792452830189    0.6439879959986284
0.664622641509434    0.6442236300990357
0.665566037735849    0.6522351895075754
0.6665094339622641    0.6529420918083423
0.6674528301886793    0.6402178503945384
0.6683962264150943    0.6369189729911097
0.6693396226415094    0.6578904079137105
0.6702830188679245    0.6213671223740883
0.6712264150943397    0.6333844614871252
0.6721698113207547    0.6397465821941777
0.6731132075471697    0.6487006780037411
0.6740566037735849    0.6371546070912153
0.675    0.6614249194175448
0.6759433962264151    0.6395109480939221
0.6768867924528301    0.656947871512688
0.6778301886792453    0.6529420918083423
0.6787735849056604    0.6421029231965835
0.6797169811320755    0.6364477047905982
0.6806603773584905    0.6666088696231687
0.6816037735849056    0.6465799711014404
0.6825471698113208    0.652470823607831
0.6834905660377358    0.6451661665000585
0.6844339622641509    0.6444592641991397
0.685377358490566    0.656947871512688
0.6863207547169812    0.6654306991218905
0.6872641509433962    0.6416316549962233
0.6882075471698113    0.6239590974769003
0.6891509433962264    0.6588329443147329
0.6900943396226416    0.6515282872068086
0.6910377358490567    0.6529420918083423
0.6919811320754717    0.6437523618985244
0.6929245283018868    0.6397465821940272
0.6938679245283019    0.6531777259085979
0.6948113207547171    0.6340913637878921
0.6957547169811321    0.6416316549962233
0.6966981132075472    0.6340913637878921
0.6976415094339623    0.6527064577080867
0.6985849056603775    0.6519995554073198
0.6995283018867925    0.6531777259087517
0.7004716981132075    0.646815605201696
0.7014150943396227    0.6477581416027185
0.7023584905660378    0.6397465821940272
0.7033018867924529    0.6461087029010811
0.7042452830188679    0.6458730688006734
0.7051886792452831    0.6357408024896816
0.7061320754716982    0.676505501833905
0.7070754716981132    0.6715571857286949
0.7080188679245283    0.6694364788262362
0.7089622641509434    0.6651950650216348
0.7099056603773586    0.6444592641991397
0.7108490566037736    0.6604823830166778
0.7117924528301887    0.6668445037234243
0.7127358490566038    0.6687295765254693
0.713679245283019    0.6456374347004178
0.714622641509434    0.6743847949317631
0.715566037735849    0.6647237968211237
0.7165094339622642    0.6390396798932603
0.7174528301886793    0.6465799711014404
0.7183962264150944    0.6451661665000585
0.7193396226415094    0.6595398466154999
0.7202830188679246    0.6840457930420851
0.7212264150943397    0.6536489941091091
0.7221698113207548    0.6755629654330414
0.7231132075471698    0.6774480382349275
0.7240566037735849    0.6710859175280256
0.7250000000000001    0.6588329443147329
0.7259433962264151    0.6887584750473597
0.7268867924528302    0.6552984328108986
0.7278301886792453    0.6878159386461751
0.7287735849056605    0.6677870401244468
0.7297169811320755    0.6800400133378994
0.7306603773584905    0.6932355229520545
0.7316037735849057    0.6831032566410625
0.7325471698113208    0.7017183505612571
0.7334905660377359    0.6861664999445473
0.7344339622641509    0.7038390574635577
0.7353773584905661    0.6710859175280256
0.7363207547169812    0.7083161053684146
0.7372641509433963    0.6906435478494052
0.7382075471698113    0.6852239635433632
0.7391509433962264    0.686637768144897
0.7400943396226416    0.67085028342777
0.7410377358490566    0.6819250861399448
0.7419811320754717    0.6962987662553777
0.7429245283018868    0.6812181838390176
0.743867924528302    0.7102011781704597
0.744811320754717    0.6993620095588654
0.745754716981132    0.708080471268159
0.7466981132075472    0.692999888851799
0.7476415094339623    0.7014827164610015
0.7485849056603774    0.7135000555742064
0.7495283018867924    0.7069023007668809
0.7504716981132076    0.7071379348671365
0.7514150943396227    0.7066666666666253
0.7523584905660378    0.6995976436591211
0.7533018867924528    0.6993620095587008
0.754245283018868    0.7052528620650915
0.7551886792452831    0.7332933199955111
0.7561320754716981    0.7177414693788087
0.7570754716981132    0.7102011781704597
0.7580188679245283    0.7132644214737828
0.7589622641509435    0.7507302434144275
0.7599056603773585    0.7354140268979849
0.7608490566037736    0.7179771034788953
0.7617924528301887    0.7302300766921879
0.7627358490566039    0.7271668333888648
0.7636792452830189    0.7269311992887802
0.7646226415094339    0.7271668333888648
0.7655660377358491    0.7144425919750609
0.7665094339622642    0.7314082471934661
0.7674528301886793    0.7299944425921041
0.7683962264150943    0.6988907413581895
0.7693396226415095    0.7123218850727603
0.7702830188679246    0.7233966877847747
0.7712264150943396    0.7460175614094906
0.7721698113207547    0.735885295098323
0.7731132075471698    0.7547360231187732
0.774056603773585    0.7474313660108487
0.775    0.7375347338002859
0.7759433962264151    0.7448393909080367
0.7768867924528302    0.7290519061909098
0.7778301886792454    0.7226897854840079
0.7787735849056604    0.727873735689803
0.7797169811320754    0.7474313660108487
0.7806603773584906    0.7413048794042024
0.7816037735849057    0.789609869956606
0.7825471698113208    0.7309369789931268
0.7834905660377358    0.7328220517949998
0.784433962264151    0.7467244637100818
0.7853773584905661    0.7479026342113599
0.7863207547169812    0.7453106591087235
0.7872641509433962    0.7467244637100818
0.7882075471698113    0.7462531955095705
0.7891509433962265    0.7403623430031799
0.7900943396226415    0.7438968545071893
0.7910377358490566    0.7429543181059918
0.7919811320754717    0.7714660442369227
0.7929245283018869    0.7387129043013906
0.7938679245283019    0.7643970212294338
0.7948113207547169    0.7759430921417796
0.7957547169811321    0.7568567300210738
0.7966981132075472    0.7728798488384564
0.7976415094339623    0.7660464599312236
0.7985849056603773    0.7304657107924435
0.7995283018867925    0.773822385239479
0.8004716981132076    0.739655440702413
0.8014150943396227    0.7535578526176724
0.8023584905660377    0.7733511170389676
0.8033018867924528    0.7820695787484259
0.804245283018868    0.7790063354451028
0.805188679245283    0.7563854618207405
0.8061320754716981    0.7632188507279757
0.8070754716981132    0.7681671668333439
0.8080188679245284    0.7533222185172394
0.8089622641509434    0.7707591419363372
0.8099056603773584    0.763690118928487
0.8108490566037736    0.7825408469489371
0.8117924528301887    0.75921307102363
0.8127358490566038    0.7766499944427292
0.8136792452830188    0.7865466266532828
0.814622641509434    0.7837190174502152
0.8155660377358491    0.7684028009335995
0.8165094339622642    0.7870178948539793
0.8174528301886792    0.7559141936200513
0.8183962264150944    0.7726442147382008
0.8193396226415095    0.7709947760364113
0.8202830188679245    0.7674602645327576
0.8212264150943396    0.7940869178614628
0.8221698113207547    0.7740580193397346
0.8231132075471699    0.7747649216405014
0.8240566037735849    0.7940869178616498
0.825    0.7823052128486815
0.8259433962264151    0.7823052128486815
0.8268867924528303    0.7987995998665754
0.8278301886792453    0.7818339446483543
0.8287735849056603    0.7651039235300208
0.8297169811320755    0.7709947760364113
0.8306603773584906    0.7820695787484259
0.8316037735849057    0.7931443814606269
0.8325471698113207    0.7733511170389676
0.8334905660377359    0.785132822051749
0.834433962264151    0.7825408469489371
0.835377358490566    0.7526153162166497
0.8363207547169811    0.7648682894297651
0.8372641509433962    0.7764143603422908
0.8382075471698114    0.7684028009335995
0.8391509433962264    0.7761787262422178
0.8400943396226415    0.7957363565632521
0.8410377358490566    0.8058686228742442
0.8419811320754718    0.7900811381571172
0.8429245283018868    0.7973857952652293
0.8438679245283018    0.7740580193397346
0.844811320754717    0.7867822607535384
0.8457547169811321    0.7891386017560946
0.8466981132075472    0.7964432588642065
0.8476415094339622    0.8013915749693873
0.8485849056603774    0.8192997665888149
0.8495283018867925    0.8108169389796124
0.8504716981132076    0.8157652550851725
0.8514150943396226    0.820477937090093
0.8523584905660377    0.8275469600977619
0.8533018867924529    0.8075180615760336
0.8542452830188679    0.8416850061132976
0.855188679245283    0.820477937090093
0.8561320754716981    0.8405068356118214
0.8570754716981133    0.8376792264087539
0.8580188679245283    0.8192997665890077
0.8589622641509433    0.8475758586194901
0.8599056603773585    0.8176503278870255
0.8608490566037736    0.8282538623985287
0.8617924528301887    0.858415027231451
0.8627358490566037    0.8473402245192345
0.8636792452830189    0.8595931977325271
0.864622641509434    0.8744381460486317
0.8655660377358491    0.8367366900079283
0.8665094339622641    0.8994153606757281
0.8674528301886792    0.8890474602644806
0.8683962264150944    0.8692541958430079
0.8693396226415094    0.8845704123598318
0.8702830188679245    0.8866911192619242
0.8712264150943396    0.8970590196731718
0.8721698113207548    0.8961164832721493
0.8731132075471698    0.8951739468713374
0.8740566037735849    0.8758519506501654
0.875    0.8909325330665254
0.8759433962264151    0.8751450483493984
0.8768867924528302    0.9029498721797751
0.8778301886792452    0.9192086250972007
0.8787735849056604    0.921564966099757
0.8797169811320755    0.888104923863458
0.8806603773584906    0.9218006002002296
0.8816037735849056    0.9218006002000126
0.8825471698113208    0.9093119928864645
0.8834905660377359    0.9173235522951558
0.8844339622641509    0.9104901633879569
0.885377358490566    0.9001222629764949
0.8863207547169811    0.9005935311770062
0.8872641509433963    0.9227431366010351
0.8882075471698113    0.9034211403802864
0.8891509433962264    0.8911681671667812
0.8900943396226415    0.840742469712077
0.8910377358490567    0.8619495387350834
0.8919811320754717    0.857001222629917
0.8929245283018867    0.8440413471156557
0.8938679245283019    0.8355585195064532
0.894811320754717    0.8280182282982731
0.8957547169811321    0.7889029676560247
0.8966981132075471    0.8108169389796124
0.8976415094339623    0.7709947760364113
0.8985849056603774    0.7568567300210738
0.8995283018867924    0.7248104923864792
0.9004716981132075    0.7311726130932105
0.9014150943396226    0.7160920306768502
0.9023584905660378    0.6972413026564002
0.9033018867924528    0.6437523618985244
0.9042452830188679    0.6477581416027185
0.905188679245283    0.6343269978881478
0.9061320754716982    0.5912059575413681
0.9070754716981132    0.5803667889297458
0.9080188679245282    0.5591597199066027
0.9089622641509434    0.5421940646881976
0.9099056603773585    0.5308836278759275
0.9108490566037736    0.4825786373236376
0.9117924528301886    0.49129709903298224
0.9127358490566038    0.480693564521479
0.9136792452830189    0.4665555185061414
0.914622641509434    0.4394575969768477
0.915566037735849    0.44087140157827803
0.9165094339622641    0.40882516394351276
0.9174528301886793    0.3824341447148826
0.9183962264150943    0.3958652884295465
0.9193396226415094    0.3607558074913648
0.9202830188679245    0.3607558074913648
0.9212264150943397    0.3409625430698922
0.9221698113207547    0.329416472157444
0.9231132075471697    0.3235256196509758
0.9240566037735849    0.30019784372566877
0.925    0.3032610870289919
0.9259433962264151    0.2801689452040064
0.9268867924528301    0.2745137267978054
0.9278301886792453    0.27027231299320414
0.9287735849056604    0.2610825830832347
0.9297169811320755    0.2424674891630972
0.9306603773584905    0.21819717683671055
0.9316037735849056    0.22055351783926683
0.9325471698113208    0.19604757141268164
0.933490566037736    0.19769701011447102
0.934433962264151    0.18992108480608003
0.935377358490566    0.16989218628430702
0.9363207547169812    0.16753584528175078
0.9372641509433963    0.14774258086027808
0.9382075471698114    0.14185172835392082
0.9391509433962264    0.1413804601533762
0.9400943396226416    0.12347226853394852
0.9410377358490567    0.1145181727242347
0.9419811320754717    0.10415027231301163
0.9429245283018868    0.09283983550071702
0.9438679245283019    0.09048349449816075
0.9448113207547171    0.07752361898410128
0.9457547169811321    0.07116149827721609
0.9466981132075472    0.06550627987106429
0.9476415094339623    0.051368233855726676
0.9485849056603775    0.04712682005112539
0.9495283018867925    0.04076469934423306
0.9504716981132075    0.036523285539622176
0.9514150943396227    0.02686228742914147
0.9523584905660378    0.024034678226073948
0.9533018867924529    0.017672557519176183
0.9542452830188679    0.01625875291763826
0.9551886792452831    0.013666777814826364
0.9561320754716982    0.011310436812270093
0.9570754716981132    0.009896632210738662
0.9580188679245283    0.005183950205623793
0.9589622641509434    0.006833388907413182
0.9599056603773586    0.004477047904856912
0.9608490566037736    0.003298877403579554
0.9617924528301887    0.0021207069023006426
0.9627358490566038    0.0011781705012781348
0.963679245283019    0.0004712682005112539
0.964622641509434    0.00047126820051136484
0.965566037735849    0.00023563410025562696
0.9665094339622642    0.00023563410025562696
0.9674528301886793    0.0
0.9683962264150944    0.0
0.9693396226415094    0.0
0.9702830188679246    0.0
0.9712264150943397    0.0
0.9721698113207548    0.0
0.9731132075471698    0.0
0.9740566037735849    0.0
0.9750000000000001    0.0
0.9759433962264151    0.0
0.9768867924528302    0.0
0.9778301886792453    0.0
0.9787735849056605    0.0
0.9797169811320755    0.0
0.9806603773584905    0.0
0.9816037735849057    0.0
0.9825471698113208    0.0
0.9834905660377359    0.0
0.9844339622641509    0.0
0.9853773584905661    0.0
0.9863207547169812    0.0
0.9872641509433963    0.0
0.9882075471698113    0.0
0.9891509433962264    0.0
0.9900943396226416    0.0
0.9910377358490566    0.0
0.9919811320754717    0.0
0.9929245283018868    0.0
0.993867924528302    0.0
0.994811320754717    0.0
0.995754716981132    0.0
0.9966981132075472    0.0
0.9976415094339623    0.0
0.9985849056603774    0.0
0.9995283018867924    0.0