-0.9995283018867924    0.0
-0.9985849056603773    0.0
-0.9976415094339622    0.0
-0.9966981132075472    0.0
-0.995754716981132    0.0
-0.9948113207547169    0.0
-0.9938679245283019    0.0
-0.9929245283018868    0.0
-0.9919811320754717    0.0
-0.9910377358490565    0.0
-0.9900943396226415    0.0
-0.9891509433962264    0.0
-0.9882075471698113    0.0
-0.9872641509433961    0.0
-0.9863207547169811    0.0
-0.9853773584905661    0.0
-0.9844339622641509    0.0
-0.9834905660377358    0.0
-0.9825471698113207    0.0
-0.9816037735849057    0.0
-0.9806603773584905    0.0
-0.9797169811320754    0.0
-0.9787735849056604    0.0
-0.9778301886792453    0.0
-0.9768867924528302    0.0
-0.975943396226415    0.0
-0.975    0.0
-0.9740566037735849    0.0
-0.9731132075471698    0.0
-0.9721698113207546    0.0
-0.9712264150943396    0.0
-0.9702830188679246    0.0
-0.9693396226415094    0.0
-0.9683962264150943    0.0
-0.9674528301886792    0.0
-0.9665094339622642    0.0
-0.965566037735849    0.0
-0.9646226415094339    0.0
-0.9636792452830188    0.0
-0.9627358490566038    0.0
-0.9617924528301887    0.0
-0.9608490566037735    0.0
-0.9599056603773585    0.0
-0.9589622641509434    0.0
-0.9580188679245283    0.0
-0.9570754716981131    0.0
-0.9561320754716981    0.0
-0.9551886792452831    0.0
-0.9542452830188679    0.0
-0.9533018867924528    0.0
-0.9523584905660377    0.0
-0.9514150943396227    0.0
-0.9504716981132075    0.0
-0.9495283018867924    0.0
-0.9485849056603773    0.0
-0.9476415094339623    0.0
-0.9466981132075472    0.0
-0.945754716981132    0.0
-0.944811320754717    0.0
-0.9438679245283019    0.0
-0.9429245283018868    0.0
-0.9419811320754716    0.0
-0.9410377358490566    0.0
-0.9400943396226416    0.0
-0.9391509433962264    0.0
-0.9382075471698113    0.0
-0.9372641509433962    0.0
-0.9363207547169812    0.0
-0.935377358490566    0.0
-0.9344339622641509    0.0
-0.9334905660377358    0.0
-0.9325471698113208    0.0
-0.9316037735849056    0.0
-0.9306603773584905    0.0
-0.9297169811320755    0.0
-0.9287735849056604    0.0
-0.9278301886792453    0.0
-0.9268867924528301    0.0
-0.9259433962264151    0.0
-0.925    0.0
-0.9240566037735849    0.0
-0.9231132075471697    0.0
-0.9221698113207547    0.0
-0.9212264150943397    0.0
-0.9202830188679245    0.0
-0.9193396226415094    0.0
-0.9183962264150943    0.0
-0.9174528301886793    0.0
-0.9165094339622641    0.0
-0.915566037735849    0.0
-0.914622641509434    0.0
-0.9136792452830189    0.0
-0.9127358490566038    0.0
-0.9117924528301886    0.0
-0.9108490566037736    0.0
-0.9099056603773585    0.0
-0.9089622641509434    0.0
-0.9080188679245282    0.0
-0.9070754716981132    0.0
-0.9061320754716982    0.0
-0.905188679245283    0.0
-0.9042452830188679    0.0
-0.9033018867924528    0.0
-0.9023584905660378    0.0
-0.9014150943396226    0.0
-0.9004716981132075    0.0
-0.8995283018867924    0.0
-0.8985849056603774    0.0
-0.8976415094339623    0.0
-0.8966981132075471    0.0
-0.8957547169811321    0.0
-0.894811320754717    0.0
-0.8938679245283019    0.0
-0.8929245283018867    0.0
-0.8919811320754717    0.0
-0.8910377358490567    0.0
-0.8900943396226415    0.0
-0.8891509433962264    0.0
-0.8882075471698113    0.0
-0.8872641509433963    0.0
-0.8863207547169811    0.0
-0.885377358490566    0.0
-0.8844339622641509    0.0
-0.8834905660377359    0.0
-0.8825471698113208    0.0
-0.8816037735849056    0.0
-0.8806603773584906    0.0
-0.8797169811320755    0.0
-0.8787735849056604    0.0
-0.8778301886792452    0.0
-0.8768867924528302    0.0
-0.8759433962264151    0.0
-0.875    0.0
-0.8740566037735849    0.0
-0.8731132075471698    0.0
-0.8721698113207548    0.0
-0.8712264150943396    0.0
-0.8702830188679245    0.0
-0.8693396226415094    0.0
-0.8683962264150944    0.0
-0.8674528301886792    0.0
-0.8665094339622641    0.0
-0.8655660377358491    0.0
-0.864622641509434    0.0
-0.8636792452830189    0.0
-0.8627358490566037    0.0
-0.8617924528301887    0.0
-0.8608490566037736    0.0
-0.8599056603773585    0.0
-0.8589622641509433    0.0
-0.8580188679245283    0.0
-0.8570754716981133    0.0
-0.8561320754716981    0.0
-0.855188679245283    0.0
-0.8542452830188679    0.0
-0.8533018867924529    0.0
-0.8523584905660377    0.0
-0.8514150943396226    0.0
-0.8504716981132076    0.0
-0.8495283018867925    0.0
-0.8485849056603774    0.0
-0.8476415094339622    0.0
-0.8466981132075472    0.0
-0.8457547169811321    0.0
-0.844811320754717    0.0
-0.8438679245283018    0.0
-0.8429245283018868    0.0
-0.8419811320754718    0.0
-0.8410377358490566    0.0
-0.8400943396226415    0.0
-0.8391509433962264    0.0
-0.8382075471698114    0.0
-0.8372641509433962    0.0
-0.8363207547169811    0.0
-0.835377358490566    0.0
-0.834433962264151    0.0
-0.8334905660377359    0.0
-0.8325471698113207    0.0
-0.8316037735849057    0.0
-0.8306603773584906    0.0
-0.8297169811320755    0.0
-0.8287735849056603    0.0
-0.8278301886792453    0.0
-0.8268867924528303    0.0
-0.8259433962264151    0.0
-0.825    0.0
-0.8240566037735849    0.0
-0.8231132075471699    0.0
-0.8221698113207547    0.0
-0.8212264150943396    0.0
-0.8202830188679245    0.0
-0.8193396226415095    0.0
-0.8183962264150944    0.0
-0.8174528301886792    0.0
-0.816509433962264    0.0
-0.8155660377358491    0.0
-0.814622641509434    0.0
-0.8136792452830188    0.0
-0.8127358490566037    0.0
-0.8117924528301887    0.0
-0.8108490566037736    0.0
-0.8099056603773584    0.0
-0.8089622641509433    0.0
-0.8080188679245284    0.0
-0.8070754716981132    0.0
-0.8061320754716981    0.0
-0.8051886792452829    0.0
-0.804245283018868    0.0
-0.8033018867924528    0.0
-0.8023584905660377    0.0
-0.8014150943396225    0.0
-0.8004716981132076    0.0
-0.7995283018867925    0.0
-0.7985849056603773    0.0
-0.7976415094339622    0.0
-0.7966981132075472    0.0
-0.7957547169811321    0.0
-0.7948113207547169    0.0
-0.7938679245283018    0.0
-0.7929245283018869    0.0
-0.7919811320754717    0.0
-0.7910377358490566    0.0
-0.7900943396226414    0.0
-0.7891509433962265    0.0
-0.7882075471698113    0.0
-0.7872641509433962    0.0
-0.786320754716981    0.0
-0.7853773584905661    0.0
-0.784433962264151    0.0
-0.7834905660377358    0.0
-0.7825471698113207    0.0
-0.7816037735849057    0.0
-0.7806603773584906    0.0
-0.7797169811320754    0.0
-0.7787735849056603    0.0
-0.7778301886792454    0.0
-0.7768867924528302    0.0
-0.7759433962264151    0.0
-0.7749999999999999    0.0
-0.774056603773585    0.0
-0.7731132075471698    0.0
-0.7721698113207547    0.0
-0.7712264150943395    0.0
-0.7702830188679246    0.0
-0.7693396226415095    0.0
-0.7683962264150943    0.0
-0.7674528301886792    0.0
-0.7665094339622642    0.0
-0.7655660377358491    0.0
-0.7646226415094339    0.0
-0.7636792452830188    0.0
-0.7627358490566039    0.0
-0.7617924528301887    0.0
-0.7608490566037736    0.0
-0.7599056603773584    0.0
-0.7589622641509435    0.0
-0.7580188679245283    0.0
-0.7570754716981132    0.0
-0.756132075471698    0.0
-0.7551886792452831    0.0
-0.754245283018868    0.0
-0.7533018867924528    0.0
-0.7523584905660377    0.0
-0.7514150943396227    0.0
-0.7504716981132076    0.0
-0.7495283018867924    0.0
-0.7485849056603773    0.0
-0.7476415094339623    0.0
-0.7466981132075472    0.0
-0.745754716981132    0.0
-0.7448113207547169    0.0
-0.743867924528302    0.0
-0.7429245283018868    0.0
-0.7419811320754717    0.0
-0.7410377358490565    0.0
-0.7400943396226416    0.0
-0.7391509433962264    0.0
-0.7382075471698113    0.0
-0.7372641509433961    0.0
-0.7363207547169812    0.0
-0.7353773584905661    0.0
-0.7344339622641509    0.0
-0.7334905660377358    0.0
-0.7325471698113208    0.0
-0.7316037735849057    0.0
-0.7306603773584905    0.0
-0.7297169811320754    0.0
-0.7287735849056605    0.0
-0.7278301886792453    0.0
-0.7268867924528302    0.0
-0.725943396226415    0.0
-0.7250000000000001    0.0
-0.7240566037735849    0.0
-0.7231132075471698    0.0
-0.7221698113207546    0.0
-0.7212264150943397    0.0
-0.7202830188679246    0.0
-0.7193396226415094    0.0
-0.7183962264150943    0.0
-0.7174528301886793    0.0
-0.7165094339622642    0.0
-0.715566037735849    0.0
-0.7146226415094339    0.0
-0.713679245283019    0.0
-0.7127358490566038    0.0
-0.7117924528301887    0.0
-0.7108490566037735    0.0
-0.7099056603773586    0.0
-0.7089622641509434    0.0
-0.7080188679245283    0.0
-0.7070754716981131    0.0
-0.7061320754716982    0.0
-0.7051886792452831    0.0
-0.7042452830188679    0.0
-0.7033018867924528    0.0
-0.7023584905660378    0.0
-0.7014150943396227    0.0
-0.7004716981132075    0.0
-0.6995283018867924    0.0
-0.6985849056603775    0.0
-0.6976415094339623    0.0
-0.6966981132075472    0.0
-0.695754716981132    0.0
-0.6948113207547171    0.0
-0.6938679245283019    0.0
-0.6929245283018868    0.0
-0.6919811320754716    0.0
-0.6910377358490567    0.0
-0.6900943396226416    0.0
-0.6891509433962264    0.0
-0.6882075471698113    0.0
-0.6872641509433963    0.0
-0.6863207547169812    0.0
-0.685377358490566    0.0
-0.6844339622641509    0.0
-0.683490566037736    0.0
-0.6825471698113208    0.0
-0.6816037735849056    0.0
-0.6806603773584905    0.0
-0.6797169811320756    0.0
-0.6787735849056604    0.0
-0.6778301886792453    0.0
-0.6768867924528301    0.0
-0.6759433962264152    0.0
-0.675    0.0
-0.6740566037735849    0.0
-0.6731132075471697    0.0
-0.6721698113207548    0.0
-0.6712264150943397    0.0
-0.6702830188679245    0.0
-0.6693396226415094    0.0
-0.6683962264150944    0.0
-0.6674528301886793    0.0
-0.6665094339622641    0.0
-0.665566037735849    0.0
-0.6646226415094341    0.0
-0.6636792452830189    0.0
-0.6627358490566038    0.0
-0.6617924528301886    0.0
-0.6608490566037737    0.0
-0.6599056603773585    0.0
-0.6589622641509434    0.0
-0.6580188679245282    0.0
-0.6570754716981133    0.0
-0.6561320754716982    0.0
-0.655188679245283    0.0
-0.6542452830188679    0.0
-0.6533018867924529    0.0
-0.6523584905660378    0.0
-0.6514150943396226    0.0
-0.6504716981132075    0.0
-0.6495283018867926    0.0
-0.6485849056603774    0.0
-0.6476415094339623    0.0
-0.6466981132075471    0.0
-0.6457547169811322    0.0
-0.644811320754717    0.0
-0.6438679245283019    0.0
-0.6429245283018867    0.0
-0.6419811320754718    0.0
-0.6410377358490567    0.0
-0.6400943396226415    0.0
-0.6391509433962264    0.0
-0.6382075471698113    0.0
-0.6372641509433963    0.0
-0.6363207547169811    0.0
-0.635377358490566    0.0
-0.6344339622641508    0.0
-0.6334905660377359    0.0
-0.6325471698113208    0.0
-0.6316037735849056    0.0
-0.6306603773584905    0.0
-0.6297169811320755    0.0
-0.6287735849056604    0.0
-0.6278301886792452    0.0
-0.6268867924528301    0.0
-0.6259433962264151    0.0
-0.625    0.0
-0.6240566037735849    0.0
-0.6231132075471697    0.0
-0.6221698113207548    0.0
-0.6212264150943396    0.0
-0.6202830188679245    0.0
-0.6193396226415093    0.0
-0.6183962264150944    0.0
-0.6174528301886792    0.0
-0.6165094339622641    0.0
-0.615566037735849    0.0
-0.614622641509434    0.0
-0.6136792452830189    0.0
-0.6127358490566037    0.0
-0.6117924528301886    0.0
-0.6108490566037736    0.0
-0.6099056603773585    0.0
-0.6089622641509433    0.0
-0.6080188679245282    0.0
-0.6070754716981133    0.0
-0.6061320754716981    0.0
-0.605188679245283    0.0
-0.6042452830188678    0.0
-0.6033018867924529    0.0
-0.6023584905660377    0.0
-0.6014150943396226    0.0
-0.6004716981132074    0.0
-0.5995283018867925    0.0
-0.5985849056603774    0.0
-0.5976415094339622    0.0
-0.5966981132075471    0.0
-0.5957547169811321    0.0
-0.594811320754717    0.0
-0.5938679245283018    0.0
-0.5929245283018867    0.0
-0.5919811320754718    0.0
-0.5910377358490566    0.0
-0.5900943396226415    0.0
-0.5891509433962263    0.0
-0.5882075471698114    0.0
-0.5872641509433962    0.0
-0.5863207547169811    0.0
-0.5853773584905659    0.0
-0.584433962264151    0.0
-0.5834905660377359    0.0
-0.5825471698113207    0.0
-0.5816037735849056    0.0
-0.5806603773584906    0.0
-0.5797169811320755    0.0
-0.5787735849056603    0.0
-0.5778301886792452    0.0
-0.5768867924528303    0.0
-0.5759433962264151    0.0
-0.575    0.0
-0.5740566037735848    0.0
-0.5731132075471699    0.0
-0.5721698113207547    0.0
-0.5712264150943396    0.0
-0.5702830188679244    0.0
-0.5693396226415095    0.0
-0.5683962264150944    0.0
-0.5674528301886792    0.0
-0.566509433962264    0.0
-0.5655660377358491    0.0
-0.564622641509434    0.0
-0.5636792452830188    0.0
-0.5627358490566037    0.0
-0.5617924528301887    0.0
-0.5608490566037736    0.0
-0.5599056603773584    0.0
-0.5589622641509433    0.0
-0.5580188679245284    0.0
-0.5570754716981132    0.0
-0.5561320754716981    0.0
-0.5551886792452829    0.0
-0.554245283018868    0.0
-0.5533018867924528    0.0
-0.5523584905660377    0.0
-0.5514150943396225    0.0
-0.5504716981132076    0.0
-0.5495283018867925    0.0
-0.5485849056603773    0.0
-0.5476415094339622    0.0
-0.5466981132075472    0.0
-0.5457547169811321    0.0
-0.5448113207547169    0.0
-0.5438679245283018    0.0
-0.5429245283018869    0.0
-0.5419811320754717    0.0
-0.5410377358490566    0.0
-0.5400943396226414    0.0
-0.5391509433962265    0.0
-0.5382075471698113    0.0
-0.5372641509433962    0.0
-0.536320754716981    0.0
-0.5353773584905661    0.0
-0.534433962264151    0.0
-0.5334905660377358    0.0
-0.5325471698113207    0.0
-0.5316037735849057    0.0
-0.5306603773584906    0.0
-0.5297169811320754    0.0
-0.5287735849056603    0.0
-0.5278301886792454    0.0
-0.5268867924528302    0.0
-0.5259433962264151    0.0
-0.5249999999999999    0.0
-0.524056603773585    0.0
-0.5231132075471698    0.0
-0.5221698113207547    0.0
-0.5212264150943395    0.0
-0.5202830188679246    0.0
-0.5193396226415095    0.0
-0.5183962264150943    0.0
-0.5174528301886792    0.0
-0.5165094339622642    0.0
-0.5155660377358491    0.0
-0.5146226415094339    0.0
-0.5136792452830188    0.0
-0.5127358490566039    0.0
-0.5117924528301887    0.0
-0.5108490566037736    0.0
-0.5099056603773584    0.0
-0.5089622641509435    0.0
-0.5080188679245283    0.0
-0.5070754716981132    0.0
-0.506132075471698    0.0
-0.5051886792452831    0.0
-0.504245283018868    0.0
-0.5033018867924528    0.0
-0.5023584905660377    0.0
-0.5014150943396227    0.0
-0.5004716981132076    0.0
-0.4995283018867924    0.0
-0.49858490566037733    0.0
-0.49764150943396224    0.0
-0.49669811320754714    0.0
-0.49575471698113205    0.0
-0.49481132075471695    0.0
-0.49386792452830186    0.0
-0.49292452830188677    0.0
-0.49198113207547167    0.0
-0.4910377358490566    0.0
-0.4900943396226415    0.0
-0.4891509433962264    0.0
-0.4882075471698113    0.0
-0.4872641509433962    0.0
-0.4863207547169811    0.0
-0.485377358490566    0.0
-0.4844339622641509    0.0
-0.4834905660377358    0.0
-0.48254716981132073    0.0
-0.48160377358490564    0.0
-0.48066037735849054    0.0
-0.47971698113207545    0.00023563410025565466
-0.47877358490566035    0.0
-0.47783018867924526    0.0
-0.47688679245283017    0.0
-0.47594339622641507    0.0
-0.475    0.0
-0.4740566037735849    0.0
-0.4731132075471698    0.0
-0.4721698113207547    0.0
-0.4712264150943396    0.0
-0.4702830188679245    0.0
-0.4693396226415094    0.0
-0.4683962264150943    0.0
-0.4674528301886792    0.0
-0.46650943396226413    0.00023563410025565466
-0.46556603773584904    0.0
-0.46462264150943394    0.0
-0.46367924528301885    0.0
-0.46273584905660375    0.0
-0.46179245283018866    0.0
-0.46084905660377357    0.0
-0.45990566037735847    0.0
-0.4589622641509434    0.0
-0.4580188679245283    0.0
-0.4570754716981132    0.0
-0.4561320754716981    0.0
-0.455188679245283    0.0
-0.4542452830188679    0.0
-0.4533018867924528    0.0
-0.4523584905660377    0.0
-0.4514150943396226    0.0
-0.45047169811320753    0.0
-0.44952830188679244    0.0
-0.44858490566037734    0.00023563410025562696
-0.44764150943396225    0.0
-0.44669811320754715    0.0004712682005112539
-0.44575471698113206    0.0
-0.44481132075471697    0.00023563410025562696
-0.44386792452830187    0.0
-0.4429245283018868    0.0
-0.4419811320754717    0.0
-0.4410377358490566    0.0
-0.4400943396226415    0.0
-0.4391509433962264    0.0
-0.4382075471698113    0.0
-0.4372641509433962    0.0
-0.4363207547169811    0.0
-0.435377358490566    0.00023563410025562696
-0.43443396226415093    0.0
-0.43349056603773584    0.0
-0.43254716981132074    0.0
-0.43160377358490565    0.0
-0.43066037735849055    0.0
-0.42971698113207546    0.0
-0.42877358490566037    0.00023563410025565466
-0.42783018867924527    0.0
-0.4268867924528302    0.0
-0.4259433962264151    0.0
-0.425    0.0
-0.4240566037735849    0.00023563410025562696
-0.4231132075471698    0.0
-0.4221698113207547    0.0004712682005112539
-0.4212264150943396    0.0
-0.4202830188679245    0.00023563410025562696
-0.4193396226415094    0.0
-0.41839622641509433    0.0
-0.41745283018867924    0.0
-0.41650943396226414    0.0
-0.41556603773584905    0.0
-0.41462264150943395    0.0
-0.41367924528301886    0.00023563410025565466
-0.41273584905660377    0.0
-0.41179245283018867    0.0
-0.4108490566037736    0.0
-0.4099056603773585    0.0
-0.4089622641509434    0.0
-0.4080188679245283    0.0
-0.4070754716981132    0.0
-0.4061320754716981    0.0
-0.405188679245283    0.0004712682005112539
-0.4042452830188679    0.00023563410025565466
-0.4033018867924528    0.00023563410025562696
-0.40235849056603773    0.0
-0.40141509433962264    0.0
-0.40047169811320754    0.00023563410025565466
-0.39952830188679245    0.0
-0.39858490566037735    0.00023563410025565466
-0.39764150943396226    0.0
-0.39669811320754716    0.00023563410025565466
-0.39575471698113207    0.0
-0.394811320754717    0.00023563410025565466
-0.3938679245283019    0.0
-0.3929245283018868    0.00023563410025565466
-0.3919811320754717    0.0004712682005112539
-0.3910377358490566    0.0004712682005113093
-0.3900943396226415    0.00023563410025562696
-0.3891509433962264    0.00023563410025565466
-0.3882075471698113    0.00023563410025562696
-0.3872641509433962    0.00023563410025565466
-0.38632075471698113    0.0004712682005112539
-0.38537735849056604    0.0
-0.38443396226415094    0.00023563410025562696
-0.38349056603773585    0.0004712682005113093
-0.38254716981132075    0.0004712682005112539
-0.38160377358490566    0.00023563410025565466
-0.38066037735849056    0.0007069023007668808
-0.37971698113207547    0.0004712682005113093
-0.3787735849056604    0.0009425364010225078
-0.3778301886792453    0.0009425364010226187
-0.3768867924528302    0.0004712682005112539
-0.3759433962264151    0.0004712682005113093
-0.375    0.0011781705012781348
-0.3740566037735849    0.0004712682005113093
-0.3731132075471698    0.0011781705012781348
-0.3721698113207547    0.0
-0.3712264150943396    0.0004712682005112539
-0.37028301886792453    0.0
-0.36933962264150944    0.0014138046015337617
-0.36839622641509434    0.0009425364010226187
-0.36745283018867925    0.00023563410025562696
-0.36650943396226415    0.0004712682005113093
-0.36556603773584906    0.00023563410025562696
-0.36462264150943396    0.00023563410025565466
-0.36367924528301887    0.0004712682005112539
-0.3627358490566038    0.0014138046015339282
-0.3617924528301887    0.00023563410025562696
-0.3608490566037736    0.0009425364010226187
-0.3599056603773585    0.00023563410025562696
-0.3589622641509434    0.0014138046015339282
-0.3580188679245283    0.0009425364010225078
-0.3570754716981132    0.0009425364010226187
-0.3561320754716981    0.0009425364010225078
-0.355188679245283    0.0016494387017895829
-0.35424528301886793    0.0014138046015337617
-0.35330188679245284    0.0016494387017895829
-0.35235849056603774    0.0011781705012781348
-0.35141509433962265    0.0007069023007669641
-0.35047169811320755    0.00023563410025562696
-0.34952830188679246    0.0009425364010226187
-0.34858490566037736    0.0023563410025562695
-0.34764150943396227    0.0016494387017895829
-0.3466981132075472    0.0016494387017893888
-0.3457547169811321    0.0016494387017895829
-0.344811320754717    0.0021207069023006426
-0.3438679245283019    0.0011781705012782733
-0.3429245283018868    0.0025919751028118964
-0.3419811320754717    0.0018850728020452373
-0.3410377358490566    0.0004712682005112539
-0.3400943396226415    0.0025919751028122017
-0.3391509433962264    0.0023563410025562695
-0.33820754716981133    0.0021207069023008924
-0.33726415094339623    0.0016494387017893888
-0.33632075471698114    0.0016494387017895829
-0.33537735849056605    0.0023563410025562695
-0.33443396226415095    0.0023563410025565466
-0.33349056603773586    0.0014138046015337617
-0.33254716981132076    0.0018850728020452373
-0.33160377358490567    0.0021207069023006426
-0.3306603773584906    0.0016494387017895829
-0.3297169811320755    0.0030632433033231507
-0.3287735849056604    0.0025919751028122017
-0.3278301886792453    0.0035345115038344045
-0.3268867924528302    0.0037701456040904746
-0.3259433962264151    0.004005779704345658
-0.325    0.0025919751028122017
-0.3240566037735849    0.0035345115038344045
-0.3231132075471698    0.0032988774035791657
-0.32216981132075473    0.0021207069023006426
-0.32122641509433963    0.004241413804601785
-0.32028301886792454    0.0037701456040900314
-0.31933962264150945    0.0044770479048574395
-0.31839622641509435    0.004005779704345658
-0.31745283018867926    0.0044770479048574395
-0.31650943396226416    0.004241413804601285
-0.31556603773584907    0.0044770479048574395
-0.314622641509434    0.004005779704345658
-0.3136792452830189    0.0037701456040904746
-0.3127358490566038    0.0028276092030675233
-0.3117924528301887    0.0051839502056244035
-0.3108490566037736    0.00777592530843569
-0.3099056603773585    0.004948316105368748
-0.3089622641509434    0.006597754807157555
-0.3080188679245283    0.007069023007669641
-0.3070754716981132    0.005183950205623793
-0.30613207547169813    0.004948316105368748
-0.30518867924528303    0.008011559408691317
-0.30424528301886794    0.008247193508947913
-0.30330188679245285    0.007304657107924435
-0.30235849056603775    0.005655218406135713
-0.30141509433962266    0.00777592530843569
-0.30047169811320756    0.008954095809714879
-0.29952830188679247    0.00777592530843569
-0.2985849056603774    0.008247193508947913
-0.2976415094339623    0.007540291208180063
-0.2966981132075472    0.006833388907413986
-0.2957547169811321    0.010603534511503214
-0.294811320754717    0.010367900411248807
-0.2938679245283019    0.008011559408691317
-0.2929245283018868    0.011310436812271426
-0.2919811320754717    0.009425364010225078
-0.2910377358490566    0.008247193508947913
-0.29009433962264153    0.01083916861175884
-0.28915094339622643    0.010132266310993152
-0.28820754716981134    0.01319550961431511
-0.28726415094339625    0.01201733911303839
-0.28632075471698115    0.009425364010225078
-0.28537735849056606    0.01555185061687321
-0.28443396226415096    0.01083916861175884
-0.28349056603773587    0.015316216516617557
-0.2825471698113208    0.016494387017893887
-0.2816037735849057    0.013195509614316663
-0.2806603773584906    0.01625875291763826
-0.2797169811320755    0.012959875514061006
-0.2787735849056604    0.015080582416360126
-0.2778301886792453    0.015787484717128864
-0.2768867924528302    0.012959875514059482
-0.27594339622641506    0.017436923418916395
-0.27499999999999997    0.01814382571968541
-0.2740566037735849    0.02120706902300643
-0.2731132075471698    0.018850728020452373
-0.2721698113207547    0.02120706902300643
-0.2712264150943396    0.016730021118151483
-0.2702830188679245    0.0209714349227508
-0.2693396226415094    0.02309214182505416
-0.2683962264150943    0.02073580082249517
-0.2674528301886792    0.02403467822607678
-0.2665094339622641    0.026155385128374592
-0.265566037735849    0.027097921529400288
-0.26462264150943393    0.02474158052684083
-0.26367924528301884    0.02662665332888898
-0.26273584905660374    0.028040457930419607
-0.26179245283018865    0.028747360231189872
-0.26084905660377355    0.026155385128374592
-0.25990566037735846    0.028982994331445525
-0.25896226415094337    0.02921862843169774
-0.2580188679245283    0.03228187173502469
-0.2570754716981132    0.0306324330332315
-0.2561320754716981    0.03204623763476904
-0.255188679245283    0.0332244081360434
-0.2542452830188679    0.03723018784039344
-0.2533018867924528    0.03369567633655466
-0.2523584905660377    0.03864399244192737
-0.2514150943396226    0.04100033344447909
-0.2504716981132075    0.03817272424141606
-0.24952830188679243    0.04924752695342603
-0.24858490566037733    0.04288540624652916
-0.24764150943396224    0.040764699344223464
-0.24669811320754714    0.04665555185061963
-0.24575471698113205    0.047833722351892274
-0.24481132075471695    0.05066133155496576
-0.24386792452830186    0.055609647660327964
-0.24292452830188677    0.0530176725575223
-0.24198113207547167    0.05019006335444854
-0.24103773584905658    0.054195843058800576
-0.24009433962264148    0.05820162276313986
-0.2391509433962264    0.06527064577081634
-0.2382075471698113    0.05348894075802732
-0.2372641509433962    0.05961542736468063
-0.2363207547169811    0.06503501167055303
-0.235377358490566    0.06880515727465117
-0.23443396226415092    0.07328220517949999
-0.23349056603773582    0.07398910748027558
-0.23254716981132073    0.07823052128486815
-0.23160377358490564    0.0758741802823208
-0.23066037735849054    0.08200066688895818
-0.22971698113207545    0.07540291208180949
-0.22877358490566035    0.0857708124930482
-0.22783018867924526    0.08671334889408093
-0.22688679245283017    0.08600644659330384
-0.22594339622641507    0.0883627875958705
-0.22499999999999998    0.08694898299432635
-0.22405660377358488    0.1008513949094202
-0.2231132075471698    0.11051239301988904
-0.2221698113207547    0.10273646771146544
-0.2212264150943396    0.1057997110147765
-0.2202830188679245    0.09731688340558538
-0.2193396226415094    0.11428253862397907
-0.21839622641509432    0.11263309992220294
-0.21745283018867922    0.11404690452372344
-0.21650943396226413    0.1298343892408657
-0.21556603773584904    0.1399666555518424
-0.21462264150943394    0.13501833944649014
-0.21367924528301885    0.14020228965209802
-0.21273584905660375    0.13949538735134756
-0.21179245283018866    0.13973102145158678
-0.21084905660377357    0.14538623985773894
-0.20990566037735847    0.14208736245414305
-0.20896226415094338    0.1642369678781913
-0.20801886792452828    0.16565077247970575
-0.2070754716981132    0.16258752917640173
-0.2061320754716981    0.18473713460041155
-0.205188679245283    0.1684783816827931
-0.2042452830188679    0.1771968433922315
-0.2033018867924528    0.18591530510171153
-0.20235849056603772    0.19840391241523792
-0.20141509433962262    0.19557630321219338
-0.20047169811320753    0.2026453262198392
-0.19952830188679244    0.21961098143827015
-0.19858490566037734    0.22526619984437937
-0.19764150943396225    0.21725464043571363
-0.19669811320754715    0.22927197954872502
-0.19575471698113206    0.24034678226076778
-0.19481132075471697    0.2419962209625289
-0.19386792452830187    0.23304212515284248
-0.19292452830188678    0.25542736467709964
-0.19198113207547168    0.2535422918750844
-0.1910377358490566    0.2771057019006173
-0.1900943396226415    0.26555963098812285
-0.1891509433962264    0.2832321885072636
-0.1882075471698113    0.2804045793042291
-0.1872641509433962    0.29360008891851114
-0.18632075471698112    0.3202267422474347
-0.18537735849056602    0.3338935200622234
-0.18443396226415093    0.3338935200622627
-0.18349056603773584    0.3204623763476527
-0.18254716981132074    0.3525086139824594
-0.18160377358490565    0.35533622318548547
-0.18066037735849055    0.3499166388796472
-0.17971698113207546    0.3569856618872749
-0.17877358490566037    0.39610092252975554
-0.17783018867924527    0.3838479493164163
-0.17688679245283018    0.40481938423921476
-0.17594339622641508    0.4151872846504147
-0.175    0.4295609647660585
-0.1740566037735849    0.43026786706677483
-0.1731132075471698    0.44581971768369866
-0.1721698113207547    0.45925086139821697
-0.1712264150943396    0.4594864954985266
-0.17028301886792452    0.4748027120150883
-0.16933962264150942    0.49671668333892005
-0.16839622641509433    0.5202800933644243
-0.16745283018867924    0.5047282427476123
-0.16650943396226414    0.5417227964876864
-0.16556603773584905    0.5476136489941414
-0.16462264150943395    0.5551539402022572
-0.16367924528301886    0.5787173502278878
-0.16273584905660377    0.5862576414359999
-0.16179245283018867    0.5897921529399037
-0.16084905660377358    0.6157119039679532
-0.15990566037735848    0.6303212181838763
-0.1589622641509434    0.6371546070912153
-0.1580188679245283    0.6616605535178784
-0.1570754716981132    0.6776836723351831
-0.1561320754716981    0.7250461264866495
-0.155188679245283    0.7236323218850303
-0.15424528301886792    0.7238679559853712
-0.15330188679245282    0.7646326553295095
-0.15235849056603773    0.7396554407025001
-0.15141509433962264    0.802805379570921
-0.15047169811320754    0.7832477492497962
-0.14952830188679245    0.8070467933755223
-0.14858490566037735    0.8320240080027167
-0.14764150943396226    0.8496965655217908
-0.14669811320754716    0.845455151717289
-0.14575471698113207    0.888104923863458
-0.14481132075471698    0.9309903301100917
-0.14386792452830188    0.908369456485442
-0.1429245283018868    0.9580882516394919
-0.1419811320754717    0.9686917861508825
-0.1410377358490566    1.0162898744026387
-0.1400943396226415    1.0250083361119773
-0.1391509433962264    1.0440946982328059
-0.13820754716981132    1.0671868400577345
-0.13726415094339622    1.098526175391862
-0.13632075471698113    1.1194976103144836
-0.13537735849056604    1.1378770701345566
-0.13443396226415094    1.1555496276535946
-0.13349056603773585    1.1760497943759727
-0.13254716981132075    1.1996132044013967
-0.13160377358490566    1.1932510836946353
-0.13066037735849056    1.2535734133599354
-0.12971698113207547    1.2462687562521577
-0.12877358490566038    1.280906968989588
-0.12783018867924528    1.3315683005447048
-0.1268867924528302    1.3504190285649982
-0.1259433962264151    1.3902411915083628
-0.125    1.3954251417138228
-0.1240566037735849    1.4387818161610275
-0.12311320754716981    1.4663510058907665
-0.12216981132075472    1.498397243525708
-0.12122641509433962    1.4783683450038034
-0.12028301886792453    1.541518283872493
-0.11933962264150944    1.58416805601858
-0.11839622641509434    1.583932421918511
-0.11745283018867925    1.6619273091029367
-0.11650943396226415    1.6640480160054334
-0.11556603773584906    1.7300255640768132
-0.11462264150943396    1.7118817383573313
-0.11367924528301887    1.7229565410691443
-0.11273584905660378    1.7476981215961909
-0.11179245283018868    1.8271068133821315
-0.11084905660377359    1.8666933422252963
-0.1099056603773585    1.9213604534843822
-0.1089622641509434    1.9100500166723366
-0.1080188679245283    1.9307858174946073
-0.10707547169811321    1.9597688118262802
-0.10613207547169812    2.026217628098136
-0.10518867924528302    2.0469534289208724
-0.10424528301886793    2.0674535956428706
-0.10330188679245284    2.1157585861955237
-0.10235849056603774    2.11222407469144
-0.10141509433962265    2.174195843058926
-0.10047169811320755    2.2149605424028933
-0.09952830188679246    2.25313326664457
-0.09858490566037736    2.2894209180836715
-0.09764150943396227    2.31062798710695
-0.09669811320754718    2.354927197954736
-0.09575471698113208    2.3810825830833906
-0.09481132075471699    2.402996554406884
-0.0938679245283019    2.4501233744582978
-0.0929245283018868    2.4934800489050444
-0.0919811320754717    2.5250550183395957
-0.09103773584905661    2.6409869956650667
-0.09009433962264152    2.603756807824984
-0.08915094339622642    2.67421140380111
-0.08820754716981133    2.6704412581973345
-0.08726415094339623    2.738068244970385
-0.08632075471698114    2.7701144826054764
-0.08537735849056605    2.8254884961652227
-0.08443396226415095    2.8252528620653
-0.08349056603773586    2.8313793486716134
-0.08254716981132076    2.875442925419754
-0.08160377358490567    2.9180926975656845
-0.08066037735849058    2.971581638324061
-0.07971698113207548    3.0316683338888963
-0.07877358490566039    3.050047793709194
-0.0778301886792453    3.0908124930530585
-0.0768867924528302    3.1586751139270515
-0.0759433962264151    3.165979771034604
-0.07500000000000001    3.2430321218185756
-0.07405660377358492    3.2451528287204945
-0.07311320754716982    3.2887451372681724
-0.07216981132075473    3.337757030120956
-0.07122641509433963    3.3794642658665994
-0.07028301886792454    3.4414360342334316
-0.06933962264150945    3.4572235189509657
-0.06839622641509435    3.4555740802487693
-0.06745283018867926    3.5029365344005625
-0.06650943396226416    3.5590174502609897
-0.06556603773584907    3.6176903412250665
-0.06462264150943398    3.64738023785685
-0.06367924528301888    3.6257019006337585
-0.06273584905660379    3.682018450594427
-0.06179245283018869    3.752473046571301
-0.0608490566037736    3.7758008224961666
-0.059905660377358505    3.8165655218408387
-0.05896226415094341    3.8460197843723436
-0.05801886792452832    3.9249572079584403
-0.05707547169811322    3.9051639435365058
-0.05613207547169813    3.955589640991675
-0.055188679245283034    3.9263710125595117
-0.05424528301886794    4.01331999555431
-0.053301886792452846    4.0170901411579285
-0.05235849056603775    4.019446482160958
-0.05141509433962266    4.186511059241725
-0.050471698113207564    4.138441702790063
-0.04952830188679247    4.2015916416580845
-0.048584905660377375    4.202298543959346
-0.04764150943396228    4.272281871734773
-0.04669811320754719    4.293960208958795
-0.04575471698113209    4.334960542402769
-0.044811320754717    4.331426030899444
-0.043867924528301905    4.3714838279423915
-0.04292452830188681    4.463616761142866
-0.04198113207547172    4.457254640435439
-0.04103773584905662    4.4591397132380095
-0.04009433962264153    4.509094142491677
-0.039150943396226434    4.513806824497321
-0.03820754716981134    4.535013893519796
-0.037264150943396246    4.607824830499328
-0.03632075471698115    4.564703790152006
-0.03537735849056606    4.618192730910576
-0.034433962264150964    4.632566411025626
-0.033490566037735814    4.6768656218736835
-0.03254716981132072    4.627853729021058
-0.031603773584905626    4.751797265754973
-0.03066037735849053    4.765699677670616
-0.029716981132075437    4.800102256307377
-0.028773584905660343    4.785728576192346
-0.02783018867924525    4.775125041680281
-0.026886792452830155    4.8578326108705765
-0.02594339622641506    4.8613671223738395
-0.024999999999999967    4.911557185728866
-0.024056603773584873    4.8778615093917335
-0.02311320754716978    4.949494275870027
-0.022169811320754684    4.966459931087849
-0.02122641509433959    4.944781593864914
-0.020283018867924496    4.984603756807532
-0.019339622641509402    4.988845170612721
-0.018396226415094308    4.966695565188105
-0.017452830188679214    5.000626875625504
-0.01650943396226412    5.1005357341333015
-0.015566037735849025    5.049167500278169
-0.014622641509433931    5.061184839390612
-0.013679245283018837    5.015236189841355
-0.012735849056603743    5.0988862954315115
-0.011792452830188649    5.093231077025976
-0.010849056603773555    5.0293742358561015
-0.00990566037735846    5.077679226409103
-0.008962264150943366    5.133760142269344
-0.008018867924528272    5.165335111704206
-0.007075471698113178    5.0915816383235875
-0.006132075471698084    5.125984216961513
-0.00518867924528299    5.183950205623793
-0.004245283018867896    5.1460131154832425
-0.0033018867924528017    5.159679893297463
-0.0023584905660377076    5.150254529287844
-0.0014150943396226134    5.128811826163976
-0.0004716981132075193    5.10548405023927
0.0004716981132075748    5.163450038901553
0.0014150943396227245    5.104541513837647
0.002358490566037763    5.1021851728362915
0.0033018867924528017    5.0915816383235875
0.004245283018867951    5.081449372012595
0.005188679245283101    5.085455151716941
0.00613207547169814    5.051052573080808
0.007075471698113178    5.1134956096473605
0.008018867924528328    5.125984216960909
0.008962264150943478    5.108782927642248
0.009905660377358516    5.063776814494616
0.010849056603773555    5.1061909525394364
0.011792452830188704    5.006753362231562
0.012735849056603854    5.002983216627472
0.013679245283018893    5.062127375792825
0.014622641509433931    5.049638768478086
0.015566037735849081    4.928051572746182
0.01650943396226423    4.998270534622359
0.01745283018867927    5.014058019340666
0.018396226415094308    4.939597643658708
0.019339622641509457    4.966695565188105
0.020283018867924607    5.011466044236674
0.021226415094339646    4.930407913749899
0.022169811320754684    4.912264088029055
0.023113207547169834    4.933471157052062
0.024056603773584984    4.846050905857224
0.025000000000000022    4.88068911859595
0.02594339622641506    4.894355896409628
0.02688679245283021    4.862074024674607
0.02783018867924536    4.804814938312489
0.0287735849056604    4.750147827054302
0.029716981132075437    4.766877848171334
0.030660377358490587    4.721871735022509
0.03160377358490574    4.741664999443981
0.032547169811320775    4.737187951540239
0.033490566037735814    4.690768033788766
0.034433962264150964    4.6511815049458205
0.03537735849056611    4.6528309436476105
0.03632075471698115    4.578606202068165
0.03726415094339619    4.554571523841013
0.03820754716981134    4.522760920306504
0.03915094339622649    4.562111815049193
0.04009433962264153    4.47516283205592
0.04103773584905657    4.42544403690093
0.04198113207547172    4.405415138379201
0.042924528301886866    4.408242747582269
0.043867924528301905    4.3601733911311475
0.04481132075471694    4.367006780037534
0.04575471698113209    4.296316549960847
0.04669811320754724    4.23575858619515
0.04764150943396228    4.277937090141914
0.04858490566037732    4.224683783483136
0.04952830188679247    4.194758252750671
0.05047169811320762    4.118884072468359
0.05141509433962266    4.128309436479556
0.052358490566037696    4.0646882294095645
0.053301886792452846    3.9492275202843072
0.054245283018867996    3.9892853173277647
0.055188679245283034    3.8940891408254075
0.05613207547169807    3.9261353784592563
0.05707547169811322    3.9242503056572113
0.05801886792452837    3.870290096698673
0.05896226415094341    3.82080693564589
0.05990566037735845    3.7114727131263803
0.0608490566037736    3.678012670890081
0.06179245283018875    3.682725352895194
0.06273584905660379    3.7298521729471967
0.06367924528301883    3.6846104256972385
0.06462264150943398    3.6019028565075137
0.06556603773584913    3.569620984772493
0.06650943396226416    3.531683894632168
0.0674528301886792    3.4617005668554155
0.06839622641509435    3.4890341224850685
0.0693396226415095    3.443792375235988
0.07028301886792454    3.410096698900236
0.07122641509433958    3.3542514171388498
0.07216981132075473    3.2729576525506587
0.07311320754716988    3.2232388573967214
0.07405660377358492    3.1902500833616845
0.07499999999999996    3.165979771034604
0.0759433962264151    3.100709125263795
0.07688679245283025    3.170456818939461
0.0778301886792453    3.0319039679898654
0.07877358490566033    3.031432699788641
0.07971698113207548    2.9930243414469735
0.08066037735849063    2.9727598088249896
0.08160377358490567    2.9423630098927065
0.08254716981132071    2.849287540291041
0.08349056603773586    2.8400978103810717
0.08443396226415101    2.830201178170335
0.08537735849056605    2.7863732355234445
0.08632075471698109    2.742545292875242
0.08726415094339623    2.705786373235364
0.08820754716981138    2.6452284094696683
0.08915094339622642    2.666435478493302
0.09009433962264146    2.6004579304210993
0.09103773584905661    2.568411692786334
0.09198113207547176    2.512802045126006
0.0929245283018868    2.476043125486711
0.09386792452830184    2.4421118150493175
0.09481132075471699    2.418077136823244
0.09575471698113214    2.349743247749112
0.09669811320754718    2.3012026230969944
0.09764150943396221    2.2955474046903177
0.09858490566037736    2.244179170834591
0.09952830188679251    2.2147249083026375
0.10047169811320755    2.169954429254579
0.10141509433962259    2.1661842836499785
0.10235849056603774    2.110339001889395
0.10330188679245289    2.0676892297431264
0.10424528301886793    2.0429476492167664
0.10518867924528297    1.9644814938311619
0.10613207547169812    1.9548204957206812
0.10707547169811327    1.9413893520061105
0.1080188679245283    1.9498721796157719
0.10896226415094334    1.8822451928419484
0.1099056603773585    1.8697565855283997
0.11084905660377364    1.8000088918527342
0.11179245283018868    1.8056641102592945
0.11273584905660372    1.7552384128041651
0.11367924528301887    1.7267266866732343
0.11462264150943402    1.7135311770589192
0.11556603773584906    1.678421696121226
0.1165094339622641    1.65368011559399
0.11745283018867925    1.610087807046699
0.1183962264150944    1.5681449372011973
0.11933962264150944    1.5250238968547767
0.12028301886792447    1.5266733355562072
0.12122641509433962    1.505937534733712
0.12216981132075477    1.4903856841168406
0.12311320754716981    1.4470290096701457
0.12405660377358485    1.4300633544513999
0.125    1.3534822718683213
0.12594339622641515    1.363143269978802
0.1268867924528302    1.3193153273315659
0.12783018867924523    1.2969300878069707
0.12877358490566038    1.2818495053906107
0.12971698113207553    1.2333088807379515
0.13066037735849056    1.210923641213952
0.1316037735849056    1.1838257196842699
0.13254716981132075    1.1732221851727667
0.1334905660377359    1.1694520395686767
0.13443396226415094    1.1154918306104005
0.13537735849056598    1.120675780815762
0.13632075471698113    1.0900433477825302
0.13726415094339628    1.0400889185283375
0.13820754716981132    1.0433877959321618
0.13915094339622636    1.0417383572301269
0.1400943396226415    1.0002667555851366
0.14103773584905666    0.9693986884516494
0.1419811320754717    0.9851861731690081
0.14292452830188673    0.9458352784260866
0.14386792452830188    0.8848060464598793
0.14481132075471703    0.8857485828609016
0.14575471698113207    0.8645415138380987
0.1466981132075471    0.857236856729971
0.14764150943396226    0.8489896632210239
0.1485849056603774    0.8002134044681092
0.14952830188679245    0.8105813048795475
0.15047169811320749    0.7799488718461252
0.15141509433962264    0.7709947760364113
0.15235849056603779    0.7410692453039467
0.15330188679245282    0.7332933199956837
0.15424528301886786    0.7146782260753165
0.155188679245283    0.6894653773479645
0.15613207547169816    0.6864021340446413
0.1570754716981132    0.6552984328110528
0.15801886792452824    0.6656663332221462
0.1589622641509434    0.6270223407802233
0.15990566037735854    0.6296143158830352
0.16084905660377358    0.5822518617317912
0.16179245283018862    0.589320884739323
0.16273584905660377    0.5659931088140159
0.16367924528301891    0.560337890407881
0.16462264150943395    0.554211403801365
0.165566037735849    0.5403089918861526
0.16650943396226414    0.538188284983852
0.1674528301886793    0.4969523174391173
0.16839622641509433    0.5002511948428138
0.16933962264150937    0.4830499055240352
0.17028301886792452    0.45854395909745005
0.17122641509433967    0.4533600088918263
0.1721698113207547    0.4545381793932114
0.17311320754716975    0.4229632099588504
0.1740566037735849    0.43026786706677483
0.17500000000000004    0.4177792597532266
0.17594339622641508    0.40411248193849536
0.17688679245283012    0.38596865621871695
0.17783018867924527    0.3784283650105369
0.17877358490566042    0.36593975769698867
0.17971698113207546    0.3774858286096032
0.1806603773584905    0.3463821273757716
0.18160377358490565    0.3261175947537877
0.1825471698113208    0.3364854951650353
0.18349056603773584    0.33083027675897814
0.18443396226415087    0.32211181504944203
0.18537735849056602    0.3129220851394726
0.18632075471698117    0.3070312326330819
0.1872641509433962    0.2903012115150007
0.18820754716981125    0.2893586751139099
0.1891509433962264    0.26508836278758036
0.19009433962264155    0.26296765588527965
0.1910377358490566    0.26014004668227336
0.19198113207547163    0.26249638768476846
0.19292452830188678    0.2573124374791447
0.19386792452830193    0.23822607535843884
0.19481132075471697    0.23751917305772788
0.195754716981132    0.23139268645102568
0.19669811320754715    0.21372012893185366
0.1976415094339623    0.21536956763364304
0.19858490566037734    0.2170190063354835
0.19952830188679238    0.20570856952316233
0.20047169811320753    0.20028898521728292
0.20141509433962268    0.20076025341779416
0.20235849056603772    0.1927486940091482
0.20330188679245276    0.19039235300654658
0.2042452830188679    0.1703634544848183
0.20518867924528306    0.16188062687561572
0.2061320754716981    0.17177725908639246
0.20707547169811313    0.1677714793820064
0.20801886792452828    0.15528287206845814
0.20896226415094343    0.1529265310659019
0.20990566037735858    0.1390241191508199
0.21084905660377362    0.1380815827498299
0.21179245283018866    0.14020228965209802
0.2127358490566038    0.13949538735133116
0.21367924528301896    0.13784594864954178
0.214622641509434    0.1338401689452276
0.21556603773584904    0.12606424363676041
0.2165094339622642    0.12205846393241478
0.21745283018867934    0.12158719573190352
0.21839622641509437    0.11286873402247188
0.2193396226415094    0.1057997110147765
0.22028301886792456    0.10462154051349837
0.2212264150943397    0.10509280871400963
0.22216981132075475    0.10674224741582414
0.2231132075471698    0.09448927420250641
0.22405660377358494    0.0987306880071077
0.2250000000000001    0.09825941980659644
0.22594339622641513    0.0900122262976707
0.22688679245283017    0.08459264199177008
0.22783018867924532    0.09307546960097264
0.22877358490566047    0.08317883739023631
0.2297169811320755    0.07610981438258542
0.23066037735849054    0.0838857396910032
0.2316037735849057    0.07658108258307876
0.23254716981132084    0.0725753028787331
0.23349056603773588    0.07658108258309679
0.23443396226415092    0.06880515727464306
0.23537735849056607    0.06927642547515432
0.23632075471698122    0.0629143047682524
0.23726415094339626    0.06456374347005699
0.2382075471698113    0.06055796376569613
0.23915094339622645    0.059379793264417995
0.2400943396226416    0.05372457485828294
0.24103773584905663    0.05702345226187515
0.24198113207547167    0.05796598866288423
0.24292452830188682    0.054902745359561085
0.24386792452830197    0.04854062465265915
0.244811320754717    0.04948316105369331
0.24575471698113205    0.04665555185061414
0.2466981132075472    0.04924752695342603
0.24764150943396235    0.04995442925419291
0.2485849056603774    0.03628765143937509
0.24952830188679243    0.03628765143936655
0.2504716981132076    0.040057797043456585
0.2514150943396227    0.03840835834166719
0.25235849056603776    0.03699455374014214
0.2533018867924528    0.040057797043456585
0.25424528301886795    0.03110370123374276
0.2551886792452831    0.03487384683783279
0.25613207547169814    0.03510948093809668
0.2570754716981132    0.03534511503834405
0.25801886792452833    0.03346004223629903
0.2589622641509435    0.03393131043681028
0.2599056603773585    0.03251750583528417
0.26084905660377355    0.028982994331442115
0.2617924528301887    0.0270979215293971
0.26273584905660385    0.026155385128374592
0.2636792452830189    0.02639101922863643
0.26462264150943393    0.028276092030675236
0.2655660377358491    0.022149605424028936
0.26650943396226423    0.0209714349227508
0.26745283018867927    0.024034678226079607
0.2683962264150943    0.02332777592530707
0.26933962264150946    0.023092141825051444
0.2702830188679246    0.022620873624540187
0.27122641509433965    0.024034678226079607
0.2721698113207547    0.01790819161942765
0.27311320754716983    0.01861509392019453
0.274056603773585    0.021913971323773308
0.275    0.015316216516619357
0.27594339622641506    0.01790819161942765
0.2768867924528302    0.018143825719683274
0.27783018867924536    0.017201289318660766
0.2787735849056604    0.013666777814829579
0.27971698113207544    0.01861509392019453
0.2806603773584906    0.017436923418916395
0.28160377358490574    0.014138046015337618
0.2825471698113208    0.012252973213295486
0.2834905660377358    0.017672557519172023
0.28443396226415096    0.011781705012781347
0.2853773584905661    0.010603534511503214
0.28632075471698115    0.012488607313551168
0.2872641509433962    0.013902411915081991
0.28820754716981134    0.012724241413803856
0.2891509433962265    0.011546070912525722
0.29009433962264153    0.010839168611761391
0.29103773584905657    0.011074802712014468
0.2919811320754717    0.011781705012781347
0.29292452830188687    0.010132266310991959
0.2938679245283019    0.010367900411250026
0.29481132075471694    0.010367900411247586
0.2957547169811321    0.011074802712014468
0.29669811320754724    0.011781705012781347
0.2976415094339623    0.007304657107926154
0.2985849056603773    0.00848282760920257
0.29952830188679247    0.009189729909969451
0.3004716981132076    0.007540291208180063
0.30141509433962266    0.007540291208181837
0.3023584905660377    0.007069023007668809
0.30330188679245285    0.00777592530843569
0.304245283018868    0.007540291208180063
0.30518867924528303    0.005419584305880696
0.3061320754716981    0.008954095809713824
0.3070754716981132    0.006833388907413182
0.3080188679245284    0.00777592530843569
0.3089622641509434    0.005419584305880696
0.30990566037735845    0.005183950205623793
0.3108490566037736    0.004241413804601285
0.31179245283018875    0.006833388907413182
0.3127358490566038    0.006126486606647743
0.3136792452830188    0.006833388907413182
0.314622641509434    0.0032988774035787776
0.3155660377358491    0.007304657107924435
0.31650943396226416    0.0042414138046022835
0.3174528301886792    0.0037701456040900314
0.31839622641509435    0.00541958430587942
0.3193396226415095    0.004712682005112539
0.32028301886792454    0.004477047904857966
0.3212264150943396    0.005183950205623793
0.32216981132075473    0.0037701456040900314
0.3231132075471699    0.004241413804601285
0.3240566037735849    0.005655218406136378
0.32499999999999996    0.0035345115038344045
0.3259433962264151    0.0037701456040900314
0.32688679245283025    0.005183950205623793
0.3278301886792453    0.0035345115038352363
0.32877358490566033    0.004241413804601285
0.3297169811320755    0.0035345115038344045
0.33066037735849063    0.0037701456040900314
0.33160377358490567    0.003298877403579554
0.3325471698113207    0.0028276092030675233
0.33349056603773586    0.0037701456040900314
0.334433962264151    0.0021207069023006426
0.33537735849056605    0.0025919751028125066
0.3363207547169811    0.0032988774035787776
0.33726415094339623    0.0007069023007668808
0.3382075471698114    0.0023563410025562695
0.3391509433962264    0.0014138046015340945
0.34009433962264146    0.0030632433033231507
0.3410377358490566    0.0021207069023006426
0.34198113207547176    0.0028276092030675233
0.3429245283018868    0.001178170501278412
0.34386792452830184    0.0023563410025562695
0.344811320754717    0.0023563410025562695
0.34575471698113214    0.0023563410025562695
0.3466981132075472    0.001178170501278412
0.3476415094339622    0.0018850728020450157
0.34858490566037736    0.0018850728020450157
0.3495283018867925    0.0018850728020450157
0.35047169811320755    0.0014138046015340945
0.3514150943396226    0.0014138046015337617
0.35235849056603774    0.0016494387017893888
0.3533018867924529    0.0028276092030675233
0.35424528301886793    0.0014138046015340945
0.35518867924528297    0.0009425364010225078
0.3561320754716981    0.0009425364010225078
0.35707547169811327    0.0018850728020450157
0.3580188679245283    0.0021207069023011418
0.35896226415094334    0.0028276092030675233
0.3599056603773585    0.0016494387017893888
0.36084905660377364    0.0016494387017893888
0.3617924528301887    0.0007069023007670473
0.3627358490566037    0.0009425364010225078
0.36367924528301887    0.0009425364010225078
0.364622641509434    0.0011781705012781348
0.36556603773584906    0.001178170501278412
0.3665094339622641    0.0023563410025562695
0.36745283018867925    0.0009425364010225078
0.3683962264150944    0.0004712682005112539
0.36933962264150944    0.0009425364010227297
0.3702830188679245    0.0007069023007668808
0.3712264150943396    0.0009425364010225078
0.3721698113207548    0.0014138046015337617
0.3731132075471698    0.001178170501278412
0.37405660377358485    0.0011781705012781348
0.375    0.0009425364010225078
0.37594339622641515    0.0007069023007668808
0.3768867924528302    0.0018850728020454594
0.3778301886792452    0.0011781705012781348
0.3787735849056604    0.0011781705012781348
0.3797169811320755    0.0
0.38066037735849056    0.00047126820051136484
0.3816037735849056    0.0
0.38254716981132075    0.00023563410025562696
0.3834905660377359    0.0004712682005112539
0.38443396226415094    0.00023563410025568242
0.385377358490566    0.0
0.38632075471698113    0.0
0.3872641509433963    0.0004712682005112539
0.3882075471698113    0.0007069023007670473
0.38915094339622636    0.0007069023007668808
0.3900943396226415    0.00023563410025562696
0.39103773584905666    0.0011781705012781348
0.3919811320754717    0.00023563410025568242
0.39292452830188673    0.00023563410025562696
0.3938679245283019    0.0004712682005112539
0.39481132075471703    0.00023563410025562696
0.39575471698113207    0.0007069023007670473
0.3966981132075471    0.00023563410025562696
0.39764150943396226    0.0004712682005112539
0.3985849056603774    0.0004712682005112539
0.39952830188679245    0.00047126820051136484
0.4004716981132075    0.0004712682005112539
0.40141509433962264    0.0004712682005112539
0.4023584905660378    0.00023563410025562696
0.4033018867924528    0.00023563410025568242
0.40424528301886786    0.0004712682005112539
0.405188679245283    0.0004712682005112539
0.40613207547169816    0.00023563410025562696
0.4070754716981132    0.0
0.40801886792452824    0.0009425364010225078
0.4089622641509434    0.00023563410025562696
0.40990566037735854    0.0
0.4108490566037736    0.00023563410025568242
0.4117924528301886    0.00023563410025562696
0.41273584905660377    0.0
0.4136792452830189    0.0
0.41462264150943395    0.00047126820051136484
0.415566037735849    0.0004712682005112539
0.41650943396226414    0.0004712682005112539
0.4174528301886793    0.0004712682005112539
0.41839622641509433    0.00023563410025568242
0.41933962264150937    0.0
0.4202830188679245    0.0
0.42122641509433967    0.0
0.4221698113207547    0.00047126820051136484
0.42311320754716975    0.0
0.4240566037735849    0.0
0.42500000000000004    0.0004712682005112539
0.4259433962264151    0.0
0.4268867924528301    0.0
0.42783018867924527    0.0
0.4287735849056604    0.00023563410025562696
0.42971698113207546    0.00047126820051136484
0.4306603773584905    0.0
0.43160377358490565    0.0
0.4325471698113208    0.0004712682005112539
0.43349056603773584    0.00023563410025568242
0.4344339622641509    0.0
0.435377358490566    0.0
0.4363207547169812    0.0004712682005112539
0.4372641509433962    0.0
0.43820754716981125    0.0
0.4391509433962264    0.0
0.44009433962264155    0.0
0.4410377358490566    0.0
0.4419811320754716    0.0004712682005112539
0.4429245283018868    0.0
0.4438679245283019    0.0
0.44481132075471697    0.0
0.445754716981132    0.0
0.44669811320754715    0.0
0.4476415094339623    0.0
0.44858490566037745    0.0
0.4495283018867925    0.00047126820051136484
0.45047169811320753    0.0
0.4514150943396227    0.0004712682005112539
0.45235849056603783    0.0
0.45330188679245287    0.00023563410025568242
0.4542452830188679    0.0
0.45518867924528306    0.0
0.4561320754716982    0.0
0.45707547169811324    0.0
0.4580188679245283    0.0
0.45896226415094343    0.00023563410025562696
0.4599056603773586    0.0
0.4608490566037736    0.00023563410025568242
0.46179245283018866    0.0
0.4627358490566038    0.0
0.46367924528301896    0.00023563410025562696
0.464622641509434    0.0
0.46556603773584904    0.0
0.4665094339622642    0.00023563410025562696
0.46745283018867934    0.0
0.4683962264150944    0.00023563410025568242
0.4693396226415094    0.0
0.47028301886792456    0.0
0.4712264150943397    0.0
0.47216981132075475    0.0
0.4731132075471698    0.0004712682005112539
0.47405660377358494    0.0
0.4750000000000001    0.0
0.4759433962264151    0.00047126820051136484
0.47688679245283017    0.00023563410025562696
0.4778301886792453    0.0
0.47877358490566047    0.0
0.4797169811320755    0.00023563410025568242
0.48066037735849054    0.0
0.4816037735849057    0.0
0.48254716981132084    0.0
0.4834905660377359    0.0
0.4844339622641509    0.0
0.48537735849056607    0.0
0.4863207547169812    0.0
0.48726415094339626    0.0
0.4882075471698113    0.0
0.48915094339622645    0.00023563410025562696
0.4900943396226416    0.0
0.49103773584905663    0.0
0.49198113207547167    0.0
0.4929245283018868    0.0
0.49386792452830197    0.00023563410025562696
0.494811320754717    0.0
0.49575471698113205    0.0
0.4966981132075472    0.0
0.49764150943396235    0.0
0.4985849056603774    0.0
0.4995283018867924    0.00023563410025562696
0.5004716981132076    0.0
0.5014150943396227    0.0
0.5023584905660378    0.0
0.5033018867924528    0.00023563410025562696
0.504245283018868    0.00023563410025562696
0.5051886792452831    0.0
0.5061320754716981    0.0
0.5070754716981132    0.0
0.5080188679245283    0.0
0.5089622641509435    0.0
0.5099056603773585    0.0
0.5108490566037736    0.0
0.5117924528301887    0.0
0.5127358490566039    0.0
0.5136792452830189    0.0
0.5146226415094339    0.0
0.5155660377358491    0.0
0.5165094339622642    0.0
0.5174528301886793    0.0
0.5183962264150943    0.0
0.5193396226415095    0.0
0.5202830188679246    0.0
0.5212264150943396    0.0
0.5221698113207547    0.0
0.5231132075471698    0.0
0.524056603773585    0.0
0.525    0.0
0.5259433962264151    0.0
0.5268867924528302    0.0
0.5278301886792454    0.0
0.5287735849056604    0.0
0.5297169811320754    0.0
0.5306603773584906    0.0
0.5316037735849057    0.0
0.5325471698113208    0.0
0.5334905660377358    0.0
0.534433962264151    0.0
0.5353773584905661    0.0
0.5363207547169812    0.0
0.5372641509433962    0.0
0.5382075471698113    0.0
0.5391509433962265    0.0
0.5400943396226415    0.0
0.5410377358490566    0.0
0.5419811320754717    0.0
0.5429245283018869    0.0
0.5438679245283019    0.0
0.5448113207547169    0.0
0.5457547169811321    0.0
0.5466981132075472    0.0
0.5476415094339623    0.0
0.5485849056603773    0.0
0.5495283018867925    0.0
0.5504716981132076    0.0
0.5514150943396227    0.0
0.5523584905660377    0.0
0.5533018867924528    0.0
0.554245283018868    0.0
0.555188679245283    0.0
0.5561320754716981    0.0
0.5570754716981132    0.0
0.5580188679245284    0.0
0.5589622641509434    0.0
0.5599056603773584    0.0
0.5608490566037736    0.0
0.5617924528301887    0.0
0.5627358490566038    0.0
0.5636792452830188    0.0
0.564622641509434    0.0
0.5655660377358491    0.0
0.5665094339622642    0.0
0.5674528301886792    0.0
0.5683962264150944    0.0
0.5693396226415095    0.0
0.5702830188679245    0.0
0.5712264150943396    0.0
0.5721698113207547    0.0
0.5731132075471699    0.0
0.5740566037735849    0.0
0.575    0.0
0.5759433962264151    0.0
0.5768867924528303    0.0
0.5778301886792453    0.0
0.5787735849056603    0.0
0.5797169811320755    0.0
0.5806603773584906    0.0
0.5816037735849057    0.0
0.5825471698113207    0.0
0.5834905660377359    0.0
0.584433962264151    0.0
0.585377358490566    0.0
0.5863207547169811    0.0
0.5872641509433962    0.0
0.5882075471698114    0.0
0.5891509433962264    0.0
0.5900943396226415    0.0
0.5910377358490566    0.0
0.5919811320754718    0.0
0.5929245283018868    0.0
0.5938679245283018    0.0
0.594811320754717    0.0
0.5957547169811321    0.0
0.5966981132075472    0.0
0.5976415094339622    0.0
0.5985849056603774    0.0
0.5995283018867925    0.0
0.6004716981132076    0.0
0.6014150943396226    0.0
0.6023584905660377    0.0
0.6033018867924529    0.0
0.6042452830188679    0.0
0.605188679245283    0.0
0.6061320754716981    0.0
0.6070754716981133    0.0
0.6080188679245283    0.0
0.6089622641509433    0.0
0.6099056603773585    0.0
0.6108490566037736    0.0
0.6117924528301887    0.0
0.6127358490566037    0.0
0.6136792452830189    0.0
0.614622641509434    0.0
0.6155660377358491    0.0
0.6165094339622641    0.0
0.6174528301886792    0.0
0.6183962264150944    0.0
0.6193396226415094    0.0
0.6202830188679245    0.0
0.6212264150943396    0.0
0.6221698113207548    0.0
0.6231132075471698    0.0
0.6240566037735849    0.0
0.625    0.0
0.6259433962264151    0.0
0.6268867924528302    0.0
0.6278301886792452    0.0
0.6287735849056604    0.0
0.6297169811320755    0.0
0.6306603773584906    0.0
0.6316037735849056    0.0
0.6325471698113208    0.0
0.6334905660377359    0.0
0.6344339622641509    0.0
0.635377358490566    0.0
0.6363207547169811    0.0
0.6372641509433963    0.0
0.6382075471698113    0.0
0.6391509433962264    0.0
0.6400943396226415    0.0
0.6410377358490567    0.0
0.6419811320754717    0.0
0.6429245283018867    0.0
0.6438679245283019    0.0
0.644811320754717    0.0
0.6457547169811321    0.0
0.6466981132075471    0.0
0.6476415094339623    0.0
0.6485849056603774    0.0
0.6495283018867924    0.0
0.6504716981132075    0.0
0.6514150943396226    0.0
0.6523584905660378    0.0
0.6533018867924528    0.0
0.6542452830188679    0.0
0.655188679245283    0.0
0.6561320754716982    0.0
0.6570754716981132    0.0
0.6580188679245282    0.0
0.6589622641509434    0.0
0.6599056603773585    0.0
0.6608490566037736    0.0
0.6617924528301886    0.0
0.6627358490566038    0.0
0.6636792452830189    0.0
0.664622641509434    0.0
0.665566037735849    0.0
0.6665094339622641    0.0
0.6674528301886793    0.0
0.6683962264150943    0.0
0.6693396226415094    0.0
0.6702830188679245    0.0
0.6712264150943397    0.0
0.6721698113207547    0.0
0.6731132075471697    0.0
0.6740566037735849    0.0
0.675    0.0
0.6759433962264151    0.0
0.6768867924528301    0.0
0.6778301886792453    0.0
0.6787735849056604    0.0
0.6797169811320755    0.0
0.6806603773584905    0.0
0.6816037735849056    0.0
0.6825471698113208    0.0
0.6834905660377358    0.0
0.6844339622641509    0.0
0.685377358490566    0.0
0.6863207547169812    0.0
0.6872641509433962    0.0
0.6882075471698113    0.0
0.6891509433962264    0.0
0.6900943396226416    0.0
0.6910377358490567    0.0
0.6919811320754717    0.0
0.6929245283018868    0.0
0.6938679245283019    0.0
0.6948113207547171    0.0
0.6957547169811321    0.0
0.6966981132075472    0.0
0.6976415094339623    0.0
0.6985849056603775    0.0
0.6995283018867925    0.0
0.7004716981132075    0.0
0.7014150943396227    0.0
0.7023584905660378    0.0
0.7033018867924529    0.0
0.7042452830188679    0.0
0.7051886792452831    0.0
0.7061320754716982    0.0
0.7070754716981132    0.0
0.7080188679245283    0.0
0.7089622641509434    0.0
0.7099056603773586    0.0
0.7108490566037736    0.0
0.7117924528301887    0.0
0.7127358490566038    0.0
0.713679245283019    0.0
0.714622641509434    0.0
0.715566037735849    0.0
0.7165094339622642    0.0
0.7174528301886793    0.0
0.7183962264150944    0.0
0.7193396226415094    0.0
0.7202830188679246    0.0
0.7212264150943397    0.0
0.7221698113207548    0.0
0.7231132075471698    0.0
0.7240566037735849    0.0
0.7250000000000001    0.0
0.7259433962264151    0.0
0.7268867924528302    0.0
0.7278301886792453    0.0
0.7287735849056605    0.0
0.7297169811320755    0.0
0.7306603773584905    0.0
0.7316037735849057    0.0
0.7325471698113208    0.0
0.7334905660377359    0.0
0.7344339622641509    0.0
0.7353773584905661    0.0
0.7363207547169812    0.0
0.7372641509433963    0.0
0.7382075471698113    0.0
0.7391509433962264    0.0
0.7400943396226416    0.0
0.7410377358490566    0.0
0.7419811320754717    0.0
0.7429245283018868    0.0
0.743867924528302    0.0
0.744811320754717    0.0
0.745754716981132    0.0
0.7466981132075472    0.0
0.7476415094339623    0.0
0.7485849056603774    0.0
0.7495283018867924    0.0
0.7504716981132076    0.0
0.7514150943396227    0.0
0.7523584905660378    0.0
0.7533018867924528    0.0
0.754245283018868    0.0
0.7551886792452831    0.0
0.7561320754716981    0.0
0.7570754716981132    0.0
0.7580188679245283    0.0
0.7589622641509435    0.0
0.7599056603773585    0.0
0.7608490566037736    0.0
0.7617924528301887    0.0
0.7627358490566039    0.0
0.7636792452830189    0.0
0.7646226415094339    0.0
0.7655660377358491    0.0
0.7665094339622642    0.0
0.7674528301886793    0.0
0.7683962264150943    0.0
0.7693396226415095    0.0
0.7702830188679246    0.0
0.7712264150943396    0.0
0.7721698113207547    0.0
0.7731132075471698    0.0
0.774056603773585    0.0
0.775    0.0
0.7759433962264151    0.0
0.7768867924528302    0.0
0.7778301886792454    0.0
0.7787735849056604    0.0
0.7797169811320754    0.0
0.7806603773584906    0.0
0.7816037735849057    0.0
0.7825471698113208    0.0
0.7834905660377358    0.0
0.784433962264151    0.0
0.7853773584905661    0.0
0.7863207547169812    0.0
0.7872641509433962    0.0
0.7882075471698113    0.0
0.7891509433962265    0.0
0.7900943396226415    0.0
0.7910377358490566    0.0
0.7919811320754717    0.0
0.7929245283018869    0.0
0.7938679245283019    0.0
0.7948113207547169    0.0
0.7957547169811321    0.0
0.7966981132075472    0.0
0.7976415094339623    0.0
0.7985849056603773    0.0
0.7995283018867925    0.0
0.8004716981132076    0.0
0.8014150943396227    0.0
0.8023584905660377    0.0
0.8033018867924528    0.0
0.804245283018868    0.0
0.805188679245283    0.0
0.8061320754716981    0.0
0.8070754716981132    0.0
0.8080188679245284    0.0
0.8089622641509434    0.0
0.8099056603773584    0.0
0.8108490566037736    0.0
0.8117924528301887    0.0
0.8127358490566038    0.0
0.8136792452830188    0.0
0.814622641509434    0.0
0.8155660377358491    0.0
0.8165094339622642    0.0
0.8174528301886792    0.0
0.8183962264150944    0.0
0.8193396226415095    0.0
0.8202830188679245    0.0
0.8212264150943396    0.0
0.8221698113207547    0.0
0.8231132075471699    0.0
0.8240566037735849    0.0
0.825    0.0
0.8259433962264151    0.0
0.8268867924528303    0.0
0.8278301886792453    0.0
0.8287735849056603    0.0
0.8297169811320755    0.0
0.8306603773584906    0.0
0.8316037735849057    0.0
0.8325471698113207    0.0
0.8334905660377359    0.0
0.834433962264151    0.0
0.835377358490566    0.0
0.8363207547169811    0.0
0.8372641509433962    0.0
0.8382075471698114    0.0
0.8391509433962264    0.0
0.8400943396226415    0.0
0.8410377358490566    0.0
0.8419811320754718    0.0
0.8429245283018868    0.0
0.8438679245283018    0.0
0.844811320754717    0.0
0.8457547169811321    0.0
0.8466981132075472    0.0
0.8476415094339622    0.0
0.8485849056603774    0.0
0.8495283018867925    0.0
0.8504716981132076    0.0
0.8514150943396226    0.0
0.8523584905660377    0.0
0.8533018867924529    0.0
0.8542452830188679    0.0
0.855188679245283    0.0
0.8561320754716981    0.0
0.8570754716981133    0.0
0.8580188679245283    0.0
0.8589622641509433    0.0
0.8599056603773585    0.0
0.8608490566037736    0.0
0.8617924528301887    0.0
0.8627358490566037    0.0
0.8636792452830189    0.0
0.864622641509434    0.0
0.8655660377358491    0.0
0.8665094339622641    0.0
0.8674528301886792    0.0
0.8683962264150944    0.0
0.8693396226415094    0.0
0.8702830188679245    0.0
0.8712264150943396    0.0
0.8721698113207548    0.0
0.8731132075471698    0.0
0.8740566037735849    0.0
0.875    0.0
0.8759433962264151    0.0
0.8768867924528302    0.0
0.8778301886792452    0.0
0.8787735849056604    0.0
0.8797169811320755    0.0
0.8806603773584906    0.0
0.8816037735849056    0.0
0.8825471698113208    0.0
0.8834905660377359    0.0
0.8844339622641509    0.0
0.885377358490566    0.0
0.8863207547169811    0.0
0.8872641509433963    0.0
0.8882075471698113    0.0
0.8891509433962264    0.0
0.8900943396226415    0.0
0.8910377358490567    0.0
0.8919811320754717    0.0
0.8929245283018867    0.0
0.8938679245283019    0.0
0.894811320754717    0.0
0.8957547169811321    0.0
0.8966981132075471    0.0
0.8976415094339623    0.0
0.8985849056603774    0.0
0.8995283018867924    0.0
0.9004716981132075    0.0
0.9014150943396226    0.0
0.9023584905660378    0.0
0.9033018867924528    0.0
0.9042452830188679    0.0
0.905188679245283    0.0
0.9061320754716982    0.0
0.9070754716981132    0.0
0.9080188679245282    0.0
0.9089622641509434    0.0
0.9099056603773585    0.0
0.9108490566037736    0.0
0.9117924528301886    0.0
0.9127358490566038    0.0
0.9136792452830189    0.0
0.914622641509434    0.0
0.915566037735849    0.0
0.9165094339622641    0.0
0.9174528301886793    0.0
0.9183962264150943    0.0
0.9193396226415094    0.0
0.9202830188679245    0.0
0.9212264150943397    0.0
0.9221698113207547    0.0
0.9231132075471697    0.0
0.9240566037735849    0.0
0.925    0.0
0.9259433962264151    0.0
0.9268867924528301    0.0
0.9278301886792453    0.0
0.9287735849056604    0.0
0.9297169811320755    0.0
0.9306603773584905    0.0
0.9316037735849056    0.0
0.9325471698113208    0.0
0.933490566037736    0.0
0.934433962264151    0.0
0.935377358490566    0.0
0.9363207547169812    0.0
0.9372641509433963    0.0
0.9382075471698114    0.0
0.9391509433962264    0.0
0.9400943396226416    0.0
0.9410377358490567    0.0
0.9419811320754717    0.0
0.9429245283018868    0.0
0.9438679245283019    0.0
0.9448113207547171    0.0
0.9457547169811321    0.0
0.9466981132075472    0.0
0.9476415094339623    0.0
0.9485849056603775    0.0
0.9495283018867925    0.0
0.9504716981132075    0.0
0.9514150943396227    0.0
0.9523584905660378    0.0
0.9533018867924529    0.0
0.9542452830188679    0.0
0.9551886792452831    0.0
0.9561320754716982    0.0
0.9570754716981132    0.0
0.9580188679245283    0.0
0.9589622641509434    0.0
0.9599056603773586    0.0
0.9608490566037736    0.0
0.9617924528301887    0.0
0.9627358490566038    0.0
0.963679245283019    0.0
0.964622641509434    0.0
0.965566037735849    0.0
0.9665094339622642    0.0
0.9674528301886793    0.0
0.9683962264150944    0.0
0.9693396226415094    0.0
0.9702830188679246    0.0
0.9712264150943397    0.0
0.9721698113207548    0.0
0.9731132075471698    0.0
0.9740566037735849    0.0
0.9750000000000001    0.0
0.9759433962264151    0.0
0.9768867924528302    0.0
0.9778301886792453    0.0
0.9787735849056605    0.0
0.9797169811320755    0.0
0.9806603773584905    0.0
0.9816037735849057    0.0
0.9825471698113208    0.0
0.9834905660377359    0.0
0.9844339622641509    0.0
0.9853773584905661    0.0
0.9863207547169812    0.0
0.9872641509433963    0.0
0.9882075471698113    0.0
0.9891509433962264    0.0
0.9900943396226416    0.0
0.9910377358490566    0.0
0.9919811320754717    0.0
0.9929245283018868    0.0
0.993867924528302    0.0
0.994811320754717    0.0
0.995754716981132    0.0
0.9966981132075472    0.0
0.9976415094339623    0.0
0.9985849056603774    0.0
0.9995283018867924    0.0