-0.9995283018867924    0.0
-0.9985849056603773    0.0
-0.9976415094339622    0.0
-0.9966981132075472    0.0
-0.995754716981132    0.0
-0.9948113207547169    0.0
-0.9938679245283019    0.0
-0.9929245283018868    0.0
-0.9919811320754717    0.0
-0.9910377358490565    0.0
-0.9900943396226415    0.0
-0.9891509433962264    0.0
-0.9882075471698113    0.0
-0.9872641509433961    0.0
-0.9863207547169811    0.0
-0.9853773584905661    0.0
-0.9844339622641509    0.0
-0.9834905660377358    0.0
-0.9825471698113207    0.0
-0.9816037735849057    0.0
-0.9806603773584905    0.0
-0.9797169811320754    0.0
-0.9787735849056604    0.0
-0.9778301886792453    0.0
-0.9768867924528302    0.0
-0.975943396226415    0.0
-0.975    0.0
-0.9740566037735849    0.0
-0.9731132075471698    0.0
-0.9721698113207546    0.0
-0.9712264150943396    0.0
-0.9702830188679246    0.0
-0.9693396226415094    0.0
-0.9683962264150943    0.0
-0.9674528301886792    0.0
-0.9665094339622642    0.0
-0.965566037735849    0.0
-0.9646226415094339    0.0
-0.9636792452830188    0.0
-0.9627358490566038    0.0
-0.9617924528301887    0.0
-0.9608490566037735    0.0
-0.9599056603773585    0.00023563410025562696
-0.9589622641509434    0.00023563410025565466
-0.9580188679245283    0.0004712682005112539
-0.9570754716981131    0.0004712682005113093
-0.9561320754716981    0.0011781705012781348
-0.9551886792452831    0.0011781705012782733
-0.9542452830188679    0.0023563410025562695
-0.9533018867924528    0.0032988774035791657
-0.9523584905660377    0.0030632433033231507
-0.9514150943396227    0.005890852506391367
-0.9504716981132075    0.004948316105368166
-0.9495283018867924    0.008954095809714879
-0.9485849056603773    0.011310436812270093
-0.9476415094339623    0.015080582416361898
-0.9466981132075472    0.015787484717127008
-0.945754716981132    0.01814382571968541
-0.944811320754717    0.0270979215293971
-0.9438679245283019    0.029925530732468144
-0.9429245283018868    0.03133933533399839
-0.9419811320754716    0.03817272424141606
-0.9410377358490566    0.052075136156493555
-0.9400943396226416    0.05466711125931189
-0.9391509433962264    0.06267867066799677
-0.9382075471698113    0.078466155385133
-0.9372641509433962    0.08200066688895818
-0.9363207547169812    0.0904834944981714
-0.935377358490566    0.10273646771145335
-0.9344339622641509    0.11616761142603775
-0.9334905660377358    0.14185172835388743
-0.9325471698113208    0.1517483605646416
-0.9316037735849056    0.1644726019784276
-0.9306603773584905    0.17177725908637226
-0.9297169811320755    0.19157052350782472
-0.9287735849056604    0.2012315216183291
-0.9278301886792453    0.21018561742801925
-0.9268867924528301    0.22832944314772938
-0.9259433962264151    0.25542736467709964
-0.925    0.2709792152940029
-0.9240566037735849    0.2669734355896254
-0.9231132075471697    0.2957207958208466
-0.9221698113207547    0.29831277092362374
-0.9212264150943397    0.3044392575303058
-0.9202830188679245    0.3353073246637571
-0.9193396226415094    0.37607202400802486
-0.9183962264150943    0.36829609869954494
-0.9174528301886793    0.39963543403359036
-0.9165094339622641    0.41919306435476034
-0.915566037735849    0.41000333444483916
-0.914622641509434    0.4274402578637073
-0.9136792452830189    0.43875069467602906
-0.9127358490566038    0.45477381349336005
-0.9117924528301886    0.4634922752028728
-0.9108490566037736    0.4957741469378391
-0.9099056603773585    0.4788084917194903
-0.9089622641509434    0.5000155607424405
-0.9080188679245282    0.5221651661665307
-0.9070754716981132    0.5436078692897314
-0.9061320754716982    0.5558608425030894
-0.905188679245283    0.5728264977214291
-0.9042452830188679    0.5676425475158722
-0.9033018867924528    0.5669356452150385
-0.9023584905660378    0.5886139824386254
-0.9014150943396226    0.593091030343413
-0.9004716981132075    0.6077003445593334
-0.8995283018867924    0.6117061242636076
-0.8985849056603774    0.6340913637879668
-0.8976415094339623    0.6463443370011848
-0.8966981132075471    0.6569478715127652
-0.8957547169811321    0.6717928198287925
-0.894811320754717    0.6600111148160889
-0.8938679245283019    0.6856952317438745
-0.8929245283018867    0.6835745248416543
-0.8919811320754717    0.7156207624763391
-0.8910377358490567    0.6962987662554596
-0.8900943396226415    0.7144425919750609
-0.8891509433962264    0.720569078581792
-0.8882075471698113    0.7370634655996011
-0.8872641509433963    0.7172702011782128
-0.8863207547169811    0.761805046126442
-0.885377358490566    0.7460175614094028
-0.8844339622641509    0.7735867511392233
-0.8834905660377359    0.7757074580416152
-0.8825471698113208    0.7669889963320657
-0.8816037735849056    0.7872535289541422
-0.8806603773584906    0.8438057130154001
-0.8797169811320755    0.7955007224630902
-0.8787735849056604    0.8178859619872811
-0.8778301886792452    0.8134089140825199
-0.8768867924528302    0.7962076247637635
-0.8759433962264151    0.8195354006891671
-0.875    0.8588862954317603
-0.8740566037735849    0.8376792264088524
-0.8731132075471698    0.840742469712077
-0.8721698113207548    0.8560586862287934
-0.8712264150943396    0.8652484161386622
-0.8702830188679245    0.8527598088252144
-0.8693396226415094    0.8482827609202571
-0.8683962264150944    0.8758519506502686
-0.8674528301886792    0.869725464043519
-0.8665094339622641    0.8859842169612616
-0.8655660377358491    0.8810359008557892
-0.864622641509434    0.8925819717684199
-0.8636792452830189    0.8586506613315047
-0.8627358490566037    0.8840991441592163
-0.8617924528301887    0.9425364010225078
-0.8608490566037736    0.8793864621541033
-0.8599056603773585    0.926042014004614
-0.8589622641509433    0.8888118261643294
-0.8580188679245283    0.9446571079248086
-0.8570754716981133    0.9027142380794131
-0.8561320754716981    0.9109614315882538
-0.855188679245283    0.9024786039791575
-0.8542452830188679    0.9060131154828857
-0.8533018867924529    0.9100188951873384
-0.8523584905660377    0.9170879181949001
-0.8514150943396226    0.8888118261643294
-0.8504716981132076    0.9248638435033357
-0.8495283018867925    0.9097832610870827
-0.8485849056603774    0.9262776481048696
-0.8476415094339622    0.917087918195008
-0.8466981132075472    0.931697232410749
-0.8457547169811321    0.9314615983106029
-0.844811320754717    0.9185017227964339
-0.8438679245283018    0.9316972324108587
-0.8429245283018868    0.9149672112925995
-0.8419811320754718    0.9116683338891279
-0.8410377358490566    0.9258063799043583
-0.8400943396226415    0.9189729909970532
-0.8391509433962264    0.9375880849171397
-0.8382075471698114    0.9248638435034446
-0.8372641509433962    0.9173235522951558
-0.8363207547169811    0.9288696232077908
-0.835377358490566    0.9097832610869757
-0.834433962264151    0.9234500389019107
-0.8334905660377359    0.9331110370122828
-0.8325471698113207    0.9430076692231301
-0.8316037735849057    0.9472490830276205
-0.8306603773584906    0.9491341558297771
-0.8297169811320755    0.9156741135933663
-0.8287735849056603    0.9357030121152048
-0.8278301886792453    0.9368811826163729
-0.8268867924528303    0.8906968989663747
-0.8259433962264151    0.9298121596087039
-0.825    0.9017717016783905
-0.8240566037735849    0.9491341558296653
-0.8231132075471699    0.9300477937090691
-0.8221698113207547    0.9225075025007796
-0.8212264150943396    0.9043636767812027
-0.8202830188679245    0.9081338223851864
-0.8193396226415095    0.9305190619095803
-0.8183962264150944    0.9267489163053808
-0.8174528301886792    0.917794820495667
-0.816509433962264    0.9168522840947524
-0.8155660377358491    0.8951739468712322
-0.814622641509434    0.9267489163053808
-0.8136792452830188    0.9229787707012908
-0.8127358490566037    0.8982371901745557
-0.8117924528301887    0.9331110370123925
-0.8108490566037736    0.8935245081693374
-0.8099056603773584    0.8727887073468422
-0.8089622641509433    0.8716105368456667
-0.8080188679245284    0.8888118261643294
-0.8070754716981132    0.8845704123596236
-0.8061320754716981    0.9269845504056364
-0.8051886792452829    0.8939957763699539
-0.804245283018868    0.9194442591975647
-0.8033018867924528    0.8935245081693374
-0.8023584905660377    0.8803289985550222
-0.8014150943396225    0.906248749583248
-0.8004716981132076    0.930754696009836
-0.7995283018867925    0.8909325330665254
-0.7985849056603773    0.9173235522951558
-0.7976415094339622    0.9434789374236413
-0.7966981132075472    0.9045993108814583
-0.7957547169811321    0.9116683338890207
-0.7948113207547169    0.9170879181949001
-0.7938679245283018    0.8949383127709766
-0.7929245283018869    0.9152028453929628
-0.7919811320754717    0.9175591863954113
-0.7910377358490566    0.9345248416138164
-0.7900943396226414    0.9121396020896393
-0.7891509433962265    0.951961765032845
-0.7882075471698113    0.9227431366010351
-0.7872641509433962    0.9015360675780287
-0.786320754716981    0.9133177725909175
-0.7853773584905661    0.9128465043904063
-0.784433962264151    0.8878692897632023
-0.7834905660377358    0.9100188951872313
-0.7825471698113207    0.9182660886962863
-0.7816037735849057    0.9281627209070239
-0.7806603773584906    0.9045993108813519
-0.7797169811320754    0.9003578970767506
-0.7787735849056603    0.9090763587863158
-0.7778301886792454    0.8947026786707208
-0.7768867924528302    0.9095476269867201
-0.7759433962264151    0.9239213071023133
-0.7749999999999999    0.8991797265755783
-0.774056603773585    0.9243925753029333
-0.7731132075471698    0.9027142380793068
-0.7721698113207547    0.9010647993775175
-0.7712264150943395    0.9071912859842706
-0.7702830188679246    0.8951739468712322
-0.7693396226415095    0.8944670445703599
-0.7683962264150943    0.9017717016782844
-0.7674528301886792    0.8998866288763452
-0.7665094339622642    0.9213293319996099
-0.7655660377358491    0.8810359008557892
-0.7646226415094339    0.9074269200844194
-0.7636792452830188    0.9423007669223631
-0.7627358490566039    0.8949383127709766
-0.7617924528301887    0.8987084583749612
-0.7608490566037736    0.924156941202569
-0.7599056603773584    0.8916394353673973
-0.7589622641509435    0.9010647993776235
-0.7580188679245283    0.8848060464598793
-0.7570754716981132    0.8791508280537441
-0.756132075471698    0.8727887073469449
-0.7551886792452831    0.8998866288763452
-0.754245283018868    0.8758519506501654
-0.7533018867924528    0.8727887073468422
-0.7523584905660377    0.905541847282481
-0.7514150943396227    0.884334778259472
-0.7504716981132076    0.8753806824496542
-0.7495283018867924    0.8833922418583455
-0.7485849056603773    0.8694898299433658
-0.7476415094339623    0.8555874180282822
-0.7466981132075472    0.8617139046348278
-0.745754716981132    0.8489896632210239
-0.7448113207547169    0.8694898299433658
-0.743867924528302    0.8586506613316057
-0.7429245283018868    0.8456907858174452
-0.7419811320754717    0.8296676670000624
-0.7410377358490565    0.8390930310103863
-0.7400943396226416    0.833909080804762
-0.7391509433962264    0.840742469712077
-0.7382075471698113    0.8412137379125882
-0.7372641509433961    0.8513460042236805
-0.7363207547169812    0.8244837167945357
-0.7353773584905661    0.826840057796995
-0.7344339622641509    0.8277825941980175
-0.7334905660377358    0.805161720573572
-0.7325471698113208    0.7962076247638572
-0.7316037735849057    0.8086962320773117
-0.7306603773584905    0.8086962320773117
-0.7297169811320754    0.8176503278871218
-0.7287735849056605    0.8044548182728051
-0.7278301886792453    0.7962076247637635
-0.7268867924528302    0.7724085806379452
-0.725943396226415    0.8011559408692259
-0.7250000000000001    0.774529287540337
-0.7240566037735849    0.783247749249704
-0.7231132075471698    0.7891386017560946
-0.7221698113207546    0.7884316994554206
-0.7212264150943397    0.7865466266533754
-0.7202830188679246    0.7681671668333439
-0.7193396226415094    0.7926731132599291
-0.7183962264150943    0.7962076247638572
-0.7174528301886793    0.7773568967434049
-0.7165094339622642    0.7382416361008792
-0.715566037735849    0.7766499944425465
-0.7146226415094339    0.7804201400467283
-0.713679245283019    0.7533222185173281
-0.7127358490566038    0.7504946093141719
-0.7117924528301887    0.7608625097254195
-0.7108490566037735    0.7448393909081245
-0.7099056603773586    0.7512015116150271
-0.7089622641509434    0.7438968545070144
-0.7080188679245283    0.7398910748026687
-0.7070754716981131    0.7347071245971313
-0.7061320754716982    0.7446037568078688
-0.7051886792452831    0.7139713237745497
-0.7042452830188679    0.7179771034788953
-0.7033018867924528    0.7516727798155385
-0.7023584905660378    0.7368278314994322
-0.7014150943396227    0.7676958986328326
-0.7004716981132075    0.7391841725019017
-0.6995283018867924    0.7344714904968757
-0.6985849056603775    0.7316438812938078
-0.6976415094339623    0.7170345670778728
-0.6966981132075472    0.7255173946870754
-0.695754716981132    0.7177414693787242
-0.6948113207547171    0.7299944425920183
-0.6938679245283019    0.7109080804712264
-0.6929245283018868    0.7127931532732715
-0.6919811320754716    0.7052528620651745
-0.6910377358490567    0.6958274980549483
-0.6900943396226416    0.6967700344558889
-0.6891509433962264    0.7047815938645803
-0.6882075471698113    0.7080804712682424
-0.6872641509433963    0.6932355229521361
-0.6863207547169812    0.68970101144822
-0.685377358490566    0.686637768144897
-0.6844339622641509    0.7017183505613396
-0.683490566037736    0.7264599310881834
-0.6825471698113208    0.6927642547515432
-0.6816037735849056    0.7158563965765947
-0.6806603773584905    0.6911148160498352
-0.6797169811320756    0.7036034233633849
-0.6787735849056604    0.692999888851799
-0.6778301886792453    0.7130287873735272
-0.6768867924528301    0.687109036345489
-0.6759433962264152    0.6739135267311724
-0.675    0.666373235522913
-0.6740566037735849    0.6864021340446413
-0.6731132075471697    0.6765055018339846
-0.6721698113207548    0.6656663332222245
-0.6712264150943397    0.6618961876180561
-0.6702830188679245    0.6673157719239355
-0.6693396226415094    0.707609203067731
-0.6683962264150944    0.6628387240191567
-0.6674528301886793    0.6595398466154999
-0.6665094339622641    0.6498788485050192
-0.665566037735849    0.6781549405357742
-0.6646226415094341    0.659775480715833
-0.6636792452830189    0.6609536512170336
-0.6627358490566038    0.6642525286206125
-0.6617924528301886    0.6741491608314281
-0.6608490566037737    0.6807469156385864
-0.6599056603773585    0.6560053351116655
-0.6589622641509434    0.6472868734022073
-0.6580188679245282    0.6543558964099531
-0.6570754716981133    0.6628387240191567
-0.6561320754716982    0.6527064577080867
-0.655188679245283    0.660011114816011
-0.6542452830188679    0.6668445037235027
-0.6533018867924529    0.6666088696232471
-0.6523584905660378    0.6432810936978616
-0.6514150943396226    0.6760342336333938
-0.6504716981132075    0.6534133600089305
-0.6495283018867926    0.6552984328109757
-0.6485849056603774    0.6402178503945384
-0.6476415094339623    0.6602467489162667
-0.6466981132075471    0.6343269978882224
-0.6457547169811322    0.6724997221296385
-0.644811320754717    0.6451661664999067
-0.6438679245283019    0.625372902078434
-0.6429245283018867    0.6560053351117426
-0.6419811320754718    0.6479937757030504
-0.6410377358490567    0.6522351895075754
-0.6400943396226415    0.6336200955873809
-0.6391509433962264    0.6465799711015164
-0.6382075471698113    0.6479937757029741
-0.6372641509433963    0.6689652106258037
-0.6363207547169811    0.6519995554073198
-0.635377358490566    0.6359764365899372
-0.6344339622641508    0.6397465821941025
-0.6334905660377359    0.6512926531066296
-0.6325471698113208    0.6300855840835464
-0.6316037735849056    0.6230165610758777
-0.6306603773584905    0.6425741913971703
-0.6297169811320755    0.6077003445593334
-0.6287735849056604    0.6305568522840578
-0.6278301886792452    0.615240635767442
-0.6268867924528301    0.61005668556189
-0.6259433962264151    0.597803712348596
-0.625    0.6413960208958166
-0.6240566037735849    0.6251372679781784
-0.6231132075471697    0.6446948982994712
-0.6221698113207548    0.6126486606647022
-0.6212264150943396    0.5886139824385561
-0.6202830188679245    0.6102923196620738
-0.6193396226415093    0.6180682449705823
-0.6183962264150944    0.583430032233001
-0.6174528301886792    0.613355562965397
-0.6165094339622641    0.6324419250861028
-0.615566037735849    0.6135911970657248
-0.614622641509434    0.5855507391353019
-0.6136792452830189    0.6053440035567056
-0.6127358490566037    0.6142980993664194
-0.6117924528301886    0.5879070801378584
-0.6108490566037736    0.6199533177726275
-0.6099056603773585    0.6060509058574726
-0.6089622641509433    0.6178326108702539
-0.6080188679245282    0.5968611759475734
-0.6070754716981133    0.5846082027342793
-0.6061320754716981    0.6241947315771559
-0.605188679245283    0.6128842947648857
-0.6042452830188678    0.5959186395465507
-0.6033018867924529    0.6011025897521751
-0.6023584905660377    0.6117061242636076
-0.6014150943396226    0.581780593531143
-0.6004716981132074    0.5737690341225191
-0.5995283018867925    0.5914415916416932
-0.5985849056603774    0.6135911970656527
-0.5976415094339622    0.5973324441480143
-0.5966981132075471    0.5909703234411819
-0.5957547169811321    0.6062865399577995
-0.594811320754717    0.5782460820273086
-0.5938679245283018    0.5869645437367668
-0.5929245283018867    0.5926197621429715
-0.5919811320754718    0.5787173502278878
-0.5910377358490566    0.595683005446225
-0.5900943396226415    0.5848438368344662
-0.5891509433962263    0.5961542736468063
-0.5882075471698114    0.5813093253307001
-0.5872641509433962    0.5758897410247523
-0.5863207547169811    0.5831943981326767
-0.5853773584905659    0.5909703234411819
-0.584433962264151    0.5973324441480846
-0.5834905660377359    0.5763610092252636
-0.5825471698113207    0.5860220073357443
-0.5816037735849056    0.5933266644437385
-0.5806603773584906    0.5740046682227748
-0.5797169811320755    0.589320884739323
-0.5787735849056603    0.5869645437367668
-0.5778301886792452    0.5808380571301888
-0.5768867924528303    0.586257641436069
-0.5759433962264151    0.5834300322329324
-0.575    0.5702345226186172
-0.5740566037735848    0.5789529843281436
-0.5731132075471699    0.5685850839168947
-0.5721698113207547    0.5631654996109484
-0.5712264150943396    0.5747115705234742
-0.5702830188679244    0.5817805935312115
-0.5693396226415095    0.5645793042125486
-0.5683962264150944    0.5744759364232186
-0.5674528301886792    0.5711770590196398
-0.566509433962264    0.5690563521174061
-0.5655660377358491    0.556096476603345
-0.564622641509434    0.5725908636211735
-0.5636792452830188    0.5544470379014902
-0.5627358490566037    0.5612804268089694
-0.5617924528301887    0.5388951872846822
-0.5608490566037736    0.5685850839168278
-0.5599056603773584    0.5558608425030239
-0.5589622641509433    0.5593953540069242
-0.5580188679245284    0.5400733577859606
-0.5570754716981132    0.5537401356007233
-0.5561320754716981    0.5765966433255191
-0.5551886792452829    0.5386595531844266
-0.554245283018868    0.5502056240969537
-0.5533018867924528    0.5664643770145272
-0.5523584905660377    0.5483205512948439
-0.5514150943396225    0.5702345226186843
-0.5504716981132076    0.5417227964877501
-0.5495283018867925    0.5537401356007233
-0.5485849056603773    0.544550405690754
-0.5476415094339622    0.5570390130043676
-0.5466981132075472    0.5478492830943972
-0.5457547169811321    0.5311192619761831
-0.5448113207547169    0.5443147715904983
-0.5438679245283018    0.5615160609092251
-0.5429245283018869    0.538423919084171
-0.5419811320754717    0.5485561853950995
-0.5410377358490566    0.541251528287175
-0.5400943396226414    0.5509125263977206
-0.5391509433962265    0.5551539402023224
-0.5382075471698113    0.5386595531843632
-0.5372641509433962    0.5299410914749051
-0.536320754716981    0.5358319439813588
-0.5353773584905661    0.524050238968576
-0.534433962264151    0.5226364343669806
-0.5334905660377358    0.5308836278759275
-0.5325471698113207    0.558924085806413
-0.5316037735849057    0.518630654662696
-0.5306603773584906    0.5313548960764388
-0.5297169811320754    0.533711237078995
-0.5287735849056603    0.5313548960765013
-0.5278301886792454    0.5325330665777797
-0.5268867924528302    0.5339468711792508
-0.5259433962264151    0.5400733577858969
-0.5249999999999999    0.5261709458708769
-0.524056603773585    0.5273491163721552
-0.5231132075471698    0.5207513615649355
-0.5221698113207547    0.5252284094697925
-0.5212264150943395    0.5261709458708769
-0.5202830188679246    0.5158030454596281
-0.5193396226415095    0.5264065799710707
-0.5183962264150943    0.5167455818605898
-0.5174528301886792    0.5183950205624404
-0.5165094339622642    0.5195731910637186
-0.5155660377358491    0.5070845837501092
-0.5146226415094339    0.5082627542513873
-0.5136792452830188    0.53088362787599
-0.5127358490566039    0.4997799266422436
-0.5117924528301887    0.5026075358452523
-0.5108490566037736    0.49742358563962846
-0.5099056603773584    0.5153317772591168
-0.5089622641509435    0.4936534400355966
-0.5080188679245283    0.5200444592641688
-0.5070754716981132    0.5150961431588005
-0.506132075471698    0.4943603423363635
-0.5051886792452831    0.5021362676448002
-0.504245283018868    0.5075558519506205
-0.5033018867924528    0.4986017561409067
-0.5023584905660377    0.5000155607424992
-0.5014150943396227    0.5339468711793136
-0.5004716981132076    0.4771590530176446
-0.4995283018867924    0.5207513615649355
-0.49858490566037733    0.5019006335445444
-0.49764150943396224    0.5021362676447411
-0.49669811320754714    0.5122685339557933
-0.49575471698113205    0.48729131932863656
-0.49481132075471695    0.48069356452153555
-0.49386792452830186    0.4981304879403954
-0.49292452830188677    0.5174524841614176
-0.49198113207547167    0.4717394687117652
-0.4910377358490566    0.4738601756141215
-0.4900943396226415    0.5059064132488311
-0.4891509433962264    0.46938312770926416
-0.4882075471698113    0.4757452484161109
-0.4872641509433962    0.4835211737246034
-0.4863207547169811    0.4677336890074195
-0.485377358490566    0.4809291986217912
-0.4844339622641509    0.46938312770920887
-0.4834905660377358    0.4672624208069633
-0.48254716981132073    0.47857285761917834
-0.48160377358490564    0.4832855396243478
-0.48066037735849054    0.4842280760253134
-0.47971698113207545    0.4875269534289495
-0.47877358490566035    0.47739468711790023
-0.47783018867924526    0.4976592197399427
-0.47688679245283017    0.5021362676447411
-0.47594339622641507    0.4842280760253703
-0.475    0.46254973880179573
-0.4740566037735849    0.48469934422588173
-0.4731132075471698    0.4757452484161109
-0.4721698113207547    0.4705612982105424
-0.4712264150943396    0.47409580971432147
-0.4702830188679245    0.4929465377348296
-0.4693396226415094    0.4757452484161109
-0.4683962264150943    0.46914749360900854
-0.4674528301886792    0.4651417139046076
-0.46650943396226413    0.463963543403384
-0.46556603773584904    0.46914749360895325
-0.46462264150943394    0.45995776369903796
-0.46367924528301885    0.4606646659997507
-0.46273584905660375    0.46042903189954926
-0.46179245283018866    0.4604290318994951
-0.46084905660377357    0.48540624652664865
-0.45990566037735847    0.46702678670665265
-0.4589622641509434    0.4177792597532758
-0.4580188679245283    0.4594864954984726
-0.4570754716981132    0.45972212959878234
-0.4561320754716981    0.47268200511278763
-0.455188679245283    0.45736578859622573
-0.4542452830188679    0.45877959319770567
-0.4533018867924528    0.4550094475936692
-0.4523584905660377    0.46867622540844206
-0.4514150943396226    0.4378081582750064
-0.45047169811320753    0.46938312770920887
-0.44952830188679244    0.45218183839060133
-0.44858490566037734    0.4455840835833906
-0.44764150943396225    0.46090030010006056
-0.44669811320754715    0.44393464488160117
-0.44575471698113206    0.4705612982105424
-0.44481132075471697    0.45006113148824745
-0.44386792452830187    0.4543025452929022
-0.4429245283018868    0.41942869845501596
-0.4419811320754717    0.4594864954985266
-0.4410377358490566    0.45595198399463815
-0.4400943396226415    0.44040013337781864
-0.4391509433962264    0.4467622540846687
-0.4382075471698113    0.4481760586862552
-0.4372641509433962    0.44275647438032306
-0.4363207547169811    0.4467622540847213
-0.435377358490566    0.4455840835833906
-0.43443396226415093    0.42508391686120106
-0.43349056603773584    0.4474691563854356
-0.43254716981132074    0.4613715683005719
-0.43160377358490565    0.44723352228517993
-0.43066037735849055    0.43639435367347246
-0.42971698113207546    0.4418139379793006
-0.42877358490566037    0.43121040346784806
-0.42783018867924527    0.4354518172723986
-0.4268867924528302    0.43875069467602906
-0.4259433962264151    0.43333111037009797
-0.425    0.43521618317219424
-0.4240566037735849    0.43686562187393235
-0.4231132075471698    0.44063576747807426
-0.4221698113207547    0.43992886517725555
-0.4212264150943396    0.4349805490719385
-0.4202830188679245    0.4307391352672861
-0.4193396226415094    0.43521618317219424
-0.41839622641509433    0.43026786706677483
-0.41745283018867924    0.42696898966324626
-0.41650943396226414    0.41919306435476034
-0.41556603773584905    0.4340380126709159
-0.41462264150943395    0.4154229187506703
-0.41367924528301886    0.40646882294100434
-0.41273584905660377    0.4305035011670304
-0.41179245283018867    0.4253195509614567
-0.4108490566037736    0.4189574302545047
-0.4099056603773585    0.4239057463599228
-0.4089622641509434    0.41801489385348223
-0.4080188679245283    0.41071023674560614
-0.4070754716981132    0.42531955096140667
-0.4061320754716981    0.4241413804601784
-0.405188679245283    0.42767589196396294
-0.4042452830188679    0.4338023785706603
-0.4033018867924528    0.4173079915527153
-0.40235849056603773    0.43710125597423943
-0.40141509433962264    0.4387506946759774
-0.40047169811320754    0.4262620873624793
-0.39952830188679245    0.40858952984325714
-0.39858490566037735    0.41825052795378703
-0.39764150943396226    0.4137734800488809
-0.39669811320754716    0.4243770145604341
-0.39575471698113207    0.4102389685450465
-0.394811320754717    0.41660108925199746
-0.3938679245283019    0.41942869845501596
-0.3929245283018868    0.4062331888407487
-0.3919811320754717    0.40340557963763335
-0.3910377358490566    0.42555518506171236
-0.3900943396226415    0.40434811603865584
-0.3891509433962264    0.4241413804601784
-0.3882075471698113    0.41565855285092596
-0.3872641509433962    0.4229632099589002
-0.38632075471698113    0.41400911414913655
-0.38537735849056604    0.42767589196401323
-0.38443396226415094    0.4229632099588504
-0.38349056603773585    0.42602645326222366
-0.38254716981132075    0.4107102367455578
-0.38160377358490566    0.40529065243972606
-0.38066037735849056    0.41565855285092596
-0.37971698113207547    0.4010492386351243
-0.3787735849056604    0.4071757252417234
-0.3778301886792453    0.42178503945762186
-0.3768867924528302    0.4029343114371221
-0.3759433962264151    0.40694009114151564
-0.375    0.4095320662442796
-0.3740566037735849    0.42178503945762186
-0.3731132075471698    0.42107813715680537
-0.3721698113207547    0.405997554740493
-0.3712264150943396    0.4050550183394227
-0.37028301886792453    0.40057797043461296
-0.36933962264150944    0.4081182616427459
-0.36839622641509434    0.3984572635323121
-0.36745283018867925    0.3984572635322652
-0.36650943396226415    0.4241413804601784
-0.36556603773584906    0.39680782483047583
-0.36462264150943396    0.39727909303103376
-0.36367924528301887    0.4081182616427459
-0.3627358490566038    0.40152050683563556
-0.3617924528301887    0.39539402022894204
-0.3608490566037736    0.39633655663001116
-0.3599056603773585    0.3883249972212732
-0.3589622641509434    0.39138824052464244
-0.3580188679245283    0.39421584972766394
-0.3570754716981132    0.41565855285097486
-0.3561320754716981    0.41801489385348223
-0.355188679245283    0.39091697232413114
-0.35424528301886793    0.387853729020762
-0.35330188679245284    0.41141713904637306
-0.35235849056603774    0.38761809492050636
-0.35141509433962265    0.3982216294320564
-0.35047169811320755    0.3986928976325208
-0.34952830188679246    0.38714682672004064
-0.34858490566037736    0.409296432144024
-0.34764150943396227    0.39633655663001116
-0.3466981132075472    0.39280204512613015
-0.3457547169811321    0.40906079804381656
-0.344811320754717    0.4067044570412121
-0.3438679245283019    0.40222740913640254
-0.3429245283018868    0.40694009114146773
-0.3419811320754717    0.3984572635323121
-0.3410377358490566    0.39515838612868637
-0.3400943396226415    0.4071757252417713
-0.3391509433962264    0.3949227520284308
-0.33820754716981133    0.3977503612315451
-0.33726415094339623    0.38879626542178447
-0.33632075471698114    0.3895031677225972
-0.33537735849056605    0.4050550183394227
-0.33443396226415095    0.39445148382796597
-0.33349056603773586    0.4224919417583391
-0.33254716981132076    0.37512948760700227
-0.33160377358490567    0.3791352673113038
-0.3306603773584906    0.38856063132157453
-0.3297169811320755    0.3767789263087475
-0.3287735849056604    0.3784283650105814
-0.3278301886792453    0.3819628765143713
-0.3268867924528302    0.3951583861287329
-0.3259433962264151    0.3847904857174388
-0.325    0.39727909303103376
-0.3240566037735849    0.36735356229852245
-0.3231132075471698    0.40152050683563556
-0.32216981132075473    0.3800778037123263
-0.32122641509433963    0.38526175391799544
-0.32028301886792454    0.3909169723240851
-0.31933962264150945    0.38125597421364926
-0.31839622641509435    0.3713593420028681
-0.31745283018867926    0.3821985106146719
-0.31650943396226416    0.3812559742136044
-0.31556603773584907    0.3826697788151832
-0.314622641509434    0.37041680560184553
-0.3136792452830189    0.3975147271312895
-0.3127358490566038    0.3713593420028681
-0.3117924528301887    0.38337668111595014
-0.3108490566037736    0.3843192175169276
-0.3099056603773585    0.37512948760700227
-0.3089622641509434    0.37395131710567997
-0.3080188679245283    0.3788996332110927
-0.3070754716981132    0.3895031677225514
-0.30613207547169813    0.37701456040904746
-0.30518867924528303    0.3694742692008231
-0.30424528301886794    0.373244414804957
-0.30330188679245285    0.3692386351005674
-0.30235849056603775    0.3796065355118597
-0.30141509433962266    0.39633655662996453
-0.30047169811320756    0.3763076581082805
-0.29952830188679247    0.35627875958650795
-0.2985849056603774    0.36829609869958824
-0.2976415094339623    0.3713593420028681
-0.2966981132075472    0.36711792819831
-0.2957547169811321    0.379606535511815
-0.294811320754717    0.3624052461931969
-0.2938679245283019    0.37489385350670246
-0.2929245283018868    0.38196287651441624
-0.2919811320754717    0.36994553740133435
-0.2910377358490566    0.3727731466044457
-0.29009433962264153    0.37088807380235683
-0.28915094339622643    0.37112370790265614
-0.28820754716981134    0.37041680560184553
-0.28726415094339625    0.36004890519064037
-0.28632075471698115    0.363819050794688
-0.28537735849056606    0.3786639991108371
-0.28443396226415096    0.363819050794688
-0.28349056603773587    0.3984572635323121
-0.2825471698113208    0.3718306102033793
-0.2816037735849057    0.36216961209294124
-0.2806603773584906    0.3649972212959662
-0.2797169811320755    0.37512948760700227
-0.2787735849056604    0.36476158719571056
-0.2778301886792453    0.38007780371237104
-0.2768867924528302    0.3664110258974999
-0.27594339622641506    0.36287651439366553
-0.27499999999999997    0.3628765143937082
-0.2740566037735849    0.3675891963987781
-0.2731132075471698    0.3640546848949865
-0.2721698113207547    0.37819273091028127
-0.2712264150943396    0.39657219073026684
-0.2702830188679245    0.3730087807046575
-0.2693396226415094    0.3588707346893621
-0.2683962264150943    0.36311214849392115
-0.2674528301886792    0.354158052684249
-0.2665094339622641    0.35981327109034233
-0.265566037735849    0.35698566188731684
-0.26462264150943393    0.3744225853061912
-0.26367924528301884    0.3748938535067466
-0.26273584905660374    0.36476158719571056
-0.26179245283018865    0.3536867844837377
-0.26084905660377355    0.37748582860951435
-0.25990566037735846    0.36758919639882126
-0.25896226415094337    0.3715949761031237
-0.2580188679245283    0.36546848949652044
-0.2570754716981132    0.3633477825941767
-0.2561320754716981    0.38149160831390494
-0.255188679245283    0.34920973657883914
-0.2542452830188679    0.36216961209294124
-0.2533018867924528    0.34685339557628286
-0.2523584905660377    0.36853173279984397
-0.2514150943396226    0.36570412359673304
-0.2504716981132075    0.3701811715016335
-0.24952830188679243    0.3529798821829292
-0.24858490566037733    0.35910636878961777
-0.24764150943396224    0.36688229409801115
-0.24669811320754714    0.35227297988220374
-0.24575471698113205    0.3635834166944324
-0.24481132075471695    0.3576925641880838
-0.24386792452830186    0.3612270756918761
-0.24292452830188677    0.3536867844837377
-0.24198113207547167    0.3645259530954549
-0.24103773584905658    0.3774858286095588
-0.24009433962264148    0.3612270756918761
-0.2391509433962264    0.354158052684249
-0.2382075471698113    0.34944537067909476
-0.2372641509433962    0.34708902967657934
-0.2363207547169811    0.35345115038344044
-0.235377358490566    0.35580749138603857
-0.23443396226415092    0.36429031899519926
-0.23349056603773582    0.35392241858399337
-0.23254716981132073    0.36570412359673304
-0.23160377358490564    0.37088807380240046
-0.23066037735849054    0.361933977992643
-0.22971698113207545    0.3551005890852716
-0.22877358490566035    0.36476158719571056
-0.22783018867924526    0.3588707346893621
-0.22688679245283017    0.36829609869954494
-0.22594339622641507    0.360284539290896
-0.22499999999999998    0.35769256418804174
-0.22405660377358488    0.3727731466044457
-0.2231132075471698    0.3477959319773054
-0.2221698113207547    0.3529798821829707
-0.2212264150943396    0.3501522729798616
-0.2202830188679245    0.36688229409805434
-0.2193396226415094    0.35910636878957547
-0.21839622641509432    0.34025564076916537
-0.21745283018867922    0.35910636878957547
-0.21650943396226413    0.3475602978770907
-0.21556603773584904    0.36287651439366553
-0.21462264150943394    0.3723018784039344
-0.21367924528301885    0.36523285539622175
-0.21273584905660375    0.36711792819831
-0.21179245283018866    0.37230187840389056
-0.21084905660377357    0.36758919639882126
-0.20990566037735847    0.36664665999775553
-0.20896226415094338    0.35227297988220374
-0.20801886792452828    0.35981327109034233
-0.2070754716981132    0.36476158719575347
-0.2061320754716981    0.3718306102033793
-0.205188679245283    0.36735356229856564
-0.2042452830188679    0.35345115038344044
-0.2033018867924528    0.36169834389242994
-0.20235849056603772    0.3541580526842073
-0.20141509433962262    0.3322440813604731
-0.20047169811320753    0.3513304434811398
-0.19952830188679244    0.35651439368680554
-0.19858490566037734    0.3569856618872749
-0.19764150943396225    0.3586351005891064
-0.19669811320754715    0.3487384683783279
-0.19575471698113206    0.36075580749140734
-0.19481132075471697    0.36735356229852245
-0.19386792452830187    0.3468533955763237
-0.19292452830188678    0.3518017116816511
-0.19198113207547168    0.34025564076916537
-0.1910377358490566    0.3463821273757716
-0.1900943396226415    0.3489741024786246
-0.1891509433962264    0.35722129598753044
-0.1882075471698113    0.33460042236302967
-0.1872641509433962    0.36664665999775553
-0.18632075471698112    0.36099144159166296
-0.18537735849056602    0.34190507947091475
-0.18443396226415093    0.36617539179728736
-0.18349056603773584    0.358163832388553
-0.18254716981132074    0.3489741024786246
-0.18160377358490565    0.3633477825941767
-0.18066037735849055    0.35745693008782814
-0.17971698113207546    0.3675891963987781
-0.17877358490566037    0.3508591752806698
-0.17783018867924527    0.346146493275516
-0.17688679245283018    0.3572212959875725
-0.17594339622641508    0.35203734578190665
-0.175    0.36216961209294124
-0.1740566037735849    0.35203734578190665
-0.1731132075471698    0.3487384683783689
-0.1721698113207547    0.375836389907725
-0.1712264150943396    0.3638190507947308
-0.17028301886792452    0.36216961209289866
-0.16933962264150942    0.3527442480827151
-0.16839622641509433    0.36004890519059796
-0.16745283018867924    0.3763076581082805
-0.16650943396226414    0.3565143936867636
-0.16556603773584905    0.359577636990129
-0.16462264150943395    0.36994553740133435
-0.16367924528301886    0.35698566188731684
-0.16273584905660377    0.3539224185839517
-0.16179245283018867    0.39021007002336416
-0.16084905660377358    0.35792819828829736
-0.15990566037735848    0.3701811715016335
-0.1589622641509434    0.354393686784463
-0.1580188679245283    0.36546848949652044
-0.1570754716981132    0.3515660775813954
-0.1561320754716981    0.36499722129600914
-0.155188679245283    0.36782483049903364
-0.15424528301886792    0.37607202400802486
-0.15330188679245282    0.37041680560184553
-0.15235849056603773    0.35533622318552727
-0.15141509433962264    0.3680604645992893
-0.15047169811320754    0.3624052461931969
-0.14952830188679245    0.35957763699008677
-0.14858490566037735    0.34661776147606804
-0.14764150943396226    0.3791352673113038
-0.14669811320754716    0.35910636878961777
-0.14575471698113207    0.3649972212959662
-0.14481132075471698    0.3543936867845046
-0.14386792452830188    0.3640546848949437
-0.1429245283018868    0.36947426920086657
-0.1419811320754717    0.3680604645992893
-0.1410377358490566    0.35557185728578294
-0.1400943396226415    0.34661776147602724
-0.1391509433962264    0.3645259530954978
-0.13820754716981132    0.34661776147602724
-0.13726415094339622    0.3489741024786246
-0.13632075471698113    0.3649972212959662
-0.13537735849056604    0.36476158719575347
-0.13443396226415094    0.3459108591752604
-0.13349056603773585    0.3456752250750454
-0.13254716981132075    0.34920973657883914
-0.13160377358490566    0.360284539290896
-0.13066037735849056    0.33507169056350156
-0.12971698113207547    0.37418695120597967
-0.12877358490566038    0.3664110258974999
-0.12783018867924528    0.34072690896967667
-0.1268867924528302    0.3501522729798616
-0.1259433962264151    0.34638212737581237
-0.125    0.3435545181727041
-0.1240566037735849    0.3475602978770907
-0.12311320754716981    0.3459108591752604
-0.12216981132075472    0.34449705457376717
-0.12122641509433962    0.33742803156605783
-0.12028301886792453    0.3583994664888508
-0.11933962264150944    0.3433188840724485
-0.11839622641509434    0.3331866177614957
-0.11745283018867925    0.3501522729798616
-0.11650943396226415    0.33012337445817225
-0.11556603773584906    0.3364854951650353
-0.11462264150943396    0.3456752250750454
-0.11367924528301887    0.3496810047793504
-0.11273584905660378    0.3624052461931969
-0.11179245283018868    0.3268244970545546
-0.11084905660377359    0.35981327109038475
-0.1099056603773585    0.33719239746580215
-0.1089622641509434    0.3430832499722333
-0.1080188679245283    0.33412915416247907
-0.10707547169811321    0.3400200066689097
-0.10613207547169812    0.3404912748693809
-0.10518867924528302    0.3482672001778576
-0.10424528301886793    0.33624986106477966
-0.10330188679245284    0.34591085917530107
-0.10235849056603774    0.33742803156605783
-0.10141509433962265    0.33577859286430795
-0.10047169811320755    0.32658886295429895
-0.09952830188679246    0.35180171168169244
-0.09858490566037736    0.35085917528062854
-0.09764150943396227    0.3482672001778576
-0.09669811320754718    0.3430832499721928
-0.09575471698113208    0.33460042236302967
-0.09481132075471699    0.33672112926529096
-0.0938679245283019    0.33766366566635314
-0.0929245283018868    0.34850283427807227
-0.0919811320754717    0.34968100477939157
-0.09103773584905661    0.33083027675890025
-0.09009433962264152    0.35156607758143676
-0.08915094339622642    0.33766366566631345
-0.08820754716981133    0.3510948093809255
-0.08726415094339623    0.3395487384683584
-0.08632075471698114    0.34449705457376717
-0.08537735849056605    0.34496832277423783
-0.08443396226415095    0.35557185728578294
-0.08349056603773586    0.3324797154606896
-0.08254716981132076    0.34096254306993234
-0.08160377358490567    0.3430832499721928
-0.08066037735849058    0.33436478826277405
-0.07971698113207548    0.3555718572857411
-0.07877358490566039    0.35227297988220374
-0.0778301886792453    0.33742803156605783
-0.0768867924528302    0.33530732466379665
-0.0759433962264151    0.3607558074913648
-0.07500000000000001    0.35981327109038475
-0.07405660377358492    0.3395487384683584
-0.07311320754716982    0.35133044348118114
-0.07216981132075473    0.36028453929085363
-0.07122641509433963    0.359577636990129
-0.07028301886792454    0.34025564076912534
-0.06933962264150945    0.3426119817717219
-0.06839622641509435    0.3409625430698922
-0.06745283018867926    0.35698566188731684
-0.06650943396226416    0.3395487384683584
-0.06556603773584907    0.3423763476714663
-0.06462264150943398    0.3569856618872749
-0.06367924528301888    0.3482672001778576
-0.06273584905660379    0.34732466377679416
-0.06179245283018869    0.3433188840724889
-0.0608490566037736    0.32965210625762215
-0.059905660377358505    0.35392241858399337
-0.05896226415094341    0.3558074913859967
-0.05801886792452832    0.36758919639882126
-0.05707547169811322    0.33460042236299026
-0.05613207547169813    0.34968100477939157
-0.055188679245283034    0.34284761587193724
-0.05424528301886794    0.34732466377683496
-0.053301886792452846    0.35345115038344044
-0.05235849056603775    0.35675002778706116
-0.05141509433962266    0.35792819828829736
-0.050471698113207564    0.3562787595865499
-0.04952830188679247    0.34661776147602724
-0.048584905660377375    0.3499166388796472
-0.04764150943396228    0.36264088029340985
-0.04669811320754719    0.3763076581082805
-0.04575471698113209    0.34756029787704973
-0.044811320754717    0.3494453706791359
-0.043867924528301905    0.3609914415916205
-0.04292452830188681    0.36853173279984397
-0.04198113207547172    0.3593420028898311
-0.04103773584905662    0.36099144159166296
-0.04009433962264153    0.3532155162831848
-0.039150943396226434    0.3551005890852716
-0.03820754716981134    0.363819050794688
-0.037264150943396246    0.34543959097478977
-0.03632075471698115    0.3687673669000562
-0.03537735849056606    0.35133044348118114
-0.034433962264150964    0.36287651439366553
-0.033490566037735814    0.35745693008778606
-0.03254716981132072    0.35604312548629424
-0.031603773584905626    0.35627875958650795
-0.03066037735849053    0.3723018784039344
-0.029716981132075437    0.3463821273757716
-0.028773584905660343    0.3796065355118597
-0.02783018867924525    0.3607558074913648
-0.026886792452830155    0.36004890519064037
-0.02594339622641506    0.37112370790261245
-0.024999999999999967    0.3536867844837377
-0.024056603773584873    0.35533622318548547
-0.02311320754716978    0.3826697788151832
-0.022169811320754684    0.37253751250414624
-0.02122641509433959    0.36735356229856564
-0.020283018867924496    0.3654684894964774
-0.019339622641509402    0.3786639991108371
-0.018396226415094308    0.35368678448369606
-0.017452830188679214    0.3805490719128823
-0.01650943396226412    0.38290541291539376
-0.015566037735849025    0.359577636990129
-0.014622641509433931    0.36782483049903364
-0.013679245283018837    0.3727731466044457
-0.012735849056603743    0.3680604645992893
-0.011792452830188649    0.3626408802934526
-0.010849056603773555    0.3932733133266414
-0.00990566037735846    0.3692386351006109
-0.008962264150943366    0.37112370790261245
-0.008018867924528272    0.367824830499077
-0.007075471698113178    0.3640546848949437
-0.006132075471698084    0.38361231521620587
-0.00518867924528299    0.3810203401133488
-0.004245283018867896    0.36216961209294124
-0.0033018867924528017    0.3715949761031237
-0.0023584905660377076    0.35745693008782814
-0.0014150943396226134    0.36287651439366553
-0.0004716981132075193    0.35533622318552727
0.0004716981132075748    0.3593420028898311
0.0014150943396227245    0.3904457041235739
0.002358490566037763    0.37795709681011463
0.0033018867924528017    0.3624052461931543
0.004245283018867951    0.38502611981769447
0.005188679245283101    0.35368678448369606
0.00613207547169814    0.36758919639886456
0.007075471698113178    0.36853173279980056
0.008018867924528328    0.3791352673113038
0.008962264150943478    0.363819050794688
0.009905660377358516    0.3774858286096032
0.010849056603773555    0.3793709014115594
0.011792452830188704    0.37630765810823624
0.012735849056603854    0.36735356229852245
0.013679245283018893    0.3765432922085805
0.014622641509433931    0.36287651439366553
0.015566037735849081    0.36311214849392115
0.01650943396226423    0.3890318995220401
0.01745283018867927    0.3845548516172737
0.018396226415094308    0.37489385350670246
0.019339622641509457    0.3694742692008231
0.020283018867924607    0.36664665999775553
0.021226415094339646    0.3614627097922168
0.022169811320754684    0.35462932088471855
0.023113207547169834    0.3826697788151382
0.024056603773584984    0.3718306102033793
0.025000000000000022    0.358399466488893
0.02594339622641506    0.34685339557628286
0.02688679245283021    0.37819273091028127
0.02783018867924536    0.3817272424141157
0.0287735849056604    0.349445370679177
0.029716981132075437    0.3791352673113038
0.030660377358490587    0.36782483049903364
0.03160377358490574    0.3515660775813954
0.032547169811320775    0.3645259530955407
0.033490566037735814    0.35957763699008677
0.034433962264150964    0.3654684894964774
0.03537735849056611    0.3741869512059356
0.03632075471698115    0.35887073468940434
0.03726415094339619    0.3649972212959662
0.03820754716981134    0.34991663887960606
0.03915094339622649    0.35345115038344044
0.04009433962264153    0.3690030010003987
0.04103773584905657    0.3765432922084919
0.04198113207547172    0.3609914415916205
0.042924528301886866    0.34944537067909476
0.043867924528301905    0.3616983438924725
0.04481132075471694    0.35462932088471855
0.04575471698113209    0.35250861398241795
0.04669811320754724    0.35345115038344044
0.04764150943396228    0.33837056796716
0.04858490566037732    0.3692386351005674
0.04952830188679247    0.3437901522729597
0.05047169811320762    0.36028453929085363
0.05141509433962266    0.35910636878966
0.052358490566037696    0.348031566077561
0.053301886792452846    0.3529798821829292
0.054245283018867996    0.3456752250750047
0.055188679245283034    0.3404912748694611
0.05613207547169807    0.34756029787704973
0.05707547169811322    0.3612270756918761
0.05801886792452837    0.35604312548625233
0.05896226415094341    0.35887073468940434
0.05990566037735845    0.3671179281982668
0.0608490566037736    0.34920973657883914
0.06179245283018875    0.36028453929085363
0.06273584905660379    0.3631121484940066
0.06367924528301883    0.36523285539622175
0.06462264150943398    0.35604312548625233
0.06556603773584913    0.34402578637321535
0.06650943396226416    0.34920973657892135
0.0674528301886792    0.358163832388553
0.06839622641509435    0.3532155162831848
0.0693396226415095    0.36429031899519926
0.07028301886792454    0.3508591752807111
0.07122641509433958    0.3287095698565996
0.07216981132075473    0.361933977992643
0.07311320754716988    0.3426119817716816
0.07405660377358492    0.3576925641881259
0.07499999999999996    0.3513304434811398
0.0759433962264151    0.36052017339110926
0.07688679245283025    0.34944537067909476
0.0778301886792453    0.35557185728582474
0.07877358490566033    0.33012337445813333
0.07971698113207548    0.34543959097474913
0.08066037735849063    0.34944537067909476
0.08160377358490567    0.34873846837841
0.08254716981132071    0.33884183616759156
0.08349056603773586    0.3459108591752604
0.08443396226415101    0.3395487384683584
0.08537735849056605    0.34308324997227363
0.08632075471698109    0.33766366566631345
0.08726415094339623    0.34119817717014783
0.08820754716981138    0.34543959097474913
0.08915094339622642    0.3664110258975861
0.09009433962264146    0.3452039568744935
0.09103773584905661    0.35345115038344044
0.09198113207547176    0.3496810047793504
0.0929245283018868    0.3407269089697168
0.09386792452830184    0.3421407135711703
0.09481132075471699    0.35533622318548547
0.09575471698113214    0.3680604645992893
0.09669811320754718    0.3506235411804554
0.09764150943396221    0.3515660775813954
0.09858490566037736    0.34449705457372665
0.09952830188679251    0.36523285539622175
0.10047169811320755    0.35627875958659183
0.10141509433962259    0.3506235411803729
0.10235849056603774    0.34119817717014783
0.10330188679245289    0.34661776147602724
0.10424528301886793    0.3626408802934952
0.10518867924528297    0.3565143936867636
0.10613207547169812    0.35769256418804174
0.10707547169811327    0.3614627097921318
0.1080188679245283    0.3496810047794327
0.10896226415094334    0.3404912748693809
0.1099056603773585    0.346146493275516
0.11084905660377364    0.35604312548625233
0.11179245283018868    0.34920973657892135
0.11273584905660372    0.3456752250750047
0.11367924528301887    0.35203734578190665
0.11462264150943402    0.3501522729798616
0.11556603773584906    0.35816383238863725
0.1165094339622641    0.3694742692008231
0.11745283018867925    0.36735356229852245
0.1183962264150944    0.36664665999775553
0.11933962264150944    0.35345115038352365
0.12028301886792447    0.3635834166944324
0.12122641509433962    0.36429031899519926
0.12216981132075477    0.3640546848949437
0.12311320754716981    0.3600489051906828
0.12405660377358485    0.35203734578190665
0.125    0.3661753917972443
0.12594339622641515    0.3515660775813954
0.1268867924528302    0.3510948093809668
0.12783018867924523    0.34237634767142594
0.12877358490566038    0.3400200066688697
0.12971698113207553    0.35345115038344044
0.13066037735849056    0.3532155162832679
0.1316037735849056    0.3506235411803729
0.13254716981132075    0.3539224185839517
0.1334905660377359    0.3518017116816511
0.13443396226415094    0.37018117150167706
0.13537735849056598    0.3503879070801173
0.13632075471698113    0.34826720017781665
0.13726415094339628    0.3593420028898311
0.13820754716981132    0.373244414805001
0.13915094339622636    0.35533622318548547
0.1400943396226415    0.36570412359673304
0.14103773584905666    0.35203734578190665
0.1419811320754717    0.34897410247866567
0.14292452830188673    0.35109480938088417
0.14386792452830188    0.3515660775813954
0.14481132075471703    0.35368678448369606
0.14575471698113207    0.36758919639886456
0.1466981132075471    0.3518017116816511
0.14764150943396226    0.3588707346893199
0.1485849056603774    0.363819050794688
0.14952830188679245    0.36664665999784185
0.15047169811320749    0.3503879070801173
0.15141509433962264    0.3694742692008231
0.15235849056603779    0.3593420028898311
0.15330188679245282    0.36664665999784185
0.15424528301886786    0.3539224185839517
0.155188679245283    0.3661753917972443
0.15613207547169816    0.3588707346893199
0.1570754716981132    0.3711237079026998
0.15801886792452824    0.34920973657883914
0.1589622641509434    0.36169834389238736
0.15990566037735854    0.3661753917972443
0.16084905660377358    0.3527442480827566
0.16179245283018862    0.354393686784463
0.16273584905660377    0.3529798821829292
0.16367924528301891    0.3640546848949437
0.16462264150943395    0.36499722129605205
0.165566037735849    0.361933977992643
0.16650943396226414    0.35957763699008677
0.1674528301886793    0.37819273091028127
0.16839622641509433    0.35981327109042704
0.16933962264150937    0.36287651439366553
0.17028301886792452    0.35345115038344044
0.17122641509433967    0.3671179281982668
0.1721698113207547    0.35863510058914866
0.17311320754716975    0.36476158719571056
0.1740566037735849    0.35345115038344044
0.17500000000000004    0.3649972212959662
0.17594339622641508    0.3501522729799441
0.17688679245283012    0.35085917528062854
0.17783018867924527    0.35203734578190665
0.17877358490566042    0.3706524397021012
0.17971698113207546    0.36923863510065436
0.1806603773584905    0.36028453929085363
0.18160377358490565    0.3583994664888086
0.1825471698113208    0.3501522729798616
0.18349056603773584    0.3699455374014214
0.18443396226415087    0.36004890519059796
0.18537735849056602    0.36052017339110926
0.18632075471698117    0.3586351005890642
0.1872641509433962    0.36688229409809753
0.18820754716981125    0.3732444148049131
0.1891509433962264    0.37489385350670246
0.19009433962264155    0.3532155162831848
0.1910377358490566    0.3664110258975861
0.19198113207547163    0.38502611981769447
0.19292452830188678    0.3640546848949437
0.19386792452830193    0.3588707346893199
0.19481132075471697    0.37088807380244415
0.195754716981132    0.35604312548625233
0.19669811320754715    0.3459108591752604
0.1976415094339623    0.3624052461931543
0.19858490566037734    0.34284761587201795
0.19952830188679238    0.3569856618872749
0.20047169811320753    0.36523285539622175
0.20141509433962268    0.3452039568744935
0.20235849056603772    0.383612315216251
0.20330188679245276    0.34850283427807227
0.2042452830188679    0.35981327109034233
0.20518867924528306    0.3718306102033793
0.2061320754716981    0.3558074913860804
0.20707547169811313    0.3812559742136044
0.20801886792452828    0.3614627097921318
0.20896226415094343    0.3694742692008231
0.20990566037735858    0.3798421696120707
0.21084905660377362    0.36782483049912024
0.21179245283018866    0.3847904857174388
0.2127358490566038    0.3588707346893199
0.21367924528301896    0.36735356229852245
0.214622641509434    0.36664665999784185
0.21556603773584904    0.3746582194064469
0.2165094339622642    0.3690030010003118
0.21745283018867934    0.3675891963987781
0.21839622641509437    0.37889963321113734
0.2193396226415094    0.3770145604090031
0.22028301886792456    0.36829609869954494
0.2212264150943397    0.3715949761031237
0.22216981132075475    0.37701456040909187
0.2231132075471698    0.375836389907725
0.22405660377358494    0.372066244303635
0.2250000000000001    0.3843192175169276
0.22594339622641513    0.36499722129605205
0.22688679245283017    0.3671179281982668
0.22783018867924532    0.37889963321104814
0.22877358490566047    0.3824341447148826
0.2297169811320755    0.36876736690014295
0.23066037735849054    0.35981327109034233
0.2316037735849057    0.37536512170721376
0.23254716981132084    0.3732444148049131
0.23349056603773588    0.37795709681011463
0.23443396226415092    0.3756007558074694
0.23537735849056607    0.37112370790261245
0.23632075471698122    0.38549738801820566
0.23726415094339626    0.3845548516172737
0.2382075471698113    0.3734800489051687
0.23915094339622645    0.3744225853061912
0.2400943396226416    0.3772501945092588
0.24103773584905663    0.3767789263088362
0.24198113207547167    0.38549738801820566
0.24292452830188682    0.3817272424141157
0.24386792452830197    0.38054907191283754
0.244811320754717    0.36829609869963165
0.24575471698113205    0.37489385350670246
0.2466981132075472    0.3895031677225514
0.24764150943396235    0.3812559742136044
0.2485849056603774    0.38785372902085324
0.24952830188679243    0.38573302211846133
0.2504716981132076    0.3895031677225514
0.2514150943396227    0.38573302211846133
0.25235849056603776    0.37725019450934755
0.2533018867924528    0.37112370790261245
0.25424528301886795    0.37536512170721376
0.2551886792452831    0.3470890296765385
0.25613207547169814    0.3673535622986089
0.2570754716981132    0.36593975769698867
0.25801886792452833    0.3958652884294533
0.2589622641509435    0.3890318995220401
0.2599056603773585    0.3706524397021885
0.26084905660377355    0.3824341447148826
0.2617924528301887    0.3713593420028681
0.26273584905660385    0.37795709681002565
0.2636792452830189    0.37842836501062593
0.26462264150943393    0.36523285539622175
0.2655660377358491    0.36523285539622175
0.26650943396226423    0.3692386351005674
0.26745283018867927    0.37583638990781343
0.2683962264150943    0.3756007558074694
0.26933962264150946    0.3694742692008231
0.2702830188679246    0.3635834166944324
0.27122641509433965    0.37842836501062593
0.2721698113207547    0.37512948760695813
0.27311320754716983    0.372066244303635
0.274056603773585    0.37489385350670246
0.275    0.3803134378126714
0.27594339622641506    0.38856063132152885
0.2768867924528302    0.37536512170721376
0.27783018867924536    0.3786639991107925
0.2787735849056604    0.3986928976326147
0.27971698113207544    0.3838479493164163
0.2806603773584906    0.3798421696120707
0.28160377358490574    0.3767789263087475
0.2825471698113208    0.39468711792826805
0.2834905660377358    0.38290541291539376
0.28443396226415096    0.3819628765143713
0.2853773584905661    0.38761809492050636
0.28632075471698115    0.37866399911088167
0.2872641509433962    0.3798421696120707
0.28820754716981134    0.35792819828829736
0.2891509433962265    0.3869111926197395
0.29009433962264153    0.3970434589308249
0.29103773584905657    0.3840835834166719
0.2919811320754717    0.39657219073022015
0.29292452830188687    0.3852617539179501
0.2938679245283019    0.3866755585195748
0.29481132075471694    0.3866755585194838
0.2957547169811321    0.3756007558074694
0.29669811320754724    0.4026986773368665
0.2976415094339623    0.3899744359231544
0.2985849056603773    0.37889963321104814
0.29952830188679247    0.3847904857174388
0.3004716981132076    0.39374458152715264
0.30141509433962266    0.4003423363344044
0.3023584905660377    0.3715949761031237
0.30330188679245285    0.3821985106146269
0.304245283018868    0.3918595087251076
0.30518867924528303    0.3847904857175294
0.3061320754716981    0.40057797043456583
0.3070754716981132    0.38879626542178447
0.3080188679245284    0.3847904857174388
0.3089622641509434    0.3913882405246885
0.30990566037735845    0.38337668111590506
0.3108490566037736    0.3895031677225514
0.31179245283018875    0.3843192175169276
0.3127358490566038    0.3803134378126714
0.3136792452830188    0.3715949761031237
0.314622641509434    0.40364121373788897
0.3155660377358491    0.3810203401133488
0.31650943396226416    0.3906813382239214
0.3174528301886792    0.38054907191283754
0.31839622641509435    0.3883249972212732
0.3193396226415095    0.4050550183394227
0.32028301886792454    0.3923307769257112
0.3212264150943396    0.39138824052459636
0.32216981132075473    0.405526286539934
0.3231132075471699    0.3949227520284308
0.3240566037735849    0.3958652884295465
0.32499999999999996    0.391623874624852
0.3259433962264151    0.4078826275424903
0.32688679245283025    0.40057797043456583
0.3278301886792453    0.40340557963772833
0.32877358490566033    0.3970434589307314
0.3297169811320755    0.39680782483047583
0.33066037735849063    0.4121240413470915
0.33160377358490567    0.38408358341676235
0.3325471698113207    0.38856063132152885
0.33349056603773586    0.41942869845501596
0.334433962264151    0.4149516505501591
0.33537735849056605    0.4064688229410522
0.3363207547169811    0.40128487273533275
0.33726415094339623    0.4109458708458134
0.3382075471698114    0.4147160164499034
0.3391509433962264    0.4019917750361942
0.34009433962264146    0.4255551850616623
0.3410377358490566    0.40387684783814465
0.34198113207547176    0.40599755474044524
0.3429245283018868    0.4064688229410522
0.34386792452830184    0.39280204512613015
0.344811320754717    0.40434811603865584
0.34575471698113214    0.39822162943200956
0.3466981132075472    0.3864399244193192
0.3476415094339622    0.39657219073022015
0.34858490566037736    0.38054907191283754
0.3495283018867925    0.4243770145603841
0.35047169811320755    0.40717572524181916
0.3514150943396226    0.42602645326217353
0.35235849056603774    0.43333111037009797
0.3533018867924529    0.3993997999332877
0.35424528301886793    0.41212404134718855
0.35518867924528297    0.39515838612868637
0.3561320754716981    0.41848616205399347
0.35707547169811327    0.3998710681337989
0.3580188679245283    0.40411248193849536
0.35896226415094334    0.3925664110258745
0.3599056603773585    0.4173079915527153
0.36084905660377364    0.40882516394351276
0.3617924528301887    0.41495165055025673
0.3627358490566037    0.42885406246524105
0.36367924528301887    0.3989285317327764
0.364622641509434    0.3843192175169276
0.36556603773584906    0.42437701456048404
0.3665094339622641    0.4125953095476028
0.36745283018867925    0.4326242080693311
0.3683962264150944    0.3993997999332877
0.36933962264150944    0.4019917750361942
0.3702830188679245    0.42626208736242915
0.3712264150943396    0.41801489385348223
0.3721698113207548    0.43427364677112046
0.3731132075471698    0.4220206735579272
0.37405660377358485    0.4128309436478584
0.375    0.409296432144024
0.37594339622641515    0.42343447815936164
0.3768867924528302    0.4008136045349158
0.3778301886792452    0.43191730576856424
0.3787735849056604    0.4158941869511816
0.3797169811320755    0.43168167166830856
0.38066037735849056    0.4363943536735238
0.3816037735849056    0.4295609647660079
0.38254716981132075    0.4229632099588504
0.3834905660377359    0.4307391352672861
0.38443396226415094    0.4396932310771034
0.385377358490566    0.4418139379793006
0.38632075471698113    0.4401644992775111
0.3872641509433963    0.43945759697674425
0.3882075471698113    0.42861842836508635
0.38915094339622636    0.4307391352672861
0.3900943396226415    0.42461264866063975
0.39103773584905666    0.42908969656549667
0.3919811320754717    0.42531955096150675
0.39292452830188673    0.4375725241746992
0.3938679245283019    0.43215293986881986
0.39481132075471703    0.4300322329665192
0.39575471698113207    0.4203712348561375
0.3966981132075471    0.4434633766810899
0.39764150943396226    0.43026786706677483
0.3985849056603774    0.44440591308211247
0.39952830188679245    0.4272046237635522
0.4004716981132075    0.4467622540846687
0.40141509433962264    0.4203712348560385
0.4023584905660378    0.438986328776233
0.4033018867924528    0.44817605868630794
0.40424528301886786    0.4387506946759774
0.405188679245283    0.4305035011670304
0.40613207547169816    0.4498254973879919
0.4070754716981132    0.4545381793932114
0.40801886792452824    0.45760142269642756
0.4089622641509434    0.43827942647546614
0.40990566037735854    0.42343447815936164
0.4108490566037736    0.44134266977889314
0.4117924528301886    0.4462909858841575
0.41273584905660377    0.43215293986881986
0.4136792452830189    0.45713015449591626
0.41462264150943395    0.4474691563855409
0.415566037735849    0.4406357674780224
0.41650943396226414    0.43592308547290987
0.4174528301886793    0.4488829609869694
0.41839622641509433    0.44134266977889314
0.41933962264150937    0.4224919417583391
0.4202830188679245    0.46019339779923946
0.42122641509433967    0.4448771812826237
0.4221698113207547    0.46184283650113755
0.42311320754716975    0.44794042458594685
0.4240566037735849    0.4488829609869694
0.42500000000000004    0.4696187618094645
0.4259433962264151    0.4609003001001148
0.4268867924528301    0.45995776369898383
0.42783018867924527    0.46231410470154005
0.4287735849056604    0.45006113148824745
0.42971698113207546    0.46396354340343865
0.4306603773584905    0.44252084028006744
0.43160377358490565    0.45524508169387123
0.4325471698113208    0.47621651661662207
0.43349056603773584    0.4738601756141773
0.4344339622641509    0.4719751028120208
0.435377358490566    0.4660842503056301
0.4363207547169812    0.46537734800486324
0.4372641509433962    0.4703256641103421
0.43820754716981125    0.45925086139821697
0.4391509433962264    0.4778659553184114
0.44009433962264155    0.4568945203956607
0.4410377358490566    0.4623141047016489
0.4419811320754716    0.47503834611534396
0.4429245283018868    0.4498254973879919
0.4438679245283019    0.4639635434033295
0.44481132075471697    0.4613715683006262
0.445754716981132    0.4609003001000063
0.44669811320754715    0.4677336890074195
0.4476415094339623    0.4755096143158552
0.44858490566037745    0.4641991775035851
0.4495283018867925    0.4623141047016489
0.45047169811320753    0.4533600088918263
0.4514150943396227    0.46820495720793076
0.45235849056603783    0.4705612982104871
0.45330188679245287    0.4670267867067625
0.4542452830188679    0.46490607980435195
0.45518867924528306    0.46631988440588573
0.4561320754716982    0.48564188062684716
0.45707547169811324    0.4552450816939784
0.4580188679245283    0.4830499055240352
0.45896226415094343    0.47221073691227644
0.4599056603773586    0.45218183839054815
0.4608490566037736    0.4703256641103421
0.46179245283018866    0.4894120262309372
0.4627358490566038    0.4594864954984726
0.46367924528301896    0.4672624208069082
0.464622641509434    0.46042903189960344
0.46556603773584904    0.480693564521479
0.4665094339622642    0.4894120262309372
0.46745283018867934    0.476923418917389
0.4683962264150944    0.4755096143159671
0.4693396226415094    0.4757452484161109
0.47028301886792456    0.4842280760253134
0.4712264150943397    0.472446371012532
0.47216981132075475    0.49294653773488767
0.4731132075471698    0.48917639213068154
0.47405660377358494    0.48658441702786964
0.4750000000000001    0.47904412581968964
0.4759433962264151    0.48399244192517166
0.47688679245283017    0.490118928531704
0.4778301886792453    0.4823430032232684
0.47877358490566047    0.4811648327219903
0.4797169811320755    0.4938890741359103
0.48066037735849054    0.4877625875291478
0.4816037735849057    0.5153317772590561
0.48254716981132084    0.4917683672334935
0.4834905660377359    0.4981304879405127
0.4844339622641509    0.5009580971434628
0.48537735849056607    0.48022229632096775
0.4863207547169812    0.4995442925419291
0.48726415094339626    0.5059064132489501
0.4882075471698113    0.5040213404467861
0.48915094339622645    0.48964766033119284
0.4900943396226416    0.5040213404467861
0.49103773584905663    0.4898832944315637
0.49198113207547167    0.49506724463707225
0.4929245283018868    0.5266422140713263
0.49386792452830197    0.5143892408580337
0.494811320754717    0.5155674113594331
0.49575471698113205    0.4988373902411623
0.4966981132075472    0.528762920973627
0.49764150943396235    0.49648104923860603
0.4985849056603774    0.5266422140714502
0.4995283018867924    0.5247571412692813
0.5004716981132076    0.4839924419250578
0.5014150943396227    0.5195731910636575
0.5023584905660378    0.5221651661665923
0.5033018867924528    0.5191019228631462
0.504245283018868    0.5016649994442298
0.5051886792452831    0.5042569745470417
0.5061320754716981    0.5207513615650581
0.5070754716981132    0.4938890741357941
0.5080188679245283    0.5113259975547104
0.5089622641509435    0.5278203845726044
0.5099056603773585    0.5318261642770752
0.5108490566037736    0.5158030454595675
0.5117924528301887    0.4997799266421848
0.5127358490566039    0.5351250416805288
0.5136792452830189    0.5216938979660809
0.5146226415094339    0.5037857063465304
0.5155660377358491    0.5268778481715819
0.5165094339622642    0.5070845837501092
0.5174528301886793    0.5068489496499728
0.5183962264150943    0.5146248749582893
0.5193396226415095    0.5158030454595675
0.5202830188679246    0.5306479937756718
0.5212264150943396    0.5240502389686377
0.5221698113207547    0.5245215071690256
0.5231132075471698    0.5231077025674918
0.524056603773585    0.5228720684672362
0.525    0.5158030454596888
0.5259433962264151    0.5207513615649355
0.5268867924528302    0.5068489496498536
0.5278301886792454    0.5353606757807845
0.5287735849056604    0.5160386795599445
0.5297169811320754    0.512268533955733
0.5306603773584906    0.5313548960764388
0.5316037735849057    0.5469067466933102
0.5325471698113208    0.5200444592642911
0.5334905660377358    0.5228720684672362
0.534433962264151    0.5011937312437185
0.5353773584905661    0.5407802600866639
0.5363207547169812    0.5433722351896036
0.5372641509433962    0.5450216738912651
0.5382075471698113    0.5454929420917763
0.5391509433962265    0.5506768922974001
0.5400943396226415    0.5332399688786092
0.5410377358490566    0.52428587306877
0.5419811320754717    0.5334756029787394
0.5429245283018869    0.5492630876958664
0.5438679245283019    0.529705457374774
0.5448113207547169    0.5542114038012346
0.5457547169811321    0.5372457485828295
0.5466981132075472    0.5332399688784838
0.5476415094339623    0.5172168500612229
0.5485849056603773    0.5643436701122265
0.5495283018867925    0.5450216738912651
0.5504716981132076    0.538188284983852
0.5514150943396227    0.5652862065133821
0.5523584905660377    0.5483205512948439
0.5533018867924528    0.5617516950094147
0.554245283018868    0.5692919862175948
0.555188679245283    0.5553895743026435
0.5561320754716981    0.5379526508835963
0.5570754716981132    0.5511481604979115
0.5580188679245284    0.5775391797265417
0.5589622641509434    0.5723552295210526
0.5599056603773584    0.5568033789040465
0.5608490566037736    0.5365388462820626
0.5617924528301887    0.5610447927086477
0.5627358490566038    0.5801311548294902
0.5636792452830188    0.5912059575413681
0.564622641509434    0.5704701567188729
0.5655660377358491    0.5904990552406012
0.5665094339622642    0.5699988885184958
0.5674528301886792    0.5761253751250079
0.5683962264150944    0.5813093253306317
0.5693396226415095    0.5676425475158053
0.5702830188679245    0.5907346893409958
0.5712264150943396    0.5608091586083921
0.5721698113207547    0.5744759364232186
0.5731132075471699    0.5758897410247523
0.5740566037735849    0.5664643770146605
0.575    0.5492630876958664
0.5759433962264151    0.5909703234411123
0.5768867924528303    0.583665666333188
0.5778301886792453    0.5834300322330697
0.5787735849056603    0.5973324441480143
0.5797169811320755    0.5725908636211735
0.5806603773584906    0.6022807602533825
0.5816037735849057    0.603223296654547
0.5825471698113207    0.5681138157163166
0.5834905660377359    0.5902634211403456
0.584433962264151    0.6036945648549162
0.585377358490566    0.5982749805491777
0.5863207547169811    0.5782460820273086
0.5872641509433962    0.6065221740579838
0.5882075471698114    0.579895520729098
0.5891509433962264    0.598746248749689
0.5900943396226415    0.6055796376569613
0.5910377358490566    0.581780593531143
0.5919811320754718    0.615240635767442
0.5929245283018868    0.6003956874514788
0.5938679245283018    0.5822518617316542
0.594811320754717    0.6091141491607956
0.5957547169811321    0.5961542736467361
0.5966981132075472    0.5954473713461095
0.5976415094339622    0.60887851506054
0.5985849056603774    0.5982749805490368
0.5995283018867925    0.5914415916416237
0.6004716981132076    0.6006313215517345
0.6014150943396226    0.6197176836722988
0.6023584905660377    0.6256085361786896
0.6033018867924529    0.5987462487495481
0.6042452830188679    0.5994531510504562
0.605188679245283    0.5978037123485256
0.6061320754716981    0.6145337334666751
0.6070754716981133    0.6211314882738326
0.6080188679245283    0.5914415916417629
0.6089622641509433    0.6293786817827797
0.6099056603773585    0.6175969767699983
0.6108490566037736    0.6402178503945384
0.6117924528301887    0.6171257085696322
0.6127358490566037    0.6194820495720432
0.6136792452830189    0.6161831721684645
0.614622641509434    0.613355562965397
0.6155660377358491    0.6161831721686095
0.6165094339622641    0.6249016338779226
0.6174528301886792    0.6157119039679532
0.6183962264150944    0.6317350227853359
0.6193396226415094    0.6423385572969903
0.6202830188679245    0.624665999777667
0.6212264150943396    0.6397465821940272
0.6221698113207548    0.6270223407802233
0.6231132075471698    0.652235189507729
0.6240566037735849    0.644930532399651
0.625    0.6338557296876365
0.6259433962264151    0.6333844614871252
0.6268867924528302    0.6265510725798595
0.6278301886792452    0.6399822162942829
0.6287735849056604    0.6555340669111542
0.6297169811320755    0.6317350227853359
0.6306603773584906    0.6131199288652857
0.6316037735849056    0.6340913637878921
0.6325471698113208    0.6395109480937716
0.6334905660377359    0.6166544403689758
0.6344339622641509    0.6383327775926437
0.635377358490566    0.638568411692749
0.6363207547169811    0.6538846282093649
0.6372641509433963    0.6590685784149887
0.6382075471698113    0.6355051683895755
0.6391509433962264    0.6585973102144773
0.6400943396226415    0.6458730688006734
0.6410377358490567    0.6696721129264919
0.6419811320754717    0.6376258752918766
0.6429245283018867    0.6489363121039967
0.6438679245283019    0.6501144826052748
0.644811320754717    0.6623674558185674
0.6457547169811321    0.6437523618985244
0.6466981132075471    0.6501144826052748
0.6476415094339623    0.6560053351116655
0.6485849056603774    0.6371546070912153
0.6495283018867924    0.6451661665000585
0.6504716981132075    0.6503501167055304
0.6514150943396226    0.6604823830165224
0.6523584905660378    0.652470823607831
0.6533018867924528    0.6656663332223028
0.6542452830188679    0.6496432144047635
0.655188679245283    0.6661376014226574
0.6561320754716982    0.6425741913970947
0.6570754716981132    0.6609536512171892
0.6580188679245282    0.6668445037234243
0.6589622641509434    0.6491719462042522
0.6599056603773585    0.6781549405356944
0.6608490566037736    0.6435167277982687
0.6617924528301886    0.6637812604201011
0.6627358490566038    0.6786262087362057
0.6636792452830189    0.6576547738134548
0.664622641509434    0.6590685784151437
0.665566037735849    0.6802756474379951
0.6665094339622641    0.6673157719239355
0.6674528301886793    0.6694364788262362
0.6683962264150943    0.6463443370013369
0.6693396226415094    0.6694364788262362
0.6702830188679245    0.6812181838390176
0.6712264150943397    0.6772124041346719
0.6721698113207547    0.6755629654330414
0.6731132075471697    0.672735356229815
0.6740566037735849    0.6965344003556333
0.675    0.6668445037234243
0.6759433962264151    0.6932355229522177
0.6768867924528301    0.7064310325663696
0.6778301886792453    0.6953562298543551
0.6787735849056604    0.6833388907413182
0.6797169811320755    0.6995976436591211
0.6806603773584905    0.6984194731576783
0.6816037735849056    0.6885228409469419
0.6825471698113208    0.6993620095587008
0.6834905660377358    0.7031321551629564
0.6844339622641509    0.7007758141602346
0.685377358490566    0.7007758141602346
0.6863207547169812    0.6859308658441301
0.6872641509433962    0.701953984661678
0.6882075471698113    0.6885228409469419
0.6891509433962264    0.6951205957540995
0.6900943396226416    0.7010114482604902
0.6910377358490567    0.7083161053684146
0.6919811320754717    0.6720284539292062
0.6929245283018868    0.6953562298543551
0.6938679245283019    0.7085517394686703
0.6948113207547171    0.7050172279648359
0.6957547169811321    0.7208047126821325
0.6966981132075472    0.711850616872249
0.6976415094339623    0.7172702011781285
0.6985849056603775    0.7019539846615126
0.6995283018867925    0.7231610536846894
0.7004716981132075    0.721982883183241
0.7014150943396227    0.7139713237745497
0.7023584905660378    0.7363565632988343
0.7033018867924529    0.7457819273092348
0.7042452830188679    0.7365921973990899
0.7051886792452831    0.7422474158052249
0.7061320754716982    0.7290519061909098
0.7070754716981132    0.7700522396355701
0.7080188679245283    0.7561498277203069
0.7089622641509434    0.7417761476047137
0.7099056603773586    0.7519084139157056
0.7108490566037736    0.7554429254197178
0.7117924528301887    0.7547360231187732
0.7127358490566038    0.7846615538512378
0.713679245283019    0.7540291208180062
0.714622641509434    0.7526153162166497
0.715566037735849    0.7512015116149388
0.7165094339622642    0.7752361898410127
0.7174528301886793    0.7742936534399902
0.7183962264150944    0.7684028009337803
0.7193396226415094    0.7785350672445914
0.7202830188679246    0.7907880404578841
0.7212264150943397    0.7990352339668311
0.7221698113207548    0.7773568967434963
0.7231132075471698    0.787017894853794
0.7240566037735849    0.7733511170389676
0.7250000000000001    0.7865466266532828
0.7259433962264151    0.8098744025787805
0.7268867924528302    0.7830121151494485
0.7278301886792453    0.7938512837612072
0.7287735849056605    0.7863109925530272
0.7297169811320755    0.7865466266534679
0.7306603773584905    0.7898455040568616
0.7316037735849057    0.8258975213959725
0.7325471698113208    0.8108169389796124
0.7334905660377359    0.8056329887741782
0.7344339622641509    0.8009203067688759
0.7353773584905661    0.7841902856507266
0.7363207547169812    0.788902967655839
0.7372641509433963    0.8218917416918202
0.7382075471698113    0.7962076247637635
0.7391509433962264    0.82495498499495
0.7400943396226416    0.8101100366788454
0.7410377358490566    0.8046904523731555
0.7419811320754717    0.8072824274757779
0.7429245283018868    0.830610203401085
0.743867924528302    0.8282538623985287
0.744811320754717    0.8504034678227579
0.745754716981132    0.8188284983883036
0.7466981132075472    0.8270756918972506
0.7476415094339623    0.8188284983883036
0.7485849056603774    0.8520529065245477
0.7495283018867924    0.8423919084138664
0.7504716981132076    0.840742469712077
0.7514150943396227    0.8315527398021075
0.7523584905660378    0.8393286651107408
0.7533018867924528    0.838150494609265
0.754245283018868    0.8485183950205126
0.7551886792452831    0.8145870845837024
0.7561320754716981    0.8452195176171328
0.7570754716981132    0.8412137379125882
0.7580188679245283    0.8628920751361059
0.7589622641509435    0.886219851061413
0.7599056603773585    0.8419206402135533
0.7608490566037736    0.853937979326392
0.7617924528301887    0.8501678337223021
0.7627358490566039    0.8190641324885592
0.7636792452830189    0.8308458375015363
0.7646226415094339    0.8445126153161671
0.7655660377358491    0.8751450483493984
0.7665094339622642    0.8647771479381509
0.7674528301886793    0.8817428031567637
0.7683962264150943    0.8775013893519548
0.7693396226415095    0.897530287873683
0.7702830188679246    0.8876336556629467
0.7712264150943396    0.8595931977327295
0.7721698113207547    0.8742025119483761
0.7731132075471698    0.8746737801488873
0.774056603773585    0.8843347782593679
0.775    0.8713749027455135
0.7759433962264151    0.8687829276424965
0.7768867924528302    0.8438057130154001
0.7778301886792454    0.9149672112925995
0.7787735849056604    0.8685472935424454
0.7797169811320754    0.8848060464598793
0.7806603773584906    0.8365010559074757
0.7816037735849057    0.8640702456373841
0.7825471698113208    0.8574724908304283
0.7834905660377358    0.8772657552516991
0.784433962264151    0.8699610981437746
0.7853773584905661    0.8551161498276703
0.7863207547169812    0.868782927642701
0.7872641509433962    0.8775013893519548
0.7882075471698113    0.8746737801488873
0.7891509433962265    0.8525241747248583
0.7900943396226415    0.871846170946025
0.7910377358490566    0.8544092475269033
0.7919811320754717    0.8534667111258809
0.7929245283018869    0.8746737801488873
0.7938679245283019    0.8885761920641784
0.7948113207547169    0.8496965655217908
0.7957547169811321    0.8657196843391735
0.7966981132075472    0.8916394353672924
0.7976415094339623    0.8678403912416783
0.7985849056603773    0.8888118261642249
0.7995283018867925    0.8878692897632023
0.8004716981132076    0.8815071690563004
0.8014150943396227    0.8720818050462806
0.8023584905660377    0.907662554184675
0.8033018867924528    0.8494609314215352
0.804245283018868    0.8725530732465866
0.805188679245283    0.8876336556631557
0.8061320754716981    0.8958808491718937
0.8070754716981132    0.8744381460486317
0.8080188679245284    0.8989440924752169
0.8089622641509434    0.8975302878738943
0.8099056603773584    0.876087584750421
0.8108490566037736    0.8541736134266477
0.8117924528301887    0.8775013893519548
0.8127358490566038    0.8765588529511387
0.8136792452830188    0.862185172835339
0.814622641509434    0.8647771479381509
0.8155660377358491    0.8871623874624356
0.8165094339622642    0.9048349449818205
0.8174528301886792    0.9017717016782844
0.8183962264150944    0.9116683338890207
0.8193396226415095    0.8954095809713825
0.8202830188679245    0.8848060464600875
0.8212264150943396    0.8897543625652474
0.8221698113207547    0.8897543625652474
0.8231132075471699    0.9342892075135608
0.8240566037735849    0.9055418472825875
0.825    0.9470134489273647
0.8259433962264151    0.9093119928864645
0.8268867924528303    0.8796220962542555
0.8278301886792453    0.8895187284652012
0.8287735849056603    0.8939957763698487
0.8297169811320755    0.9154384794931107
0.8306603773584906    0.8921107035678036
0.8316037735849057    0.9168522840948602
0.8325471698113207    0.9109614315882538
0.8334905660377359    0.9265132822051252
0.834433962264151    0.8904612648660143
0.835377358490566    0.9057774813828433
0.8363207547169811    0.9385306213181621
0.8372641509433962    0.9406513282204629
0.8382075471698114    0.9210936978992458
0.8391509433962264    0.8958808491721045
0.8400943396226415    0.8819784372568118
0.8410377358490566    0.9342892075135608
0.8419811320754718    0.9196798932977119
0.8429245283018868    0.8843347782595761
0.8438679245283018    0.9074269200844194
0.844811320754717    0.8987084583749612
0.8457547169811321    0.9161453817938776
0.8466981132075472    0.9425364010227297
0.8476415094339622    0.8930532399688261
0.8485849056603774    0.9173235522951558
0.8495283018867925    0.9036567744803293
0.8504716981132076    0.9001222629767068
0.8514150943396226    0.9401800600199516
0.8523584905660377    0.8631277092363615
0.8533018867924529    0.8753806824496542
0.8542452830188679    0.8652484161388658
0.855188679245283    0.8958808491718937
0.8561320754716981    0.8800933644547667
0.8570754716981133    0.8770301211514435
0.8580188679245283    0.8942314104703147
0.8589622641509433    0.9114326997887651
0.8599056603773585    0.9142603089918325
0.8608490566037736    0.9017717016782844
0.8617924528301887    0.8845704123598318
0.8627358490566037    0.8668978548404516
0.8636792452830189    0.8692541958430079
0.864622641509434    0.8409781038123326
0.8655660377358491    0.8332021785040931
0.8665094339622641    0.8379148605090094
0.8674528301886792    0.8266044236967394
0.8683962264150944    0.8313171057018519
0.8693396226415094    0.8397999333112521
0.8702830188679245    0.8409781038123326
0.8712264150943396    0.8228342780926493
0.8721698113207548    0.8174146937867699
0.8731132075471698    0.8134089140826157
0.8740566037735849    0.8075180615760336
0.875    0.8065755251750111
0.8759433962264151    0.794558186061974
0.8768867924528302    0.7841902856509111
0.8778301886792452    0.7792419695453584
0.8787735849056604    0.7622763143269532
0.8797169811320755    0.7700522396353889
0.8806603773584906    0.7554429254197178
0.8816037735849056    0.7526153162164725
0.8825471698113208    0.7297588084916767
0.8834905660377359    0.7457819273090593
0.8844339622641509    0.7290519061910814
0.885377358490566    0.7262242969878423
0.8863207547169811    0.7104368122707153
0.8872641509433963    0.7031321551627908
0.8882075471698113    0.7000689118596324
0.8891509433962264    0.6889941091474533
0.8900943396226415    0.6911148160497539
0.8910377358490567    0.6461087029009291
0.8919811320754717    0.6790974769368767
0.8929245283018867    0.6461087029009291
0.8938679245283019    0.6421029231965835
0.894811320754717    0.6536489941091091
0.8957547169811321    0.6272579748806266
0.8966981132075471    0.6482294098032297
0.8976415094339623    0.6305568522840578
0.8985849056603774    0.6192464154717876
0.8995283018867924    0.6102923196622174
0.9004716981132075    0.6084072468600288
0.9014150943396226    0.5912059575413681
0.9023584905660378    0.5933266644436687
0.9033018867924528    0.5638724019118481
0.9042452830188679    0.5692919862175948
0.905188679245283    0.5615160609091591
0.9061320754716982    0.5619873291096703
0.9070754716981132    0.5612804268090354
0.9080188679245282    0.5464354784927989
0.9089622641509434    0.5358319439812957
0.9099056603773585    0.49553851283758343
0.9108490566037736    0.5127398021563649
0.9117924528301886    0.4938890741357941
0.9127358490566038    0.4929465377347716
0.9136792452830189    0.4839924419250578
0.914622641509434    0.45689452039576817
0.915566037735849    0.4535956429920819
0.9165094339622641    0.45571634989438253
0.9174528301886793    0.4441702789818568
0.9183962264150943    0.4250839168612511
0.9193396226415094    0.4307391352672861
0.9202830188679245    0.4097677003445353
0.9212264150943397    0.39421584972766394
0.9221698113207547    0.38502611981778506
0.9231132075471697    0.38549738801820566
0.9240566037735849    0.3812559742136044
0.925    0.3633477825941767
0.9259433962264151    0.33624986106485877
0.9268867924528301    0.3287095698565996
0.9278301886792453    0.3216405468489308
0.9287735849056604    0.30066911192617995
0.9297169811320755    0.2919506502167905
0.9306603773584905    0.26720906968988095
0.9316037735849056    0.2733355562965272
0.9325471698113208    0.24411692786482955
0.933490566037736    0.22408802934310124
0.934433962264151    0.2212604201400858
0.935377358490566    0.20688674002444046
0.9363207547169812    0.18992108480603534
0.9372641509433963    0.17978881849504338
0.9382075471698114    0.1566966766700288
0.9391509433962264    0.13478270534621864
0.9400943396226416    0.13313326664442923
0.9410377358490567    0.1189952206290916
0.9419811320754717    0.11475380682451734
0.9429245283018868    0.09731688340557393
0.9438679245283019    0.08812715349560449
0.9448113207547171    0.08035122818716879
0.9457547169811321    0.06621318217184675
0.9466981132075472    0.05301767255751607
0.9476415094339623    0.05278203845726044
0.9485849056603775    0.03911526064243408
0.9495283018867925    0.03393131043681827
0.9504716981132075    0.027569189729908353
0.9514150943396227    0.024977214627096456
0.9523584905660378    0.018143825719683274
0.9533018867924529    0.013431143714573898
0.9542452830188679    0.011074802712014468
0.9551886792452831    0.011546070912525722
0.9561320754716982    0.007304657107924435
0.9570754716981132    0.006597754807159108
0.9580188679245283    0.0018850728020450157
0.9589622641509434    0.0032988774035787776
0.9599056603773586    0.0030632433033231507
0.9608490566037736    0.0018850728020454594
0.9617924528301887    0.00023563410025562696
0.9627358490566038    0.0009425364010225078
0.963679245283019    0.00023563410025562696
0.964622641509434    0.00047126820051136484
0.965566037735849    0.0
0.9665094339622642    0.0004712682005112539
0.9674528301886793    0.0
0.9683962264150944    0.00023563410025568242
0.9693396226415094    0.0
0.9702830188679246    0.00023563410025562696
0.9712264150943397    0.0
0.9721698113207548    0.0
0.9731132075471698    0.0
0.9740566037735849    0.0
0.9750000000000001    0.0
0.9759433962264151    0.0
0.9768867924528302    0.0
0.9778301886792453    0.0
0.9787735849056605    0.0
0.9797169811320755    0.0
0.9806603773584905    0.0
0.9816037735849057    0.0
0.9825471698113208    0.0
0.9834905660377359    0.0
0.9844339622641509    0.0
0.9853773584905661    0.0
0.9863207547169812    0.0
0.9872641509433963    0.0
0.9882075471698113    0.0
0.9891509433962264    0.0
0.9900943396226416    0.0
0.9910377358490566    0.0
0.9919811320754717    0.0
0.9929245283018868    0.0
0.993867924528302    0.0
0.994811320754717    0.0
0.995754716981132    0.0
0.9966981132075472    0.0
0.9976415094339623    0.0
0.9985849056603774    0.0
0.9995283018867924    0.0