-0.9995283018867924    0.0
-0.9985849056603773    0.0
-0.9976415094339622    0.0
-0.9966981132075472    0.0
-0.995754716981132    0.0
-0.9948113207547169    0.0
-0.9938679245283019    0.0
-0.9929245283018868    0.0
-0.9919811320754717    0.0
-0.9910377358490565    0.0
-0.9900943396226415    0.0
-0.9891509433962264    0.0
-0.9882075471698113    0.0
-0.9872641509433961    0.0
-0.9863207547169811    0.0
-0.9853773584905661    0.0
-0.9844339622641509    0.0
-0.9834905660377358    0.0
-0.9825471698113207    0.0
-0.9816037735849057    0.0
-0.9806603773584905    0.0
-0.9797169811320754    0.0
-0.9787735849056604    0.0
-0.9778301886792453    0.0
-0.9768867924528302    0.0
-0.975943396226415    0.0
-0.975    0.0
-0.9740566037735849    0.0
-0.9731132075471698    0.0
-0.9721698113207546    0.0
-0.9712264150943396    0.0
-0.9702830188679246    0.0
-0.9693396226415094    0.0
-0.9683962264150943    0.0
-0.9674528301886792    0.0
-0.9665094339622642    0.0
-0.965566037735849    0.0
-0.9646226415094339    0.0
-0.9636792452830188    0.0
-0.9627358490566038    0.0
-0.9617924528301887    0.0
-0.9608490566037735    0.0
-0.9599056603773585    0.0
-0.9589622641509434    0.0
-0.9580188679245283    0.0
-0.9570754716981131    0.0
-0.9561320754716981    0.0
-0.9551886792452831    0.0
-0.9542452830188679    0.0
-0.9533018867924528    0.0
-0.9523584905660377    0.0
-0.9514150943396227    0.0
-0.9504716981132075    0.0
-0.9495283018867924    0.0
-0.9485849056603773    0.0
-0.9476415094339623    0.0
-0.9466981132075472    0.0
-0.945754716981132    0.0
-0.944811320754717    0.0
-0.9438679245283019    0.0
-0.9429245283018868    0.0
-0.9419811320754716    0.0
-0.9410377358490566    0.0
-0.9400943396226416    0.0
-0.9391509433962264    0.0
-0.9382075471698113    0.0
-0.9372641509433962    0.0
-0.9363207547169812    0.0
-0.935377358490566    0.0
-0.9344339622641509    0.0
-0.9334905660377358    0.0
-0.9325471698113208    0.0
-0.9316037735849056    0.0
-0.9306603773584905    0.0
-0.9297169811320755    0.0
-0.9287735849056604    0.0
-0.9278301886792453    0.0
-0.9268867924528301    0.0
-0.9259433962264151    0.0
-0.925    0.0
-0.9240566037735849    0.0
-0.9231132075471697    0.0
-0.9221698113207547    0.0
-0.9212264150943397    0.0
-0.9202830188679245    0.0
-0.9193396226415094    0.0
-0.9183962264150943    0.0
-0.9174528301886793    0.0
-0.9165094339622641    0.0
-0.915566037735849    0.0
-0.914622641509434    0.0
-0.9136792452830189    0.0
-0.9127358490566038    0.0
-0.9117924528301886    0.0
-0.9108490566037736    0.0
-0.9099056603773585    0.0
-0.9089622641509434    0.0
-0.9080188679245282    0.0
-0.9070754716981132    0.0
-0.9061320754716982    0.0
-0.905188679245283    0.0
-0.9042452830188679    0.0
-0.9033018867924528    0.0
-0.9023584905660378    0.0
-0.9014150943396226    0.0
-0.9004716981132075    0.0
-0.8995283018867924    0.0
-0.8985849056603774    0.0
-0.8976415094339623    0.0
-0.8966981132075471    0.0
-0.8957547169811321    0.0
-0.894811320754717    0.0
-0.8938679245283019    0.0
-0.8929245283018867    0.0
-0.8919811320754717    0.0
-0.8910377358490567    0.0
-0.8900943396226415    0.0
-0.8891509433962264    0.0
-0.8882075471698113    0.0
-0.8872641509433963    0.0
-0.8863207547169811    0.0
-0.885377358490566    0.0
-0.8844339622641509    0.0
-0.8834905660377359    0.0
-0.8825471698113208    0.0
-0.8816037735849056    0.0
-0.8806603773584906    0.0
-0.8797169811320755    0.0
-0.8787735849056604    0.0
-0.8778301886792452    0.0
-0.8768867924528302    0.0
-0.8759433962264151    0.0
-0.875    0.0
-0.8740566037735849    0.0
-0.8731132075471698    0.0
-0.8721698113207548    0.0
-0.8712264150943396    0.0
-0.8702830188679245    0.0
-0.8693396226415094    0.0
-0.8683962264150944    0.0
-0.8674528301886792    0.0
-0.8665094339622641    0.0
-0.8655660377358491    0.0
-0.864622641509434    0.0
-0.8636792452830189    0.0
-0.8627358490566037    0.0
-0.8617924528301887    0.0
-0.8608490566037736    0.0
-0.8599056603773585    0.0
-0.8589622641509433    0.0
-0.8580188679245283    0.0
-0.8570754716981133    0.0
-0.8561320754716981    0.0
-0.855188679245283    0.0
-0.8542452830188679    0.0
-0.8533018867924529    0.0
-0.8523584905660377    0.0
-0.8514150943396226    0.0
-0.8504716981132076    0.0
-0.8495283018867925    0.0
-0.8485849056603774    0.0
-0.8476415094339622    0.0
-0.8466981132075472    0.0
-0.8457547169811321    0.0
-0.844811320754717    0.0
-0.8438679245283018    0.0
-0.8429245283018868    0.0
-0.8419811320754718    0.0
-0.8410377358490566    0.0
-0.8400943396226415    0.0
-0.8391509433962264    0.0
-0.8382075471698114    0.0
-0.8372641509433962    0.0
-0.8363207547169811    0.0
-0.835377358490566    0.0
-0.834433962264151    0.0
-0.8334905660377359    0.0
-0.8325471698113207    0.0
-0.8316037735849057    0.0
-0.8306603773584906    0.0
-0.8297169811320755    0.0
-0.8287735849056603    0.0
-0.8278301886792453    0.0
-0.8268867924528303    0.0
-0.8259433962264151    0.0
-0.825    0.0
-0.8240566037735849    0.0
-0.8231132075471699    0.0
-0.8221698113207547    0.0
-0.8212264150943396    0.0
-0.8202830188679245    0.0
-0.8193396226415095    0.0
-0.8183962264150944    0.0
-0.8174528301886792    0.0
-0.816509433962264    0.0
-0.8155660377358491    0.0
-0.814622641509434    0.0
-0.8136792452830188    0.0
-0.8127358490566037    0.0
-0.8117924528301887    0.0
-0.8108490566037736    0.0
-0.8099056603773584    0.0
-0.8089622641509433    0.0
-0.8080188679245284    0.0
-0.8070754716981132    0.0
-0.8061320754716981    0.0
-0.8051886792452829    0.0
-0.804245283018868    0.0
-0.8033018867924528    0.0
-0.8023584905660377    0.0
-0.8014150943396225    0.0
-0.8004716981132076    0.0
-0.7995283018867925    0.0
-0.7985849056603773    0.0
-0.7976415094339622    0.0
-0.7966981132075472    0.0
-0.7957547169811321    0.0
-0.7948113207547169    0.0
-0.7938679245283018    0.0
-0.7929245283018869    0.0
-0.7919811320754717    0.0
-0.7910377358490566    0.0
-0.7900943396226414    0.0
-0.7891509433962265    0.0
-0.7882075471698113    0.0
-0.7872641509433962    0.0
-0.786320754716981    0.0
-0.7853773584905661    0.0
-0.784433962264151    0.0
-0.7834905660377358    0.0
-0.7825471698113207    0.0
-0.7816037735849057    0.0
-0.7806603773584906    0.0
-0.7797169811320754    0.0
-0.7787735849056603    0.0
-0.7778301886792454    0.0
-0.7768867924528302    0.0
-0.7759433962264151    0.0
-0.7749999999999999    0.0
-0.774056603773585    0.0
-0.7731132075471698    0.0
-0.7721698113207547    0.0
-0.7712264150943395    0.0
-0.7702830188679246    0.0
-0.7693396226415095    0.0
-0.7683962264150943    0.0
-0.7674528301886792    0.0
-0.7665094339622642    0.0
-0.7655660377358491    0.0
-0.7646226415094339    0.0
-0.7636792452830188    0.0
-0.7627358490566039    0.0
-0.7617924528301887    0.0
-0.7608490566037736    0.0
-0.7599056603773584    0.0
-0.7589622641509435    0.0
-0.7580188679245283    0.0
-0.7570754716981132    0.0
-0.756132075471698    0.0
-0.7551886792452831    0.0
-0.754245283018868    0.0
-0.7533018867924528    0.0
-0.7523584905660377    0.0
-0.7514150943396227    0.0
-0.7504716981132076    0.0
-0.7495283018867924    0.0
-0.7485849056603773    0.0
-0.7476415094339623    0.0
-0.7466981132075472    0.0
-0.745754716981132    0.0
-0.7448113207547169    0.0
-0.743867924528302    0.0
-0.7429245283018868    0.0
-0.7419811320754717    0.0
-0.7410377358490565    0.0
-0.7400943396226416    0.0
-0.7391509433962264    0.0
-0.7382075471698113    0.0
-0.7372641509433961    0.0
-0.7363207547169812    0.0
-0.7353773584905661    0.0
-0.7344339622641509    0.0
-0.7334905660377358    0.0
-0.7325471698113208    0.0
-0.7316037735849057    0.0
-0.7306603773584905    0.0
-0.7297169811320754    0.0
-0.7287735849056605    0.0
-0.7278301886792453    0.0
-0.7268867924528302    0.0
-0.725943396226415    0.0
-0.7250000000000001    0.0
-0.7240566037735849    0.0
-0.7231132075471698    0.0
-0.7221698113207546    0.0
-0.7212264150943397    0.0
-0.7202830188679246    0.0
-0.7193396226415094    0.0
-0.7183962264150943    0.0
-0.7174528301886793    0.0
-0.7165094339622642    0.0
-0.715566037735849    0.0
-0.7146226415094339    0.0
-0.713679245283019    0.0
-0.7127358490566038    0.0
-0.7117924528301887    0.0
-0.7108490566037735    0.0
-0.7099056603773586    0.0
-0.7089622641509434    0.0
-0.7080188679245283    0.0
-0.7070754716981131    0.0
-0.7061320754716982    0.0
-0.7051886792452831    0.0
-0.7042452830188679    0.0
-0.7033018867924528    0.0
-0.7023584905660378    0.0
-0.7014150943396227    0.0
-0.7004716981132075    0.0
-0.6995283018867924    0.0
-0.6985849056603775    0.0
-0.6976415094339623    0.0
-0.6966981132075472    0.0
-0.695754716981132    0.0
-0.6948113207547171    0.0
-0.6938679245283019    0.0
-0.6929245283018868    0.0
-0.6919811320754716    0.0
-0.6910377358490567    0.0
-0.6900943396226416    0.0
-0.6891509433962264    0.0
-0.6882075471698113    0.0
-0.6872641509433963    0.0
-0.6863207547169812    0.0
-0.685377358490566    0.0
-0.6844339622641509    0.0
-0.683490566037736    0.0
-0.6825471698113208    0.0
-0.6816037735849056    0.0
-0.6806603773584905    0.0
-0.6797169811320756    0.0
-0.6787735849056604    0.0
-0.6778301886792453    0.0
-0.6768867924528301    0.0
-0.6759433962264152    0.0
-0.675    0.0
-0.6740566037735849    0.0
-0.6731132075471697    0.0
-0.6721698113207548    0.0
-0.6712264150943397    0.0
-0.6702830188679245    0.0
-0.6693396226415094    0.0
-0.6683962264150944    0.0
-0.6674528301886793    0.0
-0.6665094339622641    0.0
-0.665566037735849    0.0
-0.6646226415094341    0.0
-0.6636792452830189    0.0
-0.6627358490566038    0.0
-0.6617924528301886    0.0
-0.6608490566037737    0.0
-0.6599056603773585    0.0
-0.6589622641509434    0.0
-0.6580188679245282    0.0
-0.6570754716981133    0.0
-0.6561320754716982    0.0
-0.655188679245283    0.0
-0.6542452830188679    0.0
-0.6533018867924529    0.0
-0.6523584905660378    0.0
-0.6514150943396226    0.0
-0.6504716981132075    0.0
-0.6495283018867926    0.0
-0.6485849056603774    0.0
-0.6476415094339623    0.0
-0.6466981132075471    0.0
-0.6457547169811322    0.0
-0.644811320754717    0.0
-0.6438679245283019    0.0
-0.6429245283018867    0.0
-0.6419811320754718    0.0
-0.6410377358490567    0.0
-0.6400943396226415    0.0
-0.6391509433962264    0.0
-0.6382075471698113    0.0
-0.6372641509433963    0.0
-0.6363207547169811    0.0
-0.635377358490566    0.0
-0.6344339622641508    0.0
-0.6334905660377359    0.0
-0.6325471698113208    0.0
-0.6316037735849056    0.0
-0.6306603773584905    0.0
-0.6297169811320755    0.0
-0.6287735849056604    0.0
-0.6278301886792452    0.0
-0.6268867924528301    0.0
-0.6259433962264151    0.0
-0.625    0.0
-0.6240566037735849    0.0
-0.6231132075471697    0.0
-0.6221698113207548    0.0
-0.6212264150943396    0.0
-0.6202830188679245    0.0
-0.6193396226415093    0.0
-0.6183962264150944    0.0
-0.6174528301886792    0.0
-0.6165094339622641    0.0
-0.615566037735849    0.0
-0.614622641509434    0.0
-0.6136792452830189    0.0
-0.6127358490566037    0.0
-0.6117924528301886    0.0
-0.6108490566037736    0.0
-0.6099056603773585    0.0
-0.6089622641509433    0.0
-0.6080188679245282    0.0
-0.6070754716981133    0.0
-0.6061320754716981    0.0
-0.605188679245283    0.0
-0.6042452830188678    0.0
-0.6033018867924529    0.0
-0.6023584905660377    0.0
-0.6014150943396226    0.0
-0.6004716981132074    0.0
-0.5995283018867925    0.0
-0.5985849056603774    0.0
-0.5976415094339622    0.0
-0.5966981132075471    0.0
-0.5957547169811321    0.0
-0.594811320754717    0.0
-0.5938679245283018    0.0
-0.5929245283018867    0.0
-0.5919811320754718    0.0
-0.5910377358490566    0.0
-0.5900943396226415    0.0
-0.5891509433962263    0.0
-0.5882075471698114    0.0
-0.5872641509433962    0.0
-0.5863207547169811    0.0
-0.5853773584905659    0.0
-0.584433962264151    0.0
-0.5834905660377359    0.0
-0.5825471698113207    0.0
-0.5816037735849056    0.0
-0.5806603773584906    0.0
-0.5797169811320755    0.0
-0.5787735849056603    0.0
-0.5778301886792452    0.0
-0.5768867924528303    0.0
-0.5759433962264151    0.0
-0.575    0.0
-0.5740566037735848    0.0
-0.5731132075471699    0.0
-0.5721698113207547    0.0
-0.5712264150943396    0.0
-0.5702830188679244    0.0
-0.5693396226415095    0.0
-0.5683962264150944    0.0
-0.5674528301886792    0.0
-0.566509433962264    0.0
-0.5655660377358491    0.0
-0.564622641509434    0.0
-0.5636792452830188    0.0
-0.5627358490566037    0.0
-0.5617924528301887    0.0
-0.5608490566037736    0.0
-0.5599056603773584    0.0
-0.5589622641509433    0.0
-0.5580188679245284    0.0
-0.5570754716981132    0.00023563410025562696
-0.5561320754716981    0.0
-0.5551886792452829    0.0
-0.554245283018868    0.0
-0.5533018867924528    0.0
-0.5523584905660377    0.0
-0.5514150943396225    0.0
-0.5504716981132076    0.0
-0.5495283018867925    0.0
-0.5485849056603773    0.0
-0.5476415094339622    0.0
-0.5466981132075472    0.0
-0.5457547169811321    0.0
-0.5448113207547169    0.0
-0.5438679245283018    0.0
-0.5429245283018869    0.0
-0.5419811320754717    0.0
-0.5410377358490566    0.0
-0.5400943396226414    0.0
-0.5391509433962265    0.0
-0.5382075471698113    0.0
-0.5372641509433962    0.0
-0.536320754716981    0.0
-0.5353773584905661    0.00023563410025565466
-0.534433962264151    0.0
-0.5334905660377358    0.00023563410025562696
-0.5325471698113207    0.0
-0.5316037735849057    0.0
-0.5306603773584906    0.0
-0.5297169811320754    0.0
-0.5287735849056603    0.0
-0.5278301886792454    0.0
-0.5268867924528302    0.0
-0.5259433962264151    0.0
-0.5249999999999999    0.0
-0.524056603773585    0.0
-0.5231132075471698    0.0
-0.5221698113207547    0.0
-0.5212264150943395    0.00023563410025565466
-0.5202830188679246    0.00023563410025565466
-0.5193396226415095    0.00023563410025562696
-0.5183962264150943    0.0
-0.5174528301886792    0.0
-0.5165094339622642    0.0
-0.5155660377358491    0.0
-0.5146226415094339    0.0
-0.5136792452830188    0.00023563410025565466
-0.5127358490566039    0.0
-0.5117924528301887    0.0
-0.5108490566037736    0.0
-0.5099056603773584    0.0
-0.5089622641509435    0.0
-0.5080188679245283    0.0
-0.5070754716981132    0.0
-0.506132075471698    0.0
-0.5051886792452831    0.00023563410025565466
-0.504245283018868    0.00023563410025562696
-0.5033018867924528    0.0
-0.5023584905660377    0.00023563410025565466
-0.5014150943396227    0.0
-0.5004716981132076    0.0
-0.4995283018867924    0.0
-0.49858490566037733    0.0
-0.49764150943396224    0.00023563410025562696
-0.49669811320754714    0.0
-0.49575471698113205    0.0
-0.49481132075471695    0.0
-0.49386792452830186    0.0
-0.49292452830188677    0.0
-0.49198113207547167    0.00023563410025562696
-0.4910377358490566    0.0
-0.4900943396226415    0.00023563410025562696
-0.4891509433962264    0.0
-0.4882075471698113    0.00023563410025562696
-0.4872641509433962    0.0
-0.4863207547169811    0.0
-0.485377358490566    0.0
-0.4844339622641509    0.00023563410025562696
-0.4834905660377358    0.00023563410025565466
-0.48254716981132073    0.00023563410025562696
-0.48160377358490564    0.0
-0.48066037735849054    0.0
-0.47971698113207545    0.00023563410025565466
-0.47877358490566035    0.0
-0.47783018867924526    0.0
-0.47688679245283017    0.00023563410025562696
-0.47594339622641507    0.00023563410025565466
-0.475    0.0
-0.4740566037735849    0.0
-0.4731132075471698    0.00023563410025562696
-0.4721698113207547    0.00023563410025565466
-0.4712264150943396    0.0004712682005112539
-0.4702830188679245    0.0
-0.4693396226415094    0.0
-0.4683962264150943    0.0
-0.4674528301886792    0.0004712682005112539
-0.46650943396226413    0.0004712682005113093
-0.46556603773584904    0.0
-0.46462264150943394    0.0
-0.46367924528301885    0.0004712682005112539
-0.46273584905660375    0.00023563410025565466
-0.46179245283018866    0.0
-0.46084905660377357    0.00023563410025565466
-0.45990566037735847    0.0004712682005112539
-0.4589622641509434    0.00023563410025565466
-0.4580188679245283    0.0009425364010225078
-0.4570754716981132    0.0
-0.4561320754716981    0.00023563410025562696
-0.455188679245283    0.00023563410025565466
-0.4542452830188679    0.00023563410025562696
-0.4533018867924528    0.0
-0.4523584905660377    0.0
-0.4514150943396226    0.00023563410025565466
-0.45047169811320753    0.0009425364010225078
-0.44952830188679244    0.00023563410025565466
-0.44858490566037734    0.00023563410025562696
-0.44764150943396225    0.00023563410025565466
-0.44669811320754715    0.0004712682005112539
-0.44575471698113206    0.0
-0.44481132075471697    0.00023563410025562696
-0.44386792452830187    0.0007069023007669641
-0.4429245283018868    0.00023563410025562696
-0.4419811320754717    0.0
-0.4410377358490566    0.0004712682005112539
-0.4400943396226415    0.00023563410025565466
-0.4391509433962264    0.0
-0.4382075471698113    0.0011781705012782733
-0.4372641509433962    0.0
-0.4363207547169811    0.0
-0.435377358490566    0.0
-0.43443396226415093    0.00023563410025565466
-0.43349056603773584    0.00023563410025562696
-0.43254716981132074    0.0004712682005113093
-0.43160377358490565    0.0004712682005112539
-0.43066037735849055    0.0004712682005113093
-0.42971698113207546    0.0
-0.42877358490566037    0.00023563410025565466
-0.42783018867924527    0.0
-0.4268867924528302    0.0007069023007669641
-0.4259433962264151    0.0004712682005112539
-0.425    0.00023563410025565466
-0.4240566037735849    0.0
-0.4231132075471698    0.0007069023007669641
-0.4221698113207547    0.00023563410025562696
-0.4212264150943396    0.00023563410025565466
-0.4202830188679245    0.00023563410025562696
-0.4193396226415094    0.0004712682005113093
-0.41839622641509433    0.0014138046015337617
-0.41745283018867924    0.00023563410025565466
-0.41650943396226414    0.0004712682005112539
-0.41556603773584905    0.0011781705012782733
-0.41462264150943395    0.0004712682005112539
-0.41367924528301886    0.0011781705012782733
-0.41273584905660377    0.00023563410025562696
-0.41179245283018867    0.00023563410025565466
-0.4108490566037736    0.0009425364010225078
-0.4099056603773585    0.0004712682005113093
-0.4089622641509434    0.00023563410025562696
-0.4080188679245283    0.0004712682005113093
-0.4070754716981132    0.0009425364010225078
-0.4061320754716981    0.0009425364010226187
-0.405188679245283    0.0011781705012781348
-0.4042452830188679    0.0007069023007669641
-0.4033018867924528    0.0009425364010225078
-0.40235849056603773    0.0004712682005113093
-0.40141509433962264    0.00023563410025562696
-0.40047169811320754    0.0007069023007669641
-0.39952830188679245    0.0011781705012781348
-0.39858490566037735    0.0004712682005113093
-0.39764150943396226    0.0014138046015337617
-0.39669811320754716    0.0004712682005113093
-0.39575471698113207    0.00023563410025562696
-0.394811320754717    0.0014138046015339282
-0.3938679245283019    0.0021207069023006426
-0.3929245283018868    0.0014138046015339282
-0.3919811320754717    0.0011781705012781348
-0.3910377358490566    0.0016494387017895829
-0.3900943396226415    0.0009425364010225078
-0.3891509433962264    0.0007069023007669641
-0.3882075471698113    0.0014138046015337617
-0.3872641509433962    0.0009425364010226187
-0.38632075471698113    0.0021207069023006426
-0.38537735849056604    0.0021207069023008924
-0.38443396226415094    0.0009425364010225078
-0.38349056603773585    0.0007069023007669641
-0.38254716981132075    0.0014138046015337617
-0.38160377358490566    0.0011781705012782733
-0.38066037735849056    0.0014138046015337617
-0.37971698113207547    0.0009425364010226187
-0.3787735849056604    0.0011781705012781348
-0.3778301886792453    0.0004712682005113093
-0.3768867924528302    0.0016494387017893888
-0.3759433962264151    0.0025919751028122017
-0.375    0.0016494387017893888
-0.3740566037735849    0.0016494387017895829
-0.3731132075471698    0.0014138046015337617
-0.3721698113207547    0.0018850728020452373
-0.3712264150943396    0.0023563410025562695
-0.37028301886792453    0.0028276092030678564
-0.36933962264150944    0.0028276092030675233
-0.36839622641509434    0.0023563410025565466
-0.36745283018867925    0.0023563410025562695
-0.36650943396226415    0.0032988774035791657
-0.36556603773584906    0.0018850728020450157
-0.36462264150943396    0.0028276092030678564
-0.36367924528301887    0.0025919751028118964
-0.3627358490566038    0.0021207069023008924
-0.3617924528301887    0.004005779704345658
-0.3608490566037736    0.0025919751028122017
-0.3599056603773585    0.0021207069023006426
-0.3589622641509434    0.00400577970434613
-0.3580188679245283    0.0018850728020450157
-0.3570754716981132    0.0018850728020452373
-0.3561320754716981    0.004005779704345658
-0.355188679245283    0.00400577970434613
-0.35424528301886793    0.0030632433033231507
-0.35330188679245284    0.004712682005113093
-0.35235849056603774    0.0035345115038344045
-0.35141509433962265    0.0035345115038348204
-0.35047169811320755    0.004241413804601285
-0.34952830188679246    0.0035345115038348204
-0.34858490566037736    0.0035345115038344045
-0.34764150943396227    0.0032988774035791657
-0.3466981132075472    0.0035345115038344045
-0.3457547169811321    0.004712682005113093
-0.344811320754717    0.004005779704345658
-0.3438679245283019    0.0044770479048574395
-0.3429245283018868    0.0035345115038344045
-0.3419811320754717    0.004241413804601785
-0.3410377358490566    0.004712682005112539
-0.3400943396226415    0.0044770479048574395
-0.3391509433962264    0.0023563410025562695
-0.33820754716981133    0.005655218406135713
-0.33726415094339623    0.004477047904856912
-0.33632075471698114    0.0044770479048574395
-0.33537735849056605    0.00541958430587942
-0.33443396226415095    0.005890852506391367
-0.33349056603773586    0.005183950205623793
-0.33254716981132076    0.005890852506391367
-0.33160377358490567    0.005655218406135047
-0.3306603773584906    0.007775925308436605
-0.3297169811320755    0.0058908525063906736
-0.3287735849056604    0.0065977548071583314
-0.3278301886792453    0.008718461709458197
-0.3268867924528302    0.0044770479048574395
-0.3259433962264151    0.006362120706901928
-0.325    0.007304657107925295
-0.3240566037735849    0.00541958430587942
-0.3231132075471698    0.0065977548071583314
-0.32216981132075473    0.006833388907413182
-0.32122641509433963    0.007775925308436605
-0.32028301886792454    0.008011559408691317
-0.31933962264150945    0.010839168611760116
-0.31839622641509435    0.007540291208180063
-0.31745283018867926    0.007775925308436605
-0.31650943396226416    0.00777592530843569
-0.31556603773584907    0.008954095809714879
-0.314622641509434    0.010367900411247586
-0.3136792452830189    0.009189729909970534
-0.3127358490566038    0.011310436812270093
-0.3117924528301887    0.00801155940869226
-0.3108490566037736    0.009425364010225078
-0.3099056603773585    0.01107480271201577
-0.3089622641509434    0.011546070912525722
-0.3080188679245283    0.013431143714572316
-0.3070754716981132    0.012488607313548228
-0.30613207547169813    0.012488607313549699
-0.30518867924528303    0.010132266310991959
-0.30424528301886794    0.012488607313549699
-0.30330188679245285    0.012252973213292603
-0.30235849056603775    0.013431143714572316
-0.30141509433962266    0.015787484717127008
-0.30047169811320756    0.015787484717128864
-0.29952830188679247    0.013666777814826364
-0.2985849056603774    0.013902411915083627
-0.2976415094339623    0.018379459819938902
-0.2966981132075472    0.016258752917640173
-0.2957547169811321    0.01531621651661575
-0.294811320754717    0.01814382571968541
-0.2938679245283019    0.016023118817382633
-0.2929245283018868    0.016258752917640173
-0.2919811320754717    0.020264532621983918
-0.2910377358490566    0.01814382571968541
-0.29009433962264153    0.01555185061687138
-0.28915094339622643    0.01955763032121934
-0.28820754716981134    0.021913971323773308
-0.28726415094339625    0.020971434922753267
-0.28632075471698115    0.019793264421472664
-0.28537735849056606    0.019321996220963686
-0.28443396226415096    0.019793264421472664
-0.28349056603773587    0.023799044125821126
-0.2825471698113208    0.019086362120705785
-0.2816037735849057    0.02309214182505416
-0.2806603773584906    0.024270312326329577
-0.2797169811320755    0.023799044125821126
-0.2787735849056604    0.023563410025562694
-0.2778301886792453    0.020500166722241957
-0.2768867924528302    0.027569189729908353
-0.27594339622641506    0.03039679893297588
-0.27499999999999997    0.030632433033235113
-0.2740566037735849    0.02851172613093086
-0.2731132075471698    0.03157496943425773
-0.2721698113207547    0.024977214627096456
-0.2712264150943396    0.03558074913860386
-0.2702830188679245    0.03251750583527652
-0.2693396226415094    0.036758919639882134
-0.2683962264150943    0.0341669445370659
-0.2674528301886792    0.04029343114371695
-0.2665094339622641    0.04264977214626848
-0.265566037735849    0.04076469934422826
-0.26462264150943393    0.03817272424141157
-0.26367924528301884    0.04052906524397261
-0.26273584905660374    0.0428854062465241
-0.26179245283018865    0.041235967544739564
-0.26084905660377355    0.04100033344447909
-0.25990566037735846    0.03911526064243868
-0.25896226415094337    0.04264977214626848
-0.2580188679245283    0.0452417472490857
-0.2570754716981132    0.04359230854729099
-0.2561320754716981    0.04948316105368748
-0.255188679245283    0.047833722351892274
-0.2542452830188679    0.0530176725575223
-0.2533018867924528    0.0506613315549598
-0.2523584905660377    0.05372457485828926
-0.2514150943396226    0.055374013560072335
-0.2504716981132075    0.06479937757030504
-0.24952830188679243    0.05961542736467362
-0.24858490566037733    0.06055796376570325
-0.24764150943396224    0.05513837945981671
-0.24669811320754714    0.0680982549738842
-0.24575471698113205    0.06409247526953053
-0.24481132075471695    0.0706902300766964
-0.24386792452830186    0.07045459597643246
-0.24292452830188677    0.07021896187618511
-0.24198113207547167    0.06951205957540996
-0.24103773584905658    0.07375347338001992
-0.24009433962264148    0.0787017894853794
-0.2391509433962264    0.07563854618206516
-0.2382075471698113    0.07681671668333438
-0.2372641509433962    0.08412137379126872
-0.2363207547169811    0.08529954429253696
-0.235377358490566    0.09001222629766009
-0.23443396226415092    0.09142603089918326
-0.23349056603773582    0.09637434700456277
-0.23254716981132073    0.10697788151605464
-0.23160377358490564    0.09802378570635234
-0.23066037735849054    0.09943759030787458
-0.22971698113207545    0.10462154051351069
-0.22877358490566035    0.10273646771145335
-0.22783018867924526    0.09920195620763063
-0.22688679245283017    0.12111592753139226
-0.22594339622641507    0.11357563632322555
-0.22499999999999998    0.12983438924085045
-0.22405660377358488    0.12465043903524131
-0.2231132075471698    0.12417917083471541
-0.2221698113207547    0.13289763254418924
-0.2212264150943396    0.13124819384238423
-0.2202830188679245    0.1409091919528815
-0.2193396226415094    0.15457596976769128
-0.21839622641509432    0.15292653106591989
-0.21745283018867922    0.14797821496053373
-0.21650943396226413    0.1538690674669425
-0.21556603773584904    0.1590530176725482
-0.21462264150943394    0.17177725908637226
-0.21367924528301885    0.17201289318660767
-0.21273584905660375    0.1654151383794696
-0.21179245283018866    0.1941624986106366
-0.21084905660377357    0.18732910970324548
-0.20990566037735847    0.19227742580859158
-0.20896226415094338    0.19628320551296036
-0.20801886792452828    0.2028809603200948
-0.2070754716981132    0.2064154718239535
-0.2061320754716981    0.20830054462597422
-0.205188679245283    0.22126042014005975
-0.2042452830188679    0.2229098588418231
-0.2033018867924528    0.2271512726464511
-0.20235849056603772    0.24576636656661893
-0.20141509433962262    0.23869734355897818
-0.20047169811320753    0.2507146826719871
-0.19952830188679244    0.23775480715795555
-0.19858490566037734    0.2657952650883472
-0.19764150943396225    0.2789907747026951
-0.19669811320754715    0.27003667889294847
-0.19575471698113206    0.2754562631988603
-0.19481132075471697    0.2881805046126318
-0.19386792452830187    0.2926575525175231
-0.19292452830188678    0.29006557741467676
-0.19198113207547168    0.3086806713349076
-0.1910377358490566    0.3247037901522539
-0.1900943396226415    0.3202267422474347
-0.1891509433962264    0.3192842058463745
-0.1882075471698113    0.35557185728578294
-0.1872641509433962    0.35604312548625233
-0.18632075471698112    0.359577636990129
-0.18537735849056602    0.3772501945092588
-0.18443396226415093    0.39021007002336416
-0.18349056603773584    0.3895031677225514
-0.18254716981132074    0.4095320662443278
-0.18160377358490565    0.4189574302545047
-0.18066037735849055    0.4328598421696377
-0.17971698113207546    0.4281471601644742
-0.17877358490566037    0.4477047904857439
-0.17783018867924527    0.45312437479157064
-0.17688679245283018    0.45524508169392486
-0.17594339622641508    0.46278537290205135
-0.175    0.4601933977992936
-0.1740566037735849    0.472446371012532
-0.1731132075471698    0.49553851283764183
-0.1721698113207547    0.5181593864621237
-0.1712264150943396    0.5221651661665307
-0.17028301886792452    0.5285272868733712
-0.16933962264150942    0.5605735245082025
-0.16839622641509433    0.5523263309991896
-0.16745283018867924    0.61547626986777
-0.16650943396226414    0.6001600533510818
-0.16556603773584905    0.6289074135823424
-0.16462264150943395    0.615240635767442
-0.16367924528301886    0.6230165610759509
-0.16273584905660377    0.6689652106257249
-0.16179245283018867    0.6237234633767179
-0.16084905660377358    0.6786262087362057
-0.15990566037735848    0.6854595976436995
-0.1589622641509434    0.7200978103811959
-0.1580188679245283    0.7455462932088914
-0.1570754716981132    0.7422474158052249
-0.1561320754716981    0.7596843392242306
-0.155188679245283    0.7877247971545609
-0.15424528301886792    0.7797132377459614
-0.15330188679245282    0.8435700789151445
-0.15235849056603773    0.8190641324886556
-0.15141509433962264    0.8395642992107989
-0.15047169811320754    0.8895187284650965
-0.14952830188679245    0.8739668778481203
-0.14858490566037735    0.917794820495775
-0.14764150943396226    0.9592664221406573
-0.14669811320754716    0.9319328665111143
-0.14575471698113207    0.9722262976547169
-0.14481132075471698    0.9865999777704261
-0.14386792452830188    1.032784261420413
-0.1429245283018868    1.0252439702123535
-0.1419811320754717    1.0502211848393295
-0.1410377358490566    1.044801600533573
-0.1400943396226415    1.0688362787595238
-0.1391509433962264    1.108894075803111
-0.13820754716981132    1.1211470490162732
-0.13726415094339622    1.1385839724353235
-0.13632075471698113    1.1461242636433695
-0.13537735849056604    1.1960786928977032
-0.13443396226415094    1.2121018117149451
-0.13349056603773585    1.1972568633989815
-0.13254716981132075    1.2700678003778292
-0.13160377358490566    1.3098899633211845
-0.13066037735849056    1.330861398243781
-0.12971698113207547    1.3624363676781954
-0.12877358490566038    1.380815827497974
-0.12783018867924528    1.3888273869068286
-0.1268867924528302    1.4211092586416862
-0.1259433962264151    1.456925641880713
-0.125    1.4859086362119835
-0.1240566037735849    1.4705924196955409
-0.12311320754716981    1.5346848949648983
-0.12216981132075472    1.5424608202735155
-0.12122641509433962    1.586760031121392
-0.12028301886792453    1.5931221518284815
-0.11933962264150944    1.6433122151827424
-0.11839622641509434    1.6572146270980195
-0.11745283018867925    1.702927642547416
-0.11650943396226415    1.7267266866734376
-0.11556603773584906    1.7474624874957294
-0.11462264150943396    1.7698477270202224
-0.11367924528301887    1.7853995776368854
-0.11273584905660378    1.8202734244749323
-0.11179245283018868    1.8518483939089723
-0.11084905660377359    1.8985039457598099
-0.1099056603773585    1.9225386239856603
-0.1089622641509434    1.9543492275204
-0.1080188679245283    1.951992886517614
-0.10707547169811321    2.0250394575970962
-0.10613207547169812    2.057556963432135
-0.10518867924528302    2.107511392686576
-0.10424528301886793    2.1499255307323404
-0.10330188679245284    2.1459197510282473
-0.10235849056603774    2.2034144714903676
-0.10141509433962265    2.209540958097274
-0.10047169811320755    2.2691563854616876
-0.09952830188679246    2.303087695898769
-0.09858490566037736    2.347858174947067
-0.09764150943396227    2.3667089029677957
-0.09669811320754718    2.3822607535843887
-0.09575471698113208    2.4218472824276187
-0.09481132075471699    2.524819384239043
-0.0938679245283019    2.5106813382240007
-0.0929245283018868    2.4979570968099014
-0.0919811320754717    2.583256641102742
-0.09103773584905661    2.6124752695341362
-0.09009433962264152    2.601871735022939
-0.08915094339622642    2.67963098810699
-0.08820754716981133    2.704372568634149
-0.08726415094339623    2.73241302656425
-0.08632075471698114    2.7371257085696845
-0.08537735849056605    2.850701344892575
-0.08443396226415095    2.8205401800601866
-0.08349056603773586    2.883454484828107
-0.08254716981132076    2.9324663776816227
-0.08160377358490567    2.9197421362674736
-0.08066037735849058    2.944954984995172
-0.07971698113207548    3.0019784372566876
-0.07877358490566039    3.0069267533624093
-0.0778301886792453    3.0726686673333754
-0.0768867924528302    3.11861731688359
-0.0759433962264151    3.14194509280853
-0.07500000000000001    3.2218250527955665
-0.07405660377358492    3.2027386906744817
-0.07311320754716982    3.2911014782707286
-0.07216981132075473    3.310894742691814
-0.07122641509433963    3.339406468823138
-0.07028301886792454    3.467120151161295
-0.06933962264150945    3.3834700455709457
-0.06839622641509435    3.4207002334109364
-0.06745283018867926    3.487855951984201
-0.06650943396226416    3.5111837279090974
-0.06556603773584907    3.6026097588087045
-0.06462264150943398    3.5288562854282692
-0.06367924528301888    3.6054373680117724
-0.06273584905660379    3.711237079026125
-0.06179245283018869    3.649029676559069
-0.0608490566037736    3.6822540846946827
-0.059905660377358505    3.729145270645991
-0.05896226415094341    3.7571857285759718
-0.05801886792452832    3.8189218628433954
-0.05707547169811322    3.786875625208181
-0.05613207547169813    3.891968433922649
-0.055188679245283034    3.913646771145708
-0.05424528301886794    3.8947960431257167
-0.053301886792452846    3.9504056907855856
-0.05235849056603775    4.000595754140505
-0.05141509433962266    4.0262798710678975
-0.050471698113207564    4.093671223741489
-0.04952830188679247    4.068458375013655
-0.048584905660377375    4.127131265977791
-0.04764150943396228    4.1120506835609465
-0.04669811320754719    4.1733155496279
-0.04575471698113209    4.178263865732777
-0.044811320754717    4.270161164832975
-0.043867924528301905    4.259086362120458
-0.04292452830188681    4.312339668778737
-0.04198113207547172    4.272517505835029
-0.04103773584905662    4.3703056574416275
-0.04009433962264153    4.379259753250827
-0.039150943396226434    4.419788818495315
-0.03820754716981134    4.458904079137229
-0.037264150943396246    4.436754473713722
-0.03632075471698115    4.529594309213917
-0.03537735849056606    4.481760586862553
-0.034433962264150964    4.504381460486565
-0.033490566037735814    4.556927864843569
-0.03254716981132072    4.551037012337715
-0.031603773584905626    4.618663999110544
-0.03066037735849053    4.6177214627100645
-0.029716981132075437    4.686290985883908
-0.028773584905660343    4.671210403468098
-0.02783018867924525    4.681342669778541
-0.026886792452830155    4.740722463043516
-0.02594339622641506    4.705377348004615
-0.024999999999999967    4.6780437923755125
-0.024056603773584873    4.771119261975935
-0.02311320754716978    4.74708458375042
-0.022169811320754684    4.690061131487999
-0.02122641509433959    4.758630654662946
-0.020283018867924496    4.789027453595362
-0.019339622641509402    4.8274358119375975
-0.018396226415094308    4.84628653995748
-0.017452830188679214    4.784314771590813
-0.01650943396226412    4.861602756474095
-0.015566037735849025    4.943132155163124
-0.014622641509433931    4.882102923196334
-0.013679245283018837    4.902838724019407
-0.012735849056603743    4.908022674224454
-0.011792452830188649    4.916505501834235
-0.010849056603773555    4.9398332777589635
-0.00990566037735846    4.9483161053687486
-0.008962264150943366    4.957977103478647
-0.008018867924528272    4.9803623430035175
-0.007075471698113178    4.922396354340047
-0.006132075471698084    4.918626208736536
-0.00518867924528299    4.862074024674607
-0.004245283018867896    4.967166833389201
-0.0033018867924528017    4.90448816272062
-0.0023584905660377076    4.969287540291502
-0.0014150943396226134    5.000391241524659
-0.0004716981132075193    4.9198043792378146
0.0004716981132075748    4.986960097810089
0.0014150943396227245    4.982718684005487
0.002358490566037763    4.988609536513053
0.0033018867924528017    4.994500389018269
0.004245283018867951    4.963867955985037
0.005188679245283101    4.9949716572187794
0.00613207547169814    4.912735356230723
0.007075471698113178    4.936298766255129
0.008018867924528328    4.920040013337491
0.008962264150943478    4.963396687784527
0.009905660377358516    4.821780593532029
0.010849056603773555    4.9271090363451595
0.011792452830188704    4.900718017116529
0.012735849056603854    4.86513726797793
0.013679245283018893    4.881396020896717
0.014622641509433931    4.9051950650213865
0.015566037735849081    4.858303879070516
0.01650943396226423    4.909907747026499
0.01745283018867927    4.872206290986745
0.018396226415094308    4.789027453595362
0.019339622641509457    4.832384128042397
0.020283018867924607    4.745670779148327
0.021226415094339646    4.820602423030751
0.022169811320754684    4.7591019228628975
0.023113207547169834    4.764992775369288
0.024056603773584984    4.712917639212795
0.025000000000000022    4.7555674113601825
0.02594339622641506    4.72823385572941
0.02688679245283021    4.695480715793878
0.02783018867924536    4.664377014560135
0.0287735849056604    4.667440257864557
0.029716981132075437    4.589916638879357
0.030660377358490587    4.576485495164786
0.03160377358490574    4.577428031565809
0.032547169811320775    4.615600755808307
0.033490566037735814    4.5324219184169845
0.034433962264150964    4.446886740024191
0.03537735849056611    4.505559630987843
0.03632075471698115    4.496369901078932
0.03726415094339619    4.409656552183803
0.03820754716981134    4.407535845281502
0.03915094339622649    4.373133266644181
0.04009433962264153    4.332132933200722
0.04103773584905657    4.347449149716317
0.04198113207547172    4.24871846170921
0.042924528301886866    4.2656841169276145
0.043867924528301905    4.269218628432454
0.04481132075471694    4.233402245192593
0.04575471698113209    4.180148938534822
0.04669811320754724    4.161298210514372
0.04764150943396228    4.127602534178789
0.04858490566037732    4.085188396131804
0.04952830188679247    4.087309103034105
0.05047169811320762    4.0390041124817015
0.05141509433962266    4.014733800156317
0.052358490566037696    3.968078248304758
0.053301886792452846    3.941451594975872
0.054245283018867996    3.9072846504388057
0.055188679245283034    3.9254284761594134
0.05613207547169807    3.874060242302763
0.05707547169811322    3.8130310103365552
0.05801886792452837    3.8175080582414127
0.05896226415094341    3.7307947093482197
0.05990566037735845    3.7397488051570553
0.0608490566037736    3.6657596976767883
0.06179245283018875    3.6209892186282193
0.06273584905660379    3.5535978659559464
0.06367924528301883    3.657276870067586
0.06462264150943398    3.555718572857411
0.06556603773584913    3.5297988218292917
0.06650943396226416    3.424234744915577
0.0674528301886792    3.474660442369475
0.06839622641509435    3.4108036012002003
0.0693396226415095    3.3867689229741265
0.07028301886792454    3.3443547849289006
0.07122641509433958    3.2958141602754543
0.07216981132075473    3.296521062576221
0.07311320754716988    3.227244637101067
0.07405660377358492    3.192842058464497
0.07499999999999996    3.2321929532064346
0.0759433962264151    3.088220517950247
0.07688679245283025    3.0674847171277517
0.0778301886792453    3.051697232411343
0.07877358490566033    3.0073980215625666
0.07971698113207548    2.961920640213231
0.08066037735849063    2.9249260864730973
0.08160377358490567    2.9244548182732744
0.08254716981132071    2.9532021785037728
0.08349056603773586    2.885810825830663
0.08443396226415101    2.795091697232247
0.08537735849056605    2.784488162721399
0.08632075471698109    2.746551072579588
0.08726415094339623    2.7411314882737083
0.08820754716981138    2.678924085806223
0.08915094339622642    2.6478203845731034
0.09009433962264146    2.6021073691228884
0.09103773584905661    2.579250861398093
0.09198113207547176    2.5752450816937467
0.0929245283018868    2.48264088029387
0.09386792452830184    2.4885317327996765
0.09481132075471699    2.4487095698564754
0.09575471698113214    2.412186284316853
0.09669811320754718    2.346680004446341
0.09764150943396221    2.2837656996775366
0.09858490566037736    2.271983994664755
0.09952830188679251    2.247713682338426
0.10047169811320755    2.222736467711852
0.10141509433962259    2.229098588418231
0.10235849056603774    2.139321996220837
0.10330188679245289    2.144977214626972
0.10424528301886793    2.0846548849620223
0.10518867924528297    2.087482494164599
0.10613207547169812    2.0349360898075943
0.10707547169811327    2.019384239190723
0.1080188679245283    1.9724930532403175
0.10896226415094334    1.9512859842168468
0.1099056603773585    1.9350272312992085
0.11084905660377364    1.8732910970322343
0.11179245283018868    1.8692853173283286
0.11273584905660372    1.8157963765698613
0.11367924528301887    1.7608936312103
0.11462264150943402    1.7872846504389304
0.11556603773584906    1.7238990774705727
0.1165094339622641    1.7158875180614754
0.11745283018867925    1.6576858952983358
0.1183962264150944    1.6590996998998693
0.11933962264150944    1.6355362898746917
0.12028301886792447    1.608202734244654
0.12122641509433962    1.5396332110702666
0.12216981132075477    1.5212537512503275
0.12311320754716981    1.5104145826389241
0.12405660377358485    1.4875580749137731
0.125    1.4585750805823308
0.12594339622641515    1.381522729798741
0.1268867924528302    1.3629076358788672
0.12783018867924523    1.3923618984104997
0.12877358490566038    1.343585639657585
0.12971698113207553    1.313188840724609
0.13066037735849056    1.2651194842727589
0.1316037735849056    1.29103923530058
0.13254716981132075    1.267004557074506
0.1334905660377359    1.2043258864065094
0.13443396226415094    1.1958430587975883
0.13537735849056598    1.154607091252572
0.13632075471698113    1.1564921640546173
0.13726415094339628    1.133871290430077
0.13820754716981132    1.1296298766257413
0.13915094339622636    1.0601178170500658
0.1400943396226415    1.064830499055178
0.14103773584905666    1.0407958208291042
0.1419811320754717    1.0294853840170766
0.14292452830188673    1.0363187729242473
0.14386792452830188    0.9842436367677537
0.14481132075471703    0.9616227631432137
0.14575471698113207    0.9488985217296331
0.1466981132075471    0.9307546960097265
0.14764150943396226    0.9074269200844194
0.1485849056603774    0.8808002667555336
0.14952830188679245    0.8560586862288943
0.15047169811320749    0.8628920751361059
0.15141509433962264    0.8440413471156557
0.15235849056603779    0.8011559408691317
0.15330188679245282    0.7865466266534679
0.15424528301886786    0.8082249638768004
0.155188679245283    0.7754718239412683
0.15613207547169816    0.7526153162164725
0.1570754716981132    0.7295231743915928
0.15801886792452824    0.7241035900855416
0.1589622641509434    0.6750916972323713
0.15990566037735854    0.692999888851799
0.16084905660377358    0.6708502834279277
0.16179245283018862    0.652470823607831
0.16273584905660377    0.6091141491607956
0.16367924528301891    0.6508213849060416
0.16462264150943395    0.5952117372458537
0.165566037735849    0.5985106146492924
0.16650943396226414    0.5775391797265417
0.1674528301886793    0.5765966433255191
0.16839622641509433    0.5678781816161946
0.16933962264150937    0.541251528287175
0.17028301886792452    0.5388951872846188
0.17122641509433967    0.5125041680559886
0.1721698113207547    0.5021362676448592
0.17311320754716975    0.5028431699455079
0.1740566037735849    0.47904412581968964
0.17500000000000004    0.4474691563854356
0.17594339622641508    0.47126820051136487
0.17688679245283012    0.45500944759361567
0.17783018867924527    0.42626208736242915
0.17877358490566042    0.4128309436478584
0.17971698113207546    0.40788262754258625
0.1806603773584905    0.4163654551516928
0.18160377358490565    0.38078470601309317
0.1825471698113208    0.39562965432919767
0.18349056603773584    0.37725019450934755
0.18443396226415087    0.3817272424141157
0.18537735849056602    0.3607558074913648
0.18632075471698117    0.34685339557628286
0.1872641509433962    0.3444970545738077
0.18820754716981125    0.33601422696452404
0.1891509433962264    0.3124508169389613
0.19009433962264155    0.3136289874402395
0.1910377358490566    0.30915193953545533
0.19198113207547163    0.29100811381569924
0.19292452830188678    0.2872379682116093
0.19386792452830193    0.29572079582081184
0.19481132075471697    0.2822896521063075
0.195754716981132    0.27828387240189545
0.19669811320754715    0.28488162720905297
0.1976415094339623    0.2667378014893697
0.19858490566037734    0.2509503167723018
0.19952830188679238    0.2438812937645739
0.20047169811320753    0.23822607535843884
0.20141509433962268    0.22950761364898065
0.20235849056603772    0.21654773813497213
0.20330188679245276    0.21466266533287617
0.2042452830188679    0.22715127264642437
0.20518867924528306    0.19840391241523792
0.2061320754716981    0.20335222852065393
0.20707547169811313    0.20947871512725236
0.20801886792452828    0.19039235300654658
0.20896226415094343    0.19039235300654658
0.20990566037735858    0.1870934756029678
0.21084905660377362    0.1755474046904834
0.21179245283018866    0.18167389129708836
0.2127358490566038    0.164236967878172
0.21367924528301896    0.15339779926641317
0.214622641509434    0.15575414026900608
0.21556603773584904    0.15952428587305945
0.2165094339622642    0.15174836056462376
0.21745283018867934    0.14444370345669932
0.21839622641509437    0.13878848505059693
0.2193396226415094    0.14043792375235367
0.22028301886792456    0.13572524174724113
0.2212264150943397    0.13690341224851926
0.22216981132075475    0.13666777814829578
0.2231132075471698    0.12205846393241478
0.22405660377358494    0.12394353673445978
0.2250000000000001    0.10509280871400963
0.22594339622641513    0.11899522062911963
0.22688679245283017    0.10886295431809966
0.22783018867924532    0.12135156163164788
0.22877358490566047    0.10556407691452088
0.2297169811320755    0.10038012670892071
0.23066037735849054    0.10603534511503214
0.2316037735849057    0.09189729909969452
0.23254716981132084    0.09778815160608519
0.23349056603773588    0.09496054240304001
0.23443396226415092    0.08341447149049194
0.23537735849056607    0.07705235078359002
0.23632075471698122    0.08694898299432635
0.23726415094339626    0.07846615538514225
0.2382075471698113    0.08294320328998069
0.23915094339622645    0.07563854618205625
0.2400943396226416    0.0683338890741318
0.24103773584905663    0.07092586417696041
0.24198113207547167    0.07940869178614628
0.24292452830188682    0.07493164388128938
0.24386792452830197    0.06786262087362056
0.244811320754717    0.07658108258309679
0.24575471698113205    0.06668445037234243
0.2466981132075472    0.06456374347004179
0.24764150943396235    0.06668445037234243
0.2485849056603774    0.06079359786596606
0.24952830188679243    0.055609647660327964
0.2504716981132076    0.0629143047682524
0.2514150943396227    0.054667111259305456
0.25235849056603776    0.057259086362130826
0.2533018867924528    0.05042569745470417
0.25424528301886795    0.04877625875291478
0.2551886792452831    0.05278203845726044
0.25613207547169814    0.04736245415139217
0.2570754716981132    0.0541958430587942
0.25801886792452833    0.04571301544959163
0.2589622641509435    0.04901189285317041
0.2599056603773585    0.041471601645000106
0.26084905660377355    0.03911526064243408
0.2617924528301887    0.04312104034677973
0.26273584905660385    0.03251750583527652
0.2636792452830189    0.039115260642443285
0.26462264150943393    0.04100033344447909
0.2655660377358491    0.04241413804601286
0.26650943396226423    0.03817272424141157
0.26745283018867927    0.03605201733911941
0.2683962264150943    0.036523285539622176
0.26933962264150946    0.03440257863732153
0.2702830188679246    0.027804823830163982
0.27122641509433965    0.026155385128380747
0.2721698113207547    0.03510948093808842
0.27311320754716983    0.032988774035787774
0.274056603773585    0.029925530732464626
0.275    0.029218628431704616
0.27594339622641506    0.028276092030675236
0.2768867924528302    0.02945426253195337
0.27783018867924536    0.025212848727352084
0.2787735849056604    0.02450594642659097
0.27971698113207544    0.023563410025562694
0.2806603773584906    0.022856507724795815
0.28160377358490574    0.023799044125818323
0.2825471698113208    0.025684116927869382
0.2834905660377358    0.019793264421472664
0.28443396226415096    0.022856507724795815
0.2853773584905661    0.02167833722351768
0.28632075471698115    0.02332777592531256
0.2872641509433962    0.02120706902300643
0.28820754716981134    0.01790819161942765
0.2891509433962265    0.015787484717127008
0.29009433962264153    0.018143825719687545
0.29103773584905657    0.014138046015337618
0.2919811320754717    0.023799044125818323
0.29292452830188687    0.016730021118149516
0.2938679245283019    0.017672557519176183
0.29481132075471694    0.016730021118149516
0.2957547169811321    0.016730021118149516
0.29669811320754724    0.01555185061687138
0.2976415094339623    0.015787484717130724
0.2985849056603773    0.013902411915081991
0.29952830188679247    0.016494387017893887
0.3004716981132076    0.013666777814826364
0.30141509433962266    0.014844948316107992
0.3023584905660377    0.01460931421584887
0.30330188679245285    0.016023118817382633
0.304245283018868    0.015080582416360126
0.30518867924528303    0.013195509614318215
0.3061320754716981    0.012959875514059482
0.3070754716981132    0.010132266310991959
0.3080188679245284    0.014373680115593245
0.3089622641509434    0.012488607313551168
0.30990566037735845    0.009425364010225078
0.3108490566037736    0.01083916861175884
0.31179245283018875    0.00848282760920257
0.3127358490566038    0.012959875514062533
0.3136792452830188    0.01083916861175884
0.314622641509434    0.010603534511503214
0.3155660377358491    0.012017339113036974
0.31650943396226416    0.010367900411250026
0.3174528301886792    0.009425364010225078
0.31839622641509435    0.009660998110480705
0.3193396226415095    0.007540291208180063
0.32028301886792454    0.009896632210738662
0.3212264150943396    0.009660998110480705
0.32216981132075473    0.009660998110480705
0.3231132075471699    0.006833388907413182
0.3240566037735849    0.009425364010227297
0.32499999999999996    0.007069023007668809
0.3259433962264151    0.0058908525063906736
0.32688679245283025    0.00848282760920257
0.3278301886792453    0.008482827609204567
0.32877358490566033    0.008718461709458197
0.3297169811320755    0.0058908525063906736
0.33066037735849063    0.00541958430587942
0.33160377358490567    0.0063621207069034244
0.3325471698113207    0.004948316105368166
0.33349056603773586    0.007069023007668809
0.334433962264151    0.004241413804601285
0.33537735849056605    0.0070690230076704726
0.3363207547169811    0.0058908525063906736
0.33726415094339623    0.007069023007668809
0.3382075471698114    0.006126486606646301
0.3391509433962264    0.004477047904857966
0.34009433962264146    0.0058908525063906736
0.3410377358490566    0.004477047904856912
0.34198113207547176    0.005183950205623793
0.3429245283018868    0.0042414138046022835
0.34386792452830184    0.0035345115038344045
0.344811320754717    0.006597754807157555
0.34575471698113214    0.00541958430587942
0.3466981132075472    0.005419584305880696
0.3476415094339622    0.004948316105368166
0.34858490566037736    0.00541958430587942
0.3495283018867925    0.004005779704345658
0.35047169811320755    0.004712682005113648
0.3514150943396226    0.004241413804601285
0.35235849056603774    0.004948316105368166
0.3533018867924529    0.005183950205623793
0.35424528301886793    0.0030632433033238714
0.35518867924528297    0.0030632433033231507
0.3561320754716981    0.004948316105368166
0.35707547169811327    0.004948316105368166
0.3580188679245283    0.002827609203068189
0.35896226415094334    0.0032988774035787776
0.3599056603773585    0.0023563410025562695
0.36084905660377364    0.0032988774035787776
0.3617924528301887    0.0030632433033238714
0.3627358490566037    0.0023563410025562695
0.36367924528301887    0.0021207069023006426
0.364622641509434    0.0030632433033231507
0.36556603773584906    0.0025919751028125066
0.3665094339622641    0.0023563410025562695
0.36745283018867925    0.0021207069023006426
0.3683962264150944    0.0025919751028118964
0.36933962264150944    0.003298877403579554
0.3702830188679245    0.0032988774035787776
0.3712264150943396    0.0028276092030675233
0.3721698113207548    0.0028276092030675233
0.3731132075471698    0.002356341002556824
0.37405660377358485    0.0025919751028118964
0.375    0.0021207069023006426
0.37594339622641515    0.0021207069023006426
0.3768867924528302    0.001649438701789777
0.3778301886792452    0.0011781705012781348
0.3787735849056604    0.0028276092030675233
0.3797169811320755    0.0021207069023006426
0.38066037735849056    0.002827609203068189
0.3816037735849056    0.0028276092030675233
0.38254716981132075    0.0016494387017893888
0.3834905660377359    0.0021207069023006426
0.38443396226415094    0.002356341002556824
0.385377358490566    0.0014138046015337617
0.38632075471698113    0.0023563410025562695
0.3872641509433963    0.0025919751028118964
0.3882075471698113    0.0021207069023011418
0.38915094339622636    0.0009425364010225078
0.3900943396226415    0.0007069023007668808
0.39103773584905666    0.0016494387017893888
0.3919811320754717    0.001649438701789777
0.39292452830188673    0.0004712682005112539
0.3938679245283019    0.0011781705012781348
0.39481132075471703    0.0021207069023006426
0.39575471698113207    0.0009425364010227297
0.3966981132075471    0.0021207069023006426
0.39764150943396226    0.0011781705012781348
0.3985849056603774    0.0014138046015337617
0.39952830188679245    0.0014138046015340945
0.4004716981132075    0.0007069023007668808
0.40141509433962264    0.0011781705012781348
0.4023584905660378    0.00023563410025562696
0.4033018867924528    0.002356341002556824
0.40424528301886786    0.0018850728020450157
0.405188679245283    0.0007069023007668808
0.40613207547169816    0.0011781705012781348
0.4070754716981132    0.001649438701789777
0.40801886792452824    0.0018850728020450157
0.4089622641509434    0.0016494387017893888
0.40990566037735854    0.0009425364010225078
0.4108490566037736    0.0009425364010227297
0.4117924528301886    0.0014138046015337617
0.41273584905660377    0.0014138046015337617
0.4136792452830189    0.0009425364010225078
0.41462264150943395    0.0009425364010227297
0.415566037735849    0.0009425364010225078
0.41650943396226414    0.0007069023007668808
0.4174528301886793    0.0016494387017893888
0.41839622641509433    0.0014138046015340945
0.41933962264150937    0.0009425364010225078
0.4202830188679245    0.0011781705012781348
0.42122641509433967    0.00023563410025562696
0.4221698113207547    0.00047126820051136484
0.42311320754716975    0.00023563410025562696
0.4240566037735849    0.0007069023007668808
0.42500000000000004    0.0011781705012781348
0.4259433962264151    0.00047126820051136484
0.4268867924528301    0.0014138046015337617
0.42783018867924527    0.0007069023007668808
0.4287735849056604    0.0009425364010225078
0.42971698113207546    0.00023563410025568242
0.4306603773584905    0.00023563410025562696
0.43160377358490565    0.0009425364010225078
0.4325471698113208    0.0004712682005112539
0.43349056603773584    0.00047126820051136484
0.4344339622641509    0.0009425364010225078
0.435377358490566    0.0
0.4363207547169812    0.0007069023007668808
0.4372641509433962    0.0009425364010227297
0.43820754716981125    0.0
0.4391509433962264    0.0007069023007668808
0.44009433962264155    0.0004712682005112539
0.4410377358490566    0.00047126820051136484
0.4419811320754716    0.0009425364010225078
0.4429245283018868    0.00023563410025562696
0.4438679245283019    0.0011781705012781348
0.44481132075471697    0.00047126820051136484
0.445754716981132    0.0
0.44669811320754715    0.0
0.4476415094339623    0.0004712682005112539
0.44858490566037745    0.0
0.4495283018867925    0.00023563410025568242
0.45047169811320753    0.00023563410025562696
0.4514150943396227    0.00023563410025562696
0.45235849056603783    0.0009425364010225078
0.45330188679245287    0.0
0.4542452830188679    0.00023563410025562696
0.45518867924528306    0.00023563410025562696
0.4561320754716982    0.0007069023007668808
0.45707547169811324    0.001178170501278412
0.4580188679245283    0.0014138046015337617
0.45896226415094343    0.0
0.4599056603773586    0.00023563410025562696
0.4608490566037736    0.001178170501278412
0.46179245283018866    0.0004712682005112539
0.4627358490566038    0.00023563410025562696
0.46367924528301896    0.00023563410025562696
0.464622641509434    0.0
0.46556603773584904    0.0004712682005112539
0.4665094339622642    0.0004712682005112539
0.46745283018867934    0.0007069023007668808
0.4683962264150944    0.00023563410025568242
0.4693396226415094    0.0007069023007668808
0.47028301886792456    0.0007069023007668808
0.4712264150943397    0.0
0.47216981132075475    0.0
0.4731132075471698    0.00023563410025562696
0.47405660377358494    0.00023563410025562696
0.4750000000000001    0.0009425364010225078
0.4759433962264151    0.00023563410025568242
0.47688679245283017    0.0009425364010225078
0.4778301886792453    0.0004712682005112539
0.47877358490566047    0.0
0.4797169811320755    0.0
0.48066037735849054    0.00023563410025562696
0.4816037735849057    0.0004712682005112539
0.48254716981132084    0.0
0.4834905660377359    0.0
0.4844339622641509    0.0
0.48537735849056607    0.0
0.4863207547169812    0.0004712682005112539
0.48726415094339626    0.00023563410025568242
0.4882075471698113    0.0009425364010225078
0.48915094339622645    0.0
0.4900943396226416    0.00023563410025562696
0.49103773584905663    0.00047126820051136484
0.49198113207547167    0.00023563410025562696
0.4929245283018868    0.0
0.49386792452830197    0.0
0.494811320754717    0.00047126820051136484
0.49575471698113205    0.00023563410025562696
0.4966981132075472    0.0004712682005112539
0.49764150943396235    0.0
0.4985849056603774    0.0007069023007670473
0.4995283018867924    0.00023563410025562696
0.5004716981132076    0.0004712682005112539
0.5014150943396227    0.00023563410025562696
0.5023584905660378    0.0
0.5033018867924528    0.0
0.504245283018868    0.00023563410025562696
0.5051886792452831    0.00023563410025562696
0.5061320754716981    0.00047126820051136484
0.5070754716981132    0.00023563410025562696
0.5080188679245283    0.0
0.5089622641509435    0.00023563410025562696
0.5099056603773585    0.00023563410025568242
0.5108490566037736    0.0
0.5117924528301887    0.0
0.5127358490566039    0.0
0.5136792452830189    0.0
0.5146226415094339    0.00023563410025562696
0.5155660377358491    0.00023563410025562696
0.5165094339622642    0.0
0.5174528301886793    0.0
0.5183962264150943    0.0
0.5193396226415095    0.0004712682005112539
0.5202830188679246    0.00023563410025562696
0.5212264150943396    0.00023563410025568242
0.5221698113207547    0.0
0.5231132075471698    0.0
0.524056603773585    0.00023563410025562696
0.525    0.0
0.5259433962264151    0.0004712682005112539
0.5268867924528302    0.00023563410025562696
0.5278301886792454    0.0004712682005112539
0.5287735849056604    0.0
0.5297169811320754    0.0
0.5306603773584906    0.0
0.5316037735849057    0.00023563410025562696
0.5325471698113208    0.0
0.5334905660377358    0.0
0.534433962264151    0.0
0.5353773584905661    0.0
0.5363207547169812    0.0
0.5372641509433962    0.0
0.5382075471698113    0.0004712682005112539
0.5391509433962265    0.00023563410025562696
0.5400943396226415    0.0
0.5410377358490566    0.0
0.5419811320754717    0.0
0.5429245283018869    0.00023563410025562696
0.5438679245283019    0.0
0.5448113207547169    0.0
0.5457547169811321    0.0
0.5466981132075472    0.0
0.5476415094339623    0.0
0.5485849056603773    0.0
0.5495283018867925    0.0
0.5504716981132076    0.00023563410025562696
0.5514150943396227    0.0
0.5523584905660377    0.0
0.5533018867924528    0.0
0.554245283018868    0.0
0.555188679245283    0.0
0.5561320754716981    0.0
0.5570754716981132    0.0
0.5580188679245284    0.0
0.5589622641509434    0.0
0.5599056603773584    0.0
0.5608490566037736    0.0
0.5617924528301887    0.0
0.5627358490566038    0.0
0.5636792452830188    0.0
0.564622641509434    0.0
0.5655660377358491    0.0
0.5665094339622642    0.00023563410025568242
0.5674528301886792    0.0
0.5683962264150944    0.0
0.5693396226415095    0.0
0.5702830188679245    0.0
0.5712264150943396    0.0
0.5721698113207547    0.0
0.5731132075471699    0.0
0.5740566037735849    0.00023563410025568242
0.575    0.0
0.5759433962264151    0.0
0.5768867924528303    0.0
0.5778301886792453    0.0
0.5787735849056603    0.0
0.5797169811320755    0.0
0.5806603773584906    0.0
0.5816037735849057    0.0
0.5825471698113207    0.0
0.5834905660377359    0.0
0.584433962264151    0.0
0.585377358490566    0.00023563410025568242
0.5863207547169811    0.0
0.5872641509433962    0.00023563410025562696
0.5882075471698114    0.0
0.5891509433962264    0.0
0.5900943396226415    0.0
0.5910377358490566    0.0
0.5919811320754718    0.0
0.5929245283018868    0.0
0.5938679245283018    0.00023563410025562696
0.594811320754717    0.0
0.5957547169811321    0.0
0.5966981132075472    0.0
0.5976415094339622    0.0
0.5985849056603774    0.0
0.5995283018867925    0.0
0.6004716981132076    0.0
0.6014150943396226    0.0
0.6023584905660377    0.0
0.6033018867924529    0.0
0.6042452830188679    0.0
0.605188679245283    0.0
0.6061320754716981    0.0
0.6070754716981133    0.0
0.6080188679245283    0.0
0.6089622641509433    0.0
0.6099056603773585    0.0
0.6108490566037736    0.0
0.6117924528301887    0.0
0.6127358490566037    0.0
0.6136792452830189    0.0
0.614622641509434    0.0
0.6155660377358491    0.0
0.6165094339622641    0.0
0.6174528301886792    0.0
0.6183962264150944    0.0
0.6193396226415094    0.0
0.6202830188679245    0.0
0.6212264150943396    0.0
0.6221698113207548    0.0
0.6231132075471698    0.0
0.6240566037735849    0.0
0.625    0.0
0.6259433962264151    0.0
0.6268867924528302    0.0
0.6278301886792452    0.0
0.6287735849056604    0.0
0.6297169811320755    0.0
0.6306603773584906    0.0
0.6316037735849056    0.0
0.6325471698113208    0.00023563410025562696
0.6334905660377359    0.0
0.6344339622641509    0.0
0.635377358490566    0.0
0.6363207547169811    0.0
0.6372641509433963    0.0
0.6382075471698113    0.0
0.6391509433962264    0.0
0.6400943396226415    0.0
0.6410377358490567    0.0
0.6419811320754717    0.0
0.6429245283018867    0.0
0.6438679245283019    0.0
0.644811320754717    0.0
0.6457547169811321    0.0
0.6466981132075471    0.0
0.6476415094339623    0.00023563410025562696
0.6485849056603774    0.0
0.6495283018867924    0.0
0.6504716981132075    0.0
0.6514150943396226    0.0
0.6523584905660378    0.0
0.6533018867924528    0.0
0.6542452830188679    0.0
0.655188679245283    0.00023563410025562696
0.6561320754716982    0.0
0.6570754716981132    0.0
0.6580188679245282    0.0
0.6589622641509434    0.0
0.6599056603773585    0.0
0.6608490566037736    0.0
0.6617924528301886    0.0
0.6627358490566038    0.0
0.6636792452830189    0.0
0.664622641509434    0.0
0.665566037735849    0.0
0.6665094339622641    0.0
0.6674528301886793    0.0
0.6683962264150943    0.0
0.6693396226415094    0.0
0.6702830188679245    0.0
0.6712264150943397    0.0
0.6721698113207547    0.0
0.6731132075471697    0.0
0.6740566037735849    0.0
0.675    0.0
0.6759433962264151    0.0
0.6768867924528301    0.0
0.6778301886792453    0.0
0.6787735849056604    0.0
0.6797169811320755    0.0
0.6806603773584905    0.0
0.6816037735849056    0.0
0.6825471698113208    0.0
0.6834905660377358    0.0
0.6844339622641509    0.0
0.685377358490566    0.0
0.6863207547169812    0.0
0.6872641509433962    0.0
0.6882075471698113    0.0
0.6891509433962264    0.0
0.6900943396226416    0.0
0.6910377358490567    0.0
0.6919811320754717    0.0
0.6929245283018868    0.0
0.6938679245283019    0.0
0.6948113207547171    0.0
0.6957547169811321    0.0
0.6966981132075472    0.0
0.6976415094339623    0.0
0.6985849056603775    0.0
0.6995283018867925    0.0
0.7004716981132075    0.0
0.7014150943396227    0.0
0.7023584905660378    0.0
0.7033018867924529    0.0
0.7042452830188679    0.0
0.7051886792452831    0.0
0.7061320754716982    0.0
0.7070754716981132    0.0
0.7080188679245283    0.0
0.7089622641509434    0.0
0.7099056603773586    0.0
0.7108490566037736    0.0
0.7117924528301887    0.0
0.7127358490566038    0.0
0.713679245283019    0.0
0.714622641509434    0.0
0.715566037735849    0.0
0.7165094339622642    0.0
0.7174528301886793    0.0
0.7183962264150944    0.0
0.7193396226415094    0.0
0.7202830188679246    0.0
0.7212264150943397    0.0
0.7221698113207548    0.0
0.7231132075471698    0.0
0.7240566037735849    0.0
0.7250000000000001    0.0
0.7259433962264151    0.0
0.7268867924528302    0.0
0.7278301886792453    0.0
0.7287735849056605    0.0
0.7297169811320755    0.0
0.7306603773584905    0.0
0.7316037735849057    0.0
0.7325471698113208    0.0
0.7334905660377359    0.0
0.7344339622641509    0.0
0.7353773584905661    0.0
0.7363207547169812    0.0
0.7372641509433963    0.0
0.7382075471698113    0.0
0.7391509433962264    0.0
0.7400943396226416    0.0
0.7410377358490566    0.0
0.7419811320754717    0.0
0.7429245283018868    0.0
0.743867924528302    0.0
0.744811320754717    0.0
0.745754716981132    0.0
0.7466981132075472    0.0
0.7476415094339623    0.0
0.7485849056603774    0.0
0.7495283018867924    0.0
0.7504716981132076    0.0
0.7514150943396227    0.0
0.7523584905660378    0.0
0.7533018867924528    0.0
0.754245283018868    0.0
0.7551886792452831    0.0
0.7561320754716981    0.0
0.7570754716981132    0.0
0.7580188679245283    0.0
0.7589622641509435    0.0
0.7599056603773585    0.0
0.7608490566037736    0.0
0.7617924528301887    0.0
0.7627358490566039    0.0
0.7636792452830189    0.0
0.7646226415094339    0.0
0.7655660377358491    0.0
0.7665094339622642    0.0
0.7674528301886793    0.0
0.7683962264150943    0.0
0.7693396226415095    0.0
0.7702830188679246    0.0
0.7712264150943396    0.0
0.7721698113207547    0.0
0.7731132075471698    0.0
0.774056603773585    0.0
0.775    0.0
0.7759433962264151    0.0
0.7768867924528302    0.0
0.7778301886792454    0.0
0.7787735849056604    0.0
0.7797169811320754    0.0
0.7806603773584906    0.0
0.7816037735849057    0.0
0.7825471698113208    0.0
0.7834905660377358    0.0
0.784433962264151    0.0
0.7853773584905661    0.0
0.7863207547169812    0.0
0.7872641509433962    0.0
0.7882075471698113    0.0
0.7891509433962265    0.0
0.7900943396226415    0.0
0.7910377358490566    0.0
0.7919811320754717    0.0
0.7929245283018869    0.0
0.7938679245283019    0.0
0.7948113207547169    0.0
0.7957547169811321    0.0
0.7966981132075472    0.0
0.7976415094339623    0.0
0.7985849056603773    0.0
0.7995283018867925    0.0
0.8004716981132076    0.0
0.8014150943396227    0.0
0.8023584905660377    0.0
0.8033018867924528    0.0
0.804245283018868    0.0
0.805188679245283    0.0
0.8061320754716981    0.0
0.8070754716981132    0.0
0.8080188679245284    0.0
0.8089622641509434    0.0
0.8099056603773584    0.0
0.8108490566037736    0.0
0.8117924528301887    0.0
0.8127358490566038    0.0
0.8136792452830188    0.0
0.814622641509434    0.0
0.8155660377358491    0.0
0.8165094339622642    0.0
0.8174528301886792    0.0
0.8183962264150944    0.0
0.8193396226415095    0.0
0.8202830188679245    0.0
0.8212264150943396    0.0
0.8221698113207547    0.0
0.8231132075471699    0.0
0.8240566037735849    0.0
0.825    0.0
0.8259433962264151    0.0
0.8268867924528303    0.0
0.8278301886792453    0.0
0.8287735849056603    0.0
0.8297169811320755    0.0
0.8306603773584906    0.0
0.8316037735849057    0.0
0.8325471698113207    0.0
0.8334905660377359    0.0
0.834433962264151    0.0
0.835377358490566    0.0
0.8363207547169811    0.0
0.8372641509433962    0.0
0.8382075471698114    0.0
0.8391509433962264    0.0
0.8400943396226415    0.0
0.8410377358490566    0.0
0.8419811320754718    0.0
0.8429245283018868    0.0
0.8438679245283018    0.0
0.844811320754717    0.0
0.8457547169811321    0.0
0.8466981132075472    0.0
0.8476415094339622    0.0
0.8485849056603774    0.0
0.8495283018867925    0.0
0.8504716981132076    0.0
0.8514150943396226    0.0
0.8523584905660377    0.0
0.8533018867924529    0.0
0.8542452830188679    0.0
0.855188679245283    0.0
0.8561320754716981    0.0
0.8570754716981133    0.0
0.8580188679245283    0.0
0.8589622641509433    0.0
0.8599056603773585    0.0
0.8608490566037736    0.0
0.8617924528301887    0.0
0.8627358490566037    0.0
0.8636792452830189    0.0
0.864622641509434    0.0
0.8655660377358491    0.0
0.8665094339622641    0.0
0.8674528301886792    0.0
0.8683962264150944    0.0
0.8693396226415094    0.0
0.8702830188679245    0.0
0.8712264150943396    0.0
0.8721698113207548    0.0
0.8731132075471698    0.0
0.8740566037735849    0.0
0.875    0.0
0.8759433962264151    0.0
0.8768867924528302    0.0
0.8778301886792452    0.0
0.8787735849056604    0.0
0.8797169811320755    0.0
0.8806603773584906    0.0
0.8816037735849056    0.0
0.8825471698113208    0.0
0.8834905660377359    0.0
0.8844339622641509    0.0
0.885377358490566    0.0
0.8863207547169811    0.0
0.8872641509433963    0.0
0.8882075471698113    0.0
0.8891509433962264    0.0
0.8900943396226415    0.0
0.8910377358490567    0.0
0.8919811320754717    0.0
0.8929245283018867    0.0
0.8938679245283019    0.0
0.894811320754717    0.0
0.8957547169811321    0.0
0.8966981132075471    0.0
0.8976415094339623    0.0
0.8985849056603774    0.0
0.8995283018867924    0.0
0.9004716981132075    0.0
0.9014150943396226    0.0
0.9023584905660378    0.0
0.9033018867924528    0.0
0.9042452830188679    0.0
0.905188679245283    0.0
0.9061320754716982    0.0
0.9070754716981132    0.0
0.9080188679245282    0.0
0.9089622641509434    0.0
0.9099056603773585    0.0
0.9108490566037736    0.0
0.9117924528301886    0.0
0.9127358490566038    0.0
0.9136792452830189    0.0
0.914622641509434    0.0
0.915566037735849    0.0
0.9165094339622641    0.0
0.9174528301886793    0.0
0.9183962264150943    0.0
0.9193396226415094    0.0
0.9202830188679245    0.0
0.9212264150943397    0.0
0.9221698113207547    0.0
0.9231132075471697    0.0
0.9240566037735849    0.0
0.925    0.0
0.9259433962264151    0.0
0.9268867924528301    0.0
0.9278301886792453    0.0
0.9287735849056604    0.0
0.9297169811320755    0.0
0.9306603773584905    0.0
0.9316037735849056    0.0
0.9325471698113208    0.0
0.933490566037736    0.0
0.934433962264151    0.0
0.935377358490566    0.0
0.9363207547169812    0.0
0.9372641509433963    0.0
0.9382075471698114    0.0
0.9391509433962264    0.0
0.9400943396226416    0.0
0.9410377358490567    0.0
0.9419811320754717    0.0
0.9429245283018868    0.0
0.9438679245283019    0.0
0.9448113207547171    0.0
0.9457547169811321    0.0
0.9466981132075472    0.0
0.9476415094339623    0.0
0.9485849056603775    0.0
0.9495283018867925    0.0
0.9504716981132075    0.0
0.9514150943396227    0.0
0.9523584905660378    0.0
0.9533018867924529    0.0
0.9542452830188679    0.0
0.9551886792452831    0.0
0.9561320754716982    0.0
0.9570754716981132    0.0
0.9580188679245283    0.0
0.9589622641509434    0.0
0.9599056603773586    0.0
0.9608490566037736    0.0
0.9617924528301887    0.0
0.9627358490566038    0.0
0.963679245283019    0.0
0.964622641509434    0.0
0.965566037735849    0.0
0.9665094339622642    0.0
0.9674528301886793    0.0
0.9683962264150944    0.0
0.9693396226415094    0.0
0.9702830188679246    0.0
0.9712264150943397    0.0
0.9721698113207548    0.0
0.9731132075471698    0.0
0.9740566037735849    0.0
0.9750000000000001    0.0
0.9759433962264151    0.0
0.9768867924528302    0.0
0.9778301886792453    0.0
0.9787735849056605    0.0
0.9797169811320755    0.0
0.9806603773584905    0.0
0.9816037735849057    0.0
0.9825471698113208    0.0
0.9834905660377359    0.0
0.9844339622641509    0.0
0.9853773584905661    0.0
0.9863207547169812    0.0
0.9872641509433963    0.0
0.9882075471698113    0.0
0.9891509433962264    0.0
0.9900943396226416    0.0
0.9910377358490566    0.0
0.9919811320754717    0.0
0.9929245283018868    0.0
0.993867924528302    0.0
0.994811320754717    0.0
0.995754716981132    0.0
0.9966981132075472    0.0
0.9976415094339623    0.0
0.9985849056603774    0.0
0.9995283018867924    0.0