-0.9995283018867924    0.0
-0.9985849056603773    0.0
-0.9976415094339622    0.0
-0.9966981132075472    0.0
-0.995754716981132    0.0
-0.9948113207547169    0.0
-0.9938679245283019    0.0
-0.9929245283018868    0.0
-0.9919811320754717    0.0
-0.9910377358490565    0.0
-0.9900943396226415    0.0
-0.9891509433962264    0.0
-0.9882075471698113    0.0
-0.9872641509433961    0.0
-0.9863207547169811    0.0
-0.9853773584905661    0.0
-0.9844339622641509    0.0
-0.9834905660377358    0.0
-0.9825471698113207    0.0
-0.9816037735849057    0.0
-0.9806603773584905    0.0
-0.9797169811320754    0.0
-0.9787735849056604    0.0
-0.9778301886792453    0.0
-0.9768867924528302    0.0
-0.975943396226415    0.0
-0.975    0.0
-0.9740566037735849    0.0
-0.9731132075471698    0.0
-0.9721698113207546    0.0
-0.9712264150943396    0.0
-0.9702830188679246    0.0
-0.9693396226415094    0.0
-0.9683962264150943    0.0
-0.9674528301886792    0.0
-0.9665094339622642    0.00023563410025565466
-0.965566037735849    0.0
-0.9646226415094339    0.0004712682005113093
-0.9636792452830188    0.0
-0.9627358490566038    0.0007069023007669641
-0.9617924528301887    0.0011781705012781348
-0.9608490566037735    0.0028276092030678564
-0.9599056603773585    0.004241413804601285
-0.9589622641509434    0.0065977548071583314
-0.9580188679245283    0.010132266310991959
-0.9570754716981131    0.01107480271201577
-0.9561320754716981    0.016494387017893887
-0.9551886792452831    0.024505946426588085
-0.9542452830188679    0.028982994331442115
-0.9533018867924528    0.04147160164499523
-0.9523584905660377    0.04524174724908037
-0.9514150943396227    0.05867289096365802
-0.9504716981132075    0.06951205957540996
-0.9495283018867924    0.09283983550072795
-0.9485849056603773    0.11522507502500158
-0.9476415094339623    0.13124819384239966
-0.9466981132075472    0.14208736245414305
-0.945754716981132    0.19062798710682463
-0.944811320754717    0.21042125152827487
-0.9438679245283019    0.24293875736357998
-0.9429245283018868    0.2924219184172331
-0.9419811320754716    0.32164054684896864
-0.9410377358490566    0.361933977992643
-0.9400943396226416    0.399871068133846
-0.9391509433962264    0.44440591308211247
-0.9382075471698113    0.4983661220407096
-0.9372641509433962    0.5768322774257748
-0.9363207547169812    0.5959186395465507
-0.935377358490566    0.6684939424252136
-0.9344339622641509    0.7262242969879277
-0.9334905660377358    0.7792419695453584
-0.9325471698113208    0.807282427475873
-0.9316037735849056    0.8869267533621799
-0.9306603773584905    0.956674447037958
-0.9297169811320755    1.0212381905078873
-0.9287735849056604    1.0627097921530027
-0.9278301886792453    1.094049127486876
-0.9268867924528301    1.1590841391575655
-0.9259433962264151    1.1977281315993518
-0.925    1.246740024452669
-0.9240566037735849    1.3412292986550285
-0.9231132075471697    1.3485339557631117
-0.9221698113207547    1.404143603423281
-0.9212264150943397    1.484023563410113
-0.9202830188679245    1.5122996554406138
-0.9193396226415094    1.559190841391667
-0.9183962264150943    1.5674380349004304
-0.9174528301886793    1.59807046793385
-0.9165094339622641    1.670174502611884
-0.915566037735849    1.706697788151707
-0.914622641509434    1.7462843169944515
-0.9136792452830189    1.7771523841281476
-0.9127358490566038    1.8056641102588695
-0.9117924528301886    1.8242792041792786
-0.9108490566037736    1.877768144937091
-0.9099056603773585    1.906515505168502
-0.9089622641509434    1.8973257752583081
-0.9080188679245282    1.8973257752585317
-0.9070754716981132    2.025510725797369
-0.9061320754716982    1.9807402467490336
-0.905188679245283    2.025510725797369
-0.9042452830188679    2.0231543847950513
-0.9033018867924528    2.0217405801932795
-0.9023584905660378    2.027160164499397
-0.9014150943396226    2.0584994998331574
-0.9004716981132075    2.078764032455386
-0.8995283018867924    2.075700789151818
-0.8985849056603774    2.0747582527510398
-0.8976415094339623    2.0474246971211425
-0.8966981132075471    2.097850394576094
-0.8957547169811321    2.0745226186505397
-0.894811320754717    2.1230632433034486
-0.8938679245283019    2.06910303434466
-0.8929245283018867    2.068867400244648
-0.8919811320754717    2.092195176169712
-0.8910377358490567    2.120471268200636
-0.8900943396226415    2.090781371568178
-0.8891509433962264    2.082534178059476
-0.8882075471698113    2.07829276425463
-0.8872641509433963    2.0822985439592205
-0.8863207547169811    2.044832722018331
-0.885377358490566    2.1317817050129078
-0.8844339622641509    2.0066599977769193
-0.8834905660377359    2.0780571301546185
-0.8825471698113208    2.051194842725233
-0.8816037735849056    2.0125508502835467
-0.8806603773584906    2.028102700900181
-0.8797169811320755    1.9880449038569588
-0.8787735849056604    1.9934644881626042
-0.8778301886792452    1.9472802045127304
-0.8768867924528302    1.9908725130597922
-0.8759433962264151    1.9609469823275585
-0.875    1.9574124708234932
-0.8740566037735849    1.9204179170835858
-0.8731132075471698    1.907693675669556
-0.8721698113207548    1.9225386239858866
-0.8712264150943396    1.8751761698342795
-0.8702830188679245    1.8516127598089345
-0.8693396226415094    1.834882738690567
-0.8683962264150944    1.8669289763255519
-0.8674528301886792    1.8398310547959353
-0.8665094339622641    1.8388885183951293
-0.8655660377358491    1.8249861064798307
-0.864622641509434    1.7971812826498783
-0.8636792452830189    1.7583016561074882
-0.8627358490566037    1.75641658330565
-0.8617924528301887    1.7832788707345848
-0.8608490566037736    1.7660775814161318
-0.8599056603773585    1.7267266866732343
-0.8589622641509433    1.7177725908637227
-0.8580188679245283    1.7109392019561074
-0.8570754716981133    1.6927953762366232
-0.8561320754716981    1.699157496943326
-0.855188679245283    1.646611092586515
-0.8542452830188679    1.6706457708123952
-0.8533018867924529    1.6494387017895829
-0.8523584905660377    1.5983061020339175
-0.8514150943396226    1.6166855618540468
-0.8504716981132076    1.5907658108257376
-0.8495283018867925    1.5540068911860425
-0.8485849056603774    1.5606046459930174
-0.8476415094339622    1.5521218183839975
-0.8466981132075472    1.534213626764387
-0.8457547169811321    1.5054662665333778
-0.844811320754717    1.4774258086027812
-0.8438679245283018    1.4654084694899165
-0.8429245283018868    1.4114482605312053
-0.8419811320754718    1.4345404023564257
-0.8410377358490566    1.4371323774590687
-0.8400943396226415    1.4517416916750885
-0.8391509433962264    1.386471045904109
-0.8382075471698114    1.4060286762254914
-0.8372641509433962    1.378930754695929
-0.8363207547169811    1.3478270534623449
-0.835377358490566    1.3256774480381572
-0.834433962264151    1.3369878848505845
-0.8334905660377359    1.3176658886294659
-0.8325471698113207    1.2844414804935735
-0.8316037735849057    1.3065910859174514
-0.8306603773584906    1.278079359786671
-0.8297169811320755    1.253809047460191
-0.8287735849056603    1.2564010225631508
-0.8278301886792453    1.238021562743064
-0.8268867924528303    1.2102167389130425
-0.8259433962264151    1.2123374458152008
-0.825    1.203618984105884
-0.8240566037735849    1.1993775703011411
-0.8231132075471699    1.1755785261754612
-0.8221698113207547    1.1595554073579404
-0.8212264150943396    1.1682738690675358
-0.8202830188679245    1.1506013115482263
-0.8193396226415095    1.1489518728465722
-0.8183962264150944    1.1494231410469484
-0.8174528301886792    1.1397621429364675
-0.816509433962264    1.0975836389908395
-0.8155660377358491    1.0952272979882829
-0.814622641509434    1.1131354896075818
-0.8136792452830188    1.0916927864843198
-0.8127358490566037    1.068600644659394
-0.8117924528301887    1.0506924530399644
-0.8108490566037736    1.0412670890296154
-0.8099056603773584    1.028307213515556
-0.8089622641509433    1.0306635545182337
-0.8080188679245284    1.0271290430143987
-0.8070754716981132    0.9969678781815577
-0.8061320754716981    1.0096921195953614
-0.8051886792452829    0.9823585639658243
-0.804245283018868    0.9972035122819305
-0.8033018867924528    0.9750539068577844
-0.8023584905660377    0.9451283761253196
-0.8014150943396225    0.9802378570635236
-0.8004716981132076    0.9467778148272205
-0.7995283018867925    0.9446571079248086
-0.7985849056603773    0.9335823052127941
-0.7976415094339622    0.8984728242748113
-0.7966981132075472    0.9008291652773679
-0.7957547169811321    0.8932888740690818
-0.7948113207547169    0.8935245081693374
-0.7938679245283018    0.8690185617428545
-0.7929245283018869    0.8614782705346736
-0.7919811320754717    0.8671334889407072
-0.7910377358490566    0.8628920751361059
-0.7900943396226414    0.8188284983884
-0.7891509433962265    0.8308458375014384
-0.7882075471698113    0.8680760253417297
-0.7872641509433962    0.8324952762031301
-0.786320754716981    0.8089318661776626
-0.7853773584905661    0.8268400577970924
-0.784433962264151    0.8190641324885592
-0.7834905660377358    0.7973857952650416
-0.7825471698113207    0.7886673335556762
-0.7816037735849057    0.7709947760365021
-0.7806603773584906    0.783247749249704
-0.7797169811320754    0.7587418028231188
-0.7787735849056603    0.7599199733244864
-0.7778301886792454    0.7592130710237194
-0.7768867924528302    0.7299944425919324
-0.7759433962264151    0.7290519061909098
-0.7749999999999999    0.7460175614094028
-0.774056603773585    0.7304657107925295
-0.7731132075471698    0.7160920306768502
-0.7721698113207547    0.7170345670778728
-0.7712264150943395    0.6906435478493239
-0.7702830188679246    0.6960631321552039
-0.7693396226415095    0.6849883294431075
-0.7683962264150943    0.6722640880293037
-0.7674528301886792    0.6875803045460004
-0.7665094339622642    0.6776836723352629
-0.7655660377358491    0.6684939424252136
-0.7646226415094339    0.6868734022451526
-0.7636792452830188    0.6538846282094417
-0.7627358490566039    0.6517639213071409
-0.7617924528301887    0.6496432144047635
-0.7608490566037736    0.6402178503945384
-0.7599056603773584    0.6446948982994712
-0.7589622641509435    0.6404534844948694
-0.7580188679245283    0.6355051683894258
-0.7570754716981132    0.6260798043792007
-0.756132075471698    0.6206602200733944
-0.7551886792452831    0.6260798043792745
-0.754245283018868    0.625372902078434
-0.7533018867924528    0.6147693675669308
-0.7523584905660377    0.6345626319884781
-0.7514150943396227    0.6044014671557543
-0.7504716981132076    0.6029876625541495
-0.7495283018867924    0.6241947315771559
-0.7485849056603773    0.6192464154718604
-0.7476415094339623    0.595683005446295
-0.7466981132075472    0.6380971434922378
-0.745754716981132    0.6001600533510818
-0.7448113207547169    0.598510614649363
-0.743867924528302    0.5919128598422047
-0.7429245283018868    0.60510836945645
-0.7419811320754717    0.5886139824385561
-0.7410377358490565    0.5735334000222635
-0.7400943396226416    0.596389907747062
-0.7391509433962264    0.5768322774257748
-0.7382075471698113    0.5862576414359999
-0.7372641509433961    0.5945048349450167
-0.7363207547169812    0.5756541069245643
-0.7353773584905661    0.5841369345336992
-0.7344339622641509    0.5853151050349774
-0.7334905660377358    0.5641080360120373
-0.7325471698113208    0.5648149383128043
-0.7316037735849057    0.5815449594308874
-0.7306603773584905    0.5523263309991896
-0.7297169811320754    0.5657574747138269
-0.7287735849056605    0.5603378904079469
-0.7278301886792453    0.559630988107114
-0.7268867924528302    0.5410158941869195
-0.725943396226415    0.5671712793153608
-0.7250000000000001    0.5426653328887728
-0.7240566037735849    0.5643436701122265
-0.7231132075471698    0.5563321107035353
-0.7221698113207546    0.5513837945982321
-0.7212264150943397    0.5610447927087138
-0.7202830188679246    0.526170945870815
-0.7193396226415094    0.5226364343669806
-0.7183962264150943    0.5273491163721552
-0.7174528301886793    0.5160386795598837
-0.7165094339622642    0.5023719017449967
-0.715566037735849    0.5139179726575224
-0.7146226415094339    0.5407802600867275
-0.713679245283019    0.5374813826831484
-0.7127358490566038    0.5195731910636575
-0.7117924528301887    0.510383461153688
-0.7108490566037735    0.529469823274456
-0.7099056603773586    0.526877848171644
-0.7089622641509434    0.5209869956651912
-0.7080188679245283    0.5318261642769501
-0.7070754716981131    0.5061420473491463
-0.7061320754716982    0.4891763921307391
-0.7051886792452831    0.5245215071690256
-0.7042452830188679    0.5087340224518986
-0.7033018867924528    0.5016649994442888
-0.7023584905660378    0.5332399688785465
-0.7014150943396227    0.5110903634544549
-0.7004716981132075    0.5282916527731156
-0.6995283018867924    0.48469934422588173
-0.6985849056603775    0.5148605090586055
-0.6976415094339623    0.5125041680559886
-0.6966981132075472    0.5191019228631462
-0.695754716981132    0.5044926086473567
-0.6948113207547171    0.5134467044570715
-0.6938679245283019    0.49907302434141787
-0.6929245283018868    0.5339468711792508
-0.6919811320754716    0.5212226297655081
-0.6910377358490567    0.5205157274647412
-0.6900943396226416    0.5271134822718374
-0.6891509433962264    0.5134467044570111
-0.6882075471698113    0.517923752361929
-0.6872641509433963    0.5332399688785465
-0.6863207547169812    0.5254640435700481
-0.685377358490566    0.5264065799710707
-0.6844339622641509    0.5256996776703656
-0.683490566037736    0.5174524841614176
-0.6825471698113208    0.5214582638657025
-0.6816037735849056    0.5294698232743937
-0.6806603773584905    0.5205157274647412
-0.6797169811320756    0.5275847504724108
-0.6787735849056604    0.5254640435700481
-0.6778301886792453    0.5235789707680032
-0.6768867924528301    0.4837568078248591
-0.6759433962264152    0.492004001333807
-0.675    0.5110903634544549
-0.6740566037735849    0.5030788040457636
-0.6731132075471697    0.5261709458708769
-0.6721698113207548    0.5087340224519584
-0.6712264150943397    0.5174524841613568
-0.6702830188679245    0.5311192619761831
-0.6693396226415094    0.5209869956652525
-0.6683962264150944    0.5009580971435219
-0.6674528301886793    0.5059064132488311
-0.6665094339622641    0.5155674113593117
-0.665566037735849    0.5122685339557933
-0.6646226415094341    0.5113259975547707
-0.6636792452830189    0.4995442925419291
-0.6627358490566038    0.5035500722462748
-0.6617924528301886    0.5209869956652525
-0.6608490566037737    0.4832855396243478
-0.6599056603773585    0.47503834611534396
-0.6589622641509434    0.49624541513835035
-0.6580188679245282    0.47221073691233195
-0.6570754716981133    0.5004868289430106
-0.6561320754716982    0.5011937312437185
-0.655188679245283    0.4830499055240352
-0.6542452830188679    0.48069356452153555
-0.6533018867924529    0.46419917750363976
-0.6523584905660378    0.47621651661662207
-0.6514150943396226    0.4729176392130433
-0.6504716981132075    0.4726820051128433
-0.6495283018867926    0.4726820051128433
-0.6485849056603774    0.4889407580304259
-0.6476415094339623    0.4564232521951494
-0.6466981132075471    0.45218183839060133
-0.6457547169811322    0.4550094475936692
-0.644811320754717    0.46278537290205135
-0.6438679245283019    0.4484116927864581
-0.6429245283018867    0.4342736467711716
-0.6419811320754718    0.45123930198957873
-0.6410377358490567    0.4434633766810899
-0.6400943396226415    0.46796932310767514
-0.6391509433962264    0.45689452039571443
-0.6382075471698113    0.4634922752028182
-0.6372641509433963    0.43097476936759244
-0.6363207547169811    0.4378081582749549
-0.635377358490566    0.4484116927864581
-0.6344339622641508    0.4330954762698933
-0.6334905660377359    0.44016449927756296
-0.6325471698113208    0.43733689007444365
-0.6316037735849056    0.42602645326217353
-0.6306603773584905    0.426497721462735
-0.6297169811320755    0.42579081916196804
-0.6287735849056604    0.4135378459486253
-0.6278301886792452    0.43450928087137614
-0.6268867924528301    0.4213137712571106
-0.6259433962264151    0.41989996665557666
-0.625    0.4142447482493922
-0.6240566037735849    0.42367011225961726
-0.6231132075471697    0.43969323107705166
-0.6221698113207548    0.41683672335225314
-0.6212264150943396    0.3883249972212732
-0.6202830188679245    0.40858952984325714
-0.6193396226415093    0.4045837501389591
-0.6183962264150944    0.4201356007558323
-0.6174528301886792    0.38502611981769447
-0.6165094339622641    0.39680782483047583
-0.615566037735849    0.39633655663001116
-0.614622641509434    0.40034233633435734
-0.6136792452830189    0.4031699455373777
-0.6127358490566037    0.41141713904632465
-0.6117924528301886    0.3977503612315451
-0.6108490566037736    0.3883249972213189
-0.6099056603773585    0.393508947426897
-0.6089622641509433    0.39539402022894204
-0.6080188679245282    0.38102034011339364
-0.6070754716981133    0.3923307769256651
-0.6061320754716981    0.39303767922638577
-0.605188679245283    0.36970990330107867
-0.6042452830188678    0.38102034011339364
-0.6033018867924529    0.3982216294320564
-0.6023584905660377    0.37795709681002565
-0.6014150943396226    0.37088807380235683
-0.6004716981132074    0.386911192619785
-0.5995283018867925    0.35981327109038475
-0.5985849056603774    0.3612270756918761
-0.5976415094339622    0.3824341447148826
-0.5966981132075471    0.3744225853062353
-0.5957547169811321    0.38149160831390494
-0.594811320754717    0.3826697788151382
-0.5938679245283018    0.36782483049903364
-0.5929245283018867    0.37560075580751356
-0.5919811320754718    0.37677892630879184
-0.5910377358490566    0.3824341447148826
-0.5900943396226415    0.3734800489051687
-0.5891509433962263    0.3529798821829707
-0.5882075471698114    0.3508591752806698
-0.5872641509433962    0.361933977992643
-0.5863207547169811    0.3649972212959662
-0.5853773584905659    0.367824830499077
-0.584433962264151    0.36146270979217426
-0.5834905660377359    0.3558074913859967
-0.5825471698113207    0.3409625430698922
-0.5816037735849056    0.3456752250750454
-0.5806603773584906    0.3423763476714663
-0.5797169811320755    0.37088807380235683
-0.5787735849056603    0.3671179281982668
-0.5778301886792452    0.3543936867845046
-0.5768867924528303    0.35675002778706116
-0.5759433962264151    0.34237634767142594
-0.575    0.3609914415916205
-0.5740566037735848    0.3305946426586835
-0.5731132075471699    0.3378992997666088
-0.5721698113207547    0.34850283427807227
-0.5712264150943396    0.34732466377679416
-0.5702830188679244    0.34402578637325587
-0.5693396226415095    0.36052017339115167
-0.5683962264150944    0.3541580526842073
-0.5674528301886792    0.3463821273757716
-0.566509433962264    0.34190507947095494
-0.5655660377358491    0.33978437256865407
-0.564622641509434    0.35769256418804174
-0.5636792452830188    0.34991663887960606
-0.5627358490566037    0.33672112926533054
-0.5617924528301887    0.3508591752806698
-0.5608490566037736    0.3404912748693809
-0.5599056603773584    0.32823830165608836
-0.5589622641509433    0.3529798821829707
-0.5580188679245284    0.3348360564632853
-0.5570754716981132    0.33507169056350156
-0.5561320754716981    0.3404912748693809
-0.5551886792452829    0.34143381127044364
-0.554245283018868    0.3456752250750454
-0.5533018867924528    0.33719239746580215
-0.5523584905660377    0.34426142047347097
-0.5514150943396225    0.3305946426586835
-0.5504716981132076    0.3341291541625183
-0.5495283018867925    0.34025564076912534
-0.5485849056603773    0.3315371790596672
-0.5476415094339622    0.3477959319773463
-0.5466981132075472    0.34614649327555674
-0.5457547169811321    0.3364854951650353
-0.5448113207547169    0.34449705457372665
-0.5438679245283018    0.3369567633655862
-0.5429245283018869    0.33130154495945047
-0.5419811320754717    0.3357785928642684
-0.5410377358490566    0.3435545181727041
-0.5400943396226414    0.34143381127044364
-0.5391509433962265    0.33342225186175134
-0.5382075471698113    0.3407269089696366
-0.5372641509433962    0.34426142047347097
-0.536320754716981    0.3423763476714663
-0.5353773584905661    0.33978437256865407
-0.534433962264151    0.3381349338668247
-0.5334905660377358    0.34685339557628286
-0.5325471698113207    0.33577859286430795
-0.5316037735849057    0.34661776147606804
-0.5306603773584906    0.33483605646324593
-0.5297169811320754    0.3513304434811398
-0.5287735849056603    0.3487384683783689
-0.5278301886792454    0.33012337445817225
-0.5268867924528302    0.32399688785148706
-0.5259433962264151    0.33884183616759156
-0.5249999999999999    0.3289452039568939
-0.524056603773585    0.3327153495609844
-0.5231132075471698    0.34143381127040345
-0.5221698113207547    0.34661776147602724
-0.5212264150943395    0.3390774702678871
-0.5202830188679246    0.34119817717018797
-0.5193396226415095    0.33978437256861405
-0.5183962264150943    0.32823830165608836
-0.5174528301886792    0.32635322885408174
-0.5165094339622642    0.32116927864845735
-0.5155660377358491    0.33719239746580215
-0.5146226415094339    0.3272957652550658
-0.5136792452830188    0.3305946426586835
-0.5127358490566039    0.3176347671446225
-0.5117924528301887    0.3433188840724485
-0.5108490566037736    0.32564632655327647
-0.5099056603773584    0.31739913304436684
-0.5089622641509435    0.3416694453706993
-0.5080188679245283    0.3383705679670803
-0.5070754716981132    0.33978437256861405
-0.506132075471698    0.3228187173502469
-0.5051886792452831    0.32706013115484867
-0.504245283018868    0.3235256196509758
-0.5033018867924528    0.3141002556407507
-0.5023584905660377    0.31150828053797547
-0.5014150943396227    0.3254106924530591
-0.5004716981132076    0.3223474491496977
-0.4995283018867924    0.3152784261420289
-0.49858490566037733    0.3190485717461564
-0.49764150943396224    0.32706013115481025
-0.49669811320754714    0.31056574413695287
-0.49575471698113205    0.30891630543512694
-0.49481132075471695    0.31645659664334425
-0.49386792452830186    0.3235256196509758
-0.49292452830188677    0.3093875736356746
-0.49198113207547167    0.32753139935532144
-0.4910377358490566    0.3067955985328624
-0.4900943396226415    0.30915193953538256
-0.4891509433962264    0.3181060353451338
-0.4882075471698113    0.3131577192397282
-0.4872641509433962    0.29548516172059097
-0.4863207547169811    0.3105657441369163
-0.485377358490566    0.3133933533400208
-0.4844339622641509    0.3176347671445851
-0.4834905660377358    0.30655996443260675
-0.48254716981132073    0.3129220851394726
-0.48160377358490564    0.30137601422698235
-0.48066037735849054    0.3016116483272025
-0.47971698113207545    0.2973702345226362
-0.47877358490566035    0.3075025008335932
-0.47783018867924526    0.3072668667333737
-0.47688679245283017    0.3049105257307813
-0.47594339622641507    0.294778259419824
-0.475    0.3018472824274581
-0.4740566037735849    0.2855885295098535
-0.4731132075471698    0.3042036234300144
-0.4721698113207547    0.2968989663221249
-0.4712264150943396    0.29006557741467676
-0.4702830188679245    0.2959564299211023
-0.4693396226415094    0.29854840502387936
-0.4683962264150943    0.29666333222186925
-0.4674528301886792    0.29831277092362374
-0.46650943396226413    0.2945426253195684
-0.46556603773584904    0.29006557741467676
-0.46462264150943394    0.2898299433144553
-0.46367924528301885    0.2870023341113536
-0.46273584905660375    0.2721573857952812
-0.46179245283018866    0.295013893520045
-0.46084905660377357    0.2780482383016725
-0.45990566037735847    0.2877092364121205
-0.4589622641509434    0.2837034567078083
-0.4580188679245283    0.2865310659108424
-0.4570754716981132    0.2888874069134327
-0.4561320754716981    0.30278981882848066
-0.455188679245283    0.30043347782595975
-0.4542452830188679    0.29831277092362374
-0.4533018867924528    0.2780482383016725
-0.4523584905660377    0.27239301989550474
-0.4514150943396226    0.2745137267978377
-0.45047169811320753    0.2568411692786334
-0.44952830188679244    0.27121484939425855
-0.44858490566037734    0.27404245859729415
-0.44764150943396225    0.25613426697789665
-0.44669811320754715    0.2738068244970385
-0.44575471698113206    0.2643814604868446
-0.44481132075471697    0.2657952650883472
-0.44386792452830187    0.27569189729911603
-0.4429245283018868    0.24812270756917518
-0.4419811320754717    0.2693297765922133
-0.4410377358490566    0.2789907747026623
-0.4400943396226415    0.262732021785055
-0.4391509433962264    0.26555963098809154
-0.4382075471698113    0.26650216738914545
-0.4372641509433962    0.26720906968988095
-0.4363207547169811    0.26603089918863415
-0.435377358490566    0.25283538957428775
-0.43443396226415093    0.2601400466822428
-0.43349056603773584    0.2558986328776109
-0.43254716981132074    0.2610825830832654
-0.43160377358490565    0.24930087807045334
-0.43066037735849055    0.2653239968878672
-0.42971698113207546    0.26768033789039225
-0.42877358490566037    0.24623763476715915
-0.42783018867924527    0.25542736467709964
-0.4268867924528302    0.2434100255640913
-0.4259433962264151    0.2653239968878359
-0.425    0.2530710236745731
-0.4240566037735849    0.25283538957428775
-0.4231132075471698    0.24246748916306868
-0.4221698113207547    0.24081805046125074
-0.4212264150943396    0.2533066577748288
-0.4202830188679245    0.2474158052684083
-0.4193396226415094    0.24553073246639218
-0.41839622641509433    0.2745137267978054
-0.41745283018867924    0.25142158497278355
-0.41650943396226414    0.25142158497275396
-0.41556603773584905    0.25684116927866363
-0.41462264150943395    0.23916861175946136
-0.41367924528301886    0.26084694898300975
-0.41273584905660377    0.24765143936866396
-0.41179245283018867    0.24199622096255735
-0.4108490566037736    0.2507146826719871
-0.4099056603773585    0.23987551406025648
-0.4089622641509434    0.2530710236745433
-0.4080188679245283    0.2365766366566773
-0.4070754716981132    0.25919751028118965
-0.4061320754716981    0.2507146826720166
-0.405188679245283    0.25990441258195657
-0.4042452830188679    0.24882960986997135
-0.4033018867924528    0.24835834166943083
-0.40235849056603773    0.2530710236745731
-0.40141509433962264    0.26343892408579095
-0.40047169811320754    0.27074358119374725
-0.39952830188679245    0.26014004668221213
-0.39858490566037735    0.24411692786485828
-0.39764150943396226    0.2617894853840016
-0.39669811320754716    0.2589618761809645
-0.39575471698113207    0.257076803378889
-0.394811320754717    0.2728642880960481
-0.3938679245283019    0.24788707346891956
-0.3929245283018868    0.2771057019006499
-0.3919811320754717    0.26508836278758036
-0.3910377358490566    0.26178948538403235
-0.3900943396226415    0.2653239968878359
-0.3891509433962264    0.27262865399579245
-0.3882075471698113    0.27781260420138415
-0.3872641509433962    0.2641458263865889
-0.38632075471698113    0.2667378014893697
-0.38537735849056604    0.2643814604868446
-0.38443396226415094    0.2738068244970385
-0.38349056603773585    0.27781260420141685
-0.38254716981132075    0.24270312326329577
-0.38160377358490566    0.26650216738914545
-0.38066037735849056    0.2771057019006173
-0.37971698113207547    0.2841747249083195
-0.3787735849056604    0.25990441258195657
-0.3778301886792453    0.2679159719906794
-0.3768867924528302    0.27663443370010604
-0.3759433962264151    0.26744470379016805
-0.375    0.269094142491926
-0.3740566037735849    0.25660553517840795
-0.3731132075471698    0.2719217516949935
-0.3721698113207547    0.26084694898300975
-0.3712264150943396    0.27922640880291794
-0.37028301886792453    0.262025119484288
-0.36933962264150944    0.2789907747026623
-0.36839622641509434    0.2646170945871002
-0.36745283018867925    0.25401356007556586
-0.36650943396226415    0.2745137267978377
-0.36556603773584906    0.2716861175947379
-0.36462264150943396    0.24882960986997135
-0.36367924528301887    0.2657952650883472
-0.3627358490566038    0.25707680337891925
-0.3617924528301887    0.26343892408579095
-0.3608490566037736    0.26508836278761155
-0.3599056603773585    0.2610825830832347
-0.3589622641509434    0.24882960986997135
-0.3580188679245283    0.27027231299320414
-0.3570754716981132    0.2537779259753401
-0.3561320754716981    0.253306657774799
-0.355188679245283    0.25189285317329485
-0.35424528301886793    0.27074358119371533
-0.35330188679245284    0.2606113148827541
-0.35235849056603774    0.2615538512837459
-0.35141509433962265    0.24011114816051213
-0.35047169811320755    0.25212848727352083
-0.34952830188679246    0.24411692786485828
-0.34858490566037736    0.25377792597531024
-0.34764150943396227    0.263438924085822
-0.3466981132075472    0.24341002556406263
-0.3457547169811321    0.2573124374791749
-0.344811320754717    0.2384617094586945
-0.3438679245283019    0.2537779259753401
-0.3429245283018868    0.26815160609090344
-0.3419811320754717    0.2528353895743175
-0.3410377358490566    0.24765143936866396
-0.3400943396226415    0.26603089918863415
-0.3391509433962264    0.2403467822607395
-0.33820754716981133    0.25236412137380615
-0.33726415094339623    0.24176058686227325
-0.33632075471698114    0.2507146826720166
-0.33537735849056605    0.2504790485717314
-0.33443396226415095    0.25236412137380615
-0.33349056603773586    0.24364565966431828
-0.33254716981132076    0.2396398799600008
-0.33160377358490567    0.23822607535843884
-0.3306603773584906    0.23775480715795555
-0.3297169811320755    0.24553073246636328
-0.3287735849056604    0.2434100255640913
-0.3278301886792453    0.24694453706789704
-0.3268867924528302    0.23681227075693295
-0.3259433962264151    0.23987551406022822
-0.325    0.24623763476715915
-0.3240566037735849    0.2325708569523038
-0.3231132075471698    0.23422029565412075
-0.32216981132075473    0.24576636656661893
-0.32122641509433963    0.25142158497278355
-0.32028301886792454    0.25142158497275396
-0.31933962264150945    0.23846170945872253
-0.31839622641509435    0.2504790485717314
-0.31745283018867926    0.24553073246639218
-0.31650943396226416    0.24600200066687453
-0.31556603773584907    0.23280649105258683
-0.314622641509434    0.23634100255639381
-0.3136792452830189    0.24317439146383565
-0.3127358490566038    0.2389329776592057
-0.3117924528301887    0.2549560964766184
-0.3108490566037736    0.24623763476713018
-0.3099056603773585    0.24812270756920438
-0.3089622641509434    0.22361676114258996
-0.3080188679245283    0.24317439146383565
-0.3070754716981132    0.2509503167722427
-0.30613207547169813    0.23374902745360945
-0.30518867924528303    0.23139268645102568
-0.30424528301886794    0.23374902745360945
-0.30330188679245285    0.2490652439701977
-0.30235849056603775    0.24152495276204608
-0.30141509433962266    0.23469156385460443
-0.30047169811320756    0.23846170945872253
-0.29952830188679247    0.241289318661762
-0.2985849056603774    0.23893297765923388
-0.2976415094339623    0.2297432477492363
-0.2966981132075472    0.2417605868623017
-0.2957547169811321    0.23704790485716074
-0.294811320754717    0.242231855062813
-0.2938679245283019    0.2358697343558826
-0.2929245283018868    0.25212848727355053
-0.2919811320754717    0.24176058686227325
-0.2910377358490566    0.23280649105258683
-0.29009433962264153    0.24859397576968642
-0.28915094339622643    0.23516283205514335
-0.28820754716981134    0.23304212515281506
-0.28726415094339625    0.2309214182505416
-0.28632075471698115    0.23021451594974754
-0.28537735849056606    0.2450594642658809
-0.28443396226415096    0.23987551406022822
-0.28349056603773587    0.24411692786485828
-0.2825471698113208    0.22503056574412372
-0.2816037735849057    0.24152495276204608
-0.2806603773584906    0.23563410025562695
-0.2797169811320755    0.22173168834057105
-0.2787735849056604    0.23657663665664946
-0.2778301886792453    0.23327775925309813
-0.2768867924528302    0.23445592975434879
-0.27594339622641506    0.24317439146380704
-0.27499999999999997    0.23327775925309813
-0.2740566037735849    0.23728353895741633
-0.2731132075471698    0.2474158052684374
-0.2721698113207547    0.24788707346891956
-0.2712264150943396    0.2408180504612791
-0.2702830188679245    0.23045015005000316
-0.2693396226415094    0.23162832055130855
-0.2683962264150943    0.23398466155383757
-0.2674528301886792    0.22903634544849635
-0.2665094339622641    0.2415249527620176
-0.265566037735849    0.23304212515284248
-0.26462264150943393    0.22503056574412372
-0.26367924528301884    0.23351339335335378
-0.26273584905660374    0.24882960986994207
-0.26179245283018865    0.24011114816051213
-0.26084905660377355    0.23422029565409322
-0.25990566037735846    0.21913971323775885
-0.25896226415094337    0.22997888184949192
-0.2580188679245283    0.2323352228520755
-0.2570754716981132    0.23351339335332633
-0.2561320754716981    0.24317439146383565
-0.255188679245283    0.2290363454484694
-0.2542452830188679    0.24011114816051213
-0.2533018867924528    0.22927197954872502
-0.2523584905660377    0.24128931866179038
-0.2514150943396226    0.23563410025562695
-0.2504716981132075    0.22597310214517285
-0.24952830188679243    0.25377792597531024
-0.24858490566037733    0.23209958875181988
-0.24764150943396224    0.22455929754361248
-0.24669811320754714    0.22691563854619545
-0.24575471698113205    0.22455929754361248
-0.24481132075471695    0.22314549294210498
-0.24386792452830186    0.22126042014003372
-0.24292452830188677    0.2240880293431276
-0.24198113207547167    0.23068578415025878
-0.24103773584905658    0.22597310214517285
-0.24009433962264148    0.23209958875179254
-0.2391509433962264    0.2167833722352023
-0.2382075471698113    0.23186395465153692
-0.2372641509433962    0.23162832055130855
-0.2363207547169811    0.21984661553849996
-0.235377358490566    0.21984661553852583
-0.23443396226415092    0.22361676114258996
-0.23349056603773582    0.22008224963878148
-0.23254716981132073    0.20947871512725236
-0.23160377358490564    0.22243859064133803
-0.23066037735849054    0.22243859064131186
-0.22971698113207545    0.21701900633545795
-0.22877358490566035    0.21701900633543242
-0.22783018867924526    0.21866844503724756
-0.22688679245283017    0.22055351783926683
-0.22594339622641507    0.23351339335335378
-0.22499999999999998    0.22503056574412372
-0.22405660377358488    0.20994998332778833
-0.2231132075471698    0.2290363454484694
-0.2221698113207547    0.21489829943315705
-0.2212264150943396    0.21607646993440993
-0.2202830188679245    0.22432366344338325
-0.2193396226415094    0.23657663665664946
-0.21839622641509432    0.2153695676336684
-0.21745283018867922    0.2203178837390112
-0.21650943396226413    0.23115705235079725
-0.21556603773584904    0.2177259086361993
-0.21462264150943394    0.2090074469267657
-0.21367924528301885    0.20570856952316233
-0.21273584905660375    0.22526619984440588
-0.21179245283018866    0.22008224963875556
-0.21084905660377357    0.1991108147160282
-0.20990566037735847    0.22479493164386813
-0.20896226415094338    0.21348449483162313
-0.20801886792452828    0.22173168834054496
-0.2070754716981132    0.22455929754363893
-0.2061320754716981    0.21536956763364304
-0.205188679245283    0.21772590863622493
-0.2042452830188679    0.22385239524284561
-0.2033018867924528    0.22196732244082673
-0.20235849056603772    0.22385239524284561
-0.20141509433962262    0.20617983772369786
-0.20047169811320753    0.213484494831598
-0.19952830188679244    0.2090074469267657
-0.19858490566037734    0.21395576303210928
-0.19764150943396225    0.20076025341781778
-0.19669811320754715    0.21466266533287617
-0.19575471698113206    0.21089251972881093
-0.19481132075471697    0.21866844503722183
-0.19386792452830187    0.2115994220295779
-0.19292452830188678    0.21207069023006428
-0.19198113207547168    0.2318639546515642
-0.1910377358490566    0.213484494831598
-0.1900943396226415    0.2240880293431276
-0.1891509433962264    0.19439813271089224
-0.1882075471698113    0.2184328109369919
-0.1872641509433962    0.22385239524284561
-0.18632075471698112    0.216312104034691
-0.18537735849056602    0.21796154273645493
-0.18443396226415093    0.22361676114261628
-0.18349056603773584    0.2141913971323649
-0.18254716981132074    0.20759364232523178
-0.18160377358490565    0.20335222852060605
-0.18066037735849055    0.21607646993443536
-0.17971698113207546    0.20782927642546298
-0.17877358490566037    0.20924308102702138
-0.17783018867924527    0.21042125152827487
-0.17688679245283018    0.20806491052574308
-0.17594339622641508    0.21207069023006428
-0.175    0.21796154273648058
-0.1740566037735849    0.21112815382904176
-0.1731132075471698    0.22196732244082673
-0.1721698113207547    0.21843281093696618
-0.1712264150943396    0.22691563854619545
-0.17028301886792452    0.22455929754361248
-0.16933962264150942    0.21749027453596925
-0.16839622641509433    0.22173168834054496
-0.16745283018867924    0.2141913971323901
-0.16650943396226414    0.21654773813492115
-0.16556603773584905    0.2214960542403154
-0.16462264150943395    0.2177259086361993
-0.16367924528301886    0.22008224963878148
-0.16273584905660377    0.21584083583415428
-0.16179245283018867    0.2214960542403154
-0.16084905660377358    0.22691563854616875
-0.15990566037735848    0.20665110592420918
-0.1589622641509434    0.21749027453594366
-0.1580188679245283    0.2137201289318788
-0.1570754716981132    0.21018561742801925
-0.1561320754716981    0.22290985884184933
-0.155188679245283    0.21301322663108677
-0.15424528301886792    0.22597310214517285
-0.15330188679245282    0.21089251972878612
-0.15235849056603773    0.216312104034691
-0.15141509433962264    0.22762254084693562
-0.15047169811320754    0.22008224963878148
-0.14952830188679245    0.21254195843057552
-0.14858490566037735    0.23304212515284248
-0.14764150943396226    0.22880071134821378
-0.14669811320754716    0.23209958875181988
-0.14575471698113207    0.21725464043568807
-0.14481132075471698    0.20877181282651003
-0.14386792452830188    0.21749027453594366
-0.1429245283018868    0.2184328109369919
-0.1419811320754717    0.2106568856285305
-0.1410377358490566    0.21749027453596925
-0.1400943396226415    0.22102478603977807
-0.1391509433962264    0.21254195843060053
-0.13820754716981132    0.2132488607313424
-0.13726415094339622    0.22997888184951898
-0.13632075471698113    0.22503056574412372
-0.13537735849056604    0.20971434922753268
-0.13443396226415094    0.2064154718239292
-0.13349056603773585    0.21277759253085618
-0.13254716981132075    0.21607646993440993
-0.13160377358490566    0.21937534733801453
-0.13066037735849056    0.22503056574412372
-0.12971698113207547    0.19958208291653953
-0.12877358490566038    0.21254195843057552
-0.12783018867924528    0.22008224963878148
-0.1268867924528302    0.20146715571856105
-0.1259433962264151    0.2240880293431276
-0.125    0.21584083583415428
-0.1240566037735849    0.2047660331221639
-0.12311320754716981    0.2193753473379887
-0.12216981132075472    0.20099588751807346
-0.12122641509433962    0.22408802934310124
-0.12028301886792453    0.22102478603980408
-0.11933962264150944    0.2038234967211173
-0.11839622641509434    0.22173168834057105
-0.11745283018867925    0.21701900633543242
-0.11650943396226415    0.20405913082139696
-0.11556603773584906    0.22432366344335686
-0.11462264150943396    0.216312104034691
-0.11367924528301887    0.20170278981881667
-0.11273584905660378    0.20076025341781778
-0.11179245283018868    0.21489829943313177
-0.11084905660377359    0.21819717683673623
-0.1099056603773585    0.2141913971323649
-0.1089622641509434    0.22196732244082673
-0.1080188679245283    0.20688674002444046
-0.10707547169811321    0.21725464043571363
-0.10613207547169812    0.21961098143824434
-0.10518867924528302    0.21230632433034488
-0.10424528301886793    0.22668000444591316
-0.10330188679245284    0.20500166722241958
-0.10235849056603774    0.211599422029553
-0.10141509433962265    0.2189040791375032
-0.10047169811320755    0.21018561742801925
-0.09952830188679246    0.2064154718239535
-0.09858490566037736    0.21207069023006428
-0.09764150943396227    0.209478715127277
-0.09669811320754718    0.22597310214514624
-0.09575471698113208    0.21937534733801453
-0.09481132075471699    0.22149605424028934
-0.0938679245283019    0.22220295654108235
-0.0929245283018868    0.22880071134821378
-0.0919811320754717    0.21489829943315705
-0.09103773584905661    0.21607646993440993
-0.09009433962264152    0.20523730132267523
-0.08915094339622642    0.23068578415025878
-0.08820754716981133    0.22856507724798505
-0.08726415094339623    0.21089251972878612
-0.08632075471698114    0.22691563854619545
-0.08537735849056605    0.23963987995997263
-0.08443396226415095    0.21395576303213446
-0.08349056603773586    0.21442703123262052
-0.08254716981132076    0.23586973435591033
-0.08160377358490567    0.22314549294207875
-0.08066037735849058    0.22078915193954846
-0.07971698113207548    0.23469156385460443
-0.07877358490566039    0.2132488607313675
-0.0778301886792453    0.22950761364898065
-0.0768867924528302    0.23799044125821125
-0.0759433962264151    0.22173168834054496
-0.07500000000000001    0.2288007113482407
-0.07405660377358492    0.23021451594974754
-0.07311320754716982    0.2262087362454285
-0.07216981132075473    0.22597310214514624
-0.07122641509433963    0.2417605868623017
-0.07028301886792454    0.23021451594974754
-0.06933962264150945    0.23445592975437643
-0.06839622641509435    0.24553073246636328
-0.06745283018867926    0.23327775925309813
-0.06650943396226416    0.2516572190730096
-0.06556603773584907    0.23799044125821125
-0.06462264150943398    0.23704790485716074
-0.06367924528301888    0.24364565966434695
-0.06273584905660379    0.24623763476713018
-0.06179245283018869    0.23374902745360945
-0.0608490566037736    0.24176058686227325
-0.059905660377358505    0.23751917305769993
-0.05896226415094341    0.2530710236745433
-0.05801886792452832    0.23893297765923388
-0.05707547169811322    0.23209958875179254
-0.05613207547169813    0.23846170945872253
-0.055188679245283034    0.23563410025562695
-0.05424528301886794    0.2537779259753401
-0.053301886792452846    0.23822607535843884
-0.05235849056603775    0.24270312326332433
-0.05141509433962266    0.2353984661553713
-0.050471698113207564    0.2450594642658809
-0.04952830188679247    0.2384617094586945
-0.048584905660377375    0.24670890296767048
-0.04764150943396228    0.24482383016559642
-0.04669811320754719    0.2537779259753401
-0.04575471698113209    0.24930087807045334
-0.044811320754717    0.23469156385463208
-0.043867924528301905    0.2438812937645739
-0.04292452830188681    0.2450594642658809
-0.04198113207547172    0.24623763476713018
-0.04103773584905662    0.25566299877738535
-0.04009433962264153    0.25024341447147586
-0.039150943396226434    0.24882960986997135
-0.03820754716981134    0.2516572190730096
-0.037264150943396246    0.2584906079804532
-0.03632075471698115    0.253306657774799
-0.03537735849056606    0.2356341002556547
-0.034433962264150964    0.24411692786482955
-0.033490566037735814    0.25636990107812213
-0.03254716981132072    0.25801933977994185
-0.031603773584905626    0.24529509836610766
-0.03066037735849053    0.2460020006669035
-0.029716981132075437    0.2610825830832347
-0.028773584905660343    0.24411692786485828
-0.02783018867924525    0.2438812937645739
-0.026886792452830155    0.25636990107815233
-0.02594339622641506    0.24576636656661893
-0.024999999999999967    0.25236412137380615
-0.024056603773584873    0.24576636656661893
-0.02311320754716978    0.23516283205514335
-0.022169811320754684    0.2617894853840016
-0.02122641509433959    0.26226075358454365
-0.020283018867924496    0.24458819606534077
-0.019339622641509402    0.24788707346894873
-0.018396226415094308    0.2504790485717314
-0.017452830188679214    0.2596687784817314
-0.01650943396226412    0.24788707346891956
-0.015566037735849025    0.24788707346894873
-0.014622641509433931    0.2509503167722427
-0.013679245283018837    0.2575480715794306
-0.012735849056603743    0.2535422918750546
-0.011792452830188649    0.25636990107815233
-0.010849056603773555    0.24529509836610766
-0.00990566037735846    0.262732021785055
-0.008962264150943366    0.2584906079804228
-0.008018867924528272    0.26178948538403235
-0.007075471698113178    0.26367455818604657
-0.006132075471698084    0.249065243970227
-0.00518867924528299    0.25778370567965586
-0.004245283018867896    0.2540135600755958
-0.0033018867924528017    0.2799333111036848
-0.0023584905660377076    0.2636745581860776
-0.0014150943396226134    0.26014004668221213
-0.0004716981132075193    0.27192175169502547
0.0004716981132075748    0.25118595087249834
0.0014150943396227245    0.2490652439701977
0.002358490566037763    0.2650883627876427
0.0033018867924528017    0.25778370567965586
0.004245283018867951    0.2587262420806784
0.005188679245283101    0.27946204290317356
0.00613207547169814    0.254484828276137
0.007075471698113178    0.2547204623763328
0.008018867924528328    0.2639101922863022
0.008962264150943478    0.2648527286873247
0.009905660377358516    0.25966877848176206
0.010849056603773555    0.2615538512837459
0.011792452830188704    0.2622607535845128
0.012735849056603854    0.2587262420806784
0.013679245283018893    0.2542491941758813
0.014622641509433931    0.2556629987773552
0.015566037735849081    0.25495609647658835
0.01650943396226423    0.2587262420806784
0.01745283018867927    0.26273202178508587
0.018396226415094308    0.27262865399576036
0.019339622641509457    0.2615538512837459
0.020283018867924607    0.25636990107812213
0.021226415094339646    0.2707435811937791
0.022169811320754684    0.2639101922863022
0.023113207547169834    0.27027231299320414
0.024056603773584984    0.2622607535845128
0.025000000000000022    0.27309992219633594
0.02594339622641506    0.27474936089806107
0.02688679245283021    0.27003667889294847
0.02783018867924536    0.2825252862064967
0.0287735849056604    0.2787551406024723
0.029716981132075437    0.2641458263865578
0.030660377358490587    0.26273202178502403
0.03160377358490574    0.253306657774799
0.032547169811320775    0.27262865399582453
0.033490566037735814    0.26273202178502403
0.034433962264150964    0.26061131488272343
0.03537735849056611    0.2547204623763328
0.03632075471698115    0.2665021673891768
0.03726415094339619    0.2438812937645739
0.03820754716981134    0.26555963098809154
0.03915094339622649    0.26061131488272343
0.04009433962264153    0.2561342669779268
0.04103773584905657    0.26296765588527965
0.04198113207547172    0.24859397576968642
0.042924528301886866    0.24694453706789704
0.043867924528301905    0.25778370567971653
0.04481132075471694    0.25919751028118965
0.04575471698113209    0.26249638768476846
0.04669811320754724    0.24623763476713018
0.04764150943396228    0.2558986328776711
0.04858490566037732    0.2622607535845128
0.04952830188679247    0.25660553517837775
0.05047169811320762    0.2584906079804228
0.05141509433962266    0.2610825830832961
0.052358490566037696    0.24930087807045334
0.053301886792452846    0.24953651217070894
0.054245283018867996    0.24623763476713018
0.055188679245283034    0.24364565966437562
0.05613207547169807    0.24411692786482955
0.05707547169811322    0.26037568078246776
0.05801886792452837    0.25542736467709964
0.05896226415094341    0.23139268645108013
0.05990566037735845    0.25236412137377645
0.0608490566037736    0.22338112704233434
0.06179245283018875    0.2474158052684083
0.06273584905660379    0.23916861175951767
0.06367924528301883    0.2419962209625289
0.06462264150943398    0.239404245859717
0.06556603773584913    0.2415249527620176
0.06650943396226416    0.2332777592531256
0.0674528301886792    0.2353984661553713
0.06839622641509435    0.24930087807045334
0.0693396226415095    0.24435256196508515
0.07028301886792454    0.24341002556411992
0.07122641509433958    0.2410536845615064
0.07216981132075473    0.2474158052684083
0.07311320754716988    0.24694453706789704
0.07405660377358492    0.24882960987000063
0.07499999999999996    0.24529509836610766
0.0759433962264151    0.24246748916304012
0.07688679245283025    0.258961876180934
0.0778301886792453    0.2584906079804836
0.07877358490566033    0.23021451594974754
0.07971698113207548    0.2504790485717314
0.08066037735849063    0.24576636656661893
0.08160377358490567    0.24765143936872225
0.08254716981132071    0.2323352228520482
0.08349056603773586    0.23186395465153692
0.08443396226415101    0.23963987995997263
0.08537735849056605    0.22738690674673354
0.08632075471698109    0.22785817494719127
0.08726415094339623    0.23045015005000316
0.08820754716981138    0.2389329776592057
0.08915094339622642    0.23822607535849494
0.09009433962264146    0.2429387573635514
0.09103773584905661    0.245059464265852
0.09198113207547176    0.2504790485717314
0.0929245283018868    0.2304501500500574
0.09386792452830184    0.22715127264642437
0.09481132075471699    0.2280938090474469
0.09575471698113214    0.22785817494719127
0.09669811320754718    0.23257085695235855
0.09764150943396221    0.23209958875179254
0.09858490566037736    0.22856507724795813
0.09952830188679251    0.24246748916304012
0.10047169811320755    0.22338112704238694
0.10141509433962259    0.21866844503722183
0.10235849056603774    0.22573746804489064
0.10330188679245289    0.22738690674668002
0.10424528301886793    0.22691563854622218
0.10518867924528297    0.23822607535843884
0.10613207547169812    0.22479493164386813
0.10707547169811327    0.23563410025562695
0.1080188679245283    0.2386973435590063
0.10896226415094334    0.23139268645102568
0.1099056603773585    0.21961098143824434
0.11084905660377364    0.23209958875179254
0.11179245283018868    0.23257085695235855
0.11273584905660372    0.22126042014003372
0.11367924528301887    0.22455929754361248
0.11462264150943402    0.22597310214514624
0.11556603773584906    0.2224385906413642
0.1165094339622641    0.22856507724795813
0.11745283018867925    0.24364565966431828
0.1183962264150944    0.2203178837390112
0.11933962264150944    0.24859397576974496
0.12028301886792447    0.22950761364898065
0.12122641509433962    0.22479493164386813
0.12216981132075477    0.22173168834054496
0.12311320754716981    0.2290363454485233
0.12405660377358485    0.23068578415025878
0.125    0.22738690674668002
0.12594339622641515    0.225501833944635
0.1268867924528302    0.23233522285210287
0.12783018867924523    0.23469156385460443
0.12877358490566038    0.22927197954872502
0.12971698113207553    0.23139268645102568
0.13066037735849056    0.23610536845619376
0.1316037735849056    0.23492719795486008
0.13254716981132075    0.22950761364898065
0.1334905660377359    0.22314549294207875
0.13443396226415094    0.23893297765926197
0.13537735849056598    0.24576636656661893
0.13632075471698113    0.24364565966431828
0.13726415094339628    0.21395576303210928
0.13820754716981132    0.23751917305772788
0.13915094339622636    0.22008224963875556
0.1400943396226415    0.2410536845615064
0.14103773584905666    0.22997888184949192
0.1419811320754717    0.23422029565414834
0.14292452830188673    0.24930087807045334
0.14386792452830188    0.241289318661762
0.14481132075471703    0.22432366344335686
0.14575471698113207    0.23539846615542673
0.1466981132075471    0.2429387573635514
0.14764150943396226    0.22526619984437937
0.1485849056603774    0.23822607535843884
0.14952830188679245    0.23751917305772788
0.15047169811320749    0.2290363454484694
0.15141509433962264    0.22078915193952245
0.15235849056603779    0.22880071134821378
0.15330188679245282    0.2500077803712791
0.15424528301886786    0.2325708569523038
0.155188679245283    0.23916861175946136
0.15613207547169816    0.2389329776592057
0.1570754716981132    0.23516283205517105
0.15801886792452824    0.22927197954872502
0.1589622641509434    0.2377548071579276
0.15990566037735854    0.2542491941758215
0.16084905660377358    0.24458819606539833
0.16179245283018862    0.2403467822607395
0.16273584905660377    0.241289318661762
0.16367924528301891    0.23186395465153692
0.16462264150943395    0.2410536845615631
0.165566037735849    0.2325708569523038
0.16650943396226414    0.23704790485716074
0.1674528301886793    0.24058241636099514
0.16839622641509433    0.23799044125823926
0.16933962264150937    0.23445592975434879
0.17028301886792452    0.2474158052684083
0.17122641509433967    0.23751917305767198
0.1721698113207547    0.2304501500500574
0.17311320754716975    0.24835834166943083
0.1740566037735849    0.2403467822607395
0.17500000000000004    0.2410536845615064
0.17594339622641508    0.2280938090475006
0.17688679245283012    0.24058241636099514
0.17783018867924527    0.25636990107812213
0.17877358490566042    0.24670890296764145
0.17971698113207546    0.25118595087255746
0.1806603773584905    0.2379904412581832
0.18160377358490565    0.24953651217070894
0.1825471698113208    0.2325708569523038
0.18349056603773584    0.23940424585977335
0.18443396226415087    0.2403467822607395
0.18537735849056602    0.24058241636099514
0.18632075471698117    0.2535422918750546
0.1872641509433962    0.2507146826720461
0.18820754716981125    0.24270312326329577
0.1891509433962264    0.22950761364898065
0.19009433962264155    0.2556629987773552
0.1910377358490566    0.22974324774929036
0.19198113207547163    0.25919751028118965
0.19292452830188678    0.26084694898297905
0.19386792452830193    0.24859397576968642
0.19481132075471697    0.2523641213738359
0.195754716981132    0.2518928531732652
0.19669811320754715    0.26603089918860284
0.1976415094339623    0.2542491941758215
0.19858490566037734    0.2500077803712791
0.19952830188679238    0.25118595087249834
0.20047169811320753    0.25283538957428775
0.20141509433962268    0.2429387573635514
0.20235849056603772    0.26438146048687566
0.20330188679245276    0.2667378014893697
0.2042452830188679    0.25236412137377645
0.20518867924528306    0.27309992219627166
0.2061320754716981    0.2516572190730688
0.20707547169811313    0.25636990107812213
0.20801886792452828    0.25636990107812213
0.20896226415094343    0.2535422918750546
0.20990566037735858    0.2669734355896254
0.21084905660377362    0.24859397576974496
0.21179245283018866    0.26343892408579095
0.2127358490566038    0.26061131488272343
0.21367924528301896    0.26249638768476846
0.214622641509434    0.24647326886744383
0.21556603773584904    0.24482383016559642
0.2165094339622642    0.26768033789039225
0.21745283018867934    0.2632032899855353
0.21839622641509437    0.2721573857953132
0.2193396226415094    0.25990441258195657
0.22028301886792456    0.25495609647658835
0.2212264150943397    0.2641458263865578
0.22216981132075475    0.2525997554740916
0.2231132075471698    0.27027231299320414
0.22405660377358494    0.27121484939422663
0.2250000000000001    0.26084694898297905
0.22594339622641513    0.2561342669779268
0.22688679245283017    0.26037568078246776
0.22783018867924532    0.24788707346891956
0.22877358490566047    0.2544848282760771
0.2297169811320755    0.25566299877741544
0.23066037735849054    0.2674447037901366
0.2316037735849057    0.26720906968988095
0.23254716981132084    0.2773413360008729
0.23349056603773588    0.2525997554740916
0.23443396226415092    0.2657952650883472
0.23537735849056607    0.2667378014893697
0.23632075471698122    0.2657952650883472
0.23726415094339626    0.26720906968994385
0.2382075471698113    0.257076803378889
0.23915094339622645    0.2639101922863022
0.2400943396226416    0.2806402134044517
0.24103773584905663    0.26697343558968817
0.24198113207547167    0.2653239968878359
0.24292452830188682    0.2657952650883472
0.24386792452830197    0.27050794709345977
0.244811320754717    0.2650883627876427
0.24575471698113205    0.24882960986994207
0.2466981132075472    0.27050794709345977
0.24764150943396235    0.26296765588527965
0.2485849056603774    0.2780482383017053
0.24952830188679243    0.25801933977991154
0.2504716981132076    0.26862287429141474
0.2514150943396227    0.26603089918860284
0.25235849056603776    0.26343892408585295
0.2533018867924528    0.27663443370010604
0.25424528301886795    0.26768033789039225
0.2551886792452831    0.27262865399576036
0.25613207547169814    0.270036678893012
0.2570754716981132    0.27121484939422663
0.25801886792452833    0.27474936089806107
0.2589622641509435    0.27121484939422663
0.2599056603773585    0.2561342669779268
0.26084905660377355    0.257076803378889
0.2617924528301887    0.2775769701011286
0.26273584905660385    0.2613182171834903
0.2636792452830189    0.26343892408585295
0.26462264150943393    0.2674447037901366
0.2655660377358491    0.27121484939422663
0.26650943396226423    0.2771057019006173
0.26745283018867927    0.2804045793042621
0.2683962264150943    0.26014004668221213
0.26933962264150946    0.2544848282760771
0.2702830188679246    0.27922640880291794
0.27122641509433965    0.27121484939429047
0.2721698113207547    0.25754807157940024
0.27311320754716983    0.2735711903967829
0.274056603773585    0.25660553517837775
0.275    0.289358675113978
0.27594339622641506    0.2657952650883472
0.2768867924528302    0.27922640880291794
0.27783018867924536    0.26202511948425716
0.2787735849056604    0.28323218850733023
0.27971698113207544    0.27545626319882793
0.2806603773584906    0.2780482383016398
0.28160377358490574    0.26980104479269285
0.2825471698113208    0.27663443370017116
0.2834905660377358    0.2759275313993391
0.28443396226415096    0.28888740691339865
0.2853773584905661    0.2841747249082861
0.28632075471698115    0.27239301989556886
0.2872641509433962    0.27922640880291794
0.28820754716981134    0.2693297765921816
0.2891509433962265    0.2841747249082861
0.29009433962264153    0.3023185506280405
0.29103773584905657    0.2787551406024067
0.2919811320754717    0.2825252862064967
0.29292452830188687    0.2872379682116093
0.2938679245283019    0.25519173057690403
0.29481132075471694    0.28111148160496296
0.2957547169811321    0.28299655440700794
0.29669811320754724    0.28488162720905297
0.2976415094339623    0.27050794709352344
0.2985849056603773    0.26791597199064787
0.29952830188679247    0.29289318661774427
0.3004716981132076    0.26296765588527965
0.30141509433962266    0.2716861175948018
0.3023584905660377    0.269094142491926
0.30330188679245285    0.26603089918860284
0.304245283018868    0.27569189729908355
0.30518867924528303    0.2780482383017053
0.3061320754716981    0.2827609203067524
0.3070754716981132    0.27687006780036166
0.3080188679245284    0.27781260420138415
0.3089622641509434    0.28111148160502913
0.30990566037735845    0.2683872401911591
0.3108490566037736    0.2799333111036848
0.31179245283018875    0.26296765588527965
0.3127358490566038    0.254484828276137
0.3136792452830188    0.27427809269754977
0.314622641509434    0.27309992219627166
0.3155660377358491    0.28488162720905297
0.31650943396226416    0.273806824497103
0.3174528301886792    0.2641458263865578
0.31839622641509435    0.27239301989550474
0.3193396226415095    0.2945426253195337
0.32028301886792454    0.26956541069250073
0.3212264150943396    0.28535289540956427
0.32216981132075473    0.2775769701011286
0.3231132075471699    0.2738068244970385
0.3240566037735849    0.2839390908080973
0.32499999999999996    0.2952495276203006
0.3259433962264151    0.27781260420138415
0.32688679245283025    0.28629543181058675
0.3278301886792453    0.27851950650221663
0.32877358490566033    0.2881805046126318
0.3297169811320755    0.302554184728225
0.33066037735849063    0.29312882071799995
0.33160377358490567    0.28558852950988706
0.3325471698113207    0.2926575525174887
0.33349056603773586    0.28888740691339865
0.334433962264151    0.2926575525174887
0.33537735849056605    0.27922640880298366
0.3363207547169811    0.2733355562965272
0.33726415094339623    0.28535289540956427
0.3382075471698114    0.2912437479159549
0.3391509433962264    0.29407135711909166
0.34009433962264146    0.2719217516949935
0.3410377358490566    0.2820540180059855
0.34198113207547176    0.2870023341113536
0.3429245283018868    0.2900655774147451
0.34386792452830184    0.29689896632208995
0.344811320754717    0.2976058686228569
0.34575471698113214    0.298784039124135
0.3466981132075472    0.29147938201627915
0.3476415094339622    0.2961920640213231
0.34858490566037736    0.29572079582081184
0.3495283018867925    0.2881805046126318
0.35047169811320755    0.28605979771039847
0.3514150943396226    0.30820940313436007
0.35235849056603774    0.29572079582081184
0.3533018867924529    0.30019784372566877
0.35424528301886793    0.3013760142270178
0.35518867924528297    0.29572079582081184
0.3561320754716981    0.2945426253195337
0.35707547169811327    0.2872379682116093
0.3580188679245283    0.2858241636101428
0.35896226415094334    0.29689896632208995
0.3599056603773585    0.29572079582081184
0.36084905660377364    0.2990196732243906
0.3617924528301887    0.279697677003495
0.3627358490566037    0.3070312326330819
0.36367924528301887    0.29689896632208995
0.364622641509434    0.30467489163052563
0.36556603773584906    0.30373235522957465
0.3665094339622641    0.2893586751139099
0.36745283018867925    0.2907724797154437
0.3683962264150944    0.2872379682116093
0.36933962264150944    0.29524952762037004
0.3702830188679245    0.2926575525174887
0.3712264150943396    0.27851950650215107
0.3721698113207548    0.2832321885072636
0.3731132075471698    0.27922640880298366
0.37405660377358485    0.295013893520045
0.375    0.2815827498054742
0.37594339622641515    0.27239301989550474
0.3768867924528302    0.28181838390579617
0.3778301886792452    0.27427809269754977
0.3787735849056604    0.30066911192617995
0.3797169811320755    0.2921862843169774
0.38066037735849056    0.2735711903968473
0.3816037735849056    0.29807713682336806
0.38254716981132075    0.27663443370010604
0.3834905660377359    0.30915193953538256
0.38443396226415094    0.2853528954096314
0.385377358490566    0.27050794709345977
0.38632075471698113    0.2895943092141655
0.3872641509433963    0.28888740691339865
0.3882075471698113    0.2973702345226712
0.38915094339622636    0.2851172613093086
0.3900943396226415    0.2844103590085417
0.39103773584905666    0.2870023341113536
0.3919811320754717    0.28087584750477346
0.39292452830188673    0.2907724797154437
0.3938679245283019    0.2787551406024067
0.39481132075471703    0.28535289540956427
0.39575471698113207    0.27757697010119387
0.3966981132075471    0.28629543181058675
0.39764150943396226    0.2961920640213231
0.3985849056603774    0.28299655440700794
0.39952830188679245    0.27922640880298366
0.4004716981132075    0.29289318661774427
0.40141509433962264    0.288651772813143
0.4023584905660378    0.2865310659108424
0.4033018867924528    0.284174724908353
0.40424528301886786    0.27828387240189545
0.405188679245283    0.2877092364121205
0.40613207547169816    0.2773413360008729
0.4070754716981132    0.27592753139940407
0.40801886792452824    0.2738068244970385
0.4089622641509434    0.2877092364121205
0.40990566037735854    0.27145048349448225
0.4108490566037736    0.27451372679787
0.4117924528301886    0.2773413360008729
0.41273584905660377    0.2898299433144212
0.4136792452830189    0.2877092364121205
0.41462264150943395    0.30373235522957465
0.415566037735849    0.2872379682116093
0.41650943396226414    0.28794487051237616
0.4174528301886793    0.2773413360008729
0.41839622641509433    0.2903012115150007
0.41933962264150937    0.3060886962320594
0.4202830188679245    0.2926575525174887
0.42122641509433967    0.2992553073246462
0.4221698113207547    0.28605979771039847
0.42311320754716975    0.2952495276203006
0.4240566037735849    0.2976058686228569
0.42500000000000004    0.28747360231186486
0.4259433962264151    0.3013760142270178
0.4268867924528301    0.29854840502387936
0.42783018867924527    0.29147938201621054
0.4287735849056604    0.28111148160496296
0.42971698113207546    0.28276092030681893
0.4306603773584905    0.2881805046126318
0.43160377358490565    0.29572079582081184
0.4325471698113208    0.2999622096254131
0.43349056603773584    0.2997265755252281
0.4344339622641509    0.29053684561518806
0.435377358490566    0.29289318661774427
0.4363207547169812    0.2999622096254131
0.4372641509433962    0.2879448705124439
0.43820754716981125    0.2952495276203006
0.4391509433962264    0.3079737690341044
0.44009433962264155    0.30090474602643563
0.4410377358490566    0.29430699121934734
0.4419811320754716    0.2964276981215787
0.4429245283018868    0.29949094142490185
0.4438679245283019    0.3049105257307813
0.44481132075471697    0.3173991330444042
0.445754716981132    0.3079737690341044
0.44669811320754715    0.31433588974100635
0.4476415094339623    0.3058530621318038
0.44858490566037745    0.3056174280315482
0.4495283018867925    0.3148071579415917
0.45047169811320753    0.30467489163052563
0.4514150943396227    0.3016116483272025
0.45235849056603783    0.3051461598310369
0.45330188679245287    0.308680671334944
0.4542452830188679    0.31834166944535197
0.45518867924528306    0.3075025008335932
0.4561320754716982    0.3277670334555771
0.45707547169811324    0.3096232077359667
0.4580188679245283    0.31739913304432954
0.45896226415094343    0.32658886295429895
0.4599056603773586    0.3197554740468858
0.4608490566037736    0.3162209625431258
0.46179245283018866    0.3103301100366607
0.4627358490566038    0.3122151828387057
0.46367924528301896    0.3268244970545546
0.464622641509434    0.31433588974108034
0.46556603773584904    0.30679559853282634
0.4665094339622642    0.3315371790596672
0.46745283018867934    0.3242325219517427
0.4683962264150944    0.31692786484389285
0.4693396226415094    0.31881293764586327
0.47028301886792456    0.3268244970545546
0.4712264150943397    0.32800266755583274
0.47216981132075475    0.34284761587201795
0.4731132075471698    0.32823830165608836
0.47405660377358494    0.3249394242525096
0.4750000000000001    0.31174391463819445
0.4759433962264151    0.32988774035795543
0.47688679245283017    0.32941647215736647
0.4778301886792453    0.3353073246637571
0.47877358490566047    0.33719239746580215
0.4797169811320755    0.33530732466383606
0.48066037735849054    0.33766366566631345
0.4816037735849057    0.3251750583527652
0.48254716981132084    0.3258819606535321
0.4834905660377359    0.33342225186179064
0.4844339622641509    0.33624986106477966
0.48537735849056607    0.32965210625762215
0.4863207547169812    0.3381349338668247
0.48726415094339626    0.33837056796716
0.4882075471698113    0.32635322885404333
0.48915094339622645    0.34449705457372665
0.4900943396226416    0.33624986106477966
0.49103773584905663    0.33577859286434747
0.49198113207547167    0.3381349338668247
0.4929245283018868    0.34473268867398227
0.49386792452830197    0.33672112926529096
0.494811320754717    0.3426119817717622
0.49575471698113205    0.34826720017781665
0.4966981132075472    0.35368678448369606
0.49764150943396235    0.35722129598753044
0.4985849056603774    0.344261420473552
0.4995283018867924    0.3513304434811398
0.5004716981132076    0.3426119817716816
0.5014150943396227    0.34449705457372665
0.5023584905660378    0.3452039568745747
0.5033018867924528    0.3518017116816511
0.504245283018868    0.34944537067909476
0.5051886792452831    0.3477959319773054
0.5061320754716981    0.3456752250750861
0.5070754716981132    0.3558074913859967
0.5080188679245283    0.3409625430698922
0.5089622641509435    0.3506235411803729
0.5099056603773585    0.3567500277871032
0.5108490566037736    0.3541580526842073
0.5117924528301887    0.36523285539622175
0.5127358490566039    0.3558074913859967
0.5136792452830189    0.35180171168173385
0.5146226415094339    0.3518017116816511
0.5155660377358491    0.3690030010003118
0.5165094339622642    0.3607558074913648
0.5174528301886793    0.3576925641881259
0.5183962264150943    0.35510058908522985
0.5193396226415095    0.372066244303635
0.5202830188679246    0.35981327109034233
0.5212264150943396    0.36122707569196116
0.5221698113207547    0.36570412359673304
0.5231132075471698    0.3565143936867636
0.524056603773585    0.3718306102033793
0.525    0.363583416694518
0.5259433962264151    0.3645259530954549
0.5268867924528302    0.37018117150158997
0.5278301886792454    0.3588707346893199
0.5287735849056604    0.3628765143937509
0.5297169811320754    0.36664665999775553
0.5306603773584906    0.3767789263087475
0.5316037735849057    0.35769256418804174
0.5325471698113208    0.36758919639886456
0.5334905660377358    0.37253751250414624
0.534433962264151    0.3713593420028681
0.5353773584905661    0.36052017339110926
0.5363207547169812    0.37795709681011463
0.5372641509433962    0.38078470601309317
0.5382075471698113    0.37371568300542435
0.5391509433962265    0.35957763699008677
0.5400943396226415    0.38596865621880777
0.5410377358490566    0.39515838612868637
0.5419811320754717    0.36994553740133435
0.5429245283018869    0.3760720240079806
0.5438679245283019    0.38054907191292714
0.5448113207547169    0.3784283650105369
0.5457547169811321    0.39539402022894204
0.5466981132075472    0.3890318995220401
0.5476415094339623    0.3699455374014214
0.5485849056603773    0.3786639991107925
0.5495283018867925    0.3895031677225514
0.5504716981132076    0.3718306102033793
0.5514150943396227    0.38149160831394985
0.5523584905660377    0.372066244303635
0.5533018867924528    0.3852617539179501
0.554245283018868    0.39680782483047583
0.555188679245283    0.40623318884079646
0.5561320754716981    0.40387684783814465
0.5570754716981132    0.38314104701564944
0.5580188679245284    0.4052906524396784
0.5589622641509434    0.3963365566300578
0.5599056603773584    0.4024630432366108
0.5608490566037736    0.4026986773368665
0.5617924528301887    0.4109458708458134
0.5627358490566038    0.39751472713133623
0.5636792452830188    0.4010492386350771
0.564622641509434    0.3904457041235739
0.5655660377358491    0.393508947426897
0.5665094339622642    0.3977503612315919
0.5674528301886792    0.3906813382238295
0.5683962264150944    0.4147160164499034
0.5693396226415095    0.4125953095476028
0.5702830188679245    0.40246304323670556
0.5712264150943396    0.3895031677225514
0.5721698113207547    0.39280204512613015
0.5731132075471699    0.42414138046012856
0.5740566037735849    0.4083538957430976
0.575    0.41188840724683595
0.5759433962264151    0.4095320662442796
0.5768867924528303    0.421313771257061
0.5778301886792453    0.41235967544744423
0.5787735849056603    0.4123596754473472
0.5797169811320755    0.4128309436478584
0.5806603773584906    0.41707235745245974
0.5816037735849057    0.414009114149234
0.5825471698113207    0.40741135934197903
0.5834905660377359    0.42107813715680537
0.584433962264151    0.4121240413470915
0.585377358490566    0.4422852061799159
0.5863207547169811    0.417543625652971
0.5872641509433962    0.41825052795373785
0.5882075471698114    0.41919306435476034
0.5891509433962264    0.44016449927761475
0.5900943396226415    0.42508391686115105
0.5910377358490566    0.4189574302545047
0.5919811320754718    0.43568745137265424
0.5929245283018868    0.42814716016457494
0.5938679245283018    0.4354518172723986
0.594811320754717    0.42531955096140667
0.5957547169811321    0.4512393019895256
0.5966981132075472    0.45147493608988754
0.5976415094339622    0.43945759697674425
0.5985849056603774    0.4392219628764887
0.5995283018867925    0.4460553517839018
0.6004716981132076    0.44794042458605227
0.6014150943396226    0.4606646659997507
0.6023584905660377    0.44794042458594685
0.6033018867924529    0.4406357674780224
0.6042452830188679    0.4460553517840068
0.605188679245283    0.4349805490718873
0.6061320754716981    0.4512393019895256
0.6070754716981133    0.45972212959872816
0.6080188679245283    0.4510036678893761
0.6089622641509433    0.4538312770923375
0.6099056603773585    0.4448771812826237
0.6108490566037736    0.4710325664109983
0.6117924528301887    0.46537734800497277
0.6127358490566037    0.46254973880179573
0.6136792452830189    0.4606646659997507
0.614622641509434    0.4818717350227571
0.6155660377358491    0.4861131488274728
0.6165094339622641    0.4719751028120208
0.6174528301886792    0.5063776814493423
0.6183962264150944    0.49718795153937284
0.6193396226415094    0.4722107369123875
0.6202830188679245    0.48729131932863656
0.6212264150943396    0.5134467044570111
0.6221698113207548    0.4917683672334935
0.6231132075471698    0.5122685339558536
0.6240566037735849    0.5106190952539437
0.625    0.4898832944314485
0.6259433962264151    0.5026075358452523
0.6268867924528302    0.48917639213079667
0.6278301886792452    0.49907302434141787
0.6287735849056604    0.5044926086472973
0.6297169811320755    0.49907302434141787
0.6306603773584906    0.5294698232745184
0.6316037735849056    0.5254640435700481
0.6325471698113208    0.5174524841613568
0.6334905660377359    0.5240502389685143
0.6344339622641509    0.518630654662757
0.635377358490566    0.517923752361868
0.6363207547169811    0.5377170167833407
0.6372641509433963    0.5238146048682587
0.6382075471698113    0.5212226297655695
0.6391509433962264    0.5537401356007233
0.6400943396226415    0.5191019228631462
0.6410377358490567    0.5271134822718374
0.6419811320754717    0.5407802600867911
0.6429245283018867    0.5702345226186172
0.6438679245283019    0.5560964766032797
0.644811320754717    0.5504412581971445
0.6457547169811321    0.5556252084028992
0.6466981132075471    0.5461998443925433
0.6476415094339623    0.5527975991997008
0.6485849056603774    0.5553895743025127
0.6495283018867924    0.5487918194954844
0.6504716981132075    0.5443147715904983
0.6514150943396226    0.5523263309991896
0.6523584905660378    0.5697632544181059
0.6533018867924528    0.5391308213850015
0.6542452830188679    0.5610447927086477
0.655188679245283    0.5443147715904983
0.6561320754716982    0.5662287429142715
0.6570754716981132    0.5558608425031548
0.6580188679245282    0.5794242525285866
0.6589622641509434    0.5674069134155497
0.6599056603773585    0.5740046682227072
0.6608490566037736    0.5695276203179843
0.6617924528301886    0.5527975991997008
0.6627358490566038    0.5747115705234742
0.6636792452830189    0.571648327220151
0.664622641509434    0.5629298655108252
0.665566037735849    0.5586884517060916
0.6665094339622641    0.5742403023229629
0.6674528301886793    0.5487918194953552
0.6683962264150943    0.5754184728243765
0.6693396226415094    0.5904990552406012
0.6702830188679245    0.5626942314104372
0.6712264150943397    0.5744759364232186
0.6721698113207547    0.583194398132814
0.6731132075471697    0.5820162276313985
0.6740566037735849    0.5714126931198953
0.675    0.5751828387239853
0.6759433962264151    0.5912059575415072
0.6768867924528301    0.5657574747137604
0.6778301886792453    0.573533400022196
0.6787735849056604    0.5827231299321655
0.6797169811320755    0.5747115705236094
0.6806603773584905    0.567878181616061
0.6816037735849056    0.5763610092252636
0.6825471698113208    0.5973324441480143
0.6834905660377358    0.576596643325655
0.6844339622641509    0.5740046682227072
0.685377358490566    0.6022807602533825
0.6863207547169812    0.5886139824385561
0.6872641509433962    0.5662287429144048
0.6882075471698113    0.5940335667444356
0.6891509433962264    0.5862576414359999
0.6900943396226416    0.5928553962431574
0.6910377358490567    0.6018094920528713
0.6919811320754717    0.6088785150606834
0.6929245283018868    0.6126486606646301
0.6938679245283019    0.6067578081582393
0.6948113207547171    0.6018094920528713
0.6957547169811321    0.5848438368346038
0.6966981132075472    0.6098210514615626
0.6976415094339623    0.6003956874513375
0.6985849056603775    0.6225452928753664
0.6995283018867925    0.6171257085696322
0.7004716981132075    0.611470490163352
0.7014150943396227    0.6223096587751108
0.7023584905660378    0.609585417361307
0.7033018867924529    0.6051083694565924
0.7042452830188679    0.6333844614871252
0.7051886792452831    0.6359764365899372
0.7061320754716982    0.6369189729909597
0.7070754716981132    0.6197176836724447
0.7080188679245283    0.6084072468600288
0.7089622641509434    0.6340913637878921
0.7099056603773586    0.6644881627208681
0.7108490566037736    0.6249016338780697
0.7117924528301887    0.6383327775924935
0.7127358490566038    0.6366833388907039
0.713679245283019    0.6277292430809902
0.714622641509434    0.6489363121041494
0.715566037735849    0.6392753139935159
0.7165094339622642    0.6263154384794564
0.7174528301886793    0.617125708569487
0.7183962264150944    0.6604823830166778
0.7193396226415094    0.6630743581193344
0.7202830188679246    0.6487006780037411
0.7212264150943397    0.6421029231965835
0.7221698113207548    0.6548271646105415
0.7231132075471698    0.6911148160497539
0.7240566037735849    0.6692008447259805
0.7250000000000001    0.6802756474379951
0.7259433962264151    0.6595398466156551
0.7268867924528302    0.6717928198287925
0.7278301886792453    0.6670801378236799
0.7287735849056605    0.6746204290318599
0.7297169811320755    0.667787040124604
0.7306603773584905    0.6746204290318599
0.7316037735849057    0.6899366455484757
0.7325471698113208    0.6816894520395288
0.7334905660377359    0.6897010114483825
0.7344339622641509    0.6934711570523101
0.7353773584905661    0.7017183505612571
0.7363207547169812    0.6838101589418295
0.7372641509433963    0.6991263754586098
0.7382075471698113    0.676505501833905
0.7391509433962264    0.7017183505612571
0.7400943396226416    0.7059597643658584
0.7410377358490566    0.7281093697900587
0.7419811320754717    0.74413248860727
0.7429245283018868    0.692292986551032
0.743867924528302    0.7106724463709709
0.744811320754717    0.7163276647772745
0.745754716981132    0.7224541513837522
0.7466981132075472    0.7337645881960223
0.7476415094339623    0.7172702011781285
0.7485849056603774    0.7109080804713939
0.7495283018867924    0.7318795153939773
0.7504716981132076    0.6908791819494983
0.7514150943396227    0.7120862509725047
0.7523584905660378    0.7471957319107689
0.7533018867924528    0.7436612204067586
0.754245283018868    0.7403623430031799
0.7551886792452831    0.7420117817049693
0.7561320754716981    0.7179771034790643
0.7570754716981132    0.7585061687228631
0.7580188679245283    0.7615694120261863
0.7589622641509435    0.735885295098323
0.7599056603773585    0.7325864176949166
0.7608490566037736    0.7700522396353889
0.7617924528301887    0.7672246304323214
0.7627358490566039    0.7947938201622298
0.7636792452830189    0.8056329887741782
0.7646226415094339    0.7910236745581397
0.7655660377358491    0.7999777703678536
0.7665094339622642    0.7903167722573727
0.7674528301886793    0.7806557741470759
0.7683962264150943    0.8096387684783343
0.7693396226415095    0.805397354673733
0.7702830188679246    0.8301389352005738
0.7712264150943396    0.8185928642882407
0.7721698113207547    0.8376792264087539
0.7731132075471698    0.8197710347893262
0.774056603773585    0.8273113259975062
0.775    0.8567655885296612
0.7759433962264151    0.8638346115371285
0.7768867924528302    0.8610070023340608
0.7778301886792454    0.8595931977325271
0.7787735849056604    0.8690185617429568
0.7797169811320754    0.8921107035678036
0.7806603773584906    0.8746737801488873
0.7816037735849057    0.8822140713570673
0.7825471698113208    0.9088407246861671
0.7834905660377358    0.9182660886961782
0.784433962264151    0.9107257974879982
0.7853773584905661    0.9116683338890207
0.7863207547169812    0.9380593531178717
0.7872641509433962    0.9338179393130497
0.7882075471698113    0.9293408914081928
0.7891509433962265    0.9347604757140721
0.7900943396226415    0.9573813493388376
0.7910377358490566    1.0026230965876928
0.7919811320754717    0.9922551961764451
0.7929245283018869    0.9611514949427024
0.7938679245283019    0.9792953206626162
0.7948113207547169    1.0186462154050755
0.7957547169811321    1.0226519951094208
0.7966981132075472    1.020766922307376
0.7976415094339623    1.063887962654406
0.7985849056603773    1.0457441369344724
0.7995283018867925    1.0271290430142779
0.8004716981132076    1.0711926197620802
0.8014150943396227    1.0440946982329287
0.8023584905660377    1.0909858841835527
0.8033018867924528    1.0716638879625915
0.804245283018868    1.082031788373839
0.805188679245283    1.122560853618071
0.8061320754716981    1.0909858841835527
0.8070754716981132    1.0914571523840642
0.8080188679245284    1.1378770701344225
0.8089622641509434    1.144710459042105
0.8099056603773584    1.150836945648482
0.8108490566037736    1.1506013115482263
0.8117924528301887    1.1560208958541058
0.8127358490566038    1.16191174836077
0.8136792452830188    1.1871245970878486
0.814622641509434    1.208331666110855
0.8155660377358491    1.2066822274090656
0.8165094339622642    1.1894809380906848
0.8174528301886792    1.2257685895297714
0.8183962264150944    1.2179926642213357
0.8193396226415095    1.2434411470489435
0.8202830188679245    1.2566366566635543
0.8212264150943396    1.2646482160719499
0.8221698113207547    1.277843725686265
0.8231132075471699    1.305648549516429
0.8240566037735849    1.3110681338226169
0.825    1.2896254306990464
0.8259433962264151    1.3299188618427584
0.8268867924528303    1.3480626875624417
0.8278301886792453    1.347355785261992
0.8287735849056603    1.3513615649660204
0.8297169811320755    1.415454040235551
0.8306603773584906    1.4114482605312053
0.8316037735849057    1.4064999444261683
0.8325471698113207    1.4281782816493551
0.8334905660377359    1.4163965766365736
0.834433962264151    1.4446726686672489
0.835377358490566    1.4411381571637536
0.8363207547169811    1.4606957874846314
0.8372641509433962    1.4510347893741509
0.8382075471698114    1.4720062242969016
0.8391509433962264    1.5118283872404585
0.8400943396226415    1.5038168278314112
0.8410377358490566    1.5403401133710335
0.8419811320754718    1.5495298432810027
0.8429245283018868    1.581811715016396
0.8438679245283018    1.5379837723684773
0.844811320754717    1.5516505501833036
0.8457547169811321    1.6067889296431201
0.8466981132075472    1.5780415694123051
0.8476415094339622    1.6265821940645928
0.8485849056603774    1.6282316327663822
0.8495283018867925    1.6697032344113725
0.8504716981132076    1.6371857285764815
0.8514150943396226    1.672059575413929
0.8523584905660377    1.6218695120594804
0.8533018867924529    1.6911459375346347
0.8542452830188679    1.7307324663779875
0.855188679245283    1.6774791597198082
0.8561320754716981    1.7081115927530397
0.8570754716981133    1.7222496387683774
0.8580188679245283    1.6913815716352885
0.8589622641509433    1.7069334222517618
0.8599056603773585    1.7361520506834593
0.8608490566037736    1.7561809492051879
0.8617924528301887    1.7863421140383284
0.8627358490566037    1.7835145048348404
0.8636792452830189    1.790112259641998
0.864622641509434    1.8139113037678163
0.8655660377358491    1.8049572079585274
0.8665094339622641    1.80401467155708
0.8674528301886792    1.831819495387244
0.8683962264150944    1.8174458152716506
0.8693396226415094    1.8146182060690101
0.8702830188679245    1.8499633211069273
0.8712264150943396    1.8603312215181749
0.8721698113207548    1.9018028231631652
0.8731132075471698    1.8261642769815387
0.8740566037735849    1.8273424474823872
0.875    1.8534978326107616
0.8759433962264151    1.884130265643993
0.8768867924528302    1.8622162943206582
0.8778301886792452    1.8846015338445044
0.8787735849056604    1.8492564188061602
0.8797169811320755    1.8775325108368355
0.8806603773584906    1.8527909303104309
0.8816037735849056    1.8233366677780414
0.8825471698113208    1.8212159608757408
0.8834905660377359    1.8718772924307006
0.8844339622641509    1.8329976658889535
0.885377358490566    1.8252217405800863
0.8863207547169811    1.8124974991662826
0.8872641509433963    1.8308769589862215
0.8882075471698113    1.798595087251624
0.8891509433962264    1.7250772479714451
0.8900943396226415    1.7486406579970077
0.8910377358490567    1.7411003667888276
0.8919811320754717    1.737801489385658
0.8929245283018867    1.7050483494497166
0.8938679245283019    1.7033989107479273
0.894811320754717    1.6798355007223644
0.8957547169811321    1.6499099699902884
0.8966981132075471    1.6619273091029367
0.8976415094339623    1.5985417361341732
0.8985849056603774    1.608202734244654
0.8995283018867924    1.5554206957877597
0.9004716981132075    1.5290296765587632
0.9014150943396226    1.5337423585638759
0.9023584905660378    1.5269089696564628
0.9033018867924528    1.4809603201069639
0.9042452830188679    1.4630521284871878
0.905188679245283    1.4599888851838647
0.9061320754716982    1.4302989885516557
0.9070754716981132    1.4145115038348617
0.9080188679245282    1.3881204846058983
0.9089622641509434    1.3275625208402022
0.9099056603773585    1.3445281760586074
0.9108490566037736    1.3025853062134123
0.9117924528301886    1.2710103367788517
0.9127358490566038    1.2356652217405077
0.9136792452830189    1.2288318328330945
0.914622641509434    1.2335445148384974
0.915566037735849    1.1614404801599851
0.9165094339622641    1.1612048460597295
0.9174528301886793    1.141411581638257
0.9183962264150943    1.1152561965101448
0.9193396226415094    1.1074802712014467
0.9202830188679245    1.092164054684831
0.9212264150943397    1.0747271312659146
0.9221698113207547    1.0287784817163095
0.9231132075471697    1.0120484605979176
0.9240566037735849    1.015111703901241
0.925    0.9990885850838582
0.9259433962264151    0.9550250083362808
0.9268867924528301    0.9512548627319661
0.9278301886792453    0.9283983550071702
0.9287735849056604    0.926042014004614
0.9297169811320755    0.9093119928866785
0.9306603773584905    0.90577748138263
0.9316037735849056    0.8796220962542555
0.9325471698113208    0.8643058797376397
0.933490566037736    0.842627542514122
0.934433962264151    0.8447482494166214
0.935377358490566    0.8504034678225576
0.9363207547169812    0.8228342780926493
0.9372641509433963    0.788902967655839
0.9382075471698114    0.7733511170391496
0.9391509433962264    0.7846615538512378
0.9400943396226416    0.7594487051238857
0.9410377358490567    0.741540513504458
0.9419811320754717    0.71821273757932
0.9429245283018868    0.694178059353077
0.9438679245283019    0.692292986551032
0.9448113207547171    0.686637768144897
0.9457547169811321    0.6715571857286949
0.9466981132075472    0.6560053351116655
0.9476415094339623    0.625372902078434
0.9485849056603775    0.6244303656774114
0.9495283018867925    0.5893208847394616
0.9504716981132075    0.567878181616061
0.9514150943396227    0.5424296987884533
0.9523584905660378    0.5358319439812957
0.9533018867924529    0.5068489496499728
0.9542452830188679    0.47857285761917834
0.9551886792452831    0.4458197176836462
0.9561320754716982    0.4133022118483697
0.9570754716981132    0.38761809492059757
0.9580188679245283    0.35533622318548547
0.9589622641509434    0.30820940313436007
0.9599056603773586    0.28087584750470734
0.9608490566037736    0.27427809269761433
0.9617924528301887    0.22573746804489064
0.9627358490566038    0.20453039902188422
0.963679245283019    0.16730021118149513
0.964622641509434    0.14420806935647765
0.965566037735849    0.12771368233854982
0.9665094339622642    0.11216183172167843
0.9674528301886793    0.07799488718461253
0.9683962264150944    0.060557963765710376
0.9693396226415094    0.04241413804601286
0.9702830188679246    0.03628765143936655
0.9712264150943397    0.025448482827607713
0.9721698113207548    0.019557630321221642
0.9731132075471698    0.010367900411247586
0.9740566037735849    0.00848282760920257
0.9750000000000001    0.004948316105368166
0.9759433962264151    0.0025919751028125066
0.9768867924528302    0.0011781705012781348
0.9778301886792453    0.00023563410025562696
0.9787735849056605    0.00023563410025562696
0.9797169811320755    0.0
0.9806603773584905    0.0
0.9816037735849057    0.0
0.9825471698113208    0.0
0.9834905660377359    0.0
0.9844339622641509    0.0
0.9853773584905661    0.0
0.9863207547169812    0.0
0.9872641509433963    0.0
0.9882075471698113    0.0
0.9891509433962264    0.0
0.9900943396226416    0.0
0.9910377358490566    0.0
0.9919811320754717    0.0
0.9929245283018868    0.0
0.993867924528302    0.0
0.994811320754717    0.0
0.995754716981132    0.0
0.9966981132075472    0.0
0.9976415094339623    0.0
0.9985849056603774    0.0
0.9995283018867924    0.0