-0.9995283018867924    0.0
-0.9985849056603773    0.0
-0.9976415094339622    0.0
-0.9966981132075472    0.0
-0.995754716981132    0.0
-0.9948113207547169    0.0
-0.9938679245283019    0.0
-0.9929245283018868    0.0
-0.9919811320754717    0.0
-0.9910377358490565    0.0
-0.9900943396226415    0.0
-0.9891509433962264    0.0
-0.9882075471698113    0.0009425364010225078
-0.9872641509433961    0.007069023007669641
-0.9863207547169811    0.01861509392019453
-0.9853773584905661    0.055138379459823195
-0.9844339622641509    0.11828831832832473
-0.9834905660377358    0.24034678226076778
-0.9825471698113207    0.44723352228517993
-0.9816037735849057    0.6621318217183897
-0.9806603773584905    0.9423007669222522
-0.9797169811320754    1.2370790263421871
-0.9787735849056604    1.50711570523499
-0.9778301886792453    1.7396865621874984
-0.9768867924528302    2.0420051128152634
-0.975943396226415    2.2929554295877757
-0.975    2.63650994776021
-0.9740566037735849    2.8855751917307475
-0.9731132075471698    3.1697499166386938
-0.9721698113207546    3.4932755362900805
-0.9712264150943396    3.768260531287986
-0.9702830188679246    4.088487273535865
-0.9693396226415094    4.331897299099445
-0.9683962264150943    4.581198177170439
-0.9674528301886792    4.862074024674607
-0.9665094339622642    5.122214071357421
-0.965566037735849    5.290692453039592
-0.9646226415094339    5.479906635545506
-0.9636792452830188    5.595367344670118
-0.9627358490566038    5.575574080249302
-0.9617924528301887    5.484619317549973
-0.9608490566037735    5.451394909414572
-0.9599056603773585    5.306715571856975
-0.9589622641509434    5.106190952540037
-0.9580188679245283    5.028667333555335
-0.9570754716981131    4.971408247193803
-0.9561320754716981    4.803636767811211
-0.9551886792452831    4.657072357452759
-0.9542452830188679    4.450656885628282
-0.9533018867924528    4.333311103701489
-0.9523584905660377    4.092493053239728
-0.9514150943396227    3.9617161275983226
-0.9504716981132075    3.729852172946319
-0.9495283018867924    3.443085472935626
-0.9485849056603773    3.247273535622795
-0.9476415094339623    2.983363343336844
-0.9466981132075472    2.785901967322278
-0.945754716981132    2.6186017561410906
-0.944811320754717    2.421611648327078
-0.9438679245283019    2.2990819161944227
-0.9429245283018868    2.0688674002444047
-0.9419811320754716    1.9571768367234677
-0.9410377358490566    1.857032344114596
-0.9400943396226416    1.7703189952207337
-0.9391509433962264    1.631530510169961
-0.9382075471698113    1.5622540846949906
-0.9372641509433962    1.4738912970989466
-0.9363207547169812    1.4321840613538692
-0.935377358490566    1.360080026675479
-0.9344339622641509    1.3556029787707815
-0.9334905660377358    1.2978726242079934
-0.9325471698113208    1.2733666777815578
-0.9316037735849056    1.2300100033343728
-0.9306603773584905    1.172515282872138
-0.9297169811320755    1.1359919973323775
-0.9287735849056604    1.1364632655330225
-0.9278301886792453    1.0598821829498102
-0.9268867924528301    1.030427920417978
-0.9259433962264151    1.020766922307376
-0.925    0.9677492497499738
-0.9240566037735849    0.9672779815493486
-0.9231132075471697    0.9441858397244083
-0.9221698113207547    0.9203867955984789
-0.9212264150943397    0.8749094142492458
-0.9202830188679245    0.8765588529509323
-0.9193396226415094    0.8386217628098751
-0.9183962264150943    0.8650127820384066
-0.9174528301886793    0.8162365232855878
-0.9165094339622641    0.8112882071801236
-0.915566037735849    0.7973857952651354
-0.914622641509434    0.7983283316660641
-0.9136792452830189    0.7740580193398257
-0.9127358490566038    0.7721729465376895
-0.9117924528301886    0.7545003890186064
-0.9108490566037736    0.7123218850727603
-0.9099056603773585    0.7094942758697763
-0.9089622641509434    0.7000689118594677
-0.9080188679245282    0.6831032566411429
-0.9070754716981132    0.7019539846615126
-0.9061320754716982    0.6630743581194123
-0.905188679245283    0.7031321551627908
-0.9042452830188679    0.6849883294431882
-0.9033018867924528    0.6699077470267475
-0.9023584905660378    0.6472868734022834
-0.9014150943396226    0.641160386795561
-0.9004716981132075    0.6510570190063738
-0.8995283018867924    0.6355051683894258
-0.8985849056603774    0.6343269978882224
-0.8976415094339623    0.6390396798932603
-0.8966981132075471    0.6366833388907789
-0.8957547169811321    0.6734422585305819
-0.894811320754717    0.6588329443148105
-0.8938679245283019    0.6583616761142217
-0.8929245283018867    0.656476603312254
-0.8919811320754717    0.6364477047904484
-0.8910377358490567    0.6213671223741615
-0.8900943396226415    0.6223096587751108
-0.8891509433962264    0.603930198955243
-0.8882075471698113    0.5834300322329324
-0.8872641509433963    0.5855507391353019
-0.8863207547169811    0.5864932755362555
-0.885377358490566    0.563636767811526
-0.8844339622641509    0.5629298655106928
-0.8834905660377359    0.5714126931199626
-0.8825471698113208    0.5624585973101814
-0.8816037735849056    0.5598666222074354
-0.8806603773584906    0.5914415916416237
-0.8797169811320755    0.5714126931199626
-0.8787735849056604    0.5601022563076253
-0.8778301886792452    0.558217183505646
-0.8768867924528302    0.5612804268089034
-0.8759433962264151    0.5516194286984877
-0.875    0.5737690341224516
-0.8740566037735849    0.5497343558964424
-0.8731132075471698    0.5480849171945883
-0.8721698113207548    0.5311192619762457
-0.8712264150943396    0.5591597199066027
-0.8702830188679245    0.5306479937757344
-0.8693396226415094    0.5233433366677475
-0.8683962264150944    0.5198088251639743
-0.8674528301886792    0.5315905301766944
-0.8665094339622641    0.5122685339557933
-0.8655660377358491    0.4943603423363053
-0.864622641509434    0.5070845837501688
-0.8636792452830189    0.5108547293541993
-0.8627358490566037    0.4969523174391758
-0.8617924528301887    0.49200400133374905
-0.8608490566037736    0.49129709903304
-0.8599056603773585    0.4835211737245465
-0.8589622641509433    0.47173946871182065
-0.8580188679245283    0.4879982216294035
-0.8570754716981133    0.4945959764366192
-0.8561320754716981    0.45783705679668313
-0.855188679245283    0.4781015894187234
-0.8542452830188679    0.4781015894186671
-0.8533018867924529    0.45642325219520313
-0.8523584905660377    0.4795153940202008
-0.8514150943396226    0.4781015894187234
-0.8504716981132076    0.44817605868620247
-0.8495283018867925    0.46820495720798583
-0.8485849056603774    0.45854395909745005
-0.8476415094339622    0.4484116927865109
-0.8466981132075472    0.47456707791483266
-0.8457547169811321    0.4618428365010832
-0.844811320754717    0.463021007002307
-0.8438679245283018    0.458543959097504
-0.8429245283018868    0.4406357674780224
-0.8419811320754718    0.4731532733133546
-0.8410377358490566    0.47409580971432147
-0.8400943396226415    0.4785728576192347
-0.8391509433962264    0.45925086139821697
-0.8382075471698114    0.47221073691233195
-0.8372641509433962    0.48540624652659153
-0.8363207547169811    0.46090030010006056
-0.835377358490566    0.4717394687117652
-0.834433962264151    0.4726820051128433
-0.8334905660377359    0.47621651661662207
-0.8325471698113207    0.4792797599200016
-0.8316037735849057    0.48611314882735845
-0.8306603773584906    0.47103256641105373
-0.8297169811320755    0.47503834611534396
-0.8287735849056603    0.46702678670670755
-0.8278301886792453    0.4696187618094645
-0.8268867924528303    0.4674980549072189
-0.8259433962264151    0.47621651661662207
-0.825    0.44958986328778916
-0.8240566037735849    0.4590152272979613
-0.8231132075471699    0.4707969323107981
-0.8221698113207547    0.45265310659105934
-0.8212264150943396    0.45783705679673703
-0.8202830188679245    0.4660842503056301
-0.8193396226415095    0.4781015894187234
-0.8183962264150944    0.45430254529284875
-0.8174528301886792    0.4632566411025626
-0.816509433962264    0.4561876180949475
-0.8155660377358491    0.4684405913082415
-0.814622641509434    0.45430254529284875
-0.8136792452830188    0.45972212959872816
-0.8127358490566037    0.48069356452153555
-0.8117924528301887    0.45029676558855614
-0.8108490566037736    0.46631988440588573
-0.8099056603773584    0.47904412581968964
-0.8089622641509433    0.45123930198957873
-0.8080188679245284    0.47951539402025734
-0.8070754716981132    0.45713015449591626
-0.8061320754716981    0.4639635434033295
-0.8051886792452829    0.45736578859622573
-0.804245283018868    0.4632566411026171
-0.8033018867924528    0.44794042458594685
-0.8023584905660377    0.47621651661662207
-0.8014150943396225    0.4684405913082415
-0.8004716981132076    0.46490607980440674
-0.7995283018867925    0.4524174724908038
-0.7985849056603773    0.46113593420026194
-0.7976415094339622    0.4594864954985266
-0.7966981132075472    0.4535956429921353
-0.7957547169811321    0.44723352228517993
-0.7948113207547169    0.46254973880179573
-0.7938679245283018    0.47668778481718943
-0.7929245283018869    0.45053239968881176
-0.7919811320754717    0.463021007002307
-0.7910377358490566    0.4634922752028182
-0.7900943396226414    0.4279115260642689
-0.7891509433962265    0.4340380126709159
-0.7882075471698113    0.44511281538287933
-0.7872641509433962    0.4594864954984726
-0.786320754716981    0.4498254973880448
-0.7853773584905661    0.4625497388018502
-0.784433962264151    0.4484116927864581
-0.7834905660377358    0.4524174724908038
-0.7825471698113207    0.45123930198957873
-0.7816037735849057    0.44723352228523255
-0.7806603773584906    0.44511281538287933
-0.7797169811320754    0.43827942647546614
-0.7787735849056603    0.44652661998446563
-0.7778301886792454    0.4177792597532758
-0.7768867924528302    0.41400911414913655
-0.7759433962264151    0.4198999666555272
-0.7749999999999999    0.4307391352673368
-0.774056603773585    0.4321529398688707
-0.7731132075471698    0.40434811603865584
-0.7721698113207547    0.43285984216958673
-0.7712264150943395    0.43097476936759244
-0.7702830188679246    0.42084250305659926
-0.7693396226415095    0.42414138046012856
-0.7683962264150943    0.4041124819384002
-0.7674528301886792    0.4095320662443278
-0.7665094339622642    0.3986928976325677
-0.7655660377358491    0.40599755474044524
-0.7646226415094339    0.40694009114146773
-0.7636792452830188    0.40010670223410166
-0.7627358490566039    0.3986928976325677
-0.7617924528301887    0.4135378459486253
-0.7608490566037736    0.3970434589307314
-0.7599056603773584    0.40670445704125996
-0.7589622641509435    0.3916238746248981
-0.7580188679245283    0.3923307769256189
-0.7570754716981132    0.39916416583303205
-0.756132075471698    0.3880893631210633
-0.7551886792452831    0.39021007002336416
-0.754245283018868    0.39021007002331826
-0.7533018867924528    0.3706524397021012
-0.7523584905660377    0.38196287651441624
-0.7514150943396227    0.3923307769256651
-0.7504716981132076    0.37512948760695813
-0.7495283018867924    0.3904457041235739
-0.7485849056603773    0.3838479493164615
-0.7476415094339623    0.38549738801825106
-0.7466981132075472    0.391623874624852
-0.745754716981132    0.37795709681002565
-0.7448113207547169    0.3925664110259207
-0.743867924528302    0.4010492386351243
-0.7429245283018868    0.37230187840389056
-0.7419811320754717    0.37819273091028127
-0.7410377358490565    0.36947426920086657
-0.7400943396226416    0.36735356229856564
-0.7391509433962264    0.3612270756918761
-0.7382075471698113    0.3706524397021012
-0.7372641509433961    0.36593975769703174
-0.7363207547169812    0.3744225853062353
-0.7353773584905661    0.3840835834166719
-0.7344339622641509    0.3730087807046575
-0.7334905660377358    0.34591085917530107
-0.7325471698113208    0.36664665999779866
-0.7316037735849057    0.3614627097921318
-0.7306603773584905    0.3567500277870192
-0.7297169811320754    0.3468533955763237
-0.7287735849056605    0.35557185728578294
-0.7278301886792453    0.3664110258974999
-0.7268867924528302    0.35250861398241795
-0.725943396226415    0.359577636990129
-0.7250000000000001    0.3520373457819481
-0.7240566037735849    0.34732466377679416
-0.7231132075471698    0.3433188840724485
-0.7221698113207546    0.35910636878961777
-0.7212264150943397    0.35062354118041417
-0.7202830188679246    0.3506235411803729
-0.7193396226415094    0.33719239746580215
-0.7183962264150943    0.3485028342781133
-0.7174528301886793    0.35557185728578294
-0.7165094339622642    0.3416694453706591
-0.715566037735849    0.34543959097474913
-0.7146226415094339    0.359577636990129
-0.713679245283019    0.34543959097478977
-0.7127358490566038    0.34284761587193724
-0.7117924528301887    0.3353073246637571
-0.7108490566037735    0.3527442480827151
-0.7099056603773586    0.34143381127044364
-0.7089622641509434    0.3383705679670803
-0.7080188679245283    0.35533622318548547
-0.7070754716981131    0.35015227297990287
-0.7061320754716982    0.33200844726021744
-0.7051886792452831    0.3437901522729597
-0.7042452830188679    0.3470890296765385
-0.7033018867924528    0.3341291541625183
-0.7023584905660378    0.33978437256865407
-0.7014150943396227    0.3331866177614565
-0.7004716981132075    0.35533622318548547
-0.6995283018867924    0.3287095698566383
-0.6985849056603775    0.3287095698566383
-0.6976415094339623    0.3515660775813954
-0.6966981132075472    0.3268244970545546
-0.695754716981132    0.32635322885408174
-0.6948113207547171    0.32682449705459304
-0.6938679245283019    0.32116927864841954
-0.6929245283018868    0.3298877403578777
-0.6919811320754716    0.33035900855842787
-0.6910377358490567    0.34284761587197754
-0.6900943396226416    0.320226742247397
-0.6891509433962264    0.3272957652550658
-0.6882075471698113    0.32941647215740527
-0.6872641509433963    0.32635322885408174
-0.6863207547169812    0.3251750583527652
-0.685377358490566    0.32211181504944203
-0.6844339622641509    0.32588196065357045
-0.683490566037736    0.32682449705459304
-0.6825471698113208    0.3383705679670803
-0.6816037735849056    0.3192842058463745
-0.6806603773584905    0.3289452039568939
-0.6797169811320756    0.3287095698566383
-0.6787735849056604    0.32941647215736647
-0.6778301886792453    0.31739913304432954
-0.6768867924528301    0.32517505835280347
-0.6759433962264152    0.32470379015229217
-0.675    0.3228187173502089
-0.6740566037735849    0.3206980104479083
-0.6731132075471697    0.32588196065357045
-0.6721698113207548    0.3284739357563826
-0.6712264150943397    0.33624986106477966
-0.6702830188679245    0.3313015449594115
-0.6693396226415094    0.3223474491497356
-0.6683962264150944    0.3369567633655862
-0.6674528301886793    0.32658886295429895
-0.6665094339622641    0.3181060353450964
-0.665566037735849    0.3228187173502469
-0.6646226415094341    0.33436478826277405
-0.6636792452830189    0.3315371790596672
-0.6627358490566038    0.32918083805711085
-0.6617924528301886    0.32682449705459304
-0.6608490566037737    0.31551406024232165
-0.6599056603773585    0.3232899855507202
-0.6589622641509434    0.3155140602422845
-0.6580188679245282    0.3129220851395094
-0.6570754716981133    0.3336578859620071
-0.6561320754716982    0.30726686673333753
-0.655188679245283    0.32446815605199836
-0.6542452830188679    0.3162209625430886
-0.6533018867924529    0.31551406024232165
-0.6523584905660378    0.32965210625762215
-0.6514150943396226    0.3075025008335932
-0.6504716981132075    0.3126864510392538
-0.6495283018867926    0.3162209625430886
-0.6485849056603774    0.33271534956094523
-0.6476415094339623    0.32399688785148706
-0.6466981132075471    0.3348360564632853
-0.6457547169811322    0.3327153495609844
-0.644811320754717    0.32140491274867516
-0.6438679245283019    0.316456596643307
-0.6429245283018867    0.30985884183618595
-0.6419811320754718    0.3072668667333737
-0.6410377358490567    0.2999622096254131
-0.6400943396226415    0.30891630543512694
-0.6391509433962264    0.2999622096254484
-0.6382075471698113    0.3131577192397282
-0.6372641509433963    0.314571523841299
-0.6363207547169811    0.30915193953538256
-0.635377358490566    0.3030254529287363
-0.6344339622641508    0.30161164832723797
-0.6334905660377359    0.3089163054351633
-0.6325471698113208    0.30019784372566877
-0.6316037735849056    0.31174391463819445
-0.6306603773584905    0.2983127709236588
-0.6297169811320755    0.2978415027231475
-0.6287735849056604    0.3096232077358938
-0.6278301886792452    0.2973702345226012
-0.6268867924528301    0.29619206402135795
-0.6259433962264151    0.2945426253195684
-0.625    0.2961920640213231
-0.6240566037735849    0.3131577192397282
-0.6231132075471697    0.2950138935200797
-0.6221698113207548    0.29619206402135795
-0.6212264150943396    0.29572079582081184
-0.6202830188679245    0.29100811381569924
-0.6193396226415093    0.307738134933885
-0.6183962264150944    0.28770923641215435
-0.6174528301886792    0.30066911192617995
-0.6165094339622641    0.2921862843169774
-0.615566037735849    0.2978415027231475
-0.614622641509434    0.30608869623209545
-0.6136792452830189    0.2884161387128874
-0.6127358490566037    0.2921862843169774
-0.6117924528301886    0.294778259419824
-0.6108490566037736    0.2959564299211023
-0.6099056603773585    0.2898299433144212
-0.6089622641509433    0.27687006780036166
-0.6080188679245282    0.27569189729911603
-0.6070754716981133    0.2973702345226362
-0.6061320754716981    0.2827609203067524
-0.605188679245283    0.3049105257307813
-0.6042452830188678    0.2738068244970707
-0.6033018867924529    0.2865310659108761
-0.6023584905660377    0.2787551406024067
-0.6014150943396226    0.28040457930419604
-0.6004716981132074    0.2848816272090865
-0.5995283018867925    0.2917150161165005
-0.5985849056603774    0.2820540180059855
-0.5976415094339622    0.28488162720905297
-0.5966981132075471    0.2968989663221249
-0.5957547169811321    0.29666333222186925
-0.594811320754717    0.2891230410136543
-0.5938679245283018    0.2820540180059855
-0.5929245283018867    0.29289318661777874
-0.5919811320754718    0.27616316549962727
-0.5910377358490566    0.29689896632208995
-0.5900943396226415    0.288651772813143
-0.5891509433962263    0.2874736023118987
-0.5882075471698114    0.28087584750474043
-0.5872641509433962    0.2917150161164662
-0.5863207547169811    0.27922640880291794
-0.5853773584905659    0.2827609203067856
-0.584433962264151    0.2846459931088309
-0.5834905660377359    0.2832321885072636
-0.5825471698113207    0.2919506502167218
-0.5816037735849056    0.27592753139937165
-0.5806603773584906    0.28605979771036477
-0.5797169811320755    0.28299655440700794
-0.5787735849056603    0.2872379682116093
-0.5778301886792452    0.3011403801267267
-0.5768867924528303    0.29147938201624485
-0.5759433962264151    0.28747360231186486
-0.575    0.28535289540956427
-0.5740566037735848    0.28794487051241
-0.5731132075471699    0.28770923641215435
-0.5721698113207547    0.27427809269754977
-0.5712264150943396    0.29006557741467676
-0.5702830188679244    0.2994909414249371
-0.5693396226415095    0.2804045793042291
-0.5683962264150944    0.2912437479159549
-0.5674528301886792    0.2839390908080305
-0.566509433962264    0.2874736023118987
-0.5655660377358491    0.2775769701011612
-0.564622641509434    0.2801689452039405
-0.5636792452830188    0.2877092364121205
-0.5627358490566037    0.28794487051241
-0.5617924528301887    0.2898299433144553
-0.5608490566037736    0.2787551406024067
-0.5599056603773584    0.28488162720905297
-0.5589622641509433    0.2900655774147109
-0.5580188679245284    0.2577837056796862
-0.5570754716981132    0.3018472824274581
-0.5561320754716981    0.2961920640213231
-0.5551886792452829    0.2881805046126657
-0.554245283018868    0.2884161387129213
-0.5533018867924528    0.2912437479159549
-0.5523584905660377    0.28605979771033113
-0.5514150943396225    0.2839390908080639
-0.5504716981132076    0.2881805046126657
-0.5495283018867925    0.27309992219627166
-0.5485849056603773    0.27121484939422663
-0.5476415094339622    0.2714504834945142
-0.5466981132075472    0.28016894520397345
-0.5457547169811321    0.2832321885072636
-0.5448113207547169    0.2641458263865578
-0.5438679245283018    0.25566299877738535
-0.5429245283018869    0.262732021785055
-0.5419811320754717    0.25778370567965586
-0.5410377358490566    0.2813471157052186
-0.5400943396226414    0.2730999221963038
-0.5391509433962265    0.2646170945871002
-0.5382075471698113    0.26791597199064787
-0.5372641509433962    0.27145048349448225
-0.536320754716981    0.25236412137380615
-0.5353773584905661    0.27168611759476985
-0.534433962264151    0.27309992219627166
-0.5334905660377358    0.25943314438144527
-0.5325471698113207    0.26603089918863415
-0.5316037735849057    0.2582549738801975
-0.5306603773584906    0.26626653328885846
-0.5297169811320754    0.26720906968988095
-0.5287735849056603    0.24812270756920438
-0.5278301886792454    0.2528353895743175
-0.5268867924528302    0.25259975547403213
-0.5259433962264151    0.2561342669778665
-0.5249999999999999    0.2537779259753401
-0.524056603773585    0.23940424585974515
-0.5231132075471698    0.26555963098809154
-0.5221698113207547    0.2610825830832347
-0.5212264150943395    0.249065243970227
-0.5202830188679246    0.255898632877641
-0.5193396226415095    0.2518928531732652
-0.5183962264150943    0.24270312326329577
-0.5174528301886792    0.262025119484288
-0.5165094339622642    0.2596687784817314
-0.5155660377358491    0.26461709458706906
-0.5146226415094339    0.24835834166943083
-0.5136792452830188    0.2587262420807088
-0.5127358490566039    0.2610825830832654
-0.5117924528301887    0.26555963098809154
-0.5108490566037736    0.2509503167722427
-0.5099056603773584    0.25236412137380615
-0.5089622641509435    0.2641458263865889
-0.5080188679245283    0.2669734355896254
-0.5070754716981132    0.2615538512837459
-0.506132075471698    0.25118595087252793
-0.5051886792452831    0.255898632877641
-0.504245283018868    0.2518928531732652
-0.5033018867924528    0.26014004668221213
-0.5023584905660377    0.2577837056796862
-0.5014150943396227    0.2554273646771297
-0.5004716981132076    0.2622607535845128
-0.4995283018867924    0.24953651217070894
-0.49858490566037733    0.2589618761809645
-0.49764150943396224    0.2749849949983167
-0.49669811320754714    0.2542491941758514
-0.49575471698113205    0.2632032899855353
-0.49481132075471695    0.25472046237636276
-0.49386792452830186    0.25801933977991154
-0.49292452830188677    0.25142158497278355
-0.49198113207547167    0.24953651217070894
-0.4910377358490566    0.2528353895743175
-0.4900943396226415    0.26249638768476846
-0.4891509433962264    0.25613426697789665
-0.4882075471698113    0.26980104479269285
-0.4872641509433962    0.26603089918863415
-0.4863207547169811    0.2615538512837459
-0.485377358490566    0.2542491941758514
-0.4844339622641509    0.2490652439701977
-0.4834905660377358    0.2643814604868446
-0.48254716981132073    0.2535422918750546
-0.48160377358490564    0.2601400466822428
-0.48066037735849054    0.25542736467709964
-0.47971698113207545    0.2582549738801975
-0.47877358490566035    0.24623763476713018
-0.47783018867924526    0.2596687784817314
-0.47688679245283017    0.25283538957428775
-0.47594339622641507    0.2582549738801975
-0.475    0.24529509836610766
-0.4740566037735849    0.24388129376460257
-0.4731132075471698    0.24317439146380704
-0.4721698113207547    0.24152495276204608
-0.4712264150943396    0.2556629987773552
-0.4702830188679245    0.2554273646771297
-0.4693396226415094    0.24364565966431828
-0.4683962264150943    0.22738690674670678
-0.4674528301886792    0.22762254084693562
-0.46650943396226413    0.2474158052684374
-0.46556603773584904    0.24435256196508515
-0.46462264150943394    0.2530710236745731
-0.46367924528301885    0.23751917305767198
-0.46273584905660375    0.23115705235079725
-0.46179245283018866    0.2358697343558826
-0.46084905660377357    0.23516283205514335
-0.45990566037735847    0.23822607535843884
-0.4589622641509434    0.22785817494721808
-0.4580188679245283    0.24718017116815266
-0.4570754716981132    0.23775480715795555
-0.4561320754716981    0.2429387573635514
-0.455188679245283    0.242231855062813
-0.4542452830188679    0.24623763476713018
-0.4533018867924528    0.23681227075693295
-0.4523584905660377    0.23209958875179254
-0.4514150943396226    0.23209958875181988
-0.45047169811320753    0.23963987995997263
-0.44952830188679244    0.24882960986997135
-0.44858490566037734    0.24718017116815266
-0.44764150943396225    0.2309214182505416
-0.44669811320754715    0.2325708569523038
-0.44575471698113206    0.22597310214517285
-0.44481132075471697    0.2353984661553713
-0.44386792452830187    0.2313926864510529
-0.4429245283018868    0.2377548071579276
-0.4419811320754717    0.23869734355897818
-0.4410377358490566    0.23304212515281506
-0.4400943396226415    0.22338112704236066
-0.4391509433962264    0.23374902745358192
-0.4382075471698113    0.22196732244082673
-0.4372641509433962    0.23115705235077003
-0.4363207547169811    0.23068578415028596
-0.435377358490566    0.23563410025562695
-0.43443396226415093    0.23280649105258683
-0.43349056603773584    0.24081805046125074
-0.43254716981132074    0.22338112704236066
-0.43160377358490565    0.245059464265852
-0.43066037735849055    0.23940424585974515
-0.42971698113207546    0.22832944314770254
-0.42877358490566037    0.23351339335335378
-0.42783018867924527    0.21961098143824434
-0.4268867924528302    0.2262087362454285
-0.4259433962264151    0.2377548071579276
-0.425    0.22008224963878148
-0.4240566037735849    0.24317439146380704
-0.4231132075471698    0.22196732244082673
-0.4221698113207547    0.23610536845613822
-0.4212264150943396    0.23516283205514335
-0.4202830188679245    0.23374902745358192
-0.4193396226415094    0.22126042014005975
-0.41839622641509433    0.22927197954872502
-0.41745283018867924    0.2313926864510529
-0.41650943396226414    0.22526619984437937
-0.41556603773584905    0.22432366344338325
-0.41462264150943395    0.22762254084693562
-0.41367924528301886    0.23634100255642165
-0.41273584905660377    0.2229098588418231
-0.41179245283018867    0.22385239524287195
-0.4108490566037736    0.2177259086361993
-0.4099056603773585    0.21937534733801453
-0.4089622641509434    0.22267422474156748
-0.4080188679245283    0.21466266533290143
-0.4070754716981132    0.21984661553849996
-0.4061320754716981    0.229271979548752
-0.405188679245283    0.23445592975434879
-0.4042452830188679    0.2313926864510529
-0.4033018867924528    0.21607646993440993
-0.40235849056603773    0.216312104034691
-0.40141509433962264    0.22997888184949192
-0.40047169811320754    0.22267422474159368
-0.39952830188679245    0.20853617872622987
-0.39858490566037735    0.22290985884184933
-0.39764150943396226    0.22785817494719127
-0.39669811320754716    0.2153695676336684
-0.39575471698113207    0.22267422474156748
-0.394811320754717    0.22950761364900768
-0.3938679245283019    0.22173168834054496
-0.3929245283018868    0.22762254084696243
-0.3919811320754717    0.22785817494719127
-0.3910377358490566    0.22832944314772938
-0.3900943396226415    0.22361676114258996
-0.3891509433962264    0.22031788373903713
-0.3882075471698113    0.22314549294207875
-0.3872641509433962    0.2189040791375032
-0.38632075471698113    0.22173168834054496
-0.38537735849056604    0.21466266533290143
-0.38443396226415094    0.21725464043568807
-0.38349056603773585    0.21301322663111183
-0.38254716981132075    0.22102478603977807
-0.38160377358490566    0.21866844503724756
-0.38066037735849056    0.22738690674668002
-0.37971698113207547    0.22762254084696243
-0.3787735849056604    0.21207069023006428
-0.3778301886792453    0.22102478603980408
-0.3768867924528302    0.21701900633543242
-0.3759433962264151    0.21913971323775885
-0.375    0.21961098143824434
-0.3740566037735849    0.22526619984440588
-0.3731132075471698    0.21866844503722183
-0.3721698113207547    0.2262087362454285
-0.3712264150943396    0.21961098143824434
-0.37028301886792453    0.21937534733801453
-0.36933962264150944    0.21254195843057552
-0.36839622641509434    0.21607646993443536
-0.36745283018867925    0.21183505612980863
-0.36650943396226415    0.22432366344338325
-0.36556603773584906    0.22479493164386813
-0.36462264150943396    0.2068867400244648
-0.36367924528301887    0.21843281093696618
-0.3627358490566038    0.21937534733801453
-0.3617924528301887    0.21183505612980863
-0.3608490566037736    0.22644437034568415
-0.3599056603773585    0.21018561742801925
-0.3589622641509434    0.2106568856285553
-0.3580188679245283    0.22055351783926683
-0.3570754716981132    0.22526619984440588
-0.3561320754716981    0.2316283205512813
-0.355188679245283    0.23846170945872253
-0.35424528301886793    0.21536956763364304
-0.35330188679245284    0.22338112704236066
-0.35235849056603774    0.2377548071579276
-0.35141509433962265    0.21513393353341273
-0.35047169811320755    0.23021451594974754
-0.34952830188679246    0.22691563854619545
-0.34858490566037736    0.22267422474156748
-0.34764150943396227    0.22314549294210498
-0.3466981132075472    0.2167833722351768
-0.3457547169811321    0.22644437034568415
-0.344811320754717    0.23045015005000316
-0.3438679245283019    0.2047660331221639
-0.3429245283018868    0.2297432477492363
-0.3419811320754717    0.2167833722352023
-0.3410377358490566    0.23563410025562695
-0.3400943396226415    0.22290985884184933
-0.3391509433962264    0.21866844503722183
-0.33820754716981133    0.22950761364900768
-0.33726415094339623    0.22102478603977807
-0.33632075471698114    0.21466266533290143
-0.33537735849056605    0.20900744692674111
-0.33443396226415095    0.20712237412472048
-0.33349056603773586    0.22385239524284561
-0.33254716981132076    0.22126042014005975
-0.33160377358490567    0.2262087362454019
-0.3306603773584906    0.21513393353341273
-0.3297169811320755    0.21631210403466555
-0.3287735849056604    0.2214960542403154
-0.3278301886792453    0.21395576303210928
-0.3268867924528302    0.209478715127277
-0.3259433962264151    0.20759364232520736
-0.325    0.20806491052574308
-0.3240566037735849    0.21207069023006428
-0.3231132075471698    0.2132488607313675
-0.32216981132075473    0.21819717683671055
-0.32122641509433963    0.22055351783929278
-0.32028301886792454    0.21372012893185366
-0.31933962264150945    0.2141913971323901
-0.31839622641509435    0.21513393353338742
-0.31745283018867926    0.21560520173392403
-0.31650943396226416    0.21913971323773307
-0.31556603773584907    0.21466266533290143
-0.314622641509434    0.21819717683671055
-0.3136792452830189    0.20830054462599873
-0.3127358490566038    0.2262087362454019
-0.3117924528301887    0.2059442036234422
-0.3108490566037736    0.21843281093696618
-0.3099056603773585    0.21937534733801453
-0.3089622641509434    0.2073580082249517
-0.3080188679245283    0.21395576303213446
-0.3070754716981132    0.20971434922750798
-0.30613207547169813    0.20806491052574308
-0.30518867924528303    0.21018561742801925
-0.30424528301886794    0.2059442036234422
-0.30330188679245285    0.20900744692674111
-0.30235849056603775    0.2047660331221639
-0.30141509433962266    0.20971434922750798
-0.30047169811320756    0.2090074469267657
-0.29952830188679247    0.2141913971323649
-0.2985849056603774    0.20971434922753268
-0.2976415094339623    0.22573746804489064
-0.2966981132075472    0.22031788373903713
-0.2957547169811321    0.2203178837390112
-0.294811320754717    0.2073580082249761
-0.2938679245283019    0.20782927642546298
-0.2929245283018868    0.21348449483162313
-0.2919811320754717    0.2028809603200948
-0.2910377358490566    0.20052461931756216
-0.29009433962264153    0.2047660331221398
-0.28915094339622643    0.20099588751807346
-0.28820754716981134    0.20028898521728292
-0.28726415094339625    0.20076025341781778
-0.28632075471698115    0.1913348894075691
-0.28537735849056606    0.2064154718239535
-0.28443396226415096    0.20665110592418484
-0.28349056603773587    0.21489829943315705
-0.2825471698113208    0.1948694009114035
-0.2816037735849057    0.2137201289318788
-0.2806603773584906    0.2035878626208617
-0.2797169811320755    0.1892141825052907
-0.2787735849056604    0.19204179170833596
-0.2778301886792453    0.2153695676336684
-0.2768867924528302    0.2038234967211173
-0.27594339622641506    0.21913971323773307
-0.27499999999999997    0.21018561742804398
-0.2740566037735849    0.2028809603200948
-0.2731132075471698    0.2068867400244648
-0.2721698113207547    0.2080649105257186
-0.2712264150943396    0.19298432810938118
-0.2702830188679245    0.2012315216183054
-0.2693396226415094    0.19863954651551688
-0.2683962264150943    0.21207069023006428
-0.2674528301886792    0.20005335111705083
-0.2665094339622641    0.21254195843057552
-0.265566037735849    0.20500166722241958
-0.26462264150943393    0.20052461931753854
-0.26367924528301884    0.21725464043571363
-0.26273584905660374    0.20052461931753854
-0.26179245283018865    0.2073580082249761
-0.26084905660377355    0.2000533511170273
-0.25990566037735846    0.2038234967211413
-0.25896226415094337    0.20311659442035043
-0.2580188679245283    0.19157052350784726
-0.2570754716981132    0.18921418250526845
-0.2561320754716981    0.216312104034691
-0.255188679245283    0.20759364232520736
-0.2542452830188679    0.1913348894075916
-0.2533018867924528    0.21018561742801925
-0.2523584905660377    0.1908636212070803
-0.2514150943396226    0.19958208291651602
-0.2504716981132075    0.20146715571858476
-0.24952830188679243    0.20947871512725236
-0.24858490566037733    0.21513393353341273
-0.24764150943396224    0.20523730132265108
-0.24669811320754714    0.20665110592420918
-0.24575471698113205    0.18026008669555463
-0.24481132075471695    0.21042125152829963
-0.24386792452830186    0.20217405801932792
-0.24292452830188677    0.2038234967211413
-0.24198113207547167    0.2028809603200948
-0.24103773584905658    0.20099588751807346
-0.24009433962264148    0.19345559630986975
-0.2391509433962264    0.1991108147160282
-0.2382075471698113    0.20076025341779416
-0.2372641509433962    0.20830054462599873
-0.2363207547169811    0.18921418250526845
-0.235377358490566    0.2059442036234422
-0.23443396226415092    0.20665110592418484
-0.23349056603773582    0.2042947649216526
-0.23254716981132073    0.1967544737134485
-0.23160377358490564    0.19746137601423863
-0.23066037735849054    0.211599422029553
-0.22971698113207545    0.18850728020452373
-0.22877358490566035    0.19463376681114786
-0.22783018867924526    0.1939268645104038
-0.22688679245283017    0.1974613760142154
-0.22594339622641507    0.2042947649216526
-0.22499999999999998    0.20429476492162857
-0.22405660377358488    0.21136378792932226
-0.2231132075471698    0.2047660331221398
-0.2221698113207547    0.20830054462599873
-0.2212264150943396    0.2167833722351768
-0.2202830188679245    0.2059442036234422
-0.2193396226415094    0.20076025341779416
-0.21839622641509432    0.19321996220963683
-0.21745283018867922    0.2054729354229067
-0.21650943396226413    0.19934644881628386
-0.21556603773584904    0.21018561742801925
-0.21462264150943394    0.21937534733801453
-0.21367924528301885    0.22243859064131186
-0.21273584905660375    0.2042947649216526
-0.21179245283018866    0.19604757141268164
-0.21084905660377357    0.21230632433034488
-0.20990566037735847    0.2064154718239292
-0.20896226415094338    0.19934644881628386
-0.20801886792452828    0.20405913082137295
-0.2070754716981132    0.19628320551296036
-0.2061320754716981    0.21466266533287617
-0.205188679245283    0.2021740580193517
-0.2042452830188679    0.2073580082249517
-0.2033018867924528    0.19157052350784726
-0.20235849056603772    0.20570856952316233
-0.20141509433962262    0.2059442036234422
-0.20047169811320753    0.2156052017338987
-0.19952830188679244    0.21089251972881093
-0.19858490566037734    0.1967544737134485
-0.19764150943396225    0.20617983772369786
-0.19669811320754715    0.20594420362341798
-0.19575471698113206    0.2158408358341797
-0.19481132075471697    0.20335222852060605
-0.19386792452830187    0.2073580082249761
-0.19292452830188678    0.1974613760142154
-0.19198113207547168    0.20570856952318653
-0.1910377358490566    0.20217405801932792
-0.1900943396226415    0.21466266533290143
-0.1891509433962264    0.20900744692674111
-0.1882075471698113    0.19840391241526126
-0.1872641509433962    0.2099499833277636
-0.18632075471698112    0.19887518061577256
-0.18537735849056602    0.22149605424028934
-0.18443396226415093    0.2042947649216526
-0.18349056603773584    0.21230632433031987
-0.18254716981132074    0.2059442036234422
-0.18160377358490565    0.21254195843057552
-0.18066037735849055    0.20782927642548743
-0.17971698113207546    0.2038234967211173
-0.17877358490566037    0.20665110592420918
-0.17783018867924527    0.20947871512725236
-0.17688679245283018    0.20052461931756216
-0.17594339622641508    0.19769701011447102
-0.175    0.20994998332778833
-0.1740566037735849    0.19793264421472664
-0.1731132075471698    0.2012315216183291
-0.1721698113207547    0.2071223741246961
-0.1712264150943396    0.22126042014005975
-0.17028301886792452    0.20335222852060605
-0.16933962264150942    0.20665110592420918
-0.16839622641509433    0.2167833722351768
-0.16745283018867924    0.21560520173392403
-0.16650943396226414    0.2156052017338987
-0.16556603773584905    0.21489829943315705
-0.16462264150943395    0.2035878626208617
-0.16367924528301886    0.20547293542293088
-0.16273584905660377    0.20523730132265108
-0.16179245283018867    0.21442703123264575
-0.16084905660377358    0.20500166722239546
-0.15990566037735848    0.20453039902190828
-0.1589622641509434    0.20311659442035043
-0.1580188679245283    0.20994998332778833
-0.1570754716981132    0.22055351783926683
-0.1561320754716981    0.2047660331221639
-0.155188679245283    0.2099499833277636
-0.15424528301886792    0.22314549294210498
-0.15330188679245282    0.20453039902188422
-0.15235849056603773    0.21607646993443536
-0.15141509433962264    0.21725464043568807
-0.15047169811320754    0.21089251972881093
-0.14952830188679245    0.20947871512725236
-0.14858490566037735    0.21230632433034488
-0.14764150943396226    0.21230632433031987
-0.14669811320754716    0.21961098143827015
-0.14575471698113207    0.20240969211958357
-0.14481132075471698    0.21560520173392403
-0.14386792452830188    0.22055351783926683
-0.1429245283018868    0.22055351783929278
-0.1419811320754717    0.20429476492162857
-0.1410377358490566    0.21042125152829963
-0.1400943396226415    0.20240969211958357
-0.1391509433962264    0.2141913971323901
-0.13820754716981132    0.21961098143824434
-0.13726415094339622    0.2184328109369919
-0.13632075471698113    0.2000533511170273
-0.13537735849056604    0.19934644881628386
-0.13443396226415094    0.21654773813492115
-0.13349056603773585    0.21654773813494665
-0.13254716981132075    0.20570856952316233
-0.13160377358490566    0.2137201289318788
-0.13066037735849056    0.2106568856285305
-0.12971698113207547    0.19746137601423863
-0.12877358490566038    0.20028898521728292
-0.12783018867924528    0.209478715127277
-0.1268867924528302    0.20217405801932792
-0.1259433962264151    0.216312104034691
-0.125    0.211599422029553
-0.1240566037735849    0.2047660331221639
-0.12311320754716981    0.2106568856285305
-0.12216981132075472    0.22220295654108235
-0.12122641509433962    0.2071223741246961
-0.12028301886792453    0.21136378792932226
-0.11933962264150944    0.21584083583415428
-0.11839622641509434    0.20665110592420918
-0.11745283018867925    0.19958208291651602
-0.11650943396226415    0.19439813271091513
-0.11556603773584906    0.20193842391907232
-0.11462264150943396    0.2012315216183291
-0.11367924528301887    0.20971434922750798
-0.11273584905660378    0.21042125152829963
-0.11179245283018868    0.21112815382904176
-0.11084905660377359    0.20994998332778833
-0.1099056603773585    0.21207069023006428
-0.1089622641509434    0.20924308102702138
-0.1080188679245283    0.20193842391907232
-0.10707547169811321    0.21254195843060053
-0.10613207547169812    0.2229098588418231
-0.10518867924528302    0.21961098143827015
-0.10424528301886793    0.2071223741246961
-0.10330188679245284    0.21136378792932226
-0.10235849056603774    0.20311659442035043
-0.10141509433962265    0.21018561742804398
-0.10047169811320755    0.22385239524284561
-0.09952830188679246    0.21654773813494665
-0.09858490566037736    0.1932199622096141
-0.09764150943396227    0.22078915193954846
-0.09669811320754718    0.22880071134821378
-0.09575471698113208    0.20782927642548743
-0.09481132075471699    0.2061798377236736
-0.0938679245283019    0.21018561742804398
-0.0929245283018868    0.20947871512725236
-0.0919811320754717    0.21607646993443536
-0.09103773584905661    0.2106568856285305
-0.09009433962264152    0.21654773813494665
-0.08915094339622642    0.21631210403466555
-0.08820754716981133    0.22903634544849635
-0.08726415094339623    0.22455929754361248
-0.08632075471698114    0.21961098143827015
-0.08537735849056605    0.22196732244080059
-0.08443396226415095    0.21866844503724756
-0.08349056603773586    0.22008224963875556
-0.08254716981132076    0.22031788373903713
-0.08160377358490567    0.21749027453594366
-0.08066037735849058    0.2297432477492633
-0.07971698113207548    0.22479493164386813
-0.07877358490566039    0.22809380904747376
-0.0778301886792453    0.21466266533287617
-0.0768867924528302    0.21913971323775885
-0.0759433962264151    0.21442703123262052
-0.07500000000000001    0.23021451594977463
-0.07405660377358492    0.23516283205511573
-0.07311320754716982    0.22950761364900768
-0.07216981132075473    0.21819717683671055
-0.07122641509433963    0.21230632433034488
-0.07028301886792454    0.23351339335332633
-0.06933962264150945    0.22031788373903713
-0.06839622641509435    0.22173168834054496
-0.06745283018867926    0.21348449483162313
-0.06650943396226416    0.21725464043568807
-0.06556603773584907    0.2141913971323901
-0.06462264150943398    0.22267422474156748
-0.06367924528301888    0.20288096032011868
-0.06273584905660379    0.22455929754361248
-0.06179245283018869    0.229271979548752
-0.0608490566037736    0.21984661553849996
-0.059905660377358505    0.22008224963878148
-0.05896226415094341    0.22432366344335686
-0.05801886792452832    0.23162832055130855
-0.05707547169811322    0.22173168834054496
-0.05613207547169813    0.22832944314772938
-0.055188679245283034    0.2353984661553713
-0.05424528301886794    0.2120706902300892
-0.053301886792452846    0.22008224963875556
-0.05235849056603775    0.22597310214517285
-0.05141509433962266    0.23068578415025878
-0.050471698113207564    0.2240880293431276
-0.04952830188679247    0.22196732244080059
-0.048584905660377375    0.21961098143827015
-0.04764150943396228    0.22927197954872502
-0.04669811320754719    0.22290985884184933
-0.04575471698113209    0.22196732244080059
-0.044811320754717    0.22997888184951898
-0.043867924528301905    0.24341002556406263
-0.04292452830188681    0.22597310214517285
-0.04198113207547172    0.20971434922750798
-0.04103773584905662    0.2167833722352023
-0.04009433962264153    0.213484494831598
-0.039150943396226434    0.23068578415028596
-0.03820754716981134    0.21042125152827487
-0.037264150943396246    0.2240880293431276
-0.03632075471698115    0.2167833722351768
-0.03537735849056606    0.22126042014005975
-0.034433962264150964    0.225501833944635
-0.033490566037735814    0.21913971323773307
-0.03254716981132072    0.22597310214517285
-0.031603773584905626    0.21536956763364304
-0.03066037735849053    0.2214960542403154
-0.029716981132075437    0.21183505612980863
-0.028773584905660343    0.21937534733801453
-0.02783018867924525    0.22243859064131186
-0.026886792452830155    0.2396398799600008
-0.02594339622641506    0.20853617872622987
-0.024999999999999967    0.2137201289318788
-0.024056603773584873    0.2156052017338987
-0.02311320754716978    0.22573746804491718
-0.022169811320754684    0.21536956763364304
-0.02122641509433959    0.20335222852062998
-0.020283018867924496    0.20594420362341798
-0.019339622641509402    0.22243859064133803
-0.018396226415094308    0.22361676114258996
-0.017452830188679214    0.21866844503724756
-0.01650943396226412    0.22196732244080059
-0.015566037735849025    0.23209958875181988
-0.014622641509433931    0.22078915193952245
-0.013679245283018837    0.22173168834057105
-0.012735849056603743    0.21890407913747745
-0.011792452830188649    0.21796154273648058
-0.010849056603773555    0.23351339335332633
-0.00990566037735846    0.20523730132267523
-0.008962264150943366    0.21018561742801925
-0.008018867924528272    0.21819717683673623
-0.007075471698113178    0.2280938090474469
-0.006132075471698084    0.21018561742804398
-0.00518867924528299    0.22196732244080059
-0.004245283018867896    0.22832944314772938
-0.0033018867924528017    0.22220295654105623
-0.0023584905660377076    0.22102478603980408
-0.0014150943396226134    0.21254195843057552
-0.0004716981132075193    0.22385239524287195
0.0004716981132075748    0.23657663665664946
0.0014150943396227245    0.2193753473379887
0.002358490566037763    0.22715127264647783
0.0033018867924528017    0.21913971323773307
0.004245283018867951    0.21961098143824434
0.005188679245283101    0.21961098143824434
0.00613207547169814    0.21136378792934715
0.007075471698113178    0.23092141825051443
0.008018867924528328    0.21089251972878612
0.008962264150943478    0.23139268645102568
0.009905660377358516    0.22432366344340965
0.010849056603773555    0.1993464488162604
0.011792452830188704    0.22503056574412372
0.012735849056603854    0.22008224963875556
0.013679245283018893    0.2184328109370176
0.014622641509433931    0.22573746804489064
0.015566037735849081    0.21466266533287617
0.01650943396226423    0.22880071134821378
0.01745283018867927    0.22338112704238694
0.018396226415094308    0.22173168834054496
0.019339622641509457    0.23092141825051443
0.020283018867924607    0.22668000444591316
0.021226415094339646    0.24647326886744383
0.022169811320754684    0.225501833944635
0.023113207547169834    0.22715127264642437
0.024056603773584984    0.22997888184949192
0.025000000000000022    0.22196732244085285
0.02594339622641506    0.2358697343558826
0.02688679245283021    0.22738690674668002
0.02783018867924536    0.22432366344335686
0.0287735849056604    0.23186395465159151
0.029716981132075437    0.23422029565409322
0.030660377358490587    0.2384617094586945
0.03160377358490574    0.23469156385460443
0.032547169811320775    0.2198466155385517
0.033490566037735814    0.2332777592530707
0.034433962264150964    0.2132488607313424
0.03537735849056611    0.21913971323773307
0.03632075471698115    0.2386973435590063
0.03726415094339619    0.22173168834054496
0.03820754716981134    0.22856507724795813
0.03915094339622649    0.21489829943313177
0.04009433962264153    0.2278581749472449
0.04103773584905657    0.22078915193952245
0.04198113207547172    0.22455929754361248
0.042924528301886866    0.22479493164386813
0.043867924528301905    0.214427031232671
0.04481132075471694    0.22008224963875556
0.04575471698113209    0.22078915193952245
0.04669811320754724    0.225501833944635
0.04764150943396228    0.22455929754366535
0.04858490566037732    0.22078915193952245
0.04952830188679247    0.23068578415025878
0.05047169811320762    0.22715127264642437
0.05141509433962266    0.2141913971324153
0.052358490566037696    0.2113637879292974
0.053301886792452846    0.21536956763364304
0.054245283018867996    0.22361676114258996
0.055188679245283034    0.23233522285210287
0.05613207547169807    0.23092141825051443
0.05707547169811322    0.2156052017338987
0.05801886792452837    0.21631210403466555
0.05896226415094341    0.2238523952428983
0.05990566037735845    0.21866844503722183
0.0608490566037736    0.21301322663108677
0.06179245283018875    0.2177259086361993
0.06273584905660379    0.20971434922755736
0.06367924528301883    0.21961098143824434
0.06462264150943398    0.22691563854616875
0.06556603773584913    0.22503056574412372
0.06650943396226416    0.21324886073139257
0.0674528301886792    0.21230632433031987
0.06839622641509435    0.21631210403466555
0.0693396226415095    0.2141913971323649
0.07028301886792454    0.23021451594980172
0.07122641509433958    0.21536956763364304
0.07216981132075473    0.213484494831598
0.07311320754716988    0.20193842391907232
0.07405660377358492    0.2050016672224437
0.07499999999999996    0.20665110592418484
0.0759433962264151    0.21277759253083114
0.07688679245283025    0.22055351783926683
0.0778301886792453    0.21372012893190395
0.07877358490566033    0.21725464043568807
0.07971698113207548    0.21701900633543242
0.08066037735849063    0.2087718128264855
0.08160377358490567    0.2170190063354835
0.08254716981132071    0.2106568856285305
0.08349056603773586    0.21277759253083114
0.08443396226415101    0.21442703123262052
0.08537735849056605    0.22290985884187556
0.08632075471698109    0.22856507724795813
0.08726415094339623    0.22668000444591316
0.08820754716981138    0.21489829943313177
0.08915094339622642    0.2158408358342051
0.09009433962264146    0.21112815382904176
0.09103773584905661    0.21442703123262052
0.09198113207547176    0.20052461931753854
0.0929245283018868    0.21749027453599487
0.09386792452830184    0.2203178837390112
0.09481132075471699    0.22997888184949192
0.09575471698113214    0.22856507724795813
0.09669811320754718    0.21913971323778467
0.09764150943396221    0.20523730132265108
0.09858490566037736    0.2167833722351768
0.09952830188679251    0.213484494831598
0.10047169811320755    0.21772590863625055
0.10141509433962259    0.22220295654105623
0.10235849056603774    0.22055351783926683
0.10330188679245289    0.211599422029553
0.10424528301886793    0.22573746804494377
0.10518867924528297    0.2297432477492363
0.10613207547169812    0.21631210403466555
0.10707547169811327    0.22196732244080059
0.1080188679245283    0.2252661998444324
0.10896226415094334    0.22597310214514624
0.1099056603773585    0.21819717683671055
0.11084905660377364    0.23492719795486008
0.11179245283018868    0.2280938090475006
0.11273584905660372    0.21536956763364304
0.11367924528301887    0.22126042014003372
0.11462264150943402    0.22220295654105623
0.11556603773584906    0.2104212515283244
0.1165094339622641    0.21913971323773307
0.11745283018867925    0.22762254084693562
0.1183962264150944    0.21042125152827487
0.11933962264150944    0.2198466155385517
0.12028301886792447    0.2262087362454019
0.12122641509433962    0.21183505612980863
0.12216981132075477    0.22173168834054496
0.12311320754716981    0.23233522285210287
0.12405660377358485    0.22055351783926683
0.125    0.21913971323773307
0.12594339622641515    0.21961098143824434
0.1268867924528302    0.2250305657441767
0.12783018867924523    0.2297432477492363
0.12877358490566038    0.22196732244080059
0.12971698113207553    0.22880071134821378
0.13066037735849056    0.2276225408469892
0.1316037735849056    0.22126042014003372
0.13254716981132075    0.2229098588418231
0.1334905660377359    0.22479493164386813
0.13443396226415094    0.21489829943318237
0.13537735849056598    0.23445592975434879
0.13632075471698113    0.21890407913747745
0.13726415094339628    0.21725464043568807
0.13820754716981132    0.23374902745363693
0.13915094339622636    0.2177259086361993
0.1400943396226415    0.21819717683671055
0.14103773584905666    0.22432366344335686
0.1419811320754717    0.2250305657441767
0.14292452830188673    0.22479493164386813
0.14386792452830188    0.22267422474156748
0.14481132075471703    0.23304212515281506
0.14575471698113207    0.21277759253088122
0.1466981132075471    0.21819717683671055
0.14764150943396226    0.2325708569523038
0.1485849056603774    0.23092141825051443
0.14952830188679245    0.2295076136490347
0.15047169811320749    0.22361676114258996
0.15141509433962264    0.22455929754361248
0.15235849056603779    0.22526619984437937
0.15330188679245282    0.2424674891630972
0.15424528301886786    0.2353984661553713
0.155188679245283    0.23869734355895011
0.15613207547169816    0.22668000444591316
0.1570754716981132    0.24199622096258583
0.15801886792452824    0.2297432477492363
0.1589622641509434    0.23139268645102568
0.15990566037735854    0.21890407913747745
0.16084905660377358    0.23398466155389264
0.16179245283018862    0.23634100255639381
0.16273584905660377    0.2297432477492363
0.16367924528301891    0.22503056574412372
0.16462264150943395    0.21937534733804032
0.165566037735849    0.23751917305767198
0.16650943396226414    0.23516283205511573
0.1674528301886793    0.2353984661553713
0.16839622641509433    0.23209958875184716
0.16933962264150937    0.23822607535843884
0.17028301886792452    0.2332777592530707
0.17122641509433967    0.23516283205511573
0.1721698113207547    0.2316283205513358
0.17311320754716975    0.24411692786482955
0.1740566037735849    0.2297432477492363
0.17500000000000004    0.2297432477492363
0.17594339622641508    0.2306857841503131
0.17688679245283012    0.22927197954872502
0.17783018867924527    0.23963987995997263
0.17877358490566042    0.23704790485716074
0.17971698113207546    0.2516572190730688
0.1806603773584905    0.23092141825051443
0.18160377358490565    0.25212848727352083
0.1825471698113208    0.2389329776592057
0.18349056603773584    0.24906524397025634
0.18443396226415087    0.23445592975434879
0.18537735849056602    0.24435256196508515
0.18632075471698117    0.2410536845615064
0.1872641509433962    0.2250305657441767
0.18820754716981125    0.25495609647658835
0.1891509433962264    0.23634100255639381
0.19009433962264155    0.253306657774799
0.1910377358490566    0.24435256196514266
0.19198113207547163    0.23963987995997263
0.19292452830188678    0.24977214627096456
0.19386792452830193    0.25754807157940024
0.19481132075471697    0.23940424585977335
0.195754716981132    0.24553073246636328
0.19669811320754715    0.24859397576968642
0.1976415094339623    0.24411692786482955
0.19858490566037734    0.23940424585977335
0.19952830188679238    0.24341002556406263
0.20047169811320753    0.24011114816048387
0.20141509433962268    0.23657663665664946
0.20235849056603772    0.24576636656667675
0.20330188679245276    0.24364565966431828
0.2042452830188679    0.23186395465153692
0.20518867924528306    0.24435256196508515
0.2061320754716981    0.23799044125823926
0.20707547169811313    0.25142158497275396
0.20801886792452828    0.25259975547403213
0.20896226415094343    0.23516283205511573
0.20990566037735858    0.2379904412581832
0.21084905660377362    0.25142158497281314
0.21179245283018866    0.24317439146380704
0.2127358490566038    0.25401356007556586
0.21367924528301896    0.2507146826719871
0.214622641509434    0.25377792597536997
0.21556603773584904    0.2438812937645739
0.2165094339622642    0.2516572190730096
0.21745283018867934    0.25542736467709964
0.21839622641509437    0.2535422918751143
0.2193396226415094    0.25283538957428775
0.22028301886792456    0.245059464265852
0.2212264150943397    0.24694453706789704
0.22216981132075475    0.24364565966437562
0.2231132075471698    0.23068578415025878
0.22405660377358494    0.2516572190730096
0.2250000000000001    0.23963987995997263
0.22594339622641513    0.23469156385465967
0.22688679245283017    0.24812270756917518
0.22783018867924532    0.241289318661762
0.22877358490566047    0.24576636656661893
0.2297169811320755    0.23775480715798356
0.23066037735849054    0.25142158497275396
0.2316037735849057    0.23728353895741633
0.23254716981132084    0.2615538512837459
0.23349056603773588    0.24812270756923357
0.23443396226415092    0.270979215293971
0.23537735849056607    0.24482383016559642
0.23632075471698122    0.24930087807045334
0.23726415094339626    0.22078915193957444
0.2382075471698113    0.2429387573635514
0.23915094339622645    0.23280649105255943
0.2400943396226416    0.23822607535843884
0.24103773584905663    0.24482383016565404
0.24198113207547167    0.2568411692786334
0.24292452830188682    0.23869734355895011
0.24386792452830197    0.25495609647658835
0.244811320754717    0.2518928531733245
0.24575471698113205    0.2368122707569051
0.2466981132075472    0.24835834166943083
0.24764150943396235    0.24435256196508515
0.2485849056603774    0.23092141825056878
0.24952830188679243    0.24411692786482955
0.2504716981132076    0.23916861175946136
0.2514150943396227    0.2415249527620176
0.25235849056603776    0.24364565966437562
0.2533018867924528    0.23351339335332633
0.25424528301886795    0.2410536845615064
0.2551886792452831    0.239404245859717
0.25613207547169814    0.23799044125823926
0.2570754716981132    0.23963987995997263
0.25801886792452833    0.24364565966431828
0.2589622641509435    0.24176058686227325
0.2599056603773585    0.23445592975440402
0.26084905660377355    0.2368122707569051
0.2617924528301887    0.23610536845613822
0.26273584905660385    0.22856507724795813
0.2636792452830189    0.24882960987000063
0.26462264150943393    0.23963987995997263
0.2655660377358491    0.24670890296764145
0.26650943396226423    0.2353984661553713
0.26745283018867927    0.23469156385465967
0.2683962264150943    0.241289318661762
0.26933962264150946    0.2316283205512813
0.2702830188679246    0.25660553517837775
0.27122641509433965    0.24199622096258583
0.2721698113207547    0.245059464265852
0.27311320754716983    0.25024341447147586
0.274056603773585    0.24670890296764145
0.275    0.24176058686233018
0.27594339622641506    0.253306657774799
0.2768867924528302    0.24953651217070894
0.27783018867924536    0.24246748916304012
0.2787735849056604    0.24553073246642104
0.27971698113207544    0.24623763476713018
0.2806603773584906    0.24176058686227325
0.28160377358490574    0.24435256196508515
0.2825471698113208    0.24600200066693245
0.2834905660377358    0.2558986328776109
0.28443396226415096    0.24953651217070894
0.2853773584905661    0.2429387573635514
0.28632075471698115    0.2384617094587506
0.2872641509433962    0.2410536845615064
0.28820754716981134    0.24953651217070894
0.2891509433962265    0.25943314438144527
0.29009433962264153    0.24647326886744383
0.29103773584905657    0.2587262420806784
0.2919811320754717    0.2474158052684083
0.29292452830188687    0.25236412137377645
0.2938679245283019    0.25919751028125065
0.29481132075471694    0.2669734355896254
0.2957547169811321    0.2643814604868135
0.29669811320754724    0.2643814604868135
0.2976415094339623    0.2528353895743472
0.2985849056603773    0.2547204623763328
0.29952830188679247    0.2561342669778665
0.3004716981132076    0.2617894853840016
0.30141509433962266    0.2721573857953132
0.3023584905660377    0.25401356007556586
0.30330188679245285    0.2573124374791447
0.304245283018868    0.26037568078246776
0.30518867924528303    0.27097921529403474
0.3061320754716981    0.2596687784817009
0.3070754716981132    0.2568411692786334
0.3080188679245284    0.26980104479269285
0.3089622641509434    0.26343892408585295
0.30990566037735845    0.26061131488272343
0.3108490566037736    0.2509503167722427
0.31179245283018875    0.27427809269754977
0.3127358490566038    0.2530710236746029
0.3136792452830188    0.2733355562965272
0.314622641509434    0.25919751028118965
0.3155660377358491    0.2806402134044517
0.31650943396226416    0.27427809269761433
0.3174528301886792    0.2738068244970385
0.31839622641509435    0.26202511948425716
0.3193396226415095    0.2669734355896254
0.32028301886792454    0.27592753139940407
0.3212264150943396    0.27545626319882793
0.32216981132075473    0.2669734355896254
0.3231132075471699    0.2669734355896254
0.3240566037735849    0.2780482383017053
0.32499999999999996    0.27687006780036166
0.3259433962264151    0.26815160609090344
0.32688679245283025    0.2693297765921816
0.3278301886792453    0.26438146048687566
0.32877358490566033    0.27309992219627166
0.3297169811320755    0.2825252862064967
0.33066037735849063    0.27569189729908355
0.33160377358490567    0.2650883627876427
0.3325471698113207    0.258961876180934
0.33349056603773586    0.2813471157052186
0.334433962264151    0.2613182171834903
0.33537735849056605    0.2639101922863643
0.3363207547169811    0.2693297765921816
0.33726415094339623    0.2780482383016398
0.3382075471698114    0.26461709458706906
0.3391509433962264    0.2707435811937791
0.34009433962264146    0.2596687784817009
0.3410377358490566    0.26367455818604657
0.34198113207547176    0.2617894853840016
0.3429245283018868    0.2716861175948018
0.34386792452830184    0.27663443370010604
0.344811320754717    0.25660553517837775
0.34575471698113214    0.2648527286873247
0.3466981132075472    0.2561342669779268
0.3476415094339622    0.25754807157940024
0.34858490566037736    0.24411692786482955
0.3495283018867925    0.26555963098809154
0.35047169811320755    0.2674447037901995
0.3514150943396226    0.2535422918750546
0.35235849056603774    0.26343892408579095
0.3533018867924529    0.27262865399576036
0.35424528301886793    0.2667378014894325
0.35518867924528297    0.25754807157940024
0.3561320754716981    0.26273202178502403
0.35707547169811327    0.26202511948425716
0.3580188679245283    0.25966877848176206
0.35896226415094334    0.2530710236745433
0.3599056603773585    0.258961876180934
0.36084905660377364    0.26273202178502403
0.3617924528301887    0.2657952650884098
0.3627358490566037    0.26014004668221213
0.36367924528301887    0.26603089918860284
0.364622641509434    0.26626653328885846
0.36556603773584906    0.2568411692786938
0.3665094339622641    0.2530710236745433
0.36745283018867925    0.2683872401911591
0.3683962264150944    0.2683872401911591
0.36933962264150944    0.2533066577748586
0.3702830188679245    0.28488162720905297
0.3712264150943396    0.25919751028118965
0.3721698113207548    0.27404245859729415
0.3731132075471698    0.26956541069250073
0.37405660377358485    0.27286428809601604
0.375    0.27522062909857226
0.37594339622641515    0.27427809269754977
0.3768867924528302    0.2646170945871314
0.3778301886792452    0.269094142491926
0.3787735849056604    0.2796976770034292
0.3797169811320755    0.26862287429141474
0.38066037735849056    0.29430699121934734
0.3816037735849056    0.2733355562965272
0.38254716981132075    0.27946204290317356
0.3834905660377359    0.28040457930419604
0.38443396226415094    0.269329776592245
0.385377358490566    0.29430699121927806
0.38632075471698113    0.28346782260751924
0.3872641509433963    0.2721573857952492
0.3882075471698113    0.2879448705124439
0.38915094339622636    0.288651772813143
0.3900943396226415    0.2870023341113536
0.39103773584905666    0.2945426253195337
0.3919811320754717    0.28441035900860867
0.39292452830188673    0.2893586751139099
0.3938679245283019    0.29949094142490185
0.39481132075471703    0.2924219184172331
0.39575471698113207    0.2898299433144894
0.3966981132075471    0.2891230410136543
0.39764150943396226    0.29312882071799995
0.3985849056603774    0.2855885295098199
0.39952830188679245    0.2884161387129553
0.4004716981132075    0.3098588418361494
0.40141509433962264    0.27309992219627166
0.4023584905660378    0.2796976770034292
0.4033018867924528    0.28629543181065414
0.40424528301886786    0.3004334778259244
0.405188679245283    0.3034967211292475
0.40613207547169816    0.2855885295098199
0.4070754716981132    0.299019673224461
0.40801886792452824    0.30114038012669125
0.4089622641509434    0.2872379682116093
0.40990566037735854    0.2846459931087974
0.4108490566037736    0.29265755251755754
0.4117924528301886    0.2907724797154437
0.41273584905660377    0.29336445481825557
0.4136792452830189    0.27922640880291794
0.41462264150943395    0.29477825941985875
0.415566037735849    0.2801689452039405
0.41650943396226414    0.30726686673333753
0.4174528301886793    0.29053684561518806
0.41839622641509433    0.29925530732471667
0.41933962264150937    0.3042036234300144
0.4202830188679245    0.30114038012669125
0.42122641509433967    0.3056174280315482
0.4221698113207547    0.3157496943426144
0.42311320754716975    0.2780482383016398
0.4240566037735849    0.29689896632208995
0.42500000000000004    0.2947782594197893
0.4259433962264151    0.28087584750477346
0.4268867924528301    0.2992553073246462
0.42783018867924527    0.2926575525174887
0.4287735849056604    0.30396798932975877
0.42971698113207546    0.2933644548183246
0.4306603773584905    0.2973702345226012
0.43160377358490565    0.30467489163052563
0.4325471698113208    0.29289318661774427
0.43349056603773584    0.289358675113978
0.4344339622641509    0.29689896632208995
0.435377358490566    0.2921862843169774
0.4363207547169812    0.2844103590085417
0.4372641509433962    0.3056174280316201
0.43820754716981125    0.29407135711902244
0.4391509433962264    0.28747360231186486
0.44009433962264155    0.2990196732243906
0.4410377358490566    0.3032610870290633
0.4419811320754716    0.2947782594197893
0.4429245283018868    0.3138646215404951
0.4438679245283019    0.29548516172055617
0.44481132075471697    0.31834166944542697
0.445754716981132    0.3023185506279694
0.44669811320754715    0.3013760142269469
0.4476415094339623    0.29407135711902244
0.44858490566037745    0.28605979771033113
0.4495283018867925    0.3051461598311087
0.45047169811320753    0.3034967211292475
0.4514150943396227    0.2917150161164662
0.45235849056603783    0.302554184728225
0.45330188679245287    0.314571523841336
0.4542452830188679    0.3223474491496977
0.45518867924528306    0.31339335333998386
0.4561320754716982    0.3096232077358938
0.45707547169811324    0.31433588974108034
0.4580188679245283    0.3141002556407507
0.45896226415094343    0.30655996443257066
0.4599056603773586    0.31080137823717197
0.4608490566037736    0.32093364454823947
0.46179245283018866    0.3030254529287363
0.4627358490566038    0.3150427920417732
0.46367924528301896    0.31339335333998386
0.464622641509434    0.3070312326331542
0.46556603773584904    0.3223474491496977
0.4665094339622642    0.3313015449594115
0.46745283018867934    0.31692786484381824
0.4683962264150944    0.3214049127487508
0.4693396226415094    0.31080137823717197
0.47028301886792456    0.3228187173502089
0.4712264150943397    0.3268244970545546
0.47216981132075475    0.309387573635711
0.4731132075471698    0.320226742247397
0.47405660377358494    0.3079737690341044
0.4750000000000001    0.2964276981215787
0.4759433962264151    0.32470379015233036
0.47688679245283017    0.3157496943425401
0.4778301886792453    0.32941647215736647
0.47877358490566047    0.3383705679670803
0.4797169811320755    0.3341291541625577
0.48066037735849054    0.32564632655327647
0.4816037735849057    0.3098588418361494
0.48254716981132084    0.3456752250750047
0.4834905660377359    0.3374280315661372
0.4844339622641509    0.3251750583527652
0.48537735849056607    0.3247037901522539
0.4863207547169812    0.3310659108591559
0.48726415094339626    0.3228187173502849
0.4882075471698113    0.33601422696452404
0.48915094339622645    0.32918083805711085
0.4900943396226416    0.3148071579415176
0.49103773584905663    0.3126864510392906
0.49198113207547167    0.31999110814714143
0.4929245283018868    0.3162209625430514
0.49386792452830197    0.3206980104479083
0.494811320754717    0.3249394242525861
0.49575471698113205    0.33672112926529096
0.4966981132075472    0.32140491274867516
0.49764150943396235    0.32140491274867516
0.4985849056603774    0.3254106924530974
0.4995283018867924    0.31692786484381824
0.5004716981132076    0.33483605646324593
0.5014150943396227    0.3155140602422845
0.5023584905660378    0.3261175947538645
0.5033018867924528    0.3268244970545546
0.504245283018868    0.3105657441369163
0.5051886792452831    0.32800266755583274
0.5061320754716981    0.3277670334556542
0.5070754716981132    0.3355429587640128
0.5080188679245283    0.3247037901522539
0.5089622641509435    0.3310659108591559
0.5099056603773585    0.33012337445821105
0.5108490566037736    0.33412915416247907
0.5117924528301887    0.34237634767142594
0.5127358490566039    0.33672112926529096
0.5136792452830189    0.329416472157444
0.5146226415094339    0.3501522729798616
0.5155660377358491    0.354393686784463
0.5165094339622642    0.34732466377679416
0.5174528301886793    0.3254106924530974
0.5183962264150943    0.3355429587640128
0.5193396226415095    0.3470890296765385
0.5202830188679246    0.33083027675890025
0.5212264150943396    0.34355451817278493
0.5221698113207547    0.33365788596196777
0.5231132075471698    0.34543959097474913
0.524056603773585    0.3272957652550658
0.525    0.3499166388796884
0.5259433962264151    0.34920973657883914
0.5268867924528302    0.3338935200622234
0.5278301886792454    0.3433188840724485
0.5287735849056604    0.33130154495948944
0.5297169811320754    0.3129220851394726
0.5306603773584906    0.3477959319773054
0.5316037735849057    0.33978437256861405
0.5325471698113208    0.34355451817278493
0.5334905660377358    0.3416694453706591
0.534433962264151    0.33271534956094523
0.5353773584905661    0.3452039568744935
0.5363207547169812    0.33624986106485877
0.5372641509433962    0.34025564076912534
0.5382075471698113    0.3242325219517427
0.5391509433962265    0.3416694453706591
0.5400943396226415    0.3536867844837793
0.5410377358490566    0.33766366566631345
0.5419811320754717    0.3390774702678472
0.5429245283018869    0.33860620206733594
0.5438679245283019    0.3452039568745747
0.5448113207547169    0.3487384683783279
0.5457547169811321    0.34143381127040345
0.5466981132075472    0.3289452039568552
0.5476415094339623    0.3470890296766202
0.5485849056603773    0.33507169056350156
0.5495283018867925    0.3407269089696366
0.5504716981132076    0.34756029787704973
0.5514150943396227    0.33695676336562586
0.5523584905660377    0.34284761587193724
0.5533018867924528    0.33012337445813333
0.554245283018868    0.33672112926529096
0.555188679245283    0.33059464265872246
0.5561320754716981    0.32140491274867516
0.5570754716981132    0.3503879070801173
0.5580188679245284    0.3426119817716816
0.5589622641509434    0.3536867844837793
0.5599056603773584    0.33766366566631345
0.5608490566037736    0.33695676336554653
0.5617924528301887    0.33695676336554653
0.5627358490566038    0.34920973657892135
0.5636792452830188    0.32446815605199836
0.564622641509434    0.33978437256861405
0.5655660377358491    0.3353073246637571
0.5665094339622642    0.33059464265872246
0.5674528301886792    0.337899299766569
0.5683962264150944    0.3437901522729597
0.5693396226415095    0.33412915416247907
0.5702830188679245    0.33012337445821105
0.5712264150943396    0.32706013115481025
0.5721698113207547    0.3404912748693809
0.5731132075471699    0.3313015449594115
0.5740566037735849    0.3506235411804554
0.575    0.35510058908522985
0.5759433962264151    0.34426142047347097
0.5768867924528303    0.3470890296765385
0.5778301886792453    0.35557185728582474
0.5787735849056603    0.35109480938088417
0.5797169811320755    0.3527442480826735
0.5806603773584906    0.3501522729798616
0.5816037735849057    0.3461464932755975
0.5825471698113207    0.3588707346893199
0.5834905660377359    0.3433188840724485
0.584433962264151    0.36593975769698867
0.585377358490566    0.35297988218301224
0.5863207547169811    0.372066244303635
0.5872641509433962    0.34756029787704973
0.5882075471698114    0.35957763699008677
0.5891509433962264    0.32894520395693266
0.5900943396226415    0.34496832277423783
0.5910377358490566    0.3357785928642684
0.5919811320754718    0.3541580526842073
0.5929245283018868    0.3419050794709952
0.5938679245283018    0.35368678448369606
0.594811320754717    0.3555718572857411
0.5957547169811321    0.34661776147602724
0.5966981132075472    0.34661776147610884
0.5976415094339622    0.33978437256861405
0.5985849056603774    0.3426119817716816
0.5995283018867925    0.3364854951650353
0.6004716981132076    0.35792819828838157
0.6014150943396226    0.3338935200622234
0.6023584905660377    0.36052017339110926
0.6033018867924529    0.3310659108591559
0.6042452830188679    0.3350716905635804
0.605188679245283    0.33860620206733594
0.6061320754716981    0.3437901522729597
0.6070754716981133    0.3541580526842073
0.6080188679245283    0.3270601311548872
0.6089622641509433    0.3315371790596672
0.6099056603773585    0.3324797154606896
0.6108490566037736    0.34756029787704973
0.6117924528301887    0.349445370679177
0.6127358490566037    0.3272957652550658
0.6136792452830189    0.3421407135711703
0.614622641509434    0.3477959319773054
0.6155660377358491    0.329416472157444
0.6165094339622641    0.33742803156605783
0.6174528301886792    0.33695676336554653
0.6183962264150944    0.34496832277423783
0.6193396226415094    0.3374280315661372
0.6202830188679245    0.3435545181727041
0.6212264150943396    0.34732466377679416
0.6221698113207548    0.3329509836612009
0.6231132075471698    0.3576925641881259
0.6240566037735849    0.3383705679670803
0.625    0.33624986106477966
0.6259433962264151    0.330359008558389
0.6268867924528302    0.344261420473552
0.6278301886792452    0.3459108591752604
0.6287735849056604    0.337899299766569
0.6297169811320755    0.33624986106477966
0.6306603773584906    0.32470379015233036
0.6316037735849056    0.32753139935532144
0.6325471698113208    0.33412915416247907
0.6334905660377359    0.34661776147602724
0.6344339622641509    0.32823830165616563
0.635377358490566    0.3178704012448408
0.6363207547169811    0.34473268867398227
0.6372641509433963    0.3404912748693809
0.6382075471698113    0.32046237634772806
0.6391509433962264    0.33695676336554653
0.6400943396226415    0.34826720017781665
0.6410377358490567    0.34426142047347097
0.6419811320754717    0.34920973657892135
0.6429245283018867    0.33436478826273464
0.6438679245283019    0.3298877403578777
0.644811320754717    0.348031566077561
0.6457547169811321    0.344261420473552
0.6466981132075471    0.3463821273757716
0.6476415094339623    0.35250861398241795
0.6485849056603774    0.3515660775813954
0.6495283018867924    0.35345115038352365
0.6504716981132075    0.33978437256861405
0.6514150943396226    0.34237634767142594
0.6523584905660378    0.36052017339110926
0.6533018867924528    0.32823830165616563
0.6542452830188679    0.32376125375123144
0.655188679245283    0.34284761587193724
0.6561320754716982    0.35533622318548547
0.6570754716981132    0.3654684894965634
0.6580188679245282    0.354393686784463
0.6589622641509434    0.34402578637321535
0.6599056603773585    0.3435545181727041
0.6608490566037736    0.37583638990781343
0.6617924528301886    0.35462932088471855
0.6627358490566038    0.348031566077561
0.6636792452830189    0.358163832388553
0.664622641509434    0.3711237079026998
0.665566037735849    0.3680604645992893
0.6665094339622641    0.36476158719571056
0.6674528301886793    0.35345115038344044
0.6683962264150943    0.37630765810832484
0.6693396226415094    0.3649972212959662
0.6702830188679245    0.3664110258974999
0.6712264150943397    0.37748582860951435
0.6721698113207547    0.39657219073031347
0.6731132075471697    0.3906813382238295
0.6740566037735849    0.3640546848949437
0.675    0.3741869512059356
0.6759433962264151    0.3777214627098589
0.6768867924528301    0.38549738801820566
0.6778301886792453    0.38761809492050636
0.6787735849056604    0.3765432922084919
0.6797169811320755    0.3715949761032112
0.6806603773584905    0.405526286539934
0.6816037735849056    0.397279093030987
0.6825471698113208    0.39539402022894204
0.6834905660377358    0.40246304323670556
0.6844339622641509    0.4026986773368665
0.685377358490566    0.4057619206401896
0.6863207547169812    0.39539402022894204
0.6872641509433962    0.3977503612315919
0.6882075471698113    0.42531955096140667
0.6891509433962264    0.4137734800488809
0.6900943396226416    0.4041124819384002
0.6910377358490567    0.41966433255527164
0.6919811320754717    0.41754362565306924
0.6929245283018868    0.4239057463598729
0.6938679245283019    0.43710125597418803
0.6948113207547171    0.423198844059106
0.6957547169811321    0.44134266977889314
0.6966981132075472    0.4396932310769999
0.6976415094339623    0.4286184283649855
0.6985849056603775    0.46372790930307384
0.6995283018867925    0.44794042458605227
0.7004716981132075    0.45713015449591626
0.7014150943396227    0.42932533066575235
0.7023584905660378    0.4646704457040964
0.7033018867924529    0.45359564299218863
0.7042452830188679    0.4538312770923375
0.7051886792452831    0.44204957207955614
0.7061320754716982    0.45312437479157064
0.7070754716981132    0.44299210848068293
0.7080188679245283    0.44464154718236804
0.7089622641509434    0.48140046682224585
0.7099056603773586    0.4818717350227571
0.7108490566037736    0.4561876180950012
0.7117924528301887    0.47857285761917834
0.7127358490566038    0.47032566411023147
0.713679245283019    0.4672624208069082
0.714622641509434    0.46938312770931934
0.715566037735849    0.4580726908969388
0.7165094339622642    0.4905901967322153
0.7174528301886793    0.4766877848171333
0.7183962264150944    0.4938890741359103
0.7193396226415094    0.49106146493272657
0.7202830188679246    0.4894120262309372
0.7212264150943397    0.4898832944314485
0.7221698113207548    0.4722107369123875
0.7231132075471698    0.472446371012532
0.7240566037735849    0.46867622540844206
0.7250000000000001    0.4620784706012845
0.7259433962264151    0.4806935645215922
0.7268867924528302    0.47904412581968964
0.7278301886792453    0.47433144381457704
0.7287735849056605    0.5016649994442298
0.7297169811320755    0.4912970990330979
0.7306603773584905    0.482578637323524
0.7316037735849057    0.5108547293541993
0.7325471698113208    0.478808491719434
0.7334905660377359    0.48705568522849557
0.7344339622641509    0.46490607980435195
0.7353773584905661    0.46891185950869757
0.7363207547169812    0.4634922752028182
0.7372641509433963    0.4665555185062512
0.7382075471698113    0.4823430032232684
0.7391509433962264    0.46820495720793076
0.7400943396226416    0.47338890741355455
0.7410377358490566    0.47268200511289893
0.7419811320754717    0.4781015894186671
0.7429245283018868    0.4877625875291478
0.743867924528302    0.4583083249971944
0.744811320754717    0.46184283650113755
0.745754716981132    0.4696187618094645
0.7466981132075472    0.46749805490716384
0.7476415094339623    0.48964766033119284
0.7485849056603774    0.4682049572080409
0.7495283018867924    0.4646704457040964
0.7504716981132076    0.46702678670665265
0.7514150943396227    0.4795153940202008
0.7523584905660378    0.479279759920058
0.7533018867924528    0.46702678670665265
0.754245283018868    0.4835211737245465
0.7551886792452831    0.4823430032232684
0.7561320754716981    0.4703256641103421
0.7570754716981132    0.4641991775035851
0.7580188679245283    0.48446371012556905
0.7589622641509435    0.4715038346115095
0.7599056603773585    0.4632566411026716
0.7608490566037736    0.5113259975547104
0.7617924528301887    0.482578637323524
0.7627358490566039    0.49789485384013976
0.7636792452830189    0.48187173502287056
0.7646226415094339    0.5101478270534323
0.7655660377358491    0.4882338557296591
0.7665094339622642    0.5047282427475529
0.7674528301886793    0.4863487829277285
0.7683962264150943    0.48964766033119284
0.7693396226415095    0.4823430032232684
0.7702830188679246    0.5080271201511317
0.7712264150943396    0.49977992664230236
0.7721698113207547    0.5028431699455079
0.7731132075471698    0.5035500722462748
0.774056603773585    0.506613315549598
0.775    0.4879982216295183
0.7759433962264151    0.4986017561409067
0.7768867924528302    0.48917639213068154
0.7778301886792454    0.49200400133374905
0.7787735849056604    0.5103834611538081
0.7797169811320754    0.5231077025674918
0.7806603773584906    0.5002511948426961
0.7816037735849057    0.5125041680559886
0.7825471698113208    0.5193375569635241
0.7834905660377358    0.5134467044570111
0.784433962264151    0.5134467044570111
0.7853773584905661    0.49718795153937284
0.7863207547169812    0.5075558519507399
0.7872641509433962    0.5266422140713263
0.7882075471698113    0.5360675780815513
0.7891509433962265    0.5139179726575224
0.7900943396226415    0.5158030454596888
0.7910377358490566    0.5094409247526656
0.7919811320754717    0.5282916527731156
0.7929245283018869    0.5231077025674918
0.7938679245283019    0.5254640435701717
0.7948113207547169    0.5266422140713263
0.7957547169811321    0.5320617983772057
0.7966981132075472    0.541251528287175
0.7976415094339623    0.5198088251640355
0.7985849056603773    0.5023719017449967
0.7995283018867925    0.5457285761920321
0.8004716981132076    0.5231077025674918
0.8014150943396227    0.5146248749584105
0.8023584905660377    0.5396020895853857
0.8033018867924528    0.5443147715904983
0.804245283018868    0.5494987217961221
0.805188679245283    0.5337112370791206
0.8061320754716981    0.5341825052795063
0.8070754716981132    0.552090696898934
0.8080188679245284    0.5487918194953552
0.8089622641509434    0.5598666222075014
0.8099056603773584    0.5471423807935658
0.8108490566037736    0.5553895743025127
0.8117924528301887    0.5742403023229629
0.8127358490566038    0.5638724019118481
0.8136792452830188    0.5813093253306317
0.814622641509434    0.5777748138267973
0.8155660377358491    0.5857863732354885
0.8165094339622642    0.573533400022331
0.8174528301886792    0.5985106146492924
0.8183962264150944    0.611470490163352
0.8193396226415095    0.6223096587751108
0.8202830188679245    0.6237234633767914
0.8212264150943396    0.606993442258495
0.8221698113207547    0.6194820495720432
0.8231132075471699    0.6296143158830352
0.8240566037735849    0.6126486606647743
0.825    0.6510570190062972
0.8259433962264151    0.6503501167055304
0.8268867924528303    0.6548271646103873
0.8278301886792453    0.6583616761143767
0.8287735849056603    0.6776836723351831
0.8297169811320755    0.6675514060241912
0.8306603773584906    0.7031321551627908
0.8316037735849057    0.6955918639547746
0.8325471698113207    0.6882872068466863
0.8334905660377359    0.7153851283760835
0.834433962264151    0.7097299099699483
0.835377358490566    0.7323507835946609
0.8363207547169811    0.7094942758696927
0.8372641509433962    0.7295231743914211
0.8382075471698114    0.7559141936200513
0.8391509433962264    0.7728798488386384
0.8400943396226415    0.7568567300210738
0.8410377358490566    0.7804201400466365
0.8419811320754718    0.7655751917305319
0.8429245283018868    0.7759430921419622
0.8438679245283018    0.7917305768589066
0.844811320754717    0.8108169389796124
0.8457547169811321    0.7995065021673422
0.8466981132075472    0.8065755251752009
0.8476415094339622    0.850874736023069
0.8485849056603774    0.8299033011003182
0.8495283018867925    0.8369723241079869
0.8504716981132076    0.8494609314217351
0.8514150943396226    0.8471045904189789
0.8523584905660377    0.8447482494164227
0.8533018867924529    0.876087584750421
0.8542452830188679    0.8845704123598318
0.855188679245283    0.8577081249304821
0.8561320754716981    0.8796220962542555
0.8570754716981133    0.8817428031565561
0.8580188679245283    0.8914038012672466
0.8589622641509433    0.889989996665503
0.8599056603773585    0.8928176058685705
0.8608490566037736    0.9206224296987345
0.8617924528301887    0.931932866511224
0.8627358490566037    0.8914038012670368
0.8636792452830189    0.9088407246859531
0.864622641509434    0.9140246748915769
0.8655660377358491    0.9168522840948602
0.8665094339622641    0.9250994776035915
0.8674528301886792    0.9444214738245529
0.8683962264150944    0.939237523618929
0.8693396226415094    0.9488985217296331
0.8702830188679245    0.9441858397242973
0.8712264150943396    0.9479559853283873
0.8721698113207548    0.9517261309324774
0.8731132075471698    0.9877781482718206
0.8740566037735849    1.0172324108035415
0.875    0.9816516616649419
0.8759433962264151    1.0042725352894821
0.8768867924528302    1.0042725352897184
0.8778301886792452    1.0205312882071202
0.8787735849056604    0.9738757363565061
0.8797169811320755    1.0334911637211797
0.8806603773584906    1.028307213515798
0.8816037735849056    1.020060020006609
0.8825471698113208    1.0558764032454644
0.8834905660377359    1.0653017672556895
0.8844339622641509    1.0695431810605425
0.885377358490566    1.1112504168055366
0.8863207547169811    1.0789685450705158
0.8872641509433963    1.1284517061241974
0.8882075471698113    1.156020895854378
0.8891509433962264    1.142118483939024
0.8900943396226415    1.1430610203400462
0.8910377358490567    1.1727509169722554
0.8919811320754717    1.1713371123709972
0.8929245283018867    1.2043258864065094
0.8938679245283019    1.164032455262797
0.894811320754717    1.2095098366121333
0.8957547169811321    1.21540068911881
0.8966981132075471    1.2243547849282377
0.8976415094339623    1.244383683449966
0.8985849056603774    1.2580504612647925
0.8995283018867924    1.2415560742471907
0.9004716981132075    1.2578148271645366
0.9014150943396226    1.27595865288422
0.9023584905660378    1.293631210403392
0.9033018867924528    1.3004645993111112
0.9042452830188679    1.3002289652105496
0.905188679245283    1.282320773591122
0.9061320754716982    1.3310970323440368
0.9070754716981132    1.3226142047351455
0.9080188679245282    1.3164877181281878
0.9089622641509434    1.3537179059685769
0.9099056603773585    1.321436034233556
0.9108490566037736    1.3240280093366794
0.9117924528301886    1.347355785261675
0.9127358490566038    1.3471201511614195
0.9136792452830189    1.3376947871511942
0.914622641509434    1.3494764921642932
0.915566037735849    1.368798488384937
0.9165094339622641    1.351832833166532
0.9174528301886793    1.3638501722795688
0.9183962264150943    1.3275625208405146
0.9193396226415094    1.3652639768811026
0.9202830188679245    1.3494764921639757
0.9212264150943397    1.385764143603342
0.9221698113207547    1.3574880515729864
0.9231132075471697    1.3827009003000188
0.9240566037735849    1.4102700900299274
0.925    1.4364254751583019
0.9259433962264151    1.454333666778072
0.9268867924528301    1.4434944981659708
0.9278301886792453    1.498397243525532
0.9287735849056604    1.5200755807490496
0.9297169811320755    1.5181905079473619
0.9306603773584905    1.5455240635766572
0.9316037735849056    1.5872312993219033
0.9325471698113208    1.5745070579080993
0.933490566037736    1.6197488051571796
0.934433962264151    1.640484605980061
0.935377358490566    1.6188062687561573
0.9363207547169812    1.7081115927530397
0.9372641509433963    1.6904390352338676
0.9382075471698114    1.7085828609539533
0.9391509433962264    1.7210714682670993
0.9400943396226416    1.7512326330998196
0.9410377358490567    1.7745604090251268
0.9419811320754717    1.8494920529068513
0.9429245283018868    1.8857797043457825
0.9438679245283019    1.9486940091140348
0.9448113207547171    1.938561742803043
0.9457547169811321    2.036585528509863
0.9466981132075472    2.0394131377124514
0.9476415094339623    2.1155229520950187
0.9485849056603775    2.1763165499609705
0.9495283018867925    2.1779659886632725
0.9504716981132075    2.275754140268845
0.9514150943396227    2.31321996220949
0.9523584905660378    2.3553984661552474
0.9533018867924529    2.413128820718444
0.9542452830188679    2.480991441591496
0.9551886792452831    2.5212848727352086
0.9561320754716982    2.591032566410874
0.9570754716981132    2.67091252639816
0.9580188679245283    2.7328842947647614
0.9589622641509434    2.8886384350337306
0.9599056603773586    3.014702678670491
0.9608490566037736    3.1242725352900935
0.9617924528301887    3.216405468489308
0.9627358490566038    3.4456774480380328
0.963679245283019    3.619575414026686
0.964622641509434    3.8170367900418
0.965566037735849    3.9767967100142156
0.9665094339622642    4.241413804601286
0.9674528301886793    4.4409958875178015
0.9683962264150944    4.657072357453307
0.9693396226415094    4.86513726797793
0.9702830188679246    5.0494031343778305
0.9712264150943397    5.266422140713262
0.9721698113207548    5.4608202734254405
0.9731132075471698    5.53975769700979
0.9740566037735849    5.574631543847622
0.9750000000000001    5.503705679670679
0.9759433962264151    5.347951539402968
0.9768867924528302    5.006988996331818
0.9778301886792453    4.535013893519796
0.9787735849056605    3.9723196621093595
0.9797169811320755    3.3709814382577927
0.9806603773584905    2.6944759364230944
0.9816037735849057    2.1070401244858163
0.9825471698113208    1.6369500944758406
0.9834905660377359    1.3574880515729864
0.9844339622641509    1.2217628098254258
0.9853773584905661    1.213279982216223
0.9863207547169812    1.2797287984883101
0.9872641509433963    1.4246437701458559
0.9882075471698113    1.5928865177280382
0.9891509433962264    1.7790374569299834
0.9900943396226416    1.8977970434588194
0.9910377358490566    2.0363498944096072
0.9919811320754717    2.198466155385
0.9929245283018868    2.310627987106678
0.993867924528302    2.277874847171146
0.994811320754717    2.0174991663891526
0.995754716981132    1.593593420028805
0.9966981132075472    0.9088407246859531
0.9976415094339623    0.21513393353338742
0.9985849056603774    0.002827609203068189
0.9995283018867924    0.0