-0.9995283018867924    0.0
-0.9985849056603773    0.0
-0.9976415094339622    0.0
-0.9966981132075472    0.0
-0.995754716981132    0.0
-0.9948113207547169    0.0
-0.9938679245283019    0.0
-0.9929245283018868    0.0
-0.9919811320754717    0.0
-0.9910377358490565    0.0
-0.9900943396226415    0.0
-0.9891509433962264    0.0
-0.9882075471698113    0.0
-0.9872641509433961    0.0
-0.9863207547169811    0.0
-0.9853773584905661    0.0
-0.9844339622641509    0.0
-0.9834905660377358    0.0
-0.9825471698113207    0.0
-0.9816037735849057    0.0
-0.9806603773584905    0.0
-0.9797169811320754    0.0
-0.9787735849056604    0.00023563410025562696
-0.9778301886792453    0.0007069023007669641
-0.9768867924528302    0.0016494387017893888
-0.975943396226415    0.0021207069023008924
-0.975    0.0025919751028118964
-0.9740566037735849    0.008247193508947913
-0.9731132075471698    0.009189729909969451
-0.9721698113207546    0.02144270312326458
-0.9712264150943396    0.03181060353450964
-0.9702830188679246    0.04924752695343183
-0.9693396226415094    0.07045459597643246
-0.9683962264150943    0.1076847838168342
-0.9674528301886792    0.14632877625874435
-0.9665094339622642    0.19816827831500558
-0.965566037735849    0.257076803378889
-0.9646226415094339    0.3280026675558713
-0.9636792452830188    0.4133022118483697
-0.9627358490566038    0.49059019673227305
-0.9617924528301887    0.6102923196620738
-0.9608490566037735    0.7217472490830703
-0.9599056603773585    0.8129376458819131
-0.9589622641509434    0.9243925753029333
-0.9580188679245283    1.0803823496720495
-0.9570754716981131    1.1678026008670246
-0.9561320754716981    1.2799644325885657
-0.9551886792452831    1.3874135823052949
-0.9542452830188679    1.4833166611091717
-0.9533018867924528    1.6119728798489337
-0.9523584905660377    1.6913815716348903
-0.9514150943396227    1.7778592864289147
-0.9504716981132075    1.8301700566854546
-0.9495283018867924    1.8459575414027989
-0.9485849056603773    1.9861598310546797
-0.9476415094339623    2.0156140935868705
-0.9466981132075472    2.0815916416582083
-0.945754716981132    2.095022785373026
-0.944811320754717    2.169247526953302
-0.9438679245283019    2.203885739691138
-0.9429245283018868    2.2854151383793258
-0.9419811320754716    2.2698632877627216
-0.9410377358490566    2.2637368011558086
-0.9400943396226416    2.4001689452040984
-0.9391509433962264    2.3657663665664947
-0.9382075471698113    2.405588529509979
-0.9372641509433962    2.3596398799598486
-0.9363207547169812    2.399697677003587
-0.935377358490566    2.4513015449592874
-0.9344339622641509    2.4423474491498607
-0.9334905660377358    2.455778592864144
-0.9325471698113208    2.4331577192398903
-0.9316037735849056    2.3954562631987035
-0.9306603773584905    2.397105701900775
-0.9297169811320755    2.4600200066687457
-0.9287735849056604    2.403232188507422
-0.9278301886792453    2.411950650216598
-0.9268867924528301    2.3949849949984743
-0.9259433962264151    2.4333933533398593
-0.925    2.343852395242997
-0.9240566037735849    2.345973102145022
-0.9231132075471697    2.3396109814383954
-0.9221698113207547    2.262087362454019
-0.9212264150943397    2.2594953873514725
-0.9202830188679245    2.238995220628967
-0.9193396226415094    2.2371101478271855
-0.9183962264150943    2.190690230076564
-0.9174528301886793    2.2036501055908824
-0.9165094339622641    2.135787484717003
-0.915566037735849    2.1400288985218556
-0.914622641509434    2.1334311437144464
-0.9136792452830189    2.099499833277883
-0.9127358490566038    2.090074469267411
-0.9117924528301886    2.104448149383252
-0.9108490566037736    2.0394131377124514
-0.9099056603773585    2.0905457374681684
-0.9089622641509434    2.0533155496275333
-0.9080188679245282    2.050487940424707
-0.9070754716981132    2.0561431588306007
-0.9061320754716982    2.015849727687126
-0.905188679245283    2.0085450705789643
-0.9042452830188679    2.001476047571531
-0.9033018867924528    1.9463376681114786
-0.9023584905660378    1.952464154718355
-0.9014150943396226    1.9814471490495669
-0.9004716981132075    1.9336134266979024
-0.8995283018867924    1.9797977103477777
-0.8985849056603774    1.9385617428032713
-0.8976415094339623    1.9934644881626042
-0.8966981132075471    1.9821540513505673
-0.8957547169811321    1.9805046126485448
-0.894811320754717    1.9590619095255128
-0.8938679245283019    1.9689585417360187
-0.8929245283018867    1.9861598310549131
-0.8919811320754717    1.9583550072245157
-0.8910377358490567    1.9173546737802625
-0.8900943396226415    1.8940268978547294
-0.8891509433962264    1.9187684783817962
-0.8882075471698113    1.920182282983104
-0.8872641509433963    1.8869578748472826
-0.8863207547169811    1.8954407024562634
-0.885377358490566    1.8853084361454933
-0.8844339622641509    1.8669289763253325
-0.8834905660377359    1.9025097254641559
-0.8825471698113208    1.8523196621094835
-0.8816037735849056    1.8669289763255519
-0.8806603773584906    1.856325441813829
-0.8797169811320755    1.858681782816604
-0.8787735849056604    1.8744692675335126
-0.8778301886792452    1.858681782816604
-0.8768867924528302    1.8466644437033484
-0.8759433962264151    1.863630098921973
-0.875    1.8657508058240544
-0.8740566037735849    1.802129598755247
-0.8731132075471698    1.7773880182281943
-0.8721698113207548    1.8454862732022876
-0.8712264150943396    1.818623985772929
-0.8702830188679245    1.798123819050901
-0.8693396226415094    1.8037790374568243
-0.8683962264150944    1.788462820940419
-0.8674528301886792    1.7889340891407197
-0.8665094339622641    1.7872846504391409
-0.8655660377358491    1.7608936312103
-0.864622641509434    1.7229565410693473
-0.8636792452830189    1.7198932977658212
-0.8627358490566037    1.7599510948094848
-0.8617924528301887    1.7050483494497166
-0.8608490566037736    1.7137668111593765
-0.8599056603773585    1.678421696120831
-0.8589622641509433    1.675829721018216
-0.8580188679245283    1.670174502611884
-0.8570754716981133    1.6685250639102909
-0.8561320754716981    1.6543870178947568
-0.855188679245283    1.6713526731133588
-0.8542452830188679    1.6331799488717504
-0.8533018867924529    1.6360075580750106
-0.8523584905660377    1.6268178281648484
-0.8514150943396226    1.5966566633323163
-0.8504716981132076    1.5919439813270158
-0.8495283018867925    1.5902945426254136
-0.8485849056603774    1.5653173279981298
-0.8476415094339622    1.5905301767256692
-0.8466981132075472    1.557541402689694
-0.8457547169811321    1.5761564966100743
-0.844811320754717    1.5262020673556957
-0.8438679245283018    1.498397243525708
-0.8429245283018868    1.498397243525532
-0.8419811320754718    1.4953340002223847
-0.8410377358490566    1.5382194064687327
-0.8400943396226415    1.4430232299656294
-0.8391509433962264    1.459753251083609
-0.8382075471698114    1.4581038123819912
-0.8372641509433962    1.4463221073690382
-0.8363207547169811    1.409798821829582
-0.835377358490566    1.4215805268421973
-0.834433962264151    1.398252750917055
-0.8334905660377359    1.3791663887961845
-0.8325471698113207    1.3987240191175663
-0.8316037735849057    1.366206513282125
-0.8306603773584906    1.3890630210070842
-0.8297169811320755    1.3487695898632086
-0.8287735849056603    1.3179015227298767
-0.8278301886792453    1.3445281760586074
-0.8268867924528303    1.31554518172732
-0.8259433962264151    1.299993331110294
-0.825    1.3200222296321777
-0.8240566037735849    1.2719528731798744
-0.8231132075471699    1.3049416472158155
-0.8221698113207547    1.2988151606090157
-0.8212264150943396    1.2769011892853928
-0.8202830188679245    1.2408491719461316
-0.8193396226415095    1.2318950761365626
-0.8183962264150944    1.256401022563003
-0.8174528301886792    1.2429698788484322
-0.816509433962264    1.2055040569079294
-0.8155660377358491    1.207860397910486
-0.814622641509434    1.2234122485272152
-0.8136792452830188    1.2154006891185238
-0.8127358490566037    1.1864176947872211
-0.8117924528301887    1.141647215738647
-0.8108490566037736    1.1670956985661205
-0.8099056603773584    1.1541358230520609
-0.8089622641509433    1.15719906635552
-0.8080188679245284    1.1640324552629342
-0.8070754716981132    1.1630899188617747
-0.8061320754716981    1.1527220184505271
-0.8051886792452829    1.1543714571524522
-0.804245283018868    1.1546070912527078
-0.8033018867924528    1.142118483939024
-0.8023584905660377    1.1239746582193406
-0.8014150943396225    1.0989974435923735
-0.8004716981132076    1.1275091697233077
-0.7995283018867925    1.0949916638878985
-0.7985849056603773    1.0919284205845754
-0.7976415094339622    1.0947560297877716
-0.7966981132075472    1.0718995220629732
-0.7957547169811321    1.0902789818827858
-0.7948113207547169    1.0733133266643808
-0.7938679245283018    1.0464510392353625
-0.7929245283018869    1.0660086695565818
-0.7919811320754717    1.0669512059574788
-0.7910377358490566    1.0471579415360064
-0.7900943396226414    1.0415027231299936
-0.7891509433962265    1.0476292097366409
-0.7882075471698113    1.0499855507390738
-0.7872641509433962    1.0473935756362618
-0.786320754716981    1.0033299988885775
-0.7853773584905661    1.0407958208292267
-0.784433962264151    0.9972035122818134
-0.7834905660377358    0.9851861731687763
-0.7825471698113207    1.0292497499166997
-0.7816037735849057    0.9672779815494625
-0.7806603773584906    0.980237857063408
-0.7797169811320754    0.9715193953539499
-0.7787735849056603    0.9529043014338676
-0.7778301886792454    0.9738757363566208
-0.7768867924528302    0.944892742025064
-0.7759433962264151    0.9128465043902988
-0.7749999999999999    0.9305190619095803
-0.774056603773585    0.9005935311771123
-0.7731132075471698    0.9229787707012908
-0.7721698113207547    0.9229787707012908
-0.7712264150943395    0.9210936978993542
-0.7702830188679246    0.9022429698789018
-0.7693396226415095    0.9022429698787956
-0.7683962264150943    0.915909747693622
-0.7674528301886792    0.8798577303546146
-0.7665094339622642    0.8723174391464337
-0.7655660377358491    0.8473402245192345
-0.7646226415094339    0.8336734467044081
-0.7636792452830188    0.8753806824497571
-0.7627358490566039    0.8723174391464337
-0.7617924528301887    0.8504034678225576
-0.7608490566037736    0.8610070023340608
-0.7599056603773584    0.8315527398022053
-0.7589622641509435    0.8463976881183116
-0.7580188679245283    0.8291963987995512
-0.7570754716981132    0.8449838835166782
-0.756132075471698    0.8195354006891671
-0.7551886792452831    0.7999777703679476
-0.754245283018868    0.8209492052906043
-0.7533018867924528    0.8275469600977619
-0.7523584905660377    0.8075180615761286
-0.7514150943396227    0.8037479159720382
-0.7504716981132076    0.7747649216405014
-0.7495283018867924    0.7893742358563504
-0.7485849056603773    0.7980926975659024
-0.7476415094339623    0.7790063354451944
-0.7466981132075472    0.7676958986328326
-0.745754716981132    0.7702878737356446
-0.7448113207547169    0.7705235078359909
-0.743867924528302    0.7603912415249977
-0.7429245283018868    0.7264599310880979
-0.7419811320754717    0.7589774369233744
-0.7410377358490565    0.7495520729132376
-0.7400943396226416    0.7401267089030114
-0.7391509433962264    0.743425586306503
-0.7382075471698113    0.7184483716794066
-0.7372641509433961    0.7314082471935521
-0.7363207547169812    0.7292875402912512
-0.7353773584905661    0.7304657107924435
-0.7344339622641509    0.708080471268159
-0.7334905660377358    0.6927642547516247
-0.7325471698113208    0.6838101589419099
-0.7316037735849057    0.6951205957540995
-0.7306603773584905    0.6781549405356944
-0.7297169811320754    0.7045459597644075
-0.7287735849056605    0.6993620095587831
-0.7278301886792453    0.6823963543402957
-0.7268867924528302    0.6621318217183118
-0.725943396226415    0.6760342336334734
-0.7250000000000001    0.6618961876181341
-0.7240566037735849    0.6548271646103873
-0.7231132075471698    0.6656663332221462
-0.7221698113207546    0.648936312104073
-0.7212264150943397    0.6647237968212019
-0.7202830188679246    0.6465799711014404
-0.7193396226415094    0.6286717794820127
-0.7183962264150943    0.6249016338779962
-0.7174528301886793    0.6303212181838763
-0.7165094339622642    0.6355051683894258
-0.715566037735849    0.6557697010114099
-0.7146226415094339    0.6279648771813197
-0.713679245283019    0.6114704901634239
-0.7127358490566038    0.60887851506054
-0.7117924528301887    0.617125708569487
-0.7108490566037735    0.6093497832611231
-0.7099056603773586    0.6121773924641909
-0.7089622641509434    0.6055796376569613
-0.7080188679245283    0.5770679115260304
-0.7070754716981131    0.5999244192508968
-0.7061320754716982    0.576596643325587
-0.7051886792452831    0.575418472824241
-0.7042452830188679    0.5886139824385561
-0.7033018867924528    0.5803667889296775
-0.7023584905660378    0.576596643325587
-0.7014150943396227    0.5732977659219404
-0.7004716981132075    0.5610447927086477
-0.6995283018867924    0.5659931088140826
-0.6985849056603775    0.5732977659220079
-0.6976415094339623    0.5742403023229629
-0.6966981132075472    0.5749472046237297
-0.695754716981132    0.5320617983772683
-0.6948113207547171    0.5207513615649968
-0.6938679245283019    0.5205157274646799
-0.6929245283018868    0.5688207180170834
-0.6919811320754716    0.5334756029788021
-0.6910377358490567    0.5245215071690873
-0.6900943396226416    0.52428587306877
-0.6891509433962264    0.5315905301766944
-0.6882075471698113    0.5278203845726664
-0.6872641509433963    0.5143892408580942
-0.6863207547169812    0.5339468711792508
-0.685377358490566    0.49506724463707225
-0.6844339622641509    0.5162743136601394
-0.683490566037736    0.5127398021563047
-0.6825471698113208    0.5019006335444854
-0.6816037735849056    0.4981304879403954
-0.6806603773584905    0.4884694898299722
-0.6797169811320756    0.4971879515394314
-0.6787735849056604    0.514153606757778
-0.6778301886792453    0.4922396354340047
-0.6768867924528301    0.48187173502281383
-0.6759433962264152    0.5004868289430106
-0.675    0.48564188062684716
-0.6740566037735849    0.4993086584416735
-0.6731132075471697    0.4679693231077302
-0.6721698113207548    0.4677336890074746
-0.6712264150943397    0.46231410470154005
-0.6702830188679245    0.48446371012556905
-0.6693396226415094    0.453124374791624
-0.6683962264150944    0.4576014226964814
-0.6674528301886793    0.45053239968875874
-0.6665094339622641    0.45312437479157064
-0.665566037735849    0.4389863287762847
-0.6646226415094341    0.4415783038790969
-0.6636792452830189    0.44369901078134555
-0.6627358490566038    0.4300322329665192
-0.6617924528301886    0.427204623763502
-0.6608490566037737    0.4227275758586445
-0.6599056603773585    0.4133022118483697
-0.6589622641509434    0.42602645326217353
-0.6580188679245282    0.419664332555321
-0.6570754716981133    0.4088251639435609
-0.6561320754716982    0.3949227520284308
-0.655188679245283    0.3998710681337989
-0.6542452830188679    0.3989285317328234
-0.6533018867924529    0.4024630432366582
-0.6523584905660378    0.40623318884070087
-0.6514150943396226    0.40387684783814465
-0.6504716981132075    0.3946871179282216
-0.6495283018867926    0.40175614093589124
-0.6485849056603774    0.37795709681002565
-0.6476415094339623    0.3819628765143713
-0.6466981132075471    0.3892675336223415
-0.6457547169811322    0.3831410470156945
-0.644811320754717    0.3784283650105369
-0.6438679245283019    0.37395131710567997
-0.6429245283018867    0.3730087807047014
-0.6419811320754718    0.36758919639882126
-0.6410377358490567    0.3558074913859967
-0.6400943396226415    0.36311214849392115
-0.6391509433962264    0.36075580749140734
-0.6382075471698113    0.3569856618872749
-0.6372641509433963    0.3692386351006109
-0.6363207547169811    0.3496810047793504
-0.635377358490566    0.35486495498497417
-0.6344339622641508    0.35392241858399337
-0.6334905660377359    0.34732466377683496
-0.6325471698113208    0.3409625430698922
-0.6316037735849056    0.34920973657883914
-0.6306603773584905    0.35462932088476035
-0.6297169811320755    0.33153717905970614
-0.6287735849056604    0.33695676336554653
-0.6278301886792452    0.34473268867398227
-0.6268867924528301    0.33436478826277405
-0.6259433962264151    0.32941647215740527
-0.625    0.33271534956094523
-0.6240566037735849    0.3298877403578777
-0.6231132075471697    0.3162209625430886
-0.6221698113207548    0.3254106924530591
-0.6212264150943396    0.3249394242525096
-0.6202830188679245    0.31339335333998386
-0.6193396226415093    0.32753139935536
-0.6183962264150944    0.31056574413695287
-0.6174528301886792    0.33059464265864463
-0.6165094339622641    0.316456596643307
-0.615566037735849    0.3119795487384868
-0.614622641509434    0.29548516172059097
-0.6136792452830189    0.3016116483272025
-0.6127358490566037    0.29807713682336806
-0.6117924528301886    0.28111148160499605
-0.6108490566037736    0.2987840391241701
-0.6099056603773585    0.2870023341113536
-0.6089622641509433    0.28087584750470734
-0.6080188679245282    0.2884161387129213
-0.6070754716981133    0.2787551406024395
-0.6061320754716981    0.27781260420138415
-0.605188679245283    0.3018472824274581
-0.6042452830188678    0.28205401800601865
-0.6033018867924529    0.2895943092141996
-0.6023584905660377    0.30208291652771374
-0.6014150943396226    0.28535289540956427
-0.6004716981132074    0.2827609203067856
-0.5995283018867925    0.2799333111037177
-0.5985849056603774    0.28299655440700794
-0.5976415094339622    0.2775769701011286
-0.5966981132075471    0.2742780926975821
-0.5957547169811321    0.2643814604868446
-0.594811320754717    0.27663443370010604
-0.5938679245283018    0.2674447037901366
-0.5929245283018867    0.27121484939425855
-0.5919811320754718    0.26603089918863415
-0.5910377358490566    0.25377792597531024
-0.5900943396226415    0.26508836278758036
-0.5891509433962263    0.2596687784817314
-0.5882075471698114    0.2500077803712496
-0.5872641509433962    0.25990441258195657
-0.5863207547169811    0.2632032899855353
-0.5853773584905659    0.2535422918750844
-0.584433962264151    0.2573124374791749
-0.5834905660377359    0.24553073246636328
-0.5825471698113207    0.2507146826719871
-0.5816037735849056    0.24435256196511393
-0.5806603773584906    0.23987551406025648
-0.5797169811320755    0.24176058686227325
-0.5787735849056603    0.23092141825051443
-0.5778301886792452    0.23068578415028596
-0.5768867924528303    0.23846170945872253
-0.5759433962264151    0.22856507724795813
-0.575    0.2474158052684083
-0.5740566037735848    0.2476514393686931
-0.5731132075471699    0.22762254084696243
-0.5721698113207547    0.23610536845613822
-0.5712264150943396    0.23987551406022822
-0.5702830188679244    0.23257085695233118
-0.5693396226415095    0.21866844503724756
-0.5683962264150944    0.23374902745358192
-0.5674528301886792    0.23634100255639381
-0.566509433962264    0.2396398799600008
-0.5655660377358491    0.216312104034691
-0.564622641509434    0.21796154273645493
-0.5636792452830188    0.22785817494719127
-0.5627358490566037    0.22290985884184933
-0.5617924528301887    0.21513393353341273
-0.5608490566037736    0.22361676114258996
-0.5599056603773584    0.2156052017338987
-0.5589622641509433    0.20358786262088566
-0.5580188679245284    0.20877181282651003
-0.5570754716981132    0.20947871512725236
-0.5561320754716981    0.20146715571856105
-0.5551886792452829    0.20405913082139696
-0.554245283018868    0.2064154718239535
-0.5533018867924528    0.2113637879292974
-0.5523584905660377    0.2038234967211173
-0.5514150943396225    0.22220295654108235
-0.5504716981132076    0.20665110592420918
-0.5495283018867925    0.19651883961319289
-0.5485849056603773    0.2012315216183054
-0.5476415094339622    0.20759364232523178
-0.5466981132075472    0.20994998332778833
-0.5457547169811321    0.2012315216183054
-0.5448113207547169    0.20570856952316233
-0.5438679245283018    0.2064154718239535
-0.5429245283018869    0.19958208291653953
-0.5419811320754717    0.19628320551293724
-0.5410377358490566    0.1967544737134485
-0.5400943396226414    0.19769701011449428
-0.5391509433962265    0.19227742580861423
-0.5382075471698113    0.2012315216183054
-0.5372641509433962    0.18332332999887777
-0.536320754716981    0.19062798710682463
-0.5353773584905661    0.18520840280094458
-0.534433962264151    0.19557630321217037
-0.5334905660377358    0.1993464488162604
-0.5325471698113207    0.19015671890631333
-0.5316037735849057    0.2047660331221639
-0.5306603773584906    0.19345559630986975
-0.5297169811320754    0.19369123041012534
-0.5287735849056603    0.20358786262088566
-0.5278301886792454    0.1887429143047794
-0.5268867924528302    0.18756474380347907
-0.5259433962264151    0.1913348894075691
-0.5249999999999999    0.18732910970324548
-0.524056603773585    0.19746137601423863
-0.5231132075471698    0.18615093920194528
-0.5221698113207547    0.19180615760808034
-0.5212264150943395    0.18732910970324548
-0.5202830188679246    0.19227742580861423
-0.5193396226415095    0.19463376681114786
-0.5183962264150943    0.18167389129708836
-0.5174528301886792    0.1845015005001776
-0.5165094339622642    0.17460486828944013
-0.5155660377358491    0.17107035678558516
-0.5146226415094339    0.1750761364899308
-0.5136792452830188    0.17319106368790618
-0.5127358490566039    0.16730021118151484
-0.5117924528301887    0.17107035678558516
-0.5108490566037736    0.18026008669555463
-0.5099056603773584    0.17601867289097406
-0.5089622641509435    0.1658864065799809
-0.5080188679245283    0.1651795042791945
-0.5070754716981132    0.1625875291763826
-0.506132075471698    0.1628231632766574
-0.5051886792452831    0.15151272646438596
-0.504245283018868    0.17012782038456267
-0.5033018867924528    0.1590530176725482
-0.5023584905660377    0.16046682227410083
-0.5014150943396227    0.15575414026898773
-0.5004716981132076    0.1555185061687138
-0.4995283018867924    0.15269089696564628
-0.49858490566037733    0.17531177059020708
-0.49764150943396224    0.17531177059018646
-0.49669811320754714    0.1571679448705217
-0.49575471698113205    0.15763921307101444
-0.49481132075471695    0.156932310770266
-0.49386792452830186    0.15693231077024755
-0.49292452830188677    0.15410470156719816
-0.49198113207547167    0.15716794487050317
-0.4910377358490566    0.1595242858730782
-0.4900943396226415    0.15245526286539066
-0.4891509433962264    0.1543403356674538
-0.4882075471698113    0.15033455596308998
-0.4872641509433962    0.14656441035901724
-0.4863207547169811    0.15363343336666876
-0.485377358490566    0.14185172835390414
-0.4844339622641509    0.15151272646436814
-0.4834905660377358    0.14609314215850588
-0.48254716981132073    0.15363343336666876
-0.48160377358490564    0.1491563854618294
-0.48066037735849054    0.14090919195286492
-0.47971698113207545    0.1559897743692434
-0.47877358490566035    0.14467933755695495
-0.47783018867924526    0.14750694676003984
-0.47688679245283017    0.1406735578526093
-0.47594339622641507    0.14232299655441544
-0.475    0.12983438924085045
-0.4740566037735849    0.14467933755697196
-0.4731132075471698    0.12512170723573793
-0.4721698113207547    0.14797821496055116
-0.4712264150943396    0.1451506057574662
-0.4702830188679245    0.14444370345671634
-0.4693396226415094    0.1423229965543987
-0.4683962264150943    0.13596087584751274
-0.4674528301886792    0.1416160942536318
-0.46650943396226413    0.1345470712459788
-0.46556603773584904    0.14208736245414305
-0.46462264150943394    0.1347827053462345
-0.46367924528301885    0.13690341224851926
-0.46273584905660375    0.13973102145160324
-0.46179245283018866    0.14302989885516557
-0.46084905660377357    0.13808158274981364
-0.45990566037735847    0.1387884850505643
-0.4589622641509434    0.12394353673447436
-0.4580188679245283    0.13007002334110607
-0.4570754716981132    0.1253573413360083
-0.4561320754716981    0.1328976325441736
-0.455188679245283    0.1279493164388205
-0.4542452830188679    0.13713904634877488
-0.4533018867924528    0.13761031454930234
-0.4523584905660377    0.12370790263420416
-0.4514150943396226    0.1298343892408657
-0.45047169811320753    0.13148382794263982
-0.44952830188679244    0.11781705012782735
-0.44858490566037734    0.13761031454928613
-0.44764150943396225    0.1258286095365196
-0.44669811320754715    0.13525397354672988
-0.44575471698113206    0.1300700233411214
-0.44481132075471697    0.13054129154161734
-0.44386792452830187    0.13030565744137704
-0.4429245283018868    0.13148382794263982
-0.4419811320754717    0.11970212292987258
-0.4410377358490566    0.11734578192730222
-0.4400943396226415    0.1272424141380535
-0.4391509433962264    0.12724241413803855
-0.4382075471698113    0.11946648882961694
-0.4372641509433962    0.11993775703011411
-0.4363207547169811    0.12417917083473001
-0.435377358490566    0.12182282983215914
-0.43443396226415093    0.11828831832833865
-0.43349056603773584    0.1284205846393167
-0.43254716981132074    0.1270067800377979
-0.43160377358490565    0.122529732132926
-0.43066037735849055    0.11569634322552645
-0.42971698113207546    0.10744914971656588
-0.42877358490566037    0.11711014782706038
-0.42783018867924527    0.11758141602755787
-0.4268867924528302    0.12771368233856484
-0.4259433962264151    0.12417917083471541
-0.425    0.11875958652884996
-0.4240566037735849    0.11239746582193406
-0.4231132075471698    0.11451817272424818
-0.4221698113207547    0.12912748694008358
-0.4212264150943396    0.11004112481939074
-0.4202830188679245    0.11121929532065593
-0.4193396226415094    0.11993775703012824
-0.41839622641509433    0.11498944092474596
-0.41745283018867924    0.11734578192731604
-0.41650943396226414    0.11546070912525722
-0.41556603773584905    0.11381127042348121
-0.41462264150943395    0.10886295431809966
-0.41367924528301886    0.1107480271201577
-0.41273584905660377    0.11310436812270094
-0.41179245283018867    0.10627097921530027
-0.4108490566037736    0.10179393131043085
-0.4099056603773585    0.10933422251862378
-0.4089622641509434    0.10815605201733278
-0.4080188679245283    0.11569634322552645
-0.4070754716981132    0.10415027231298711
-0.4061320754716981    0.11451817272424818
-0.405188679245283    0.1083916861175884
-0.4042452830188679    0.09990885850839759
-0.4033018867924528    0.11404690452372344
-0.40235849056603773    0.11192619762143598
-0.40141509433962264    0.11640324552627972
-0.40047169811320754    0.1060353451150446
-0.39952830188679245    0.09990885850838582
-0.39858490566037735    0.10909858841836811
-0.39764150943396226    0.11051239301988904
-0.39669811320754716    0.10650661331555591
-0.39575471698113207    0.10532844281426525
-0.394811320754717    0.10155829721018718
-0.3938679245283019    0.11428253862397907
-0.3929245283018868    0.11522507502501514
-0.3919811320754717    0.10391463821273149
-0.3910377358490566    0.10202956541069848
-0.3900943396226415    0.0970812493053183
-0.3891509433962264    0.1029721018117211
-0.3882075471698113    0.10250083361119773
-0.3872641509433962    0.10532844281427765
-0.38632075471698113    0.10556407691452088
-0.38537735849056604    0.10697788151606723
-0.38443396226415094    0.10367900411247585
-0.38349056603773585    0.10886295431811246
-0.38254716981132075    0.09401800600199516
-0.38160377358490566    0.10038012670890889
-0.38066037735849056    0.10697788151605464
-0.37971698113207547    0.10202956541069848
-0.3787735849056604    0.11145492942091155
-0.3778301886792453    0.10202956541069848
-0.3768867924528302    0.10179393131043085
-0.3759433962264151    0.09873068800711932
-0.375    0.10226519951094211
-0.3740566037735849    0.1060353451150446
-0.3731132075471698    0.10179393131043085
-0.3721698113207547    0.1008513949094202
-0.3712264150943396    0.09519617650327329
-0.37028301886792453    0.10415027231299936
-0.36933962264150944    0.09590307880404017
-0.36839622641509434    0.09660998110481842
-0.36745283018867925    0.09472490830276203
-0.36650943396226415    0.10485717461376634
-0.36556603773584906    0.10485717461375399
-0.36462264150943396    0.09166166499944967
-0.36367924528301887    0.09778815160608519
-0.3627358490566038    0.10509280871402199
-0.3617924528301887    0.10485717461375399
-0.3608490566037736    0.0930754696009836
-0.3599056603773585    0.08930532399688261
-0.3589622641509434    0.09778815160609669
-0.3580188679245283    0.09566744470378455
-0.3570754716981132    0.09142603089919402
-0.3561320754716981    0.09142603089918326
-0.355188679245283    0.08883405579638182
-0.35424528301886793    0.09920195620761896
-0.35330188679245284    0.10367900411248805
-0.35235849056603774    0.0970812493053183
-0.35141509433962265    0.09236856730021664
-0.35047169811320755    0.09802378570634082
-0.34952830188679246    0.09119039679893837
-0.34858490566037736    0.09448927420250641
-0.34764150943396227    0.08671334889408093
-0.3466981132075472    0.0935467378014839
-0.3457547169811321    0.10061576080916455
-0.344811320754717    0.10014449260864146
-0.3438679245283019    0.09283983550072795
-0.3429245283018868    0.09024786039790512
-0.3419811320754717    0.09401800600200622
-0.3410377358490566    0.08836278759586011
-0.3400943396226415    0.08977659219740444
-0.3391509433962264    0.08341447149049194
-0.33820754716981133    0.0883627875958705
-0.33726415094339623    0.09755251750582956
-0.33632075471698114    0.08954095809714878
-0.33537735849056605    0.09024786039790512
-0.33443396226415095    0.09166166499944967
-0.33349056603773586    0.09024786039790512
-0.33254716981132076    0.08365010559075742
-0.33160377358490567    0.08600644659330384
-0.3306603773584906    0.08365010559075742
-0.3297169811320755    0.08954095809713825
-0.3287735849056604    0.08482827609203568
-0.3278301886792453    0.0838857396910032
-0.3268867924528302    0.08105813048794522
-0.3259433962264151    0.09566744470378455
-0.325    0.08906968989663748
-0.3240566037735849    0.07823052128486815
-0.3231132075471698    0.07917305768589997
-0.32216981132075473    0.09024786039790512
-0.32122641509433963    0.07823052128487736
-0.32028301886792454    0.0857708124930482
-0.31933962264150945    0.08577081249305832
-0.31839622641509435    0.08459264199177008
-0.31745283018867926    0.0796443258864113
-0.31650943396226416    0.08412137379125882
-0.31556603773584907    0.08435700789152438
-0.314622641509434    0.08058686228742443
-0.3136792452830189    0.09142603089919402
-0.3127358490566038    0.08176503278870256
-0.3117924528301887    0.07823052128487736
-0.3108490566037736    0.08200066688895818
-0.3099056603773585    0.08812715349561485
-0.3089622641509434    0.07705235078359002
-0.3080188679245283    0.08624208069356962
-0.3070754716981132    0.09048349449816075
-0.30613207547169813    0.07940869178615563
-0.30518867924528303    0.07587418028231188
-0.30424528301886794    0.08765588529510354
-0.30330188679245285    0.08152939868844693
-0.30235849056603775    0.08435700789152438
-0.30141509433962266    0.08671334889407072
-0.30047169811320756    0.08930532399689313
-0.29952830188679247    0.08482827609202571
-0.2985849056603774    0.08624208069356962
-0.2976415094339623    0.08365010559074756
-0.2966981132075472    0.08341447149050177
-0.2957547169811321    0.08317883739023631
-0.294811320754717    0.08694898299433658
-0.2938679245283019    0.07893742358563502
-0.2929245283018868    0.08459264199178003
-0.2919811320754717    0.08058686228742443
-0.2910377358490566    0.08011559408692259
-0.29009433962264153    0.07375347338001124
-0.28915094339622643    0.08105813048794522
-0.28820754716981134    0.0787017894853794
-0.28726415094339625    0.07681671668334343
-0.28632075471698115    0.08294320328998069
-0.28537735849056606    0.08200066688896783
-0.28443396226415096    0.08058686228742443
-0.28349056603773587    0.07563854618206516
-0.2825471698113208    0.0699833277759212
-0.2816037735849057    0.07775925308436604
-0.2806603773584906    0.08082249638768005
-0.2797169811320755    0.07658108258308778
-0.2787735849056604    0.07563854618205625
-0.2778301886792453    0.07728798488385474
-0.2768867924528302    0.07304657107924435
-0.27594339622641506    0.07281093697898873
-0.27499999999999997    0.07540291208180949
-0.2740566037735849    0.08082249638768005
-0.2731132075471698    0.08200066688896783
-0.2721698113207547    0.07281093697898873
-0.2712264150943396    0.07823052128487736
-0.2702830188679245    0.06173613426697426
-0.2693396226415094    0.07870178948538867
-0.2683962264150943    0.0725753028787331
-0.2674528301886792    0.07375347338001992
-0.2665094339622641    0.06974769367566558
-0.265566037735849    0.0805868622874339
-0.26462264150943393    0.06621318217183117
-0.26367924528301884    0.0749316438812982
-0.26273584905660374    0.07375347338001124
-0.26179245283018865    0.0758741802823208
-0.26084905660377355    0.06267867066799677
-0.25990566037735846    0.07163276647771903
-0.25896226415094337    0.06809825497387618
-0.2580188679245283    0.07304657107925294
-0.2570754716981132    0.06527064577080867
-0.2561320754716981    0.065506279871072
-0.255188679245283    0.06244303656774114
-0.2542452830188679    0.065506279871072
-0.2533018867924528    0.06762698677336494
-0.2523584905660377    0.07021896187618511
-0.2514150943396226    0.07469600978103375
-0.2504716981132075    0.0676269867733729
-0.24952830188679243    0.06739135267310932
-0.24858490566037733    0.0680982549738842
-0.24764150943396224    0.0664488162720868
-0.24669811320754714    0.07045459597644076
-0.24575471698113205    0.06550627987106429
-0.24481132075471695    0.06432810936979373
-0.24386792452830186    0.0716327664777106
-0.24292452830188677    0.06927642547516248
-0.24198113207547167    0.06880515727464306
-0.24103773584905658    0.06998332777592943
-0.24009433962264148    0.06432810936978617
-0.2391509433962264    0.06456374347004938
-0.2382075471698113    0.06220740246748552
-0.2372641509433962    0.05867289096365802
-0.2363207547169811    0.0664488162720868
-0.235377358490566    0.06055796376570325
-0.23443396226415092    0.05796598866288423
-0.23349056603773582    0.06409247526953808
-0.23254716981132073    0.06809825497387618
-0.23160377358490564    0.06362120706902676
-0.23066037735849054    0.0629143047682524
-0.22971698113207545    0.06385684116928242
-0.22877358490566035    0.059379793264417995
-0.22783018867924526    0.05937979326442498
-0.22688679245283017    0.05890852506390674
-0.22594339622641507    0.05985106146493629
-0.22499999999999998    0.06220740246748552
-0.22405660377358488    0.062443036567748494
-0.2231132075471698    0.05773035456262861
-0.2221698113207547    0.05985106146493629
-0.2212264150943396    0.06102923196620739
-0.2202830188679245    0.06432810936979373
-0.2193396226415094    0.05702345226186172
-0.21839622641509432    0.056552184061357126
-0.21745283018867922    0.055845281760583586
-0.21650943396226413    0.061500500166725876
-0.21556603773584904    0.05513837945981671
-0.21462264150943394    0.05843725686340236
-0.21367924528301885    0.05513837945981671
-0.21273584905660375    0.05325330665777796
-0.21179245283018866    0.04594864954984726
-0.21084905660377357    0.050896965655221414
-0.20990566037735847    0.052310770256749184
-0.20896226415094338    0.05372457485828926
-0.20801886792452828    0.0541958430587942
-0.2070754716981132    0.048540624652664864
-0.2061320754716981    0.05254640435700481
-0.205188679245283    0.04759808825164225
-0.2042452830188679    0.04359230854729099
-0.2033018867924528    0.05466711125931189
-0.20235849056603772    0.05254640435700481
-0.20141509433962262    0.04948316105368748
-0.20047169811320753    0.04359230854729099
-0.19952830188679244    0.0478337223518979
-0.19858490566037734    0.0428854062465241
-0.19764150943396225    0.04594864954985266
-0.19669811320754715    0.05443147715904983
-0.19575471698113206    0.05278203845726665
-0.19481132075471697    0.05702345226186172
-0.19386792452830187    0.0504256974547101
-0.19292452830188678    0.05348894075802732
-0.19198113207547168    0.04877625875292052
-0.1910377358490566    0.048069356452147896
-0.1900943396226415    0.056552184061357126
-0.1891509433962264    0.05348894075802732
-0.1882075471698113    0.04736245415138659
-0.1872641509433962    0.04689118595086977
-0.18632075471698112    0.05207513615649968
-0.18537735849056602    0.04594864954984726
-0.18443396226415093    0.05466711125931189
-0.18349056603773584    0.05348894075802732
-0.18254716981132074    0.0478337223518979
-0.18160377358490565    0.048069356452147896
-0.18066037735849055    0.04877625875292052
-0.17971698113207546    0.0428854062465241
-0.17877358490566037    0.04477047904857439
-0.17783018867924527    0.04995442925419291
-0.17688679245283018    0.039350894742694334
-0.17594339622641508    0.04429921084805787
-0.175    0.043592308547296114
-0.1740566037735849    0.04641991775035851
-0.1731132075471698    0.04241413804601784
-0.1721698113207547    0.04712682005112539
-0.1712264150943396    0.04594864954985266
-0.17028301886792452    0.04359230854729099
-0.16933962264150942    0.039350894742694334
-0.16839622641509433    0.04665555185061414
-0.16745283018867924    0.0379370901411604
-0.16650943396226414    0.040764699344223464
-0.16556603773584905    0.04618428365010832
-0.16462264150943395    0.035580749138599675
-0.16367924528301886    0.04759808825164225
-0.16273584905660377    0.04571301544959163
-0.16179245283018867    0.035816383238859516
-0.16084905660377358    0.03793709014115594
-0.15990566037735848    0.03652328553962647
-0.1589622641509434    0.03887962654217845
-0.1580188679245283    0.04406357674780743
-0.1570754716981132    0.03793709014115594
-0.1561320754716981    0.039350894742694334
-0.155188679245283    0.040057797043456585
-0.15424528301886792    0.0452417472490857
-0.15330188679245282    0.04241413804601286
-0.15235849056603773    0.03887962654218302
-0.15141509433962264    0.03746582194064469
-0.15047169811320754    0.03982216294320565
-0.14952830188679245    0.03887962654217845
-0.14858490566037735    0.03723018784039344
-0.14764150943396226    0.03440257863732153
-0.14669811320754716    0.039350894742694334
-0.14575471698113207    0.03958652884294533
-0.14481132075471698    0.04052906524397261
-0.14386792452830188    0.03251750583527652
-0.1429245283018868    0.03463821273758124
-0.1419811320754717    0.040529065243967835
-0.1410377358490566    0.0353451150383482
-0.1400943396226415    0.03746582194064469
-0.1391509433962264    0.03369567633655862
-0.13820754716981132    0.03463821273757716
-0.13726415094339622    0.03322440813604731
-0.13632075471698113    0.036758919639877805
-0.13537735849056604    0.03322440813604731
-0.13443396226415094    0.027804823830163982
-0.13349056603773585    0.03416694453706993
-0.13254716981132075    0.036523285539622176
-0.13160377358490566    0.03181060353451338
-0.13066037735849056    0.036523285539622176
-0.12971698113207547    0.03204623763476904
-0.12877358490566038    0.03133933533399839
-0.12783018867924528    0.03652328553962647
-0.1268867924528302    0.0306324330332315
-0.1259433962264151    0.03251750583528035
-0.125    0.03133933533399839
-0.1240566037735849    0.02921862843170118
-0.12311320754716981    0.03251750583527652
-0.12216981132075472    0.03322440813604731
-0.12122641509433962    0.025212848727352084
-0.12028301886792453    0.030396798932979457
-0.11933962264150944    0.025919751028118963
-0.11839622641509434    0.029454262531956838
-0.11745283018867925    0.025919751028118963
-0.11650943396226415    0.03463821273758124
-0.11556603773584906    0.027333555629652728
-0.11462264150943396    0.03133933533400207
-0.11367924528301887    0.027569189729908353
-0.11273584905660378    0.028747360231189872
-0.11179245283018868    0.03016116483272025
-0.11084905660377359    0.03251750583528035
-0.1099056603773585    0.027333555629652728
-0.1089622641509434    0.02851172613093422
-0.1080188679245283    0.026626653328885846
-0.10707547169811321    0.028982994331445525
-0.10613207547169812    0.028982994331442115
-0.10518867924528302    0.029454262531956838
-0.10424528301886793    0.031574969434254016
-0.10330188679245284    0.03322440813604731
-0.10235849056603774    0.02851172613093086
-0.10141509433962265    0.02968989663221249
-0.10047169811320755    0.027804823830163982
-0.09952830188679246    0.026391019228633326
-0.09858490566037736    0.032046237634765266
-0.09764150943396227    0.023563410025565466
-0.09669811320754718    0.025919751028118963
-0.09575471698113208    0.025919751028122013
-0.09481132075471699    0.023563410025562694
-0.0938679245283019    0.02568411692786636
-0.0929245283018868    0.028040457930419607
-0.0919811320754717    0.023563410025565466
-0.09103773584905661    0.023092141825051444
-0.09009433962264152    0.024505946426588085
-0.08915094339622642    0.025919751028118963
-0.08820754716981133    0.032753139935536
-0.08726415094339623    0.02474158052684083
-0.08632075471698114    0.024977214627099398
-0.08537735849056605    0.03016116483272025
-0.08443396226415095    0.025919751028122013
-0.08349056603773586    0.02474158052684083
-0.08254716981132076    0.02403467822607678
-0.08160377358490567    0.026155385128374592
-0.08066037735849058    0.025448482827610707
-0.07971698113207548    0.024270312326329577
-0.07877358490566039    0.027569189729911597
-0.0778301886792453    0.025212848727352084
-0.0768867924528302    0.024270312326332432
-0.0759433962264151    0.026155385128374592
-0.07500000000000001    0.027569189729911597
-0.07405660377358492    0.024505946426585205
-0.07311320754716982    0.02262087362454285
-0.07216981132075473    0.028040457930419607
-0.07122641509433963    0.028040457930422907
-0.07028301886792454    0.025212848727352084
-0.06933962264150945    0.027804823830167254
-0.06839622641509435    0.024977214627096456
-0.06745283018867926    0.024505946426588085
-0.06650943396226416    0.024505946426585205
-0.06556603773584907    0.024270312326332432
-0.06462264150943398    0.025684116927863338
-0.06367924528301888    0.02921862843170118
-0.06273584905660379    0.025919751028118963
-0.06179245283018869    0.025919751028122013
-0.0608490566037736    0.02639101922863022
-0.059905660377358505    0.02309214182505416
-0.05896226415094341    0.02332777592530707
-0.05801886792452832    0.02403467822607678
-0.05707547169811322    0.023092141825051444
-0.05613207547169813    0.02662665332888898
-0.055188679245283034    0.0209714349227508
-0.05424528301886794    0.02403467822607678
-0.053301886792452846    0.0270979215293971
-0.05235849056603775    0.025919751028122013
-0.05141509433962266    0.02686228742914147
-0.050471698113207564    0.027097921529400288
-0.04952830188679247    0.027569189729908353
-0.048584905660377375    0.029925530732468144
-0.04764150943396228    0.025212848727352084
-0.04669811320754719    0.02521284872735505
-0.04575471698113209    0.025448482827607713
-0.044811320754717    0.027569189729911597
-0.043867924528301905    0.027804823830163982
-0.04292452830188681    0.023799044125821126
-0.04198113207547172    0.02639101922863022
-0.04103773584905662    0.03181060353451338
-0.04009433962264153    0.03016116483272025
-0.039150943396226434    0.028040457930422907
-0.03820754716981134    0.03181060353450964
-0.037264150943396246    0.02521284872735505
-0.03632075471698115    0.029689896632208997
-0.03537735849056606    0.022385239524287195
-0.034433962264150964    0.032988774035787774
-0.033490566037735814    0.032281871735020895
-0.03254716981132072    0.02662665332888898
-0.031603773584905626    0.029925530732464626
-0.03066037735849053    0.029454262531956838
-0.029716981132075437    0.027333555629652728
-0.028773584905660343    0.029925530732468144
-0.02783018867924525    0.03016116483272025
-0.026886792452830155    0.03251750583528035
-0.02594339622641506    0.02686228742914147
-0.024999999999999967    0.024977214627099398
-0.024056603773584873    0.035580749138599675
-0.02311320754716978    0.03322440813604731
-0.022169811320754684    0.03181060353450964
-0.02122641509433959    0.030161164832723797
-0.020283018867924496    0.03181060353450964
-0.019339622641509402    0.030632433033235113
-0.018396226415094308    0.03039679893297588
-0.017452830188679214    0.024977214627099398
-0.01650943396226412    0.032046237634765266
-0.015566037735849025    0.03393131043681428
-0.014622641509433931    0.02921862843169774
-0.013679245283018837    0.02968989663221249
-0.012735849056603743    0.029925530732464626
-0.011792452830188649    0.027097921529400288
-0.010849056603773555    0.03086806713348713
-0.00990566037735846    0.026391019228633326
-0.008962264150943366    0.024977214627096456
-0.008018867924528272    0.02568411692786636
-0.007075471698113178    0.027804823830163982
-0.006132075471698084    0.023327775925309813
-0.00518867924528299    0.02874736023118649
-0.004245283018867896    0.027804823830167254
-0.0033018867924528017    0.023092141825051444
-0.0023584905660377076    0.024977214627099398
-0.0014150943396226134    0.025212848727352084
-0.0004716981132075193    0.028747360231189872
0.0004716981132075748    0.027333555629652728
0.0014150943396227245    0.028982994331442115
0.002358490566037763    0.024270312326335287
0.0033018867924528017    0.027333555629652728
0.004245283018867951    0.02874736023118649
0.005188679245283101    0.02945426253195337
0.00613207547169814    0.025684116927869382
0.007075471698113178    0.02474158052684083
0.008018867924528328    0.02639101922863022
0.008962264150943478    0.023092141825051444
0.009905660377358516    0.027333555629659157
0.010849056603773555    0.024505946426585205
0.011792452830188704    0.025212848727352084
0.012735849056603854    0.02945426253195337
0.013679245283018893    0.028747360231193255
0.014622641509433931    0.03039679893297588
0.015566037735849081    0.023563410025562694
0.01650943396226423    0.028276092030675236
0.01745283018867927    0.02992553073247167
0.018396226415094308    0.0306324330332315
0.019339622641509457    0.02945426253195337
0.020283018867924607    0.03110370123374276
0.021226415094339646    0.023092141825056877
0.022169811320754684    0.0270979215293971
0.023113207547169834    0.025212848727352084
0.024056603773584984    0.02921862843169774
0.025000000000000022    0.026155385128380747
0.02594339622641506    0.028276092030675236
0.02688679245283021    0.03181060353450964
0.02783018867924536    0.02639101922863022
0.0287735849056604    0.025448482827613698
0.029716981132075437    0.03039679893297588
0.030660377358490587    0.032988774035787774
0.03160377358490574    0.029689896632208997
0.032547169811320775    0.02827609203068189
0.033490566037735814    0.028276092030675236
0.034433962264150964    0.0306324330332315
0.03537735849056611    0.03110370123374276
0.03632075471698115    0.02898299433144894
0.03726415094339619    0.03346004223629903
0.03820754716981134    0.029689896632208997
0.03915094339622649    0.03110370123374276
0.04009433962264153    0.026626653328892115
0.04103773584905657    0.03039679893297588
0.04198113207547172    0.031574969434254016
0.042924528301886866    0.02686228742914147
0.043867924528301905    0.03016116483272735
0.04481132075471694    0.02945426253195337
0.04575471698113209    0.031574969434254016
0.04669811320754724    0.027569189729908353
0.04764150943396228    0.029218628431704616
0.04858490566037732    0.02851172613093086
0.04952830188679247    0.02874736023118649
0.05047169811320762    0.03181060353450964
0.05141509433962266    0.038172724241420555
0.052358490566037696    0.02874736023118649
0.053301886792452846    0.02921862843169774
0.054245283018867996    0.02874736023118649
0.055188679245283034    0.035345115038352366
0.05613207547169807    0.032046237634765266
0.05707547169811322    0.027333555629652728
0.05801886792452837    0.03181060353450964
0.05896226415094341    0.02827609203068189
0.05990566037735845    0.027804823830163982
0.0608490566037736    0.029925530732464626
0.06179245283018875    0.031574969434254016
0.06273584905660379    0.02709792152940348
0.06367924528301883    0.03133933533399839
0.06462264150943398    0.03016116483272025
0.06556603773584913    0.029689896632208997
0.06650943396226416    0.026155385128380747
0.0674528301886792    0.032753139935532145
0.06839622641509435    0.027569189729908353
0.0693396226415095    0.028982994331442115
0.07028301886792454    0.028747360231193255
0.07122641509433958    0.022856507724795815
0.07216981132075473    0.02945426253195337
0.07311320754716988    0.02921862843169774
0.07405660377358492    0.025684116927869382
0.07499999999999996    0.024505946426585205
0.0759433962264151    0.02851172613093086
0.07688679245283025    0.025684116927863338
0.0778301886792453    0.028040457930426206
0.07877358490566033    0.02945426253195337
0.07971698113207548    0.029689896632208997
0.08066037735849063    0.025448482827607713
0.08160377358490567    0.026626653328892115
0.08254716981132071    0.0270979215293971
0.08349056603773586    0.02686228742914147
0.08443396226415101    0.028040457930419607
0.08537735849056605    0.03016116483272735
0.08632075471698109    0.025212848727352084
0.08726415094339623    0.024505946426585205
0.08820754716981138    0.027804823830163982
0.08915094339622642    0.022856507724801196
0.09009433962264146    0.02945426253195337
0.09103773584905661    0.023799044125818323
0.09198113207547176    0.02686228742914147
0.0929245283018868    0.027804823830170525
0.09386792452830184    0.028040457930419607
0.09481132075471699    0.02167833722351768
0.09575471698113214    0.027804823830163982
0.09669811320754718    0.031810603534517125
0.09764150943396221    0.03181060353450964
0.09858490566037736    0.029925530732464626
0.09952830188679251    0.028040457930419607
0.10047169811320755    0.02827609203068189
0.10141509433962259    0.028040457930419607
0.10235849056603774    0.027569189729908353
0.10330188679245289    0.03133933533399839
0.10424528301886793    0.02756918972991484
0.10518867924528297    0.03016116483272025
0.10613207547169812    0.026626653328885846
0.10707547169811327    0.02921862843169774
0.1080188679245283    0.026626653328892115
0.10896226415094334    0.032988774035787774
0.1099056603773585    0.024505946426585205
0.11084905660377364    0.02686228742914147
0.11179245283018868    0.02827609203068189
0.11273584905660372    0.029925530732464626
0.11367924528301887    0.025684116927863338
0.11462264150943402    0.028040457930419607
0.11556603773584906    0.02639101922863643
0.1165094339622641    0.025684116927863338
0.11745283018867925    0.026626653328885846
0.1183962264150944    0.026155385128374592
0.11933962264150944    0.029454262531960304
0.12028301886792447    0.027569189729908353
0.12122641509433962    0.03039679893297588
0.12216981132075477    0.03393131043681028
0.12311320754716981    0.024977214627102336
0.12405660377358485    0.027569189729908353
0.125    0.0270979215293971
0.12594339622641515    0.03016116483272025
0.1268867924528302    0.028747360231193255
0.12783018867924523    0.03393131043681028
0.12877358490566038    0.02945426253195337
0.12971698113207553    0.026155385128374592
0.13066037735849056    0.03110370123375008
0.1316037735849056    0.029689896632208997
0.13254716981132075    0.03251750583527652
0.1334905660377359    0.02874736023118649
0.13443396226415094    0.035345115038352366
0.13537735849056598    0.03110370123374276
0.13632075471698113    0.026155385128374592
0.13726415094339628    0.03393131043681028
0.13820754716981132    0.028747360231193255
0.13915094339622636    0.03110370123374276
0.1400943396226415    0.0341669445370659
0.14103773584905666    0.03487384683783279
0.1419811320754717    0.03039679893298303
0.14292452830188673    0.03110370123374276
0.14386792452830188    0.03016116483272025
0.14481132075471703    0.035580749138599675
0.14575471698113207    0.034873846837841
0.1466981132075471    0.03534511503834405
0.14764150943396226    0.03864399244192282
0.1485849056603774    0.035580749138599675
0.14952830188679245    0.029689896632215985
0.15047169811320749    0.03746582194064469
0.15141509433962264    0.036052017339110926
0.15235849056603779    0.04100033344447909
0.15330188679245282    0.03935089474269896
0.15424528301886786    0.0419428698455016
0.155188679245283    0.040529065243967835
0.15613207547169816    0.04618428365010289
0.1570754716981132    0.03393131043681827
0.15801886792452824    0.041235967544734714
0.1589622641509434    0.045477381349336
0.15990566037735854    0.04100033344447909
0.16084905660377358    0.04100033344448874
0.16179245283018862    0.04359230854729099
0.16273584905660377    0.04170723574524597
0.16367924528301891    0.04264977214626848
0.16462264150943395    0.039586528842954646
0.165566037735849    0.04029343114371221
0.16650943396226414    0.040529065243967835
0.1674528301886793    0.04736245415138102
0.16839622641509433    0.048540624652670575
0.16933962264150937    0.0393508947426897
0.17028301886792452    0.04217850394575723
0.17122641509433967    0.04524174724908037
0.1721698113207547    0.04924752695343762
0.17311320754716975    0.04029343114371221
0.1740566037735849    0.04736245415138102
0.17500000000000004    0.04689118595086977
0.17594339622641508    0.047126820051136484
0.17688679245283012    0.047598088251636646
0.17783018867924527    0.0506613315549598
0.17877358490566042    0.04712682005112539
0.17971698113207546    0.047126820051136484
0.1806603773584905    0.04241413804601286
0.18160377358490565    0.04618428365010289
0.1825471698113208    0.04335667444703536
0.18349056603773584    0.04924752695343762
0.18443396226415087    0.043827942647546615
0.18537735849056602    0.052310770256749184
0.18632075471698117    0.047833722351892274
0.1872641509433962    0.04901189285318194
0.18820754716981125    0.051132599755471055
0.1891509433962264    0.04641991775035851
0.19009433962264155    0.05019006335444854
0.1910377358490566    0.05019006335446036
0.19198113207547163    0.052075136156493555
0.19292452830188678    0.052075136156493555
0.19386792452830193    0.048069356452147896
0.19481132075471697    0.04806935645215921
0.195754716981132    0.048304990552403525
0.19669811320754715    0.04854062465265915
0.1976415094339623    0.04170723574524597
0.19858490566037734    0.04971879515394899
0.19952830188679238    0.04594864954984726
0.20047169811320753    0.0541958430587942
0.20141509433962268    0.04924752695342603
0.20235849056603772    0.051368233855738764
0.20330188679245276    0.047833722351892274
0.2042452830188679    0.04971879515393729
0.20518867924528306    0.0541958430587942
0.2061320754716981    0.052310770256761494
0.20707547169811313    0.044534844948313494
0.20801886792452828    0.05325330665777169
0.20896226415094343    0.05725908636211735
0.20990566037735858    0.050896965655215426
0.21084905660377362    0.04995442925420467
0.21179245283018866    0.05513837945981671
0.2127358490566038    0.05301767255751607
0.21367924528301896    0.05443147715904983
0.214622641509434    0.04971879515394899
0.21556603773584904    0.05443147715904983
0.2165094339622642    0.05042569745470417
0.21745283018867934    0.0506613315549598
0.21839622641509437    0.05325330665778423
0.2193396226415094    0.059379793264417995
0.22028301886792456    0.052310770256749184
0.2212264150943397    0.051132599755471055
0.22216981132075475    0.05985106146494334
0.2231132075471698    0.055374013560072335
0.22405660377358494    0.05348894075802732
0.2250000000000001    0.05796598866288423
0.22594339622641513    0.06173613426698879
0.22688679245283017    0.056080915860839214
0.22783018867924532    0.054902745359561085
0.22877358490566047    0.055845281760583586
0.2297169811320755    0.052075136156505816
0.23066037735849054    0.05396020895853857
0.2316037735849057    0.05773035456262861
0.23254716981132084    0.055609647660327964
0.23349056603773588    0.05985106146494334
0.23443396226415092    0.059379793264417995
0.23537735849056607    0.059144159164162366
0.23632075471698122    0.06102923196620739
0.23726415094339626    0.05702345226187515
0.2382075471698113    0.06173613426697426
0.23915094339622645    0.0603223296654405
0.2400943396226416    0.06385684116927491
0.24103773584905663    0.0657419139713354
0.24198113207547167    0.06786262087362056
0.24292452830188682    0.06951205957540996
0.24386792452830197    0.05985106146492925
0.244811320754717    0.05537401356008537
0.24575471698113205    0.0603223296654405
0.2466981132075472    0.06432810936978617
0.24764150943396235    0.06079359786595176
0.2485849056603774    0.06220740246750016
0.24952830188679243    0.06974769367566558
0.2504716981132076    0.06432810936978617
0.2514150943396227    0.06432810936978617
0.25235849056603776    0.060557963765710376
0.2533018867924528    0.061264866066463
0.25424528301886795    0.06550627987106429
0.2551886792452831    0.06692008447259806
0.25613207547169814    0.06385684116928993
0.2570754716981132    0.07186840057796622
0.25801886792452833    0.06385684116927491
0.2589622641509435    0.0761098143825675
0.2599056603773585    0.06904079137491495
0.26084905660377355    0.06432810936978617
0.2617924528301887    0.06503501167055303
0.26273584905660385    0.07281093697898873
0.2636792452830189    0.07681671668335247
0.26462264150943393    0.07092586417694371
0.2655660377358491    0.0761098143825675
0.26650943396226423    0.05796598866288423
0.26745283018867927    0.06668445037235812
0.2683962264150943    0.0777592530843569
0.26933962264150946    0.07917305768589065
0.2702830188679246    0.07658108258307876
0.27122641509433965    0.08152939868846612
0.2721698113207547    0.0761098143825675
0.27311320754716983    0.07328220517949999
0.274056603773585    0.08176503278870256
0.275    0.07257530287875018
0.27594339622641506    0.07446037568077812
0.2768867924528302    0.07446037568077812
0.27783018867924536    0.07493164388128938
0.2787735849056604    0.07823052128488657
0.27971698113207544    0.07351783927975561
0.2806603773584906    0.07540291208180062
0.28160377358490574    0.07752361898410128
0.2825471698113208    0.07681671668335247
0.2834905660377358    0.08529954429253696
0.28443396226415096    0.07540291208180062
0.2853773584905661    0.08435700789151446
0.28632075471698115    0.06904079137491495
0.2872641509433962    0.07846615538512378
0.28820754716981134    0.08412137379125882
0.2891509433962265    0.08341447149049194
0.29009433962264153    0.08105813048795475
0.29103773584905657    0.07705235078359002
0.2919811320754717    0.06597754807157555
0.29292452830188687    0.07563854618205625
0.2938679245283019    0.07987995998667634
0.29481132075471694    0.07681671668333438
0.2957547169811321    0.08152939868844693
0.29669811320754724    0.07658108258307876
0.2976415094339623    0.07752361898411951
0.2985849056603773    0.07893742358563502
0.29952830188679247    0.0874202511948376
0.3004716981132076    0.07422474158052249
0.30141509433962266    0.08200066688897747
0.3023584905660377    0.08058686228742443
0.30330188679245285    0.08317883739023631
0.304245283018868    0.07964432588640191
0.30518867924528303    0.07634544848284111
0.3061320754716981    0.07893742358563502
0.3070754716981132    0.08529954429253696
0.3080188679245284    0.07398910748026687
0.3089622641509434    0.08789151939536954
0.30990566037735845    0.08930532399688261
0.3108490566037736    0.08058686228742443
0.31179245283018875    0.090954762698672
0.3127358490566038    0.08529954429255704
0.3136792452830188    0.08152939868844693
0.314622641509434    0.08883405579637137
0.3155660377358491    0.08317883739023631
0.31650943396226416    0.07446037568079564
0.3174528301886792    0.09142603089918326
0.31839622641509435    0.08883405579637137
0.3193396226415095    0.08294320328998069
0.32028301886792454    0.08883405579639227
0.3212264150943396    0.09001222629764949
0.32216981132075473    0.08624208069355946
0.3231132075471699    0.08694898299432635
0.3240566037735849    0.08459264199179
0.32499999999999996    0.08270756918972506
0.3259433962264151    0.0864777147938151
0.32688679245283025    0.08247193508946943
0.3278301886792453    0.07728798488386383
0.32877358490566033    0.08317883739023631
0.3297169811320755    0.08694898299432635
0.33066037735849063    0.09566744470378455
0.33160377358490567    0.09048349449818205
0.3325471698113207    0.08152939868844693
0.33349056603773586    0.0857708124930482
0.334433962264151    0.08270756918972506
0.33537735849056605    0.08529954429255704
0.3363207547169811    0.09236856730020578
0.33726415094339623    0.09778815160608519
0.3382075471698114    0.08954095809713825
0.3391509433962264    0.09071912859843773
0.34009433962264146    0.09378237190173953
0.3410377358490566    0.09024786039790512
0.34198113207547176    0.09778815160608519
0.3429245283018868    0.09519617650329569
0.34386792452830184    0.09260420140046138
0.344811320754717    0.09660998110480705
0.34575471698113214    0.09378237190173953
0.3466981132075472    0.09260420140048319
0.3476415094339622    0.09990885850838582
0.34858490566037736    0.09331110370122828
0.3495283018867925    0.0874202511948376
0.35047169811320755    0.10061576080917639
0.3514150943396226    0.10155829721017522
0.35235849056603774    0.0987306880071077
0.3533018867924529    0.09660998110480705
0.35424528301886793    0.10061576080917639
0.35518867924528297    0.10273646771145335
0.3561320754716981    0.10556407691452088
0.35707547169811327    0.10509280871400963
0.3580188679245283    0.09755251750585253
0.35896226415094334    0.10532844281426525
0.3599056603773585    0.11004112481937778
0.36084905660377364    0.10179393131043085
0.3617924528301887    0.10155829721019911
0.3627358490566037    0.11522507502500158
0.36367924528301887    0.10744914971656588
0.364622641509434    0.10815605201733278
0.36556603773584906    0.11145492942093778
0.3665094339622641    0.1161676114260241
0.36745283018867925    0.11286873402244532
0.3683962264150944    0.11192619762142281
0.36933962264150944    0.10956985661889233
0.3702830188679245    0.106742247415799
0.3712264150943396    0.10956985661886653
0.3721698113207548    0.12559297543624917
0.3731132075471698    0.10485717461377868
0.37405660377358485    0.11169056352116717
0.375    0.11098366122040029
0.37594339622641515    0.11687451372679096
0.3768867924528302    0.10226519951096617
0.3778301886792452    0.11687451372679096
0.3787735849056604    0.12653551183727166
0.3797169811320755    0.11734578192730222
0.38066037735849056    0.11993775703014235
0.3816037735849056    0.11640324552627972
0.38254716981132075    0.11734578192730222
0.3834905660377359    0.10956985661886653
0.38443396226415094    0.12135156163167644
0.385377358490566    0.12417917083471541
0.38632075471698113    0.10980549071912217
0.3872641509433963    0.11663887962653535
0.3882075471698113    0.12182282983218781
0.38915094339622636    0.11121929532065593
0.3900943396226415    0.11192619762142281
0.39103773584905666    0.11663887962653535
0.3919811320754717    0.11734578192732983
0.39292452830188673    0.1189952206290916
0.3938679245283019    0.12040902523062537
0.39481132075471703    0.1284205846393167
0.39575471698113207    0.12135156163167644
0.3966981132075471    0.12417917083471541
0.39764150943396226    0.1319550961431511
0.3985849056603774    0.13007002334110607
0.39952830188679245    0.12559297543627873
0.4004716981132075    0.11546070912525722
0.40141509433962264    0.1189952206290916
0.4023584905660378    0.12912748694008358
0.4033018867924528    0.12135156163167644
0.40424528301886786    0.10862732021784403
0.405188679245283    0.12088029343113663
0.40613207547169816    0.12535734133599355
0.4070754716981132    0.12512170723576738
0.40801886792452824    0.134547071245963
0.4089622641509434    0.134547071245963
0.40990566037735854    0.13407580304545172
0.4108490566037736    0.1274780482383242
0.4117924528301886    0.12182282983215914
0.41273584905660377    0.12111592753139226
0.4136792452830189    0.11286873402244532
0.41462264150943395    0.13077692564190374
0.415566037735849    0.1319550961431511
0.41650943396226414    0.12865621873957234
0.4174528301886793    0.14279426475490994
0.41839622641509433    0.1338401689452276
0.41933962264150937    0.1413804601533762
0.4202830188679245    0.14020228965209802
0.42122641509433967    0.13596087584749675
0.4221698113207547    0.135018339446506
0.42311320754716975    0.13737468044903053
0.4240566037735849    0.14562187395797746
0.42500000000000004    0.15033455596308998
0.4259433962264151    0.139495387351364
0.4268867924528301    0.14844948316104498
0.42783018867924527    0.13360453484494048
0.4287735849056604    0.1442080693564437
0.42971698113207546    0.13973102145161967
0.4306603773584905    0.1449149716572106
0.43160377358490565    0.14632877625874435
0.4325471698113208    0.16023118817382634
0.43349056603773584    0.14656441035903447
0.4344339622641509    0.14444370345669932
0.435377358490566    0.16305879737689385
0.4363207547169812    0.15151272646436814
0.4372641509433962    0.14185172835392082
0.43820754716981125    0.15457596976769128
0.4391509433962264    0.16188062687561572
0.44009433962264155    0.15457596976769128
0.4410377358490566    0.14962765366235833
0.4419811320754716    0.15504723796820255
0.4429245283018868    0.1564610425697363
0.4438679245283019    0.15410470156718004
0.44481132075471697    0.16046682227411974
0.445754716981132    0.1616449927753601
0.44669811320754715    0.16023118817382634
0.4476415094339623    0.16305879737689385
0.44858490566037745    0.16588640657996137
0.4495283018867925    0.15080582416363675
0.45047169811320753    0.16730021118149513
0.4514150943396227    0.15363343336666876
0.45235849056603783    0.15716794487050317
0.45330188679245287    0.15905301767258562
0.4542452830188679    0.15622540846948066
0.45518867924528306    0.16188062687561572
0.4561320754716982    0.16588640657996137
0.45707547169811324    0.1607024563743754
0.4580188679245283    0.16282316327663823
0.45896226415094343    0.17342669778814143
0.4599056603773586    0.16659330888072826
0.4608490566037736    0.174369234189205
0.46179245283018866    0.16800711348226202
0.4627358490566038    0.164236967878172
0.46367924528301896    0.1790819161942765
0.464622641509434    0.1673002111815345
0.46556603773584904    0.17672557519172022
0.4665094339622642    0.17601867289095333
0.46745283018867934    0.17366233188839708
0.4683962264150944    0.1701278203846027
0.4693396226415094    0.17224852728686332
0.47028301886792456    0.18662220740245655
0.4712264150943397    0.18308769589862214
0.47216981132075475    0.18026008669559704
0.4731132075471698    0.181909525397344
0.47405660377358494    0.1870934756029678
0.4750000000000001    0.17813937979325398
0.4759433962264151    0.17083472268536976
0.47688679245283017    0.17955318439478773
0.4778301886792453    0.1757830387906977
0.47877358490566047    0.181909525397344
0.4797169811320755    0.17248416138715952
0.48066037735849054    0.18261642769811087
0.4816037735849057    0.18308769589862214
0.48254716981132084    0.18049572079581025
0.4834905660377359    0.18897854840505732
0.4844339622641509    0.195811937312426
0.48537735849056607    0.19369123041012534
0.4863207547169812    0.18827164610424596
0.48726415094339626    0.18567967100147775
0.4882075471698113    0.18143825719683276
0.48915094339622645    0.19157052350782472
0.4900943396226416    0.1738979659886527
0.49103773584905663    0.1755474046904834
0.49198113207547167    0.19557630321217037
0.4929245283018868    0.193926864510381
0.49386792452830197    0.1941624986106366
0.494811320754717    0.1918061576081255
0.49575471698113205    0.2012315216183054
0.4966981132075472    0.20853617872622987
0.49764150943396235    0.1974613760142154
0.4985849056603774    0.18732910970326752
0.4995283018867924    0.1967544737134485
0.5004716981132076    0.20429476492162857
0.5014150943396227    0.19628320551293724
0.5023584905660378    0.1915705235078698
0.5033018867924528    0.20500166722239546
0.504245283018868    0.2106568856285305
0.5051886792452831    0.21607646993440993
0.5061320754716981    0.20523730132269938
0.5070754716981132    0.20830054462597422
0.5080188679245283    0.20924308102699674
0.5089622641509435    0.20947871512725236
0.5099056603773585    0.22455929754366535
0.5108490566037736    0.20523730132265108
0.5117924528301887    0.21913971323773307
0.5127358490566039    0.22102478603977807
0.5136792452830189    0.21489829943318237
0.5146226415094339    0.21607646993440993
0.5155660377358491    0.21372012893185366
0.5165094339622642    0.21796154273645493
0.5174528301886793    0.22031788373906305
0.5183962264150943    0.2177259086361993
0.5193396226415095    0.2203178837390112
0.5202830188679246    0.21725464043568807
0.5212264150943396    0.22290985884187556
0.5221698113207547    0.22385239524284561
0.5231132075471698    0.23751917305767198
0.524056603773585    0.23280649105255943
0.525    0.2424674891630972
0.5259433962264151    0.2368122707569051
0.5268867924528302    0.23374902745358192
0.5278301886792454    0.23869734355895011
0.5287735849056604    0.24623763476718813
0.5297169811320754    0.24458819606534077
0.5306603773584906    0.23657663665664946
0.5316037735849057    0.24246748916304012
0.5325471698113208    0.24011114816054038
0.5334905660377358    0.23916861175946136
0.534433962264151    0.2530710236745433
0.5353773584905661    0.25212848727352083
0.5363207547169812    0.2570768033789495
0.5372641509433962    0.2464732688673858
0.5382075471698113    0.24482383016559642
0.5391509433962265    0.24835834166943083
0.5400943396226415    0.2587262420807393
0.5410377358490566    0.26061131488272343
0.5419811320754717    0.2617894853840016
0.5429245283018869    0.25495609647658835
0.5438679245283019    0.2549560964766484
0.5448113207547169    0.2615538512837459
0.5457547169811321    0.26296765588527965
0.5466981132075472    0.2632032899855353
0.5476415094339623    0.2681516060909666
0.5485849056603773    0.26249638768476846
0.5495283018867925    0.27569189729908355
0.5504716981132076    0.2799333111036848
0.5514150943396227    0.28558852950988706
0.5523584905660377    0.27687006780036166
0.5533018867924528    0.29289318661774427
0.554245283018868    0.26626653328885846
0.555188679245283    0.2997265755252281
0.5561320754716981    0.28747360231186486
0.5570754716981132    0.29407135711902244
0.5580188679245284    0.2997265755251575
0.5589622641509434    0.29689896632215984
0.5599056603773584    0.29147938201621054
0.5608490566037736    0.30679559853282634
0.5617924528301887    0.2893586751139099
0.5627358490566038    0.31433588974108034
0.5636792452830188    0.29831277092362374
0.564622641509434    0.314571523841262
0.5655660377358491    0.30538179393129256
0.5665094339622642    0.31150828053801216
0.5674528301886792    0.3178704012448408
0.5683962264150944    0.31834166944535197
0.5693396226415095    0.3249394242525096
0.5702830188679245    0.319048571746194
0.5712264150943396    0.3268244970545546
0.5721698113207547    0.3112726464376832
0.5731132075471699    0.32376125375123144
0.5740566037735849    0.35627875958659183
0.575    0.3261175947537877
0.5759433962264151    0.33271534956094523
0.5768867924528303    0.33695676336554653
0.5778301886792453    0.3461464932755975
0.5787735849056603    0.3501522729798616
0.5797169811320755    0.35462932088471855
0.5806603773584906    0.348031566077561
0.5816037735849057    0.34873846837841
0.5825471698113207    0.3501522729798616
0.5834905660377359    0.36523285539622175
0.584433962264151    0.372066244303635
0.585377358490566    0.3468533955763645
0.5863207547169811    0.37230187840389056
0.5872641509433962    0.3654684894964774
0.5882075471698114    0.36970990330107867
0.5891509433962264    0.3899744359231544
0.5900943396226415    0.3687673669000562
0.5910377358490566    0.36664665999775553
0.5919811320754718    0.38337668111590506
0.5929245283018868    0.3725375125042339
0.5938679245283018    0.4019917750360996
0.594811320754717    0.37795709681002565
0.5957547169811321    0.38149160831386003
0.5966981132075472    0.39916416583312603
0.5976415094339622    0.3918595087251076
0.5985849056603774    0.41188840724683595
0.5995283018867925    0.4173079915527153
0.6004716981132076    0.4074113593420749
0.6014150943396226    0.4224919417583391
0.6023584905660377    0.43592308547290987
0.6033018867924529    0.4281471601644742
0.6042452830188679    0.4246126486607397
0.605188679245283    0.4255551850616623
0.6061320754716981    0.43592308547290987
0.6070754716981133    0.42908969656549667
0.6080188679245283    0.4434633766811943
0.6089622641509433    0.4441702789818568
0.6099056603773585    0.44110703567853365
0.6108490566037736    0.45076803378901437
0.6117924528301887    0.44440591308221705
0.6127358490566037    0.46537734800486324
0.6136792452830189    0.44464154718236804
0.614622641509434    0.44087140157827803
0.6155660377358491    0.46749805490727386
0.6165094339622641    0.47386017561406585
0.6174528301886792    0.4830499055240352
0.6183962264150944    0.490118928531704
0.6193396226415094    0.4903545626320751
0.6202830188679245    0.4590152272979613
0.6212264150943396    0.5011937312437185
0.6221698113207548    0.47927975991994526
0.6231132075471698    0.508262754251507
0.6240566037735849    0.5120328998554774
0.625    0.5143892408580337
0.6259433962264151    0.5019006335444854
0.6268867924528302    0.5235789707681263
0.6278301886792452    0.5181593864621237
0.6287735849056604    0.522400800266725
0.6297169811320755    0.514153606757778
0.6306603773584906    0.5322974324775865
0.6316037735849056    0.5306479937756718
0.6325471698113208    0.5473780148938214
0.6334905660377359    0.5393664554851302
0.6344339622641509    0.55939535400699
0.635377358490566    0.5601022563076253
0.6363207547169811    0.5669356452150385
0.6372641509433963    0.5605735245081366
0.6382075471698113    0.5499699899967627
0.6391509433962264    0.5690563521173391
0.6400943396226415    0.5846082027342104
0.6410377358490567    0.5707057908191285
0.6419811320754717    0.5605735245082685
0.6429245283018867    0.5952117372457137
0.6438679245283019    0.5926197621429018
0.644811320754717    0.6055796376569613
0.6457547169811321    0.6034589307548026
0.6466981132075471    0.6220740246748552
0.6476415094339623    0.6154762698676975
0.6485849056603774    0.6112348560630964
0.6495283018867924    0.608407246860172
0.6504716981132075    0.6326775591863584
0.6514150943396226    0.6154762698676975
0.6523584905660378    0.6274936089807346
0.6533018867924528    0.6633099922197461
0.6542452830188679    0.6472868734022073
0.655188679245283    0.6347982660886591
0.6561320754716982    0.6496432144047635
0.6570754716981132    0.6783905746361096
0.6580188679245282    0.6776836723351831
0.6589622641509434    0.6915860842502651
0.6599056603773585    0.6739135267310931
0.6608490566037736    0.682631988440712
0.6617924528301886    0.6696721129264919
0.6627358490566038    0.6630743581193344
0.6636792452830189    0.7130287873735272
0.664622641509434    0.6727353562299734
0.665566037735849    0.6715571857285368
0.6665094339622641    0.6901722796487313
0.6674528301886793    0.7123218850727603
0.6683962264150943    0.7137356896744621
0.6693396226415094    0.7302300766921879
0.6702830188679245    0.6955918639546108
0.6712264150943397    0.7394198066021573
0.6721698113207547    0.7441324886074451
0.6731132075471697    0.7342358563965335
0.6740566037735849    0.7427186840057362
0.675    0.7424830499054806
0.6759433962264151    0.734471490496962
0.6768867924528301    0.7676958986328326
0.6778301886792453    0.7691097032343663
0.6787735849056604    0.7464888296098262
0.6797169811320755    0.7877247971547463
0.6806603773584905    0.8063398910747555
0.6816037735849056    0.773115482938712
0.6825471698113208    0.7846615538512378
0.6834905660377358    0.8084605979772463
0.6844339622641509    0.8129376458819131
0.685377358490566    0.7990352339668311
0.6863207547169812    0.805397354673733
0.6872641509433962    0.8402712015117635
0.6882075471698113    0.8433344448148888
0.6891509433962264    0.8197710347893262
0.6900943396226416    0.8492252973212795
0.6910377358490567    0.8732599755473535
0.6919811320754717    0.8296676670002578
0.6929245283018868    0.8763232188506767
0.6938679245283019    0.8664265866399403
0.6948113207547171    0.891875069467548
0.6957547169811321    0.8798577303547181
0.6966981132075472    0.8749094142491429
0.6976415094339623    0.8711392686450529
0.6985849056603775    0.8805646326552778
0.6995283018867925    0.9109614315884682
0.7004716981132075    0.892581971768315
0.7014150943396227    0.9005935311770062
0.7023584905660378    0.90577748138263
0.7033018867924529    0.9274558186063661
0.7042452830188679    0.9288696232076815
0.7051886792452831    0.9371168167166285
0.7061320754716982    0.9333466711125384
0.7070754716981132    0.9420651328222183
0.7080188679245283    0.9550250083360562
0.7089622641509434    0.965864176947815
0.7099056603773586    0.9602089585416799
0.7108490566037736    0.9604445926421615
0.7117924528301887    0.9533755696342666
0.7127358490566038    0.9781171501611075
0.713679245283019    0.9861287095697988
0.714622641509434    0.9573813493388376
0.715566037735849    0.9917839279759338
0.7165094339622642    1.000031121484881
0.7174528301886793    0.9941402689784903
0.7183962264150944    1.0094564854953436
0.7193396226415094    1.0005023896853922
0.7202830188679246    1.0165255085027747
0.7212264150943397    1.0304279204178566
0.7221698113207548    1.0325486273204005
0.7231132075471698    1.0433877959319162
0.7240566037735849    1.0278359453150447
0.7250000000000001    1.0351406024229692
0.7259433962264151    1.0605890852508264
0.7268867924528302    1.0483361120372843
0.7278301886792453    1.0681293764587572
0.7287735849056605    1.0502211848393295
0.7297169811320755    1.0683650105592641
0.7306603773584905    1.0568189396464869
0.7316037735849057    1.0490430143380511
0.7325471698113208    1.0608247193508327
0.7334905660377359    1.076612204068213
0.7344339622641509    1.1046526619983792
0.7353773584905661    1.0900433477825302
0.7363207547169812    1.0803823496720495
0.7372641509433963    1.0902789818830425
0.7382075471698113    1.107244637101191
0.7391509433962264    1.092164054684831
0.7400943396226416    1.0855662998776734
0.7410377358490566    1.095934200289179
0.7419811320754717    1.0942847615871316
0.7429245283018868    1.1456529954428583
0.743867924528302    1.1359919973323775
0.744811320754717    1.1355207291321334
0.745754716981132    1.1484806046459257
0.7466981132075472    1.1359919973323775
0.7476415094339623    1.147066800044392
0.7485849056603774    1.1058308324999175
0.7495283018867924    1.144003556741069
0.7504716981132076    1.1607335778592183
0.7514150943396227    1.1444748249415801
0.7523584905660378    1.1694520395689518
0.7533018867924528    1.1430610203400462
0.754245283018868    1.172986551072511
0.7551886792452831    1.1696876736689323
0.7561320754716981    1.164974991664094
0.7570754716981132    1.1875958652883598
0.7580188679245283    1.2026764477047198
0.7589622641509435    1.2055040569077875
0.7599056603773585    1.2165788596200884
0.7608490566037736    1.2069178615093212
0.7617924528301887    1.2182282983215913
0.7627358490566039    1.2198777370233809
0.7636792452830189    1.232366344337219
0.7646226415094339    1.2236478826274708
0.7655660377358491    1.2154006891185238
0.7665094339622642    1.2234122485272152
0.7674528301886793    1.2542803156609976
0.7683962264150943    1.2573435589640254
0.7693396226415095    1.2618206068688824
0.7702830188679246    1.2700678003778292
0.7712264150943396    1.2792575302880997
0.7721698113207547    1.2794931643880545
0.7731132075471698    1.2528665110591686
0.774056603773585    1.2743092141824306
0.775    1.3162520840282421
0.7759433962264151    1.2926886740023695
0.7768867924528302    1.3129532066243534
0.7778301886792454    1.2726597754806412
0.7787735849056604    1.321436034233867
0.7797169811320754    1.2981082583082488
0.7806603773584906    1.3193153273312552
0.7816037735849057    1.3332177392463374
0.7825471698113208    1.336280982549975
0.7834905660377358    1.3638501722795688
0.784433962264151    1.3424074691563068
0.7853773584905661    1.3690341224851925
0.7863207547169812    1.3801089251975318
0.7872641509433962    1.3770456818938839
0.7882075471698113    1.335338446148638
0.7891509433962265    1.3501833944647426
0.7900943396226415    1.4074424808271913
0.7910377358490566    1.3848216072023196
0.7919811320754717    1.3999021896186798
0.7929245283018869    1.394718239413056
0.7938679245283019    1.3782238523954866
0.7948113207547169    1.4279426475490995
0.7957547169811321    1.410976992330694
0.7966981132075472    1.4300633544513999
0.7976415094339623    1.4130976992333273
0.7985849056603773    1.4427875958652037
0.7995283018867925    1.434540402356257
0.8004716981132076    1.4475002778703163
0.8014150943396227    1.4390174502614526
0.8023584905660377    1.4472646437700607
0.8033018867924528    1.4753051017004803
0.804245283018868    1.4404312548626474
0.805188679245283    1.5132421918419925
0.8061320754716981    1.4722418583971573
0.8070754716981132    1.4927420251193968
0.8080188679245284    1.496983438923998
0.8089622641509434    1.4793108814051743
0.8099056603773584    1.5021673891296219
0.8108490566037736    1.5113571190395914
0.8117924528301887    1.5332710903633646
0.8127358490566038    1.5620184505949188
0.8136792452830188    1.5811048127152567
0.814622641509434    1.5516505501833036
0.8155660377358491    1.5389263087694995
0.8165094339622642    1.5785128376128166
0.8174528301886792    1.5405757474712891
0.8183962264150944    1.572150716905543
0.8193396226415095    1.605610759141842
0.8202830188679245    1.5945359564302028
0.8212264150943396    1.5770990330109111
0.8221698113207547    1.611972879848744
0.8231132075471699    1.610794709347466
0.8240566037735849    1.6152717572527029
0.825    1.600662443036474
0.8259433962264151    1.6254040235633147
0.8268867924528303    1.6145648549515559
0.8278301886792453    1.6376569967769927
0.8287735849056603    1.6230476825607585
0.8297169811320755    1.6543870178947568
0.8306603773584906    1.6013693453372408
0.8316037735849057    1.6550939201959134
0.8325471698113207    1.6689963321106056
0.8334905660377359    1.6390708013781412
0.834433962264151    1.6576858952983358
0.835377358490566    1.6265821940649758
0.8363207547169811    1.6395420695786525
0.8372641509433962    1.6734733800154626
0.8382075471698114    1.665697454707027
0.8391509433962264    1.6489674335892657
0.8400943396226415    1.6741802823162295
0.8410377358490566    1.655565188396035
0.8419811320754718    1.643547849282998
0.8429245283018868    1.649438701789777
0.8438679245283018    1.6873757919305445
0.844811320754717    1.6840769145269658
0.8457547169811321    1.7088184950538066
0.8466981132075472    1.6765366233191803
0.8476415094339622    1.716830054462498
0.8485849056603774    1.7222496387683774
0.8495283018867925    1.7151806157607086
0.8504716981132076    1.7114104701570214
0.8514150943396226    1.7163587862619867
0.8523584905660377    1.7571234856062101
0.8533018867924529    1.721778370567866
0.8542452830188679    1.7439279759923056
0.855188679245283    1.7696120929197585
0.8561320754716981    1.759244192508511
0.8570754716981133    1.795060575747366
0.8580188679245283    1.7957674780485557
0.8589622641509433    1.754767144603654
0.8599056603773585    1.8058997443591251
0.8608490566037736    1.779979993331006
0.8617924528301887    1.774089140825033
0.8627358490566037    1.803307769256313
0.8636792452830189    1.8066066466598918
0.864622641509434    1.8440724686005365
0.8655660377358491    1.791761698344209
0.8665094339622641    1.8648082694230317
0.8674528301886792    1.8530265644102504
0.8683962264150944    1.8301700566854546
0.8693396226415094    1.8735267311329311
0.8702830188679245    1.8999177503611202
0.8712264150943396    1.8657508058240544
0.8721698113207548    1.9034522618649548
0.8731132075471698    1.9418606202070787
0.8740566037735849    1.9548204957206812
0.875    1.942331888407133
0.8759433962264151    1.9647171279314177
0.8768867924528302    1.9406824497058002
0.8778301886792452    1.9696654440367856
0.8787735849056604    1.9882805379569806
0.8797169811320755    1.973435589640876
0.8806603773584906    1.9835678559523346
0.8816037735849056    1.973435589640876
0.8825471698113208    1.9969989996664383
0.8834905660377359    2.0050105590751297
0.8844339622641509    2.0577925975328744
0.885377358490566    2.038234967211173
0.8863207547169811    2.064861620540059
0.8872641509433963    2.032108480604527
0.8882075471698113    2.04766033122188
0.8891509433962264    2.0945515171722677
0.8900943396226415    2.0700455707456826
0.8910377358490567    2.122827609202943
0.8919811320754717    2.0698099366459144
0.8929245283018867    2.0787640324551413
0.8938679245283019    2.111752806490929
0.894811320754717    2.08583305546281
0.8957547169811321    2.097614760476085
0.8966981132075471    2.0676892297431264
0.8976415094339623    2.1334311437144464
0.8985849056603774    2.095258419473035
0.8995283018867924    2.124241413804977
0.9004716981132075    2.1063332221850493
0.9014150943396226    2.1188218294985974
0.9023584905660378    2.0912526397686895
0.9033018867924528    2.117643658997818
0.9042452830188679    2.083712348560509
0.905188679245283    2.114344781593741
0.9061320754716982    2.037292430810151
0.9070754716981132    2.0742869845507723
0.9080188679245282    2.0424763810157747
0.9089622641509434    2.0493097699231875
0.9099056603773585    2.0285739691006928
0.9108490566037736    2.041062576414721
0.9117924528301886    2.0156140935866333
0.9127358490566038    2.036585528509384
0.9136792452830189    1.9906368789595366
0.914622641509434    1.984039124152846
0.915566037735849    1.968722907635763
0.9165094339622641    1.95434922752017
0.9174528301886793    1.877768144937091
0.9183962264150943    1.8782394131380447
0.9193396226415094    1.8292275202844321
0.9202830188679245    1.8631588307212423
0.9212264150943397    1.7974169167499223
0.9221698113207547    1.844543736801482
0.9231132075471697    1.756652217405699
0.9240566037735849    1.7151806157607086
0.925    1.7366233188839706
0.9259433962264151    1.6586284316997486
0.9268867924528301    1.6444903856840205
0.9278301886792453    1.6254040235633147
0.9287735849056604    1.6103234411469547
0.9297169811320755    1.5688518395023334
0.9306603773584905    1.5719150828052875
0.9316037735849056    1.5426964543735897
0.9325471698113208    1.528558408358252
0.933490566037736    1.501460486828855
0.934433962264151    1.4852017339115662
0.935377358490566    1.469178615093834
0.9363207547169812    1.4741269311992022
0.9372641509433963    1.4189885517393854
0.9382075471698114    1.4218161609427877
0.9391509433962264    1.3980171168166347
0.9400943396226416    1.358666222073945
0.9410377358490567    1.3197865955317665
0.9419811320754717    1.3412292986553442
0.9429245283018868    1.330861398243781
0.9438679245283019    1.2611137045681156
0.9448113207547171    1.2542803156607023
0.9457547169811321    1.2726597754809408
0.9466981132075472    1.2078603979103437
0.9476415094339623    1.2179926642213357
0.9485849056603775    1.1298655107257312
0.9495283018867925    1.0723707902636108
0.9504716981132075    1.089100811381508
0.9514150943396227    1.0198243859063534
0.9523584905660378    0.9750539068577844
0.9533018867924529    0.9564388129378151
0.9542452830188679    0.90200733577854
0.9551886792452831    0.9048349449816075
0.9561320754716982    0.854644881627159
0.9570754716981132    0.8598288318329851
0.9580188679245283    0.8254262531954613
0.9589622641509434    0.8303745693008294
0.9599056603773586    0.8169434255862587
0.9608490566037736    0.7905524063578145
0.9617924528301887    0.7955007224629966
0.9627358490566038    0.8082249638768004
0.963679245283019    0.8018628431698985
0.964622641509434    0.8044548182728998
0.965566037735849    0.8020984772701542
0.9665094339622642    0.8176503278870255
0.9674528301886793    0.7987995998665754
0.9683962264150944    0.8329665444038373
0.9693396226415094    0.811052573079868
0.9702830188679246    0.8230699121929049
0.9712264150943397    0.8233055462931607
0.9721698113207548    0.8336734467046043
0.9731132075471698    0.805397354673733
0.9740566037735849    0.7943225519617184
0.9750000000000001    0.7629832166277201
0.9759433962264151    0.7311726130933824
0.9768867924528302    0.6906435478492426
0.9778301886792453    0.6802756474379951
0.9787735849056605    0.6456374347004178
0.9797169811320755    0.6211314882739789
0.9806603773584905    0.5827231299321655
0.9816037735849057    0.5407802600866639
0.9825471698113208    0.5235789707680032
0.9834905660377359    0.4858775147272172
0.9844339622641509    0.42908969656549667
0.9853773584905661    0.3843192175169276
0.9863207547169812    0.36169834389238736
0.9872641509433963    0.30373235522957465
0.9882075471698113    0.2667378014893697
0.9891509433962264    0.22126042014003372
0.9900943396226416    0.16117372457484885
0.9910377358490566    0.10344337001224459
0.9919811320754717    0.05773035456262861
0.9929245283018868    0.02120706902300643
0.993867924528302    0.004948316105368166
0.994811320754717    0.0014138046015340945
0.995754716981132    0.00023563410025562696
0.9966981132075472    0.0
0.9976415094339623    0.0
0.9985849056603774    0.0
0.9995283018867924    0.0