-0.9995283018867924    0.0
-0.9985849056603773    0.06974769367567378
-0.9976415094339622    1.435718572857535
-0.9966981132075472    3.3950161164834727
-0.995754716981132    4.246597754806909
-0.9948113207547169    4.346977881516318
-0.9938679245283019    4.144096921195712
-0.9929245283018868    3.9268422807604852
-0.9919811320754717    3.625230632432821
-0.9910377358490565    3.461700566855823
-0.9900943396226415    3.279084139157305
-0.9891509433962264    3.0368522840948775
-0.9882075471698113    2.8617761476045893
-0.9872641509433961    2.680337890408072
-0.9863207547169811    2.5292964321438998
-0.9853773584905661    2.4098299433145804
-0.9844339622641509    2.294840502389551
-0.9834905660377358    2.2307480271202826
-0.9825471698113207    2.09714349227508
-0.9816037735849057    2.0500166722241957
-0.9806603773584905    1.955527398021448
-0.9797169811320754    1.8871935089475382
-0.9787735849056604    1.832997665888522
-0.9778301886792453    1.7606579971102518
-0.9768867924528302    1.7038701789484385
-0.975943396226415    1.659570968100576
-0.975    1.6532088473934787
-0.9740566037735849    1.6216338779594157
-0.9731132075471698    1.6030187840390302
-0.9721698113207546    1.5568345003891104
-0.9712264150943396    1.5365699677669433
-0.9702830188679246    1.4974547071246855
-0.9693396226415094    1.4555118372790077
-0.9683962264150943    1.4757763699011652
-0.9674528301886792    1.4493853506723615
-0.9665094339622642    1.4345404023564257
-0.965566037735849    1.3966033122151011
-0.9646226415094339    1.4088562854285593
-0.9636792452830188    1.3772813159941395
-0.9627358490566038    1.3343959097477724
-0.9617924528301887    1.3070623541179627
-0.9608490566037735    1.283498944092551
-0.9599056603773585    1.2957519173056926
-0.9589622641509434    1.2837345781928067
-0.9580188679245283    1.2672401911747617
-0.9570754716981131    1.2681827275759336
-0.9561320754716981    1.238021562743064
-0.9551886792452831    1.2038546182061396
-0.9542452830188679    1.186182060686826
-0.9533018867924528    1.1786417694787847
-0.9523584905660377    1.157199066355384
-0.9514150943396227    1.155313993553475
-0.9504716981132075    1.1272735356229193
-0.9495283018867924    1.105359564299276
-0.9485849056603773    1.1112504168055366
-0.9476415094339623    1.1058308324997874
-0.9466981132075472    1.0997043458930111
-0.945754716981132    1.0914571523841925
-0.944811320754717    1.0638879626541557
-0.9438679245283019    1.0497499166389415
-0.9429245283018868    1.0511637212403517
-0.9419811320754716    1.023594531510564
-0.9410377358490566    1.0080426808935723
-0.9400943396226416    1.0400889185284599
-0.9391509433962264    1.0106346559963841
-0.9382075471698113    1.005215071690623
-0.9372641509433962    0.9868356118705658
-0.9363207547169812    0.9979104145826977
-0.935377358490566    0.956910081138101
-0.9344339622641509    0.9903701233745168
-0.9334905660377358    0.9969678781815577
-0.9325471698113208    0.9305190619095803
-0.9316037735849056    0.9731688340557393
-0.9306603773584905    0.9554962765366798
-0.9297169811320755    0.9609158608424467
-0.9287735849056604    0.9349961098144378
-0.9278301886792453    0.9415938646214852
-0.9268867924528301    0.9255707458042116
-0.9259433962264151    0.9189729909969452
-0.925    0.9201511614983315
-0.9240566037735849    0.9345248416138164
-0.9231132075471697    0.9281627209070239
-0.9221698113207547    0.9201511614982233
-0.9212264150943397    0.9074269200845262
-0.9202830188679245    0.9135534066910658
-0.9193396226415094    0.8947026786707208
-0.9183962264150943    0.8954095809713825
-0.9174528301886793    0.9258063799044672
-0.9165094339622641    0.873024341447098
-0.915566037735849    0.8635989774369744
-0.914622641509434    0.872317439146331
-0.9136792452830189    0.8817428031566599
-0.9127358490566038    0.8930532399688261
-0.9117924528301886    0.8614782705346736
-0.9108490566037736    0.8577081249304821
-0.9099056603773585    0.865955318439531
-0.9089622641509434    0.8485183950205126
-0.9080188679245282    0.8539379793264925
-0.9070754716981132    0.8397999333110544
-0.9061320754716982    0.8664265866400422
-0.905188679245283    0.8301389352005738
-0.9042452830188679    0.8614782705346736
-0.9033018867924528    0.8628920751361059
-0.9023584905660378    0.840035567411409
-0.9014150943396226    0.8428631766143777
-0.9004716981132075    0.8428631766144769
-0.8995283018867924    0.842627542514122
-0.8985849056603774    0.806575525175106
-0.8976415094339623    0.8348516172056862
-0.8966981132075471    0.8294320328999044
-0.8957547169811321    0.8315527398021075
-0.894811320754717    0.8372079582083412
-0.8938679245283019    0.8383861287095207
-0.8929245283018867    0.8053973546738278
-0.8919811320754717    0.8044548182727104
-0.8910377358490567    0.826368789596581
-0.8900943396226415    0.8275469600977619
-0.8891509433962264    0.8049260864733164
-0.8882075471698113    0.809167500277823
-0.8872641509433963    0.7957363565633458
-0.8863207547169811    0.8068111592752667
-0.885377358490566    0.8310814716016941
-0.8844339622641509    0.8320240080026188
-0.8834905660377359    0.8200066688896783
-0.8825471698113208    0.804690452372966
-0.8816037735849056    0.7947938201623233
-0.8806603773584906    0.7992708680670866
-0.8797169811320755    0.7971501611648798
-0.8787735849056604    0.7811270423474034
-0.8778301886792452    0.77382238523957
-0.8768867924528302    0.7839546515504708
-0.8759433962264151    0.7648682894298551
-0.875    0.7912593086583953
-0.8740566037735849    0.7502589752140045
-0.8731132075471698    0.781362676447659
-0.8721698113207548    0.77382238523957
-0.8712264150943396    0.7728798488384564
-0.8702830188679245    0.7653395576303664
-0.8693396226415094    0.7867822607535384
-0.8683962264150944    0.7523796821163053
-0.8674528301886792    0.753557852617495
-0.8665094339622641    0.7495520729132376
-0.8655660377358491    0.7403623430031799
-0.864622641509434    0.725988662887672
-0.8636792452830189    0.7285806379903985
-0.8627358490566037    0.7474313660109366
-0.8617924528301887    0.7497877070134049
-0.8608490566037736    0.7516727798155385
-0.8599056603773585    0.7340002222962779
-0.8589622641509433    0.7490808047127262
-0.8580188679245283    0.7337645881960223
-0.8570754716981133    0.7467244637101697
-0.8561320754716981    0.7361209291985786
-0.855188679245283    0.7441324886073576
-0.8542452830188679    0.7325864176947442
-0.8533018867924529    0.7302300766922739
-0.8523584905660377    0.7490808047126382
-0.8514150943396226    0.7276381015894616
-0.8504716981132076    0.7302300766921879
-0.8495283018867925    0.720569078581792
-0.8485849056603774    0.7149138601755721
-0.8476415094339622    0.72881627209074
-0.8466981132075472    0.7344714904967892
-0.8457547169811321    0.7490808047127262
-0.844811320754717    0.7429543181059918
-0.8438679245283018    0.7196265421807695
-0.8429245283018868    0.7281093697898874
-0.8419811320754718    0.7443681227076132
-0.8410377358490566    0.735885295098323
-0.8400943396226415    0.7135000555741223
-0.8391509433962264    0.7307013448926992
-0.8382075471698114    0.7363565632989209
-0.8372641509433962    0.7012470823607458
-0.8363207547169811    0.7139713237746337
-0.835377358490566    0.6981838390574228
-0.834433962264151    0.7189196398800024
-0.8334905660377359    0.6911148160497539
-0.8325471698113207    0.7175058352784685
-0.8316037735849057    0.7193909080804292
-0.8306603773584906    0.6842814271424211
-0.8297169811320755    0.7031321551627908
-0.8287735849056603    0.6998332777592944
-0.8278301886792453    0.692292986551032
-0.8268867924528303    0.6939424252529031
-0.8259433962264151    0.6894653773479645
-0.825    0.6911148160498352
-0.8240566037735849    0.6776836723351831
-0.8231132075471699    0.6946493275536699
-0.8221698113207547    0.6831032566410625
-0.8212264150943396    0.6955918639546926
-0.8202830188679245    0.6656663332221462
-0.8193396226415095    0.6729709903301497
-0.8183962264150944    0.6802756474379951
-0.8174528301886792    0.6798043792374837
-0.816509433962264    0.6585973102145549
-0.8155660377358491    0.6637812604201793
-0.814622641509434    0.6750916972323713
-0.8136792452830188    0.6519995554073198
-0.8127358490566037    0.6724997221296385
-0.8117924528301887    0.64964321440484
-0.8108490566037736    0.6517639213070642
-0.8099056603773584    0.6741491608313487
-0.8089622641509433    0.6505857508058626
-0.8080188679245284    0.6882872068467674
-0.8070754716981132    0.6724997221295593
-0.8061320754716981    0.6819250861397844
-0.8051886792452829    0.6487006780038174
-0.804245283018868    0.6739135267311724
-0.8033018867924528    0.7047815938645803
-0.8023584905660377    0.6812181838390176
-0.8014150943396225    0.6727353562298941
-0.8004716981132076    0.6722640880293829
-0.7995283018867925    0.6604823830165224
-0.7985849056603773    0.6762698677336494
-0.7976415094339622    0.6626030899189009
-0.7966981132075472    0.6772124041347515
-0.7957547169811321    0.6750916972323713
-0.7948113207547169    0.6312637545848246
-0.7938679245283018    0.6644881627209462
-0.7929245283018869    0.6640168945204349
-0.7919811320754717    0.6352695342891702
-0.7910377358490566    0.6538846282093649
-0.7900943396226414    0.6548271646104644
-0.7891509433962265    0.6583616761142992
-0.7882075471698113    0.6852239635433632
-0.7872641509433962    0.6376258752917265
-0.786320754716981    0.6569478715127652
-0.7853773584905661    0.655769701011487
-0.784433962264151    0.6451661664999067
-0.7834905660377358    0.6574191397131992
-0.7825471698113207    0.6531777259086748
-0.7816037735849057    0.6649594309214575
-0.7806603773584906    0.6369189729909597
-0.7797169811320754    0.6249016338779226
-0.7787735849056603    0.6362120706902676
-0.7778301886792454    0.6314993886851545
-0.7768867924528302    0.6258441702789452
-0.7759433962264151    0.6220740246748552
-0.7749999999999999    0.6347982660887337
-0.774056603773585    0.6331488273869441
-0.7731132075471698    0.6159475380682088
-0.7721698113207547    0.6270223407802233
-0.7712264150943395    0.6404534844948694
-0.7702830188679246    0.6258441702790188
-0.7693396226415095    0.6482294098032297
-0.7683962264150943    0.6263154384794564
-0.7674528301886792    0.6060509058575438
-0.7665094339622642    0.6369189729910346
-0.7655660377358491    0.6187751472712765
-0.7646226415094339    0.6319706568855915
-0.7636792452830188    0.6102923196621456
-0.7627358490566039    0.6376258752918016
-0.7617924528301887    0.6164188062687201
-0.7608490566037736    0.6197176836722988
-0.7599056603773584    0.6333844614871997
-0.7589622641509435    0.6128842947649579
-0.7580188679245283    0.638568411692749
-0.7570754716981132    0.6093497832610513
-0.756132075471698    0.6072290763588221
-0.7551886792452831    0.6124130265644465
-0.754245283018868    0.6060509058574726
-0.7533018867924528    0.6201889518728102
-0.7523584905660377    0.6190107813716048
-0.7514150943396227    0.6105279537624012
-0.7504716981132076    0.625372902078434
-0.7495283018867924    0.6220740246748552
-0.7485849056603773    0.6265510725797857
-0.7476415094339623    0.6312637545848989
-0.7466981132075472    0.6402178503945384
-0.745754716981132    0.6340913637878921
-0.7448113207547169    0.6380971434923128
-0.743867924528302    0.5836656663332567
-0.7429245283018868    0.6267867066799677
-0.7419811320754717    0.6107635878625851
-0.7410377358490565    0.61547626986777
-0.7400943396226416    0.6105279537624012
-0.7391509433962264    0.6055796376569613
-0.7382075471698113    0.5857863732354885
-0.7372641509433961    0.5876714460376028
-0.7363207547169812    0.6246659997777405
-0.7353773584905661    0.6013382238523599
-0.7344339622641509    0.6074647104590063
-0.7334905660377358    0.5843725686340235
-0.7325471698113208    0.595683005446295
-0.7316037735849057    0.6091141491607956
-0.7306603773584905    0.5926197621429018
-0.7297169811320754    0.5782460820273766
-0.7287735849056605    0.588849616538881
-0.7278301886792453    0.6011025897521044
-0.7268867924528302    0.59002778704009
-0.725943396226415    0.5869645437368358
-0.7250000000000001    0.5843725686340235
-0.7240566037735849    0.5942692008446911
-0.7231132075471698    0.5914415916416237
-0.7221698113207546    0.569763254418173
-0.7212264150943397    0.5966255418473176
-0.7202830188679246    0.5945048349449468
-0.7193396226415094    0.5608091586083921
-0.7183962264150943    0.569763254418173
-0.7174528301886793    0.5761253751250758
-0.7165094339622642    0.5688207180170834
-0.715566037735849    0.5709414249193842
-0.7146226415094339    0.5652862065133156
-0.713679245283019    0.5801311548294218
-0.7127358490566038    0.575418472824241
-0.7117924528301887    0.5709414249193842
-0.7108490566037735    0.5704701567189401
-0.7099056603773586    0.5664643770145938
-0.7089622641509434    0.5657574747137604
-0.7080188679245283    0.5725908636211735
-0.7070754716981131    0.568349449816639
-0.7061320754716982    0.6001600533511524
-0.7051886792452831    0.5636367678114597
-0.7042452830188679    0.5558608425030239
-0.7033018867924528    0.5803667889296775
-0.7023584905660378    0.5732977659220079
-0.7014150943396227    0.5626942314104372
-0.7004716981132075    0.5610447927086477
-0.6995283018867924    0.584843836834535
-0.6985849056603775    0.5619873291097365
-0.6976415094339623    0.5770679115260304
-0.6966981132075472    0.5457285761920321
-0.695754716981132    0.556803378904112
-0.6948113207547171    0.5346537734800805
-0.6938679245283019    0.5492630876958664
-0.6929245283018868    0.5711770590196398
-0.6919811320754716    0.5374813826831484
-0.6910377358490567    0.5398377236857049
-0.6900943396226416    0.5617516950094147
-0.6891509433962264    0.5490274535956108
-0.6882075471698113    0.556803378904112
-0.6872641509433963    0.5624585973102477
-0.6863207547169812    0.5388951872846188
-0.685377358490566    0.5188662887628905
-0.6844339622641509    0.5546826720018111
-0.683490566037736    0.5513837945982321
-0.6825471698113208    0.5466711125930545
-0.6816037735849056    0.5209869956651912
-0.6806603773584905    0.5327687006780353
-0.6797169811320756    0.5426653328887728
-0.6787735849056604    0.5226364343669806
-0.6778301886792453    0.5363032121818069
-0.6768867924528301    0.5115616316550263
-0.6759433962264152    0.5221651661665307
-0.675    0.5158030454595675
-0.6740566037735849    0.512268533955733
-0.6731132075471697    0.5059064132488906
-0.6721698113207548    0.5108547293542594
-0.6712264150943397    0.5150961431588005
-0.6702830188679245    0.5200444592641688
-0.6693396226415094    0.5075558519506802
-0.6683962264150944    0.5094409247527255
-0.6674528301886793    0.5033144381460192
-0.6665094339622641    0.5299410914749051
-0.665566037735849    0.4931821718350852
-0.6646226415094341    0.49341780593534096
-0.6636792452830189    0.5193375569634018
-0.6627358490566038    0.49200400133374905
-0.6617924528301886    0.5011937312437775
-0.6608490566037737    0.4945959764366192
-0.6599056603773585    0.5023719017449967
-0.6589622641509434    0.49648104923860603
-0.6580188679245282    0.5087340224519584
-0.6570754716981133    0.5082627542514472
-0.6561320754716982    0.47338890741355455
-0.655188679245283    0.48917639213068154
-0.6542452830188679    0.46490607980440674
-0.6533018867924529    0.4724463710125877
-0.6523584905660378    0.4863487829276141
-0.6514150943396226    0.46891185950869757
-0.6504716981132075    0.4868200511281826
-0.6495283018867926    0.4837568078248591
-0.6485849056603774    0.46372790930307384
-0.6476415094339623    0.47904412581968964
-0.6466981132075471    0.459250861398271
-0.6457547169811322    0.48140046682230253
-0.644811320754717    0.48022229632096775
-0.6438679245283019    0.4818717350227571
-0.6429245283018867    0.47786595531846776
-0.6419811320754718    0.47456707791488856
-0.6410377358490567    0.48493497832608023
-0.6400943396226415    0.4905901967322153
-0.6391509433962264    0.4672624208069633
-0.6382075471698113    0.4835211737245465
-0.6372641509433963    0.4731532733133546
-0.6363207547169811    0.4832855396242908
-0.635377358490566    0.45477381349336005
-0.6344339622641508    0.4809291986217912
-0.6334905660377359    0.48587751472715995
-0.6325471698113208    0.4538312770923375
-0.6316037735849056    0.46278537290205135
-0.6306603773584905    0.44794042458599953
-0.6297169811320755    0.44534844948318736
-0.6287735849056604    0.44464154718236804
-0.6278301886792452    0.45430254529284875
-0.6268867924528301    0.4415783038790969
-0.6259433962264151    0.44087140157832994
-0.625    0.44110703567853365
-0.6240566037735849    0.43851506057572176
-0.6231132075471697    0.4481760586862552
-0.6221698113207548    0.45123930198957873
-0.6212264150943396    0.44110703567853365
-0.6202830188679245    0.45312437479157064
-0.6193396226415093    0.44134266977884123
-0.6183962264150944    0.4297965988663141
-0.6174528301886792    0.4413426697787893
-0.6165094339622641    0.4387506946759774
-0.615566037735849    0.44629098588420996
-0.614622641509434    0.44087140157832994
-0.6136792452830189    0.426968989663196
-0.6127358490566037    0.42979659886626354
-0.6117924528301886    0.42508391686120106
-0.6108490566037736    0.4286184283650359
-0.6099056603773585    0.4206068689562941
-0.6089622641509433    0.44369901078134555
-0.6080188679245282    0.41636545515174184
-0.6070754716981133    0.44040013337781864
-0.6061320754716981    0.41966433255527164
-0.605188679245283    0.41683672335220406
-0.6042452830188678    0.41118150494611744
-0.6033018867924529    0.4187217961542984
-0.6023584905660377    0.39515838612868637
-0.6014150943396226    0.41660108925194844
-0.6004716981132074    0.40481938423921476
-0.5995283018867925    0.41825052795378703
-0.5985849056603774    0.4189574302545047
-0.5976415094339622    0.40623318884070087
-0.5966981132075471    0.40128487273537994
-0.5957547169811321    0.4076469934422826
-0.594811320754717    0.40741135934197903
-0.5938679245283018    0.40882516394351276
-0.5929245283018867    0.3892675336223415
-0.5919811320754718    0.4036412137379365
-0.5910377358490566    0.4123596754473472
-0.5900943396226415    0.4067044570412121
-0.5891509433962263    0.4041124819384478
-0.5882075471698114    0.40552628653998174
-0.5872641509433962    0.4239057463598729
-0.5863207547169811    0.4107102367455578
-0.5853773584905659    0.3838479493164615
-0.584433962264151    0.39091697232413114
-0.5834905660377359    0.38856063132152885
-0.5825471698113207    0.3996354340335433
-0.5816037735849056    0.38643992441927366
-0.5806603773584906    0.39586528842949986
-0.5797169811320755    0.3918595087251076
-0.5787735849056603    0.3812559742136044
-0.5778301886792452    0.380784706013138
-0.5768867924528303    0.3847904857174841
-0.5759433962264151    0.3593420028898311
-0.575    0.3791352673113038
-0.5740566037735848    0.3772501945093032
-0.5731132075471699    0.37112370790265614
-0.5721698113207547    0.3732444148049131
-0.5712264150943396    0.37018117150158997
-0.5702830188679244    0.36994553740137787
-0.5693396226415095    0.3798421696121153
-0.5683962264150944    0.36264088029340985
-0.5674528301886792    0.3760720240079806
-0.566509433962264    0.3781927309103258
-0.5655660377358491    0.36829609869958824
-0.564622641509434    0.3567500277870192
-0.5636792452830188    0.3426119817716816
-0.5627358490566037    0.36994553740137787
-0.5617924528301887    0.3593420028898734
-0.5608490566037736    0.3409625430698922
-0.5599056603773584    0.35368678448369606
-0.5589622641509433    0.3520373457819481
-0.5580188679245284    0.3499166388796472
-0.5570754716981132    0.33931310436810286
-0.5561320754716981    0.3277670334555771
-0.5551886792452829    0.34284761587197754
-0.554245283018868    0.3378992997666088
-0.5533018867924528    0.3298877403578777
-0.5523584905660377    0.3315371790596672
-0.5514150943396225    0.3317728131599618
-0.5504716981132076    0.34072690896967667
-0.5495283018867925    0.31999110814714143
-0.5485849056603773    0.3395487384683584
-0.5476415094339622    0.31480715794155467
-0.5466981132075472    0.3322440813604731
-0.5457547169811321    0.3141002556407507
-0.5448113207547169    0.3124508169389613
-0.5438679245283018    0.3202267422474347
-0.5429245283018869    0.31574969434257727
-0.5419811320754717    0.31598532844279575
-0.5410377358490566    0.33601422696452404
-0.5400943396226414    0.31598532844283295
-0.5391509433962265    0.3336578859620071
-0.5382075471698113    0.3148071579415176
-0.5372641509433962    0.30726686673333753
-0.536320754716981    0.3188129376459008
-0.5353773584905661    0.30585306213183977
-0.534433962264151    0.29100811381569924
-0.5334905660377358    0.32258308324995333
-0.5325471698113207    0.3089163054351633
-0.5316037735849057    0.3129220851395094
-0.5306603773584906    0.31951983994663014
-0.5297169811320754    0.29572079582081184
-0.5287735849056603    0.2992553073246815
-0.5278301886792454    0.28346782260755254
-0.5268867924528302    0.2971346004223456
-0.5259433962264151    0.2978415027231125
-0.5249999999999999    0.3133933533400208
-0.524056603773585    0.30184728242749365
-0.5231132075471698    0.29666333222183433
-0.5221698113207547    0.3122151828387057
-0.5212264150943395    0.2940713571190571
-0.5202830188679246    0.29548516172059097
-0.5193396226415095    0.29949094142490185
-0.5183962264150943    0.3098588418361494
-0.5174528301886792    0.3093875736356746
-0.5165094339622642    0.3171634989441112
-0.5155660377358491    0.29100811381569924
-0.5146226415094339    0.302554184728225
-0.5136792452830188    0.29195065021675615
-0.5127358490566039    0.2926575525175231
-0.5117924528301887    0.2992553073246462
-0.5108490566037736    0.28346782260751924
-0.5099056603773584    0.30585306213183977
-0.5089622641509435    0.2884161387129213
-0.5080188679245283    0.28629543181058675
-0.5070754716981132    0.28747360231186486
-0.506132075471698    0.3124508169389981
-0.5051886792452831    0.2745137267978377
-0.504245283018868    0.28111148160496296
-0.5033018867924528    0.2749849949983167
-0.5023584905660377    0.28087584750474043
-0.5014150943396227    0.28252528620652995
-0.5004716981132076    0.2924219184172331
-0.4995283018867924    0.28629543181058675
-0.49858490566037733    0.2705079470934916
-0.49764150943396224    0.2761631654995948
-0.49669811320754714    0.2785195065021838
-0.49575471698113205    0.2825252862064967
-0.49481132075471695    0.2721573857952812
-0.49386792452830186    0.28111148160496296
-0.49292452830188677    0.27592753139937165
-0.49198113207547167    0.26626653328885846
-0.4910377358490566    0.2676803378904237
-0.4900943396226415    0.2799333111036848
-0.4891509433962264    0.28605979771036477
-0.4882075471698113    0.27239301989550474
-0.4872641509433962    0.2766344337001386
-0.4863207547169811    0.26202511948425716
-0.485377358490566    0.28016894520397345
-0.4844339622641509    0.2693297765921816
-0.4834905660377358    0.2594331443814758
-0.48254716981132073    0.2733355562965272
-0.48160377358490564    0.2799333111037177
-0.48066037735849054    0.2648527286873247
-0.47971698113207545    0.28535289540959785
-0.47877358490566035    0.27074358119371533
-0.47783018867924526    0.2782838724019282
-0.47688679245283017    0.26980104479269285
-0.47594339622641507    0.2540135600755958
-0.475    0.2573124374791447
-0.4740566037735849    0.25660553517840795
-0.4731132075471698    0.26980104479269285
-0.4721698113207547    0.24788707346894873
-0.4712264150943396    0.269094142491926
-0.4702830188679245    0.2714504834945142
-0.4693396226415094    0.258961876180934
-0.4683962264150943    0.2525997554740618
-0.4674528301886792    0.2556629987773552
-0.46650943396226413    0.2615538512837767
-0.46556603773584904    0.25118595087249834
-0.46462264150943394    0.2606113148827541
-0.46367924528301885    0.25754807157940024
-0.46273584905660375    0.2537779259753401
-0.46179245283018866    0.25212848727352083
-0.46084905660377357    0.26226075358454365
-0.45990566037735847    0.25660553517837775
-0.4589622641509434    0.2573124374791749
-0.4580188679245283    0.2464732688673858
-0.4570754716981132    0.26508836278761155
-0.4561320754716981    0.26367455818604657
-0.455188679245283    0.25636990107815233
-0.4542452830188679    0.25118595087249834
-0.4533018867924528    0.25801933977994185
-0.4523584905660377    0.24223185506278452
-0.4514150943396226    0.24882960986997135
-0.45047169811320753    0.2509503167722427
-0.44952830188679244    0.2575480715794306
-0.44858490566037734    0.24953651217070894
-0.44764150943396225    0.24576636656664783
-0.44669811320754715    0.24812270756917518
-0.44575471698113206    0.2554273646771297
-0.44481132075471697    0.24694453706789704
-0.44386792452830187    0.24105368456153475
-0.4429245283018868    0.24930087807045334
-0.4419811320754717    0.24623763476715915
-0.4410377358490566    0.24600200066687453
-0.4400943396226415    0.24835834166946003
-0.4391509433962264    0.2474158052684083
-0.4382075471698113    0.2507146826720166
-0.4372641509433962    0.24482383016559642
-0.4363207547169811    0.2500077803712496
-0.435377358490566    0.24081805046125074
-0.43443396226415093    0.2396398799600008
-0.43349056603773584    0.25401356007556586
-0.43254716981132074    0.24458819606536955
-0.43160377358490565    0.25142158497275396
-0.43066037735849055    0.22832944314772938
-0.42971698113207546    0.24270312326329577
-0.42877358490566037    0.25236412137380615
-0.42783018867924527    0.24081805046125074
-0.4268867924528302    0.25212848727355053
-0.4259433962264151    0.2297432477492363
-0.425    0.2356341002556547
-0.4240566037735849    0.2384617094586945
-0.4231132075471698    0.2417605868623017
-0.4221698113207547    0.23186395465153692
-0.4212264150943396    0.2528353895743175
-0.4202830188679245    0.2379904412581832
-0.4193396226415094    0.249065243970227
-0.41839622641509433    0.23280649105255943
-0.41745283018867924    0.2396398799600008
-0.41650943396226414    0.2438812937645739
-0.41556603773584905    0.24553073246639218
-0.41462264150943395    0.23186395465153692
-0.41367924528301886    0.24835834166946003
-0.41273584905660377    0.22762254084693562
-0.41179245283018867    0.23634100255642165
-0.4108490566037736    0.2403467822607395
-0.4099056603773585    0.2356341002556547
-0.4089622641509434    0.24058241636099514
-0.4080188679245283    0.23799044125821125
-0.4070754716981132    0.22927197954872502
-0.4061320754716981    0.23940424585974515
-0.405188679245283    0.22243859064131186
-0.4042452830188679    0.23351339335335378
-0.4033018867924528    0.25236412137377645
-0.40235849056603773    0.2391686117594895
-0.40141509433962264    0.22997888184949192
-0.40047169811320754    0.24128931866179038
-0.39952830188679245    0.2297432477492363
-0.39858490566037735    0.2318639546515642
-0.39764150943396226    0.23186395465153692
-0.39669811320754716    0.2408180504612791
-0.39575471698113207    0.23963987995997263
-0.394811320754717    0.2434100255640913
-0.3938679245283019    0.23963987995997263
-0.3929245283018868    0.23987551406025648
-0.3919811320754717    0.23469156385460443
-0.3910377358490566    0.24576636656664783
-0.3900943396226415    0.22691563854616875
-0.3891509433962264    0.23257085695233118
-0.3882075471698113    0.23092141825051443
-0.3872641509433962    0.2434100255640913
-0.38632075471698113    0.24223185506278452
-0.38537735849056604    0.21772590863622493
-0.38443396226415094    0.23704790485716074
-0.38349056603773585    0.24694453706792613
-0.38254716981132075    0.24977214627096456
-0.38160377358490566    0.2356341002556547
-0.38066037735849056    0.22927197954872502
-0.37971698113207547    0.2549560964766184
-0.3787735849056604    0.22314549294207875
-0.3778301886792453    0.22856507724798505
-0.3768867924528302    0.23728353895741633
-0.3759433962264151    0.22267422474159368
-0.375    0.22196732244080059
-0.3740566037735849    0.22856507724798505
-0.3731132075471698    0.22950761364898065
-0.3721698113207547    0.23115705235079725
-0.3712264150943396    0.24011114816048387
-0.37028301886792453    0.23751917305769993
-0.36933962264150944    0.22479493164386813
-0.36839622641509434    0.23209958875181988
-0.36745283018867925    0.2384617094586945
-0.36650943396226415    0.23257085695233118
-0.36556603773584906    0.23374902745358192
-0.36462264150943396    0.22479493164389458
-0.36367924528301887    0.2297432477492363
-0.3627358490566038    0.22832944314772938
-0.3617924528301887    0.22008224963875556
-0.3608490566037736    0.22785817494721808
-0.3599056603773585    0.22832944314770254
-0.3589622641509434    0.22856507724798505
-0.3580188679245283    0.22927197954872502
-0.3570754716981132    0.23304212515284248
-0.3561320754716981    0.2290363454484694
-0.355188679245283    0.23374902745360945
-0.35424528301886793    0.23068578415025878
-0.35330188679245284    0.23634100255642165
-0.35235849056603774    0.22927197954872502
-0.35141509433962265    0.24953651217073833
-0.35047169811320755    0.2419962209625289
-0.34952830188679246    0.22196732244082673
-0.34858490566037736    0.22715127264642437
-0.34764150943396227    0.23445592975437643
-0.3466981132075472    0.2384617094586945
-0.3457547169811321    0.22903634544849635
-0.344811320754717    0.22432366344335686
-0.3438679245283019    0.2262087362454285
-0.3429245283018868    0.22950761364898065
-0.3419811320754717    0.22738690674670678
-0.3410377358490566    0.23068578415025878
-0.3400943396226415    0.2476514393686931
-0.3391509433962264    0.2193753473379887
-0.33820754716981133    0.22126042014005975
-0.33726415094339623    0.23987551406022822
-0.33632075471698114    0.22997888184951898
-0.33537735849056605    0.2297432477492363
-0.33443396226415095    0.23539846615539906
-0.33349056603773586    0.23469156385460443
-0.33254716981132076    0.23374902745360945
-0.33160377358490567    0.21654773813492115
-0.3306603773584906    0.249065243970227
-0.3297169811320755    0.23422029565409322
-0.3287735849056604    0.23775480715795555
-0.3278301886792453    0.23092141825051443
-0.3268867924528302    0.22550183394466156
-0.3259433962264151    0.24765143936866396
-0.325    0.229271979548752
-0.3240566037735849    0.2410536845615064
-0.3231132075471698    0.2448238301656252
-0.32216981132075473    0.23021451594974754
-0.32122641509433963    0.2528353895743175
-0.32028301886792454    0.23445592975434879
-0.31933962264150945    0.22550183394466156
-0.31839622641509435    0.2280938090474469
-0.31745283018867926    0.22950761364900768
-0.31650943396226416    0.24553073246636328
-0.31556603773584907    0.23422029565412075
-0.314622641509434    0.239404245859717
-0.3136792452830189    0.22432366344338325
-0.3127358490566038    0.2358697343558826
-0.3117924528301887    0.22479493164389458
-0.3108490566037736    0.23563410025562695
-0.3099056603773585    0.2339846615538651
-0.3089622641509434    0.21961098143824434
-0.3080188679245283    0.24152495276204608
-0.3070754716981132    0.23634100255639381
-0.30613207547169813    0.2318639546515642
-0.30518867924528303    0.22220295654105623
-0.30424528301886794    0.2408180504612791
-0.30330188679245285    0.239404245859717
-0.30235849056603775    0.2288007113482407
-0.30141509433962266    0.23634100255639381
-0.30047169811320756    0.23940424585974515
-0.29952830188679247    0.22102478603977807
-0.2985849056603774    0.24930087807048262
-0.2976415094339623    0.22715127264642437
-0.2966981132075472    0.22691563854619545
-0.2957547169811321    0.24223185506278452
-0.294811320754717    0.2460020006669035
-0.2938679245283019    0.23186395465153692
-0.2929245283018868    0.2313926864510529
-0.2919811320754717    0.2544848282760771
-0.2910377358490566    0.23257085695233118
-0.29009433962264153    0.21984661553849996
-0.28915094339622643    0.22644437034568415
-0.28820754716981134    0.23728353895741633
-0.28726415094339625    0.22762254084696243
-0.28632075471698115    0.2323352228520482
-0.28537735849056606    0.22644437034568415
-0.28443396226415096    0.2429387573635514
-0.28349056603773587    0.2318639546515642
-0.2825471698113208    0.24411692786482955
-0.2816037735849057    0.21796154273648058
-0.2806603773584906    0.24317439146380704
-0.2797169811320755    0.22243859064133803
-0.2787735849056604    0.23704790485716074
-0.2778301886792453    0.23704790485718863
-0.2768867924528302    0.23045015005000316
-0.27594339622641506    0.2332777592530707
-0.27499999999999997    0.22243859064133803
-0.2740566037735849    0.24246748916304012
-0.2731132075471698    0.24364565966434695
-0.2721698113207547    0.22455929754361248
-0.2712264150943396    0.23775480715795555
-0.2702830188679245    0.23916861175946136
-0.2693396226415094    0.2318639546515642
-0.2683962264150943    0.225501833944635
-0.2674528301886792    0.22573746804491718
-0.2665094339622641    0.2353984661553713
-0.265566037735849    0.24128931866179038
-0.26462264150943393    0.2389329776592057
-0.26367924528301884    0.24199622096255735
-0.26273584905660374    0.2410536845615064
-0.26179245283018865    0.22102478603980408
-0.26084905660377355    0.225501833944635
-0.25990566037735846    0.22432366344338325
-0.25896226415094337    0.2410536845615064
-0.2580188679245283    0.24788707346894873
-0.2570754716981132    0.2353984661553713
-0.2561320754716981    0.22503056574415023
-0.255188679245283    0.23398466155383757
-0.2542452830188679    0.2240880293431276
-0.2533018867924528    0.23068578415025878
-0.2523584905660377    0.23351339335335378
-0.2514150943396226    0.23374902745358192
-0.2504716981132075    0.24034678226076778
-0.24952830188679243    0.2316283205512813
-0.24858490566037733    0.23045015005003028
-0.24764150943396224    0.24058241636099514
-0.24669811320754714    0.22950761364900768
-0.24575471698113205    0.245059464265852
-0.24481132075471695    0.23516283205514335
-0.24386792452830186    0.2377548071579276
-0.24292452830188677    0.23869734355897818
-0.24198113207547167    0.2316283205512813
-0.24103773584905658    0.23045015005003028
-0.24009433962264148    0.2323352228520482
-0.2391509433962264    0.24128931866179038
-0.2382075471698113    0.22597310214514624
-0.2372641509433962    0.23045015005003028
-0.2363207547169811    0.23398466155383757
-0.235377358490566    0.2189040791375032
-0.23443396226415092    0.22173168834054496
-0.23349056603773582    0.2323352228520755
-0.23254716981132073    0.23115705235077003
-0.23160377358490564    0.22762254084696243
-0.23066037735849054    0.2379904412581832
-0.22971698113207545    0.22479493164389458
-0.22877358490566035    0.22149605424028934
-0.22783018867924526    0.22455929754363893
-0.22688679245283017    0.22597310214514624
-0.22594339622641507    0.23045015005003028
-0.22499999999999998    0.22008224963875556
-0.22405660377358488    0.24199622096255735
-0.2231132075471698    0.24246748916304012
-0.2221698113207547    0.2309214182505416
-0.2212264150943396    0.2290363454484694
-0.2202830188679245    0.23209958875181988
-0.2193396226415094    0.22691563854616875
-0.21839622641509432    0.23162832055130855
-0.21745283018867922    0.22055351783926683
-0.21650943396226413    0.21749027453596925
-0.21556603773584904    0.22455929754361248
-0.21462264150943394    0.21466266533290143
-0.21367924528301885    0.22880071134821378
-0.21273584905660375    0.22031788373903713
-0.21179245283018866    0.22668000444591316
-0.21084905660377357    0.2434100255640913
-0.20990566037735847    0.23186395465153692
-0.20896226415094338    0.22762254084696243
-0.20801886792452828    0.22196732244080059
-0.2070754716981132    0.22008224963878148
-0.2061320754716981    0.2297432477492363
-0.205188679245283    0.23445592975437643
-0.2042452830188679    0.2384617094586945
-0.2033018867924528    0.2288007113482407
-0.20235849056603772    0.23280649105255943
-0.20141509433962262    0.2323352228520755
-0.20047169811320753    0.22997888184949192
-0.19952830188679244    0.21961098143827015
-0.19858490566037734    0.22055351783926683
-0.19764150943396225    0.22479493164389458
-0.19669811320754715    0.25377792597531024
-0.19575471698113206    0.24364565966434695
-0.19481132075471697    0.2203178837390112
-0.19386792452830187    0.229271979548752
-0.19292452830188678    0.2323352228520482
-0.19198113207547168    0.22503056574415023
-0.1910377358490566    0.24011114816048387
-0.1900943396226415    0.24623763476715915
-0.1891509433962264    0.22738690674668002
-0.1882075471698113    0.23681227075693295
-0.1872641509433962    0.21395576303210928
-0.18632075471698112    0.20500166722241958
-0.18537735849056602    0.24081805046125074
-0.18443396226415093    0.2408180504612791
-0.18349056603773584    0.24812270756917518
-0.18254716981132074    0.24317439146383565
-0.18160377358490565    0.23516283205511573
-0.18066037735849055    0.23751917305769993
-0.17971698113207546    0.23186395465153692
-0.17877358490566037    0.21961098143827015
-0.17783018867924527    0.23704790485716074
-0.17688679245283018    0.24364565966434695
-0.17594339622641508    0.24882960986994207
-0.175    0.23610536845616598
-0.1740566037735849    0.22361676114258996
-0.1731132075471698    0.2288007113482407
-0.1721698113207547    0.2332777592530707
-0.1712264150943396    0.21913971323775885
-0.17028301886792452    0.23987551406022822
-0.16933962264150942    0.23374902745360945
-0.16839622641509433    0.23563410025562695
-0.16745283018867924    0.2382260753584669
-0.16650943396226414    0.23822607535843884
-0.16556603773584905    0.24435256196511393
-0.16462264150943395    0.22455929754361248
-0.16367924528301886    0.24977214627099398
-0.16273584905660377    0.22927197954872502
-0.16179245283018867    0.22338112704236066
-0.16084905660377358    0.24270312326329577
-0.15990566037735848    0.22738690674670678
-0.1589622641509434    0.23045015005000316
-0.1580188679245283    0.24388129376460257
-0.1570754716981132    0.23516283205511573
-0.1561320754716981    0.22267422474159368
-0.155188679245283    0.2358697343558826
-0.15424528301886792    0.23257085695233118
-0.15330188679245282    0.22762254084693562
-0.15235849056603773    0.23869734355897818
-0.15141509433962264    0.22173168834054496
-0.15047169811320754    0.22644437034568415
-0.14952830188679245    0.23280649105255943
-0.14858490566037735    0.23162832055130855
-0.14764150943396226    0.23704790485716074
-0.14669811320754716    0.22997888184951898
-0.14575471698113207    0.23280649105255943
-0.14481132075471698    0.2485939757697157
-0.14386792452830188    0.23398466155383757
-0.1429245283018868    0.24128931866179038
-0.1419811320754717    0.23139268645102568
-0.1410377358490566    0.24623763476715915
-0.1400943396226415    0.24600200066687453
-0.1391509433962264    0.23586973435591033
-0.13820754716981132    0.2377548071579276
-0.13726415094339622    0.2297432477492633
-0.13632075471698113    0.23492719795486008
-0.13537735849056604    0.22055351783929278
-0.13443396226415094    0.2389329776592057
-0.13349056603773585    0.22785817494721808
-0.13254716981132075    0.24812270756917518
-0.13160377358490566    0.24623763476715915
-0.13066037735849056    0.22762254084693562
-0.12971698113207547    0.23516283205514335
-0.12877358490566038    0.24977214627096456
-0.12783018867924528    0.24105368456153475
-0.1268867924528302    0.24953651217070894
-0.1259433962264151    0.24011114816051213
-0.125    0.2509503167722427
-0.1240566037735849    0.24977214627099398
-0.12311320754716981    0.2403467822607395
-0.12216981132075472    0.24293875736357998
-0.12122641509433962    0.23445592975434879
-0.12028301886792453    0.23115705235079725
-0.11933962264150944    0.24081805046125074
-0.11839622641509434    0.24364565966434695
-0.11745283018867925    0.245059464265852
-0.11650943396226415    0.24152495276204608
-0.11556603773584906    0.24223185506278452
-0.11462264150943396    0.24835834166946003
-0.11367924528301887    0.24458819606534077
-0.11273584905660378    0.25660553517840795
-0.11179245283018868    0.2587262420806784
-0.11084905660377359    0.24553073246639218
-0.1099056603773585    0.2518928531732652
-0.1089622641509434    0.24529509836613653
-0.1080188679245283    0.2617894853840016
-0.10707547169811321    0.2540135600755958
-0.10613207547169812    0.24977214627096456
-0.10518867924528302    0.269565410692469
-0.10424528301886793    0.2561342669778665
-0.10330188679245284    0.2474158052684374
-0.10235849056603774    0.23422029565409322
-0.10141509433962265    0.24930087807048262
-0.10047169811320755    0.2561342669778665
-0.09952830188679246    0.242231855062813
-0.09858490566037736    0.25660553517837775
-0.09764150943396227    0.25660553517840795
-0.09669811320754718    0.25495609647658835
-0.09575471698113208    0.2672090696899124
-0.09481132075471699    0.25825497388016716
-0.0938679245283019    0.2606113148827541
-0.0929245283018868    0.26980104479269285
-0.0919811320754717    0.25613426697789665
-0.09103773584905661    0.2587262420806784
-0.09009433962264152    0.2669734355896568
-0.08915094339622642    0.24458819606534077
-0.08820754716981133    0.24835834166946003
-0.08726415094339623    0.2584906079804228
-0.08632075471698114    0.2502434144715053
-0.08537735849056605    0.255191730576844
-0.08443396226415095    0.25047904857176095
-0.08349056603773586    0.2561342669778665
-0.08254716981132076    0.24576636656664783
-0.08160377358490567    0.2403467822607395
-0.08066037735849058    0.25118595087252793
-0.07971698113207548    0.23021451594974754
-0.07877358490566039    0.2606113148827541
-0.0778301886792453    0.2622607535845128
-0.0768867924528302    0.26320328998556625
-0.0759433962264151    0.257076803378889
-0.07500000000000001    0.2643814604868446
-0.07405660377358492    0.24670890296764145
-0.07311320754716982    0.2686228742914464
-0.07216981132075473    0.25236412137377645
-0.07122641509433963    0.26226075358454365
-0.07028301886792454    0.2530710236745433
-0.06933962264150945    0.2530710236745731
-0.06839622641509435    0.26296765588527965
-0.06745283018867926    0.26084694898300975
-0.06650943396226416    0.253306657774799
-0.06556603773584907    0.26603089918863415
-0.06462264150943398    0.26603089918860284
-0.06367924528301888    0.2615538512837767
-0.06273584905660379    0.25377792597531024
-0.06179245283018869    0.26226075358454365
-0.0608490566037736    0.2674447037901366
-0.059905660377358505    0.2672090696899124
-0.05896226415094341    0.24765143936866396
-0.05801886792452832    0.2528353895743175
-0.05707547169811322    0.2759275313993391
-0.05613207547169813    0.2639101922863332
-0.055188679245283034    0.25636990107812213
-0.05424528301886794    0.2754562631988603
-0.053301886792452846    0.26603089918860284
-0.05235849056603775    0.2686228742914464
-0.05141509433962266    0.2667378014893697
-0.050471698113207564    0.25472046237636276
-0.04952830188679247    0.2542491941758215
-0.048584905660377375    0.26084694898300975
-0.04764150943396228    0.26815160609090344
-0.04669811320754719    0.2591975102812202
-0.04575471698113209    0.26061131488272343
-0.044811320754717    0.2787551406024395
-0.043867924528301905    0.25943314438144527
-0.04292452830188681    0.2735711903968151
-0.04198113207547172    0.26273202178502403
-0.04103773584905662    0.268858508391702
-0.04009433962264153    0.27522062909857226
-0.039150943396226434    0.281818383905763
-0.03820754716981134    0.26885850839167036
-0.037264150943396246    0.2554273646771297
-0.03632075471698115    0.26343892408579095
-0.03537735849056606    0.2841747249083195
-0.034433962264150964    0.25660553517837775
-0.033490566037735814    0.27145048349448225
-0.03254716981132072    0.268151606090935
-0.031603773584905626    0.26626653328885846
-0.03066037735849053    0.24953651217073833
-0.029716981132075437    0.2622607535845128
-0.028773584905660343    0.2686228742914464
-0.02783018867924525    0.2745137267978054
-0.026886792452830155    0.26626653328888983
-0.02594339622641506    0.2615538512837459
-0.024999999999999967    0.2698010447927246
-0.024056603773584873    0.2775769701011286
-0.02311320754716978    0.25707680337891925
-0.022169811320754684    0.2733355562965272
-0.02122641509433959    0.27168611759476985
-0.020283018867924496    0.25024341447147586
-0.019339622641509402    0.25472046237636276
-0.018396226415094308    0.25259975547403213
-0.017452830188679214    0.25613426697789665
-0.01650943396226412    0.26084694898297905
-0.015566037735849025    0.26555963098812285
-0.014622641509433931    0.25024341447147586
-0.013679245283018837    0.27262865399579245
-0.012735849056603743    0.2632032899855353
-0.011792452830188649    0.2507146826720166
-0.010849056603773555    0.25754807157940024
-0.00990566037735846    0.25118595087252793
-0.008962264150943366    0.25495609647658835
-0.008018867924528272    0.25566299877738535
-0.007075471698113178    0.26461709458706906
-0.006132075471698084    0.262025119484288
-0.00518867924528299    0.24788707346891956
-0.004245283018867896    0.2648527286873559
-0.0033018867924528017    0.26084694898297905
-0.0023584905660377076    0.2702723129932359
-0.0014150943396226134    0.2615538512837459
-0.0004716981132075193    0.25636990107815233
0.0004716981132075748    0.2617894853840016
0.0014150943396227245    0.24930087807045334
0.002358490566037763    0.2412893186618188
0.0033018867924528017    0.25778370567965586
0.004245283018867951    0.26037568078246776
0.005188679245283101    0.2596687784817009
0.00613207547169814    0.254484828276137
0.007075471698113178    0.26343892408579095
0.008018867924528328    0.24812270756917518
0.008962264150943478    0.25283538957428775
0.009905660377358516    0.2558986328776711
0.010849056603773555    0.24458819606534077
0.011792452830188704    0.253306657774799
0.012735849056603854    0.2632032899855353
0.013679245283018893    0.26414582638662
0.014622641509433931    0.25825497388016716
0.015566037735849081    0.2464732688673858
0.01650943396226423    0.24529509836610766
0.01745283018867927    0.25401356007562564
0.018396226415094308    0.2568411692786334
0.019339622641509457    0.239404245859717
0.020283018867924607    0.24341002556406263
0.021226415094339646    0.25024341447153475
0.022169811320754684    0.2516572190730096
0.023113207547169834    0.24812270756917518
0.024056603773584984    0.2542491941758215
0.025000000000000022    0.24788707346897793
0.02594339622641506    0.25754807157940024
0.02688679245283021    0.2507146826719871
0.02783018867924536    0.24835834166943083
0.0287735849056604    0.2624963876848302
0.029716981132075437    0.23963987995997263
0.030660377358490587    0.24600200066687453
0.03160377358490574    0.25778370567965586
0.032547169811320775    0.25212848727358017
0.033490566037735814    0.2516572190730096
0.034433962264150964    0.2410536845615064
0.03537735849056611    0.23374902745358192
0.03632075471698115    0.2533066577748586
0.03726415094339619    0.2542491941758215
0.03820754716981134    0.24529509836610766
0.03915094339622649    0.245059464265852
0.04009433962264153    0.24600200066693245
0.04103773584905657    0.24058241636099514
0.04198113207547172    0.23963987995997263
0.042924528301886866    0.2410536845615064
0.043867924528301905    0.25212848727358017
0.04481132075471694    0.23492719795486008
0.04575471698113209    0.2358697343558826
0.04669811320754724    0.24435256196508515
0.04764150943396228    0.24058241636105177
0.04858490566037732    0.24364565966431828
0.04952830188679247    0.2438812937645739
0.05047169811320762    0.23445592975434879
0.05141509433962266    0.2530710236746029
0.052358490566037696    0.23916861175946136
0.053301886792452846    0.24694453706789704
0.054245283018867996    0.25118595087249834
0.055188679245283034    0.24741580526846654
0.05613207547169807    0.23657663665664946
0.05707547169811322    0.25000778037122023
0.05801886792452837    0.24953651217070894
0.05896226415094341    0.24576636656667675
0.05990566037735845    0.26249638768476846
0.0608490566037736    0.23751917305767198
0.06179245283018875    0.2518928531732652
0.06273584905660379    0.23799044125823926
0.06367924528301883    0.239404245859717
0.06462264150943398    0.24482383016559642
0.06556603773584913    0.25118595087249834
0.06650943396226416    0.25024341447153475
0.0674528301886792    0.2410536845615064
0.06839622641509435    0.23374902745358192
0.0693396226415095    0.2297432477492363
0.07028301886792454    0.23751917305772788
0.07122641509433958    0.25236412137377645
0.07216981132075473    0.23045015005000316
0.07311320754716988    0.23704790485716074
0.07405660377358492    0.24458819606539833
0.07499999999999996    0.23351339335332633
0.0759433962264151    0.2384617094586945
0.07688679245283025    0.2438812937645739
0.0778301886792453    0.23021451594980172
0.07877358490566033    0.22243859064131186
0.07971698113207548    0.24718017116815266
0.08066037735849063    0.2316283205512813
0.08160377358490567    0.22927197954877898
0.08254716981132071    0.23209958875179254
0.08349056603773586    0.22573746804489064
0.08443396226415101    0.2384617094586945
0.08537735849056605    0.23516283205517105
0.08632075471698109    0.23186395465153692
0.08726415094339623    0.24364565966431828
0.08820754716981138    0.23209958875179254
0.08915094339622642    0.2424674891630972
0.09009433962264146    0.2325708569523038
0.09103773584905661    0.24081805046125074
0.09198113207547176    0.22432366344335686
0.0929245283018868    0.23893297765926197
0.09386792452830184    0.23516283205511573
0.09481132075471699    0.23445592975434879
0.09575471698113214    0.2332777592530707
0.09669811320754718    0.21961098143829602
0.09764150943396221    0.22691563854616875
0.09858490566037736    0.23045015005000316
0.09952830188679251    0.21796154273645493
0.10047169811320755    0.22620873624545512
0.10141509433962259    0.22314549294207875
0.10235849056603774    0.22361676114258996
0.10330188679245289    0.23092141825051443
0.10424528301886793    0.23092141825056878
0.10518867924528297    0.2379904412581832
0.10613207547169812    0.22832944314770254
0.10707547169811327    0.22880071134821378
0.1080188679245283    0.2238523952428983
0.10896226415094334    0.23304212515281506
0.1099056603773585    0.22880071134821378
0.11084905660377364    0.22668000444591316
0.11179245283018868    0.2158408358342051
0.11273584905660372    0.21961098143824434
0.11367924528301887    0.2132488607313424
0.11462264150943402    0.2297432477492363
0.11556603773584906    0.23351339335338125
0.1165094339622641    0.23634100255639381
0.11745283018867925    0.23209958875179254
0.1183962264150944    0.22950761364898065
0.11933962264150944    0.21678337223522784
0.12028301886792447    0.23092141825051443
0.12122641509433962    0.239404245859717
0.12216981132075477    0.21513393353338742
0.12311320754716981    0.21654773813497213
0.12405660377358485    0.23422029565409322
0.125    0.2377548071579276
0.12594339622641515    0.22220295654105623
0.1268867924528302    0.22832944314775624
0.12783018867924523    0.22314549294207875
0.12877358490566038    0.22196732244080059
0.12971698113207553    0.22408802934310124
0.13066037735849056    0.2290363454485233
0.1316037735849056    0.21230632433031987
0.13254716981132075    0.22432366344335686
0.1334905660377359    0.22126042014003372
0.13443396226415094    0.22055351783931873
0.13537735849056598    0.23304212515281506
0.13632075471698113    0.22503056574412372
0.13726415094339628    0.2389329776592057
0.13820754716981132    0.2316283205513358
0.13915094339622636    0.23987551406022822
0.1400943396226415    0.22008224963875556
0.14103773584905666    0.22196732244080059
0.1419811320754717    0.21749027453599487
0.14292452830188673    0.22597310214514624
0.14386792452830188    0.23068578415025878
0.14481132075471703    0.21866844503722183
0.14575471698113207    0.2141913971324153
0.1466981132075471    0.22715127264642437
0.14764150943396226    0.23045015005000316
0.1485849056603774    0.22055351783926683
0.14952830188679245    0.2250305657441767
0.15047169811320749    0.22338112704233434
0.15141509433962264    0.22573746804489064
0.15235849056603779    0.2264443703456575
0.15330188679245282    0.21678337223522784
0.15424528301886786    0.211599422029553
0.155188679245283    0.22055351783926683
0.15613207547169816    0.21961098143824434
0.1570754716981132    0.22267422474161988
0.15801886792452824    0.22785817494719127
0.1589622641509434    0.21584083583415428
0.15990566037735854    0.22055351783926683
0.16084905660377358    0.22644437034571083
0.16179245283018862    0.19981771701677165
0.16273584905660377    0.2177259086361993
0.16367924528301891    0.2332777592530707
0.16462264150943395    0.21749027453599487
0.165566037735849    0.21843281093696618
0.16650943396226414    0.20924308102699674
0.1674528301886793    0.2193753473379887
0.16839622641509433    0.21654773813497213
0.16933962264150937    0.22220295654105623
0.17028301886792452    0.22503056574412372
0.17122641509433967    0.22196732244080059
0.1721698113207547    0.2250305657441767
0.17311320754716975    0.22243859064131186
0.1740566037735849    0.2193753473379887
0.17500000000000004    0.21819717683671055
0.17594339622641508    0.2304501500500574
0.17688679245283012    0.21230632433031987
0.17783018867924527    0.22950761364898065
0.17877358490566042    0.21372012893185366
0.17971698113207546    0.2252661998444324
0.1806603773584905    0.22126042014003372
0.18160377358490565    0.2229098588418231
0.1825471698113208    0.22432366344335686
0.18349056603773584    0.21866844503727326
0.18443396226415087    0.2132488607313424
0.18537735849056602    0.22385239524284561
0.18632075471698117    0.22055351783926683
0.1872641509433962    0.21796154273650625
0.18820754716981125    0.21749027453594366
0.1891509433962264    0.21866844503722183
0.19009433962264155    0.20830054462597422
0.1910377358490566    0.22432366344340965
0.19198113207547163    0.22173168834054496
0.19292452830188678    0.21654773813492115
0.19386792452830193    0.21207069023006428
0.19481132075471697    0.23021451594980172
0.195754716981132    0.22432366344335686
0.19669811320754715    0.22856507724795813
0.1976415094339623    0.2203178837390112
0.19858490566037734    0.20806491052576756
0.19952830188679238    0.21089251972878612
0.20047169811320753    0.213484494831598
0.20141509433962268    0.22950761364898065
0.20235849056603772    0.22338112704238694
0.20330188679245276    0.22149605424028934
0.2042452830188679    0.21796154273645493
0.20518867924528306    0.22220295654105623
0.2061320754716981    0.22267422474161988
0.20707547169811313    0.2229098588418231
0.20801886792452828    0.22385239524284561
0.20896226415094343    0.22408802934310124
0.20990566037735858    0.225501833944635
0.21084905660377362    0.21136378792934715
0.21179245283018866    0.21654773813492115
0.2127358490566038    0.21913971323773307
0.21367924528301896    0.22361676114258996
0.214622641509434    0.23775480715798356
0.21556603773584904    0.21018561742801925
0.2165094339622642    0.19699010781370413
0.21745283018867934    0.21254195843057552
0.21839622641509437    0.22432366344340965
0.2193396226415094    0.22715127264642437
0.22028301886792456    0.21372012893185366
0.2212264150943397    0.21866844503722183
0.22216981132075475    0.22455929754366535
0.2231132075471698    0.22785817494719127
0.22405660377358494    0.22832944314770254
0.2250000000000001    0.22338112704233434
0.22594339622641513    0.2224385906413642
0.22688679245283017    0.22196732244080059
0.22783018867924532    0.23304212515281506
0.22877358490566047    0.21607646993440993
0.2297169811320755    0.2181971768367619
0.23066037735849054    0.2071223741246961
0.2316037735849057    0.22880071134821378
0.23254716981132084    0.22785817494719127
0.23349056603773588    0.21749027453599487
0.23443396226415092    0.22385239524284561
0.23537735849056607    0.23398466155383757
0.23632075471698122    0.22126042014003372
0.23726415094339626    0.23469156385465967
0.2382075471698113    0.22196732244080059
0.23915094339622645    0.22832944314770254
0.2400943396226416    0.22503056574412372
0.24103773584905663    0.2210247860398301
0.24198113207547167    0.22008224963875556
0.24292452830188682    0.23021451594974754
0.24386792452830197    0.22479493164386813
0.244811320754717    0.2184328109370176
0.24575471698113205    0.2262087362454019
0.2466981132075472    0.22927197954872502
0.24764150943396235    0.22361676114258996
0.2485849056603774    0.23092141825056878
0.24952830188679243    0.22385239524284561
0.2504716981132076    0.23963987995997263
0.2514150943396227    0.2203178837390112
0.25235849056603776    0.21890407913752896
0.2533018867924528    0.22832944314770254
0.25424528301886795    0.22408802934310124
0.2551886792452831    0.22715127264642437
0.25613207547169814    0.22338112704238694
0.2570754716981132    0.23092141825051443
0.25801886792452833    0.22432366344335686
0.2589622641509435    0.23280649105255943
0.2599056603773585    0.21489829943318237
0.26084905660377355    0.2141913971323649
0.2617924528301887    0.21018561742801925
0.26273584905660385    0.23186395465153692
0.2636792452830189    0.2170190063354835
0.26462264150943393    0.21183505612980863
0.2655660377358491    0.2290363454484694
0.26650943396226423    0.21395576303210928
0.26745283018867927    0.21749027453599487
0.2683962264150943    0.22668000444591316
0.26933962264150946    0.22126042014003372
0.2702830188679246    0.22173168834054496
0.27122641509433965    0.2250305657441767
0.2721698113207547    0.22785817494719127
0.27311320754716983    0.21584083583415428
0.274056603773585    0.2297432477492363
0.275    0.2280938090475006
0.27594339622641506    0.21866844503722183
0.2768867924528302    0.21866844503722183
0.27783018867924536    0.23516283205511573
0.2787735849056604    0.20712237412474485
0.27971698113207544    0.22691563854616875
0.2806603773584906    0.21018561742801925
0.28160377358490574    0.22762254084693562
0.2825471698113208    0.20665110592423347
0.2834905660377358    0.23563410025562695
0.28443396226415096    0.21890407913747745
0.2853773584905661    0.2290363454484694
0.28632075471698115    0.2306857841503131
0.2872641509433962    0.23469156385460443
0.28820754716981134    0.2132488607313424
0.2891509433962265    0.22479493164386813
0.29009433962264153    0.22479493164392103
0.29103773584905657    0.2047660331221398
0.2919811320754717    0.23068578415025878
0.29292452830188687    0.21961098143824434
0.2938679245283019    0.2212604201400858
0.29481132075471694    0.22432366344335686
0.2957547169811321    0.22408802934310124
0.29669811320754724    0.22267422474156748
0.2976415094339623    0.21277759253088122
0.2985849056603773    0.21372012893185366
0.29952830188679247    0.21984661553849996
0.3004716981132076    0.21866844503722183
0.30141509433962266    0.22880071134826763
0.3023584905660377    0.23469156385460443
0.30330188679245285    0.2419962209625289
0.304245283018868    0.22526619984437937
0.30518867924528303    0.22668000444596648
0.3061320754716981    0.22385239524284561
0.3070754716981132    0.22220295654105623
0.3080188679245284    0.2167833722351768
0.3089622641509434    0.22338112704238694
0.30990566037735845    0.2264443703456575
0.3108490566037736    0.2262087362454019
0.31179245283018875    0.22455929754361248
0.3127358490566038    0.23539846615542673
0.3136792452830188    0.2262087362454019
0.314622641509434    0.22880071134821378
0.3155660377358491    0.2377548071579276
0.31650943396226416    0.22573746804494377
0.3174528301886792    0.21749027453594366
0.31839622641509435    0.21654773813492115
0.3193396226415095    0.22078915193952245
0.32028301886792454    0.23280649105261422
0.3212264150943396    0.22526619984437937
0.32216981132075473    0.21984661553849996
0.3231132075471699    0.22455929754361248
0.3240566037735849    0.2238523952428983
0.32499999999999996    0.2262087362454019
0.3259433962264151    0.23115705235077003
0.32688679245283025    0.22055351783926683
0.3278301886792453    0.2278581749472449
0.32877358490566033    0.22055351783926683
0.3297169811320755    0.22008224963875556
0.33066037735849063    0.2358697343558826
0.33160377358490567    0.2278581749472449
0.3325471698113207    0.22738690674668002
0.33349056603773586    0.22597310214514624
0.334433962264151    0.22432366344335686
0.33537735849056605    0.22880071134826763
0.3363207547169811    0.21725464043568807
0.33726415094339623    0.2073580082249517
0.3382075471698114    0.22832944314770254
0.3391509433962264    0.2118350561298585
0.34009433962264146    0.21725464043568807
0.3410377358490566    0.20570856952316233
0.34198113207547176    0.22785817494719127
0.3429245283018868    0.2290363454485233
0.34386792452830184    0.23374902745358192
0.344811320754717    0.23045015005000316
0.34575471698113214    0.22950761364898065
0.3466981132075472    0.21207069023011416
0.3476415094339622    0.2264443703456575
0.34858490566037736    0.2177259086361993
0.3495283018867925    0.2316283205512813
0.35047169811320755    0.2250305657441767
0.3514150943396226    0.21866844503722183
0.35235849056603774    0.23092141825051443
0.3533018867924529    0.2203178837390112
0.35424528301886793    0.23563410025568243
0.35518867924528297    0.21701900633543242
0.3561320754716981    0.21489829943313177
0.35707547169811327    0.2087718128264855
0.3580188679245283    0.22361676114264262
0.35896226415094334    0.22385239524284561
0.3599056603773585    0.23422029565409322
0.36084905660377364    0.22738690674668002
0.3617924528301887    0.23209958875184716
0.3627358490566037    0.23869734355895011
0.36367924528301887    0.2264443703456575
0.364622641509434    0.2156052017338987
0.36556603773584906    0.21348449483164827
0.3665094339622641    0.22126042014003372
0.36745283018867925    0.21536956763364304
0.3683962264150944    0.23610536845613822
0.36933962264150944    0.23516283205517105
0.3702830188679245    0.23280649105255943
0.3712264150943396    0.22173168834054496
0.3721698113207548    0.22950761364898065
0.3731132075471698    0.22668000444596648
0.37405660377358485    0.23728353895741633
0.375    0.23139268645102568
0.37594339622641515    0.22243859064131186
0.3768867924528302    0.23751917305772788
0.3778301886792452    0.22149605424028934
0.3787735849056604    0.225501833944635
0.3797169811320755    0.22856507724795813
0.38066037735849056    0.2224385906413642
0.3816037735849056    0.21843281093696618
0.38254716981132075    0.22220295654105623
0.3834905660377359    0.22715127264642437
0.38443396226415094    0.22997888184954604
0.385377358490566    0.24458819606534077
0.38632075471698113    0.23209958875179254
0.3872641509433963    0.22738690674668002
0.3882075471698113    0.23940424585977335
0.38915094339622636    0.21796154273645493
0.3900943396226415    0.2262087362454019
0.39103773584905666    0.23209958875179254
0.3919811320754717    0.22974324774929036
0.39292452830188673    0.23304212515281506
0.3938679245283019    0.225501833944635
0.39481132075471703    0.21984661553849996
0.39575471698113207    0.21937534733804032
0.3966981132075471    0.241289318661762
0.39764150943396226    0.21984661553849996
0.3985849056603774    0.2264443703456575
0.39952830188679245    0.22173168834059714
0.4004716981132075    0.23304212515281506
0.40141509433962264    0.24458819606534077
0.4023584905660378    0.23139268645102568
0.4033018867924528    0.23728353895747217
0.40424528301886786    0.22267422474156748
0.405188679245283    0.23186395465153692
0.40613207547169816    0.22220295654105623
0.4070754716981132    0.2429387573636086
0.40801886792452824    0.2203178837390112
0.4089622641509434    0.2297432477492363
0.40990566037735854    0.22078915193952245
0.4108490566037736    0.23422029565414834
0.4117924528301886    0.22927197954872502
0.41273584905660377    0.22785817494719127
0.4136792452830189    0.22738690674668002
0.41462264150943395    0.2427031232633529
0.415566037735849    0.23422029565409322
0.41650943396226414    0.2368122707569051
0.4174528301886793    0.22479493164386813
0.41839622641509433    0.23398466155389264
0.41933962264150937    0.22856507724795813
0.4202830188679245    0.2290363454484694
0.42122641509433967    0.23398466155383757
0.4221698113207547    0.23657663665670514
0.42311320754716975    0.2353984661553713
0.4240566037735849    0.23563410025562695
0.42500000000000004    0.2377548071579276
0.4259433962264151    0.23775480715798356
0.4268867924528301    0.2358697343558826
0.42783018867924527    0.2325708569523038
0.4287735849056604    0.23374902745358192
0.42971698113207546    0.23021451594980172
0.4306603773584905    0.22008224963875556
0.43160377358490565    0.2384617094586945
0.4325471698113208    0.2415249527620176
0.43349056603773584    0.24011114816054038
0.4344339622641509    0.22880071134821378
0.435377358490566    0.22243859064131186
0.4363207547169812    0.22997888184949192
0.4372641509433962    0.22550183394468806
0.43820754716981125    0.23704790485716074
0.4391509433962264    0.23563410025562695
0.44009433962264155    0.22149605424028934
0.4410377358490566    0.2295076136490347
0.4419811320754716    0.22220295654105623
0.4429245283018868    0.22385239524284561
0.4438679245283019    0.2474158052684083
0.44481132075471697    0.23799044125823926
0.445754716981132    0.23657663665664946
0.44669811320754715    0.24529509836610766
0.4476415094339623    0.23728353895741633
0.44858490566037745    0.23092141825051443
0.4495283018867925    0.22927197954877898
0.45047169811320753    0.22880071134821378
0.4514150943396227    0.23704790485716074
0.45235849056603783    0.2368122707569051
0.45330188679245287    0.22573746804494377
0.4542452830188679    0.23492719795486008
0.45518867924528306    0.24435256196508515
0.4561320754716982    0.22455929754361248
0.45707547169811324    0.2290363454485233
0.4580188679245283    0.24859397576968642
0.45896226415094343    0.25142158497275396
0.4599056603773586    0.24718017116815266
0.4608490566037736    0.23940424585977335
0.46179245283018866    0.241289318661762
0.4627358490566038    0.24223185506278452
0.46367924528301896    0.2516572190730096
0.464622641509434    0.24364565966437562
0.46556603773584904    0.23704790485716074
0.4665094339622642    0.22479493164386813
0.46745283018867934    0.23492719795486008
0.4683962264150944    0.23233522285210287
0.4693396226415094    0.25024341447147586
0.47028301886792456    0.22102478603977807
0.4712264150943397    0.241289318661762
0.47216981132075475    0.24505946426590972
0.4731132075471698    0.23822607535843884
0.47405660377358494    0.24553073246636328
0.4750000000000001    0.2556629987773552
0.4759433962264151    0.24505946426590972
0.47688679245283017    0.24953651217070894
0.4778301886792453    0.24529509836610766
0.47877358490566047    0.25919751028118965
0.4797169811320755    0.24341002556411992
0.48066037735849054    0.24623763476713018
0.4816037735849057    0.24435256196508515
0.48254716981132084    0.2403467822607395
0.4834905660377359    0.24718017116821084
0.4844339622641509    0.24341002556406263
0.48537735849056607    0.25401356007556586
0.4863207547169812    0.245059464265852
0.48726415094339626    0.2516572190730688
0.4882075471698113    0.24670890296764145
0.48915094339622645    0.2389329776592057
0.4900943396226416    0.2507146826719871
0.49103773584905663    0.25401356007562564
0.49198113207547167    0.255191730576844
0.4929245283018868    0.2389329776592057
0.49386792452830197    0.23987551406022822
0.494811320754717    0.2504790485717904
0.49575471698113205    0.2518928531732652
0.4966981132075472    0.24623763476713018
0.49764150943396235    0.23492719795486008
0.4985849056603774    0.24741580526846654
0.4995283018867924    0.2558986328776109
0.5004716981132076    0.2415249527620176
0.5014150943396227    0.23657663665664946
0.5023584905660378    0.25519173057690403
0.5033018867924528    0.25825497388016716
0.504245283018868    0.2474158052684083
0.5051886792452831    0.2561342669778665
0.5061320754716981    0.26273202178508587
0.5070754716981132    0.24435256196508515
0.5080188679245283    0.25283538957428775
0.5089622641509435    0.24458819606534077
0.5099056603773585    0.2516572190730688
0.5108490566037736    0.24553073246636328
0.5117924528301887    0.2419962209625289
0.5127358490566039    0.24953651217070894
0.5136792452830189    0.25731243747920524
0.5146226415094339    0.2568411692786334
0.5155660377358491    0.26202511948425716
0.5165094339622642    0.2683872401911591
0.5174528301886793    0.24906524397025634
0.5183962264150943    0.24882960986994207
0.5193396226415095    0.2733355562965272
0.5202830188679246    0.25754807157940024
0.5212264150943396    0.26178948538406316
0.5221698113207547    0.26815160609090344
0.5231132075471698    0.2542491941758215
0.524056603773585    0.24859397576968642
0.525    0.264852728687387
0.5259433962264151    0.258961876180934
0.5268867924528302    0.2507146826719871
0.5278301886792454    0.2558986328776109
0.5287735849056604    0.27121484939429047
0.5297169811320754    0.24977214627096456
0.5306603773584906    0.26296765588527965
0.5316037735849057    0.25943314438144527
0.5325471698113208    0.25142158497281314
0.5334905660377358    0.25825497388016716
0.534433962264151    0.26980104479269285
0.5353773584905661    0.2683872401911591
0.5363207547169812    0.26697343558968817
0.5372641509433962    0.26296765588527965
0.5382075471698113    0.27286428809601604
0.5391509433962265    0.26508836278758036
0.5400943396226415    0.2655596309881541
0.5410377358490566    0.2745137267978054
0.5419811320754717    0.2573124374791447
0.5429245283018869    0.2596687784817009
0.5438679245283019    0.24553073246642104
0.5448113207547169    0.2622607535845128
0.5457547169811321    0.27569189729908355
0.5466981132075472    0.27003667889294847
0.5476415094339623    0.26885850839173364
0.5485849056603773    0.27145048349448225
0.5495283018867925    0.2787551406024067
0.5504716981132076    0.2716861175947379
0.5514150943396227    0.26862287429147796
0.5523584905660377    0.26980104479269285
0.5533018867924528    0.26296765588527965
0.554245283018868    0.26014004668221213
0.555188679245283    0.2632032899855973
0.5561320754716981    0.25542736467709964
0.5570754716981132    0.27050794709345977
0.5580188679245284    0.2632032899855353
0.5589622641509434    0.2561342669779268
0.5599056603773584    0.2657952650883472
0.5608490566037736    0.2632032899855353
0.5617924528301887    0.2669734355896254
0.5627358490566038    0.26885850839173364
0.5636792452830188    0.26037568078246776
0.564622641509434    0.27687006780036166
0.5655660377358491    0.2839390908080305
0.5665094339622642    0.2773413360009382
0.5674528301886792    0.286766700011098
0.5683962264150944    0.27687006780036166
0.5693396226415095    0.2721573857952492
0.5702830188679245    0.27757697010119387
0.5712264150943396    0.2761631654995948
0.5721698113207547    0.26791597199064787
0.5731132075471699    0.2844103590085417
0.5740566037735849    0.28558852950988706
0.575    0.25919751028118965
0.5759433962264151    0.2851172613093086
0.5768867924528303    0.30019784372566877
0.5778301886792453    0.26414582638662
0.5787735849056603    0.29053684561518806
0.5797169811320755    0.27922640880291794
0.5806603773584906    0.2921862843169774
0.5816037735849057    0.2853528954096314
0.5825471698113207    0.2763987995998504
0.5834905660377359    0.2820540180059855
0.584433962264151    0.2964276981215787
0.585377358490566    0.29477825941985875
0.5863207547169811    0.28535289540956427
0.5872641509433962    0.27781260420138415
0.5882075471698114    0.2844103590085417
0.5891509433962264    0.3001978437257394
0.5900943396226415    0.3056174280315482
0.5910377358490566    0.30538179393129256
0.5919811320754718    0.2990196732243906
0.5929245283018868    0.28252528620656325
0.5938679245283018    0.29572079582081184
0.594811320754717    0.29053684561518806
0.5957547169811321    0.29595642992106747
0.5966981132075472    0.289358675113978
0.5976415094339622    0.2780482383016398
0.5985849056603774    0.29572079582081184
0.5995283018867925    0.286766700011098
0.6004716981132076    0.2867667000111655
0.6014150943396226    0.3018472824274581
0.6023584905660377    0.3084450372346157
0.6033018867924529    0.2947782594197893
0.6042452830188679    0.29501389352011437
0.605188679245283    0.29831277092362374
0.6061320754716981    0.29053684561518806
0.6070754716981133    0.3110370123374276
0.6080188679245283    0.29407135711909166
0.6089622641509433    0.2971346004223456
0.6099056603773585    0.2971346004223456
0.6108490566037736    0.2992553073246462
0.6117924528301887    0.289358675113978
0.6127358490566037    0.2999622096254131
0.6136792452830189    0.3141002556407507
0.614622641509434    0.30066911192617995
0.6155660377358491    0.29477825941985875
0.6165094339622641    0.30915193953538256
0.6174528301886792    0.31739913304432954
0.6183962264150944    0.2990196732243906
0.6193396226415094    0.31056574413698945
0.6202830188679245    0.3181060353450964
0.6212264150943396    0.3034967211292475
0.6221698113207548    0.30019784372566877
0.6231132075471698    0.3023185506280405
0.6240566037735849    0.31150828053793883
0.625    0.29360008891851114
0.6259433962264151    0.3049105257307813
0.6268867924528302    0.299019673224461
0.6278301886792452    0.3157496943425401
0.6287735849056604    0.2952495276203006
0.6297169811320755    0.2990196732243906
0.6306603773584906    0.30632433033238715
0.6316037735849056    0.3098588418361494
0.6325471698113208    0.31739913304432954
0.6334905660377359    0.3152784261420289
0.6344339622641509    0.3122151828387792
0.635377358490566    0.31150828053793883
0.6363207547169811    0.3079737690341044
0.6372641509433963    0.30467489163052563
0.6382075471698113    0.3254106924530974
0.6391509433962264    0.3176347671445851
0.6400943396226415    0.3315371790596672
0.6410377358490567    0.31080137823717197
0.6419811320754717    0.31834166944542697
0.6429245283018867    0.3242325219517427
0.6438679245283019    0.302554184728225
0.644811320754717    0.32258308324995333
0.6457547169811321    0.3249394242525861
0.6466981132075471    0.3329509836612009
0.6476415094339623    0.3216405468489308
0.6485849056603774    0.3329509836612009
0.6495283018867924    0.34284761587201795
0.6504716981132075    0.33012337445813333
0.6514150943396226    0.3178704012448408
0.6523584905660378    0.3261175947537877
0.6533018867924528    0.31433588974108034
0.6542452830188679    0.32941647215736647
0.655188679245283    0.337899299766569
0.6561320754716982    0.3216405468489308
0.6570754716981132    0.3348360564633247
0.6580188679245282    0.33483605646324593
0.6589622641509434    0.3331866177614565
0.6599056603773585    0.3395487384683584
0.6608490566037736    0.32918083805718834
0.6617924528301886    0.34850283427807227
0.6627358490566038    0.3506235411803729
0.6636792452830189    0.34025564076912534
0.664622641509434    0.34355451817278493
0.665566037735849    0.3324797154606896
0.6665094339622641    0.34685339557628286
0.6674528301886793    0.3364854951650353
0.6683962264150943    0.349445370679177
0.6693396226415094    0.35203734578190665
0.6702830188679245    0.3364854951650353
0.6712264150943397    0.3395487384683584
0.6721698113207547    0.3348360564633247
0.6731132075471697    0.3395487384683584
0.6740566037735849    0.3515660775813954
0.675    0.35345115038344044
0.6759433962264151    0.3470890296766202
0.6768867924528301    0.3487384683783279
0.6778301886792453    0.35250861398241795
0.6787735849056604    0.3404912748693809
0.6797169811320755    0.3444970545738077
0.6806603773584905    0.34685339557628286
0.6816037735849056    0.3532155162831848
0.6825471698113208    0.3671179281982668
0.6834905660377358    0.32894520395693266
0.6844339622641509    0.3435545181727041
0.685377358490566    0.3649972212959662
0.6863207547169812    0.3433188840724485
0.6872641509433962    0.3477959319773873
0.6882075471698113    0.34685339557628286
0.6891509433962264    0.36664665999775553
0.6900943396226416    0.36476158719571056
0.6910377358490567    0.3477959319773054
0.6919811320754717    0.3522729798822452
0.6929245283018868    0.363819050794688
0.6938679245283019    0.3522729798821623
0.6948113207547171    0.37395131710567997
0.6957547169811321    0.3452039568745747
0.6966981132075472    0.3527442480826735
0.6976415094339623    0.3565143936867636
0.6985849056603775    0.3569856618872749
0.6995283018867925    0.36570412359681914
0.7004716981132075    0.3607558074913648
0.7014150943396227    0.3772501945092588
0.7023584905660378    0.3612270756918761
0.7033018867924529    0.3715949761032112
0.7042452830188679    0.3664110258974999
0.7051886792452831    0.3756007558074694
0.7061320754716982    0.3800778037123263
0.7070754716981132    0.3664110258975861
0.7080188679245283    0.3843192175169276
0.7089622641509434    0.37230187840389056
0.7099056603773586    0.35957763699008677
0.7108490566037736    0.3845548516172737
0.7117924528301887    0.3744225853061912
0.7127358490566038    0.3836123152161607
0.713679245283019    0.3772501945092588
0.714622641509434    0.37725019450934755
0.715566037735849    0.387853729020762
0.7165094339622642    0.39115260642434074
0.7174528301886793    0.3798421696120707
0.7183962264150944    0.38290541291548397
0.7193396226415094    0.3864399244192282
0.7202830188679246    0.3713593420028681
0.7212264150943397    0.3932733133266414
0.7221698113207548    0.39398021562750096
0.7231132075471698    0.3772501945092588
0.7240566037735849    0.4095320662442796
0.7250000000000001    0.3746582194064469
0.7259433962264151    0.3871468267200862
0.7268867924528302    0.39280204512613015
0.7278301886792453    0.4019917750360996
0.7287735849056605    0.38856063132152885
0.7297169811320755    0.41330221184846694
0.7306603773584905    0.3944514838279195
0.7316037735849057    0.4107102367455578
0.7325471698113208    0.39280204512613015
0.7334905660377359    0.38337668111599527
0.7344339622641509    0.39421584972766394
0.7353773584905661    0.3890318995220401
0.7363207547169812    0.40340557963763335
0.7372641509433963    0.4055262865400294
0.7382075471698113    0.41118150494606903
0.7391509433962264    0.41825052795373785
0.7400943396226416    0.4125953095476028
0.7410377358490566    0.39303767922647825
0.7419811320754717    0.4097677003445353
0.7429245283018868    0.40882516394351276
0.743867924528302    0.4081182616427459
0.744811320754717    0.42249194175843857
0.745754716981132    0.40858952984325714
0.7466981132075472    0.4135378459486253
0.7476415094339623    0.409296432144024
0.7485849056603774    0.41589418695127944
0.7495283018867924    0.40882516394351276
0.7504716981132076    0.4158941869511816
0.7514150943396227    0.4392219628764887
0.7523584905660378    0.41330221184846694
0.7533018867924528    0.43450928087137614
0.754245283018868    0.4295609647660079
0.7551886792452831    0.41141713904632465
0.7561320754716981    0.39468711792826805
0.7570754716981132    0.45053239968875874
0.7580188679245283    0.4396932310769999
0.7589622641509435    0.4401644992775111
0.7599056603773585    0.44322774258093867
0.7608490566037736    0.4243770145603841
0.7617924528301887    0.4361587195731655
0.7627358490566039    0.4392219628764887
0.7636792452830189    0.42908969656559764
0.7646226415094339    0.45312437479157064
0.7655660377358491    0.43851506057572176
0.7665094339622642    0.4375725241746992
0.7674528301886793    0.4361587195732681
0.7683962264150943    0.4540669111925932
0.7693396226415095    0.45171057019003685
0.7702830188679246    0.4488829609869694
0.7712264150943396    0.4422852061799159
0.7721698113207547    0.47503834611534396
0.7731132075471698    0.4717394687117652
0.774056603773585    0.44911859508722496
0.775    0.43662998777377954
0.7759433962264151    0.45477381349336005
0.7768867924528302    0.4533600088918263
0.7778301886792454    0.4609003001000063
0.7787735849056604    0.4609003001001148
0.7797169811320754    0.463021007002307
0.7806603773584906    0.4583083249971944
0.7816037735849057    0.45265310659105934
0.7825471698113208    0.46019339779934776
0.7834905660377358    0.45995776369898383
0.784433962264151    0.47456707791483266
0.7853773584905661    0.4594864954984726
0.7863207547169812    0.4686762254085523
0.7872641509433962    0.4821073691230128
0.7882075471698113    0.4731532733132989
0.7891509433962265    0.46254973880179573
0.7900943396226415    0.4611359342003705
0.7910377358490566    0.4729176392130433
0.7919811320754717    0.48611314882735845
0.7929245283018869    0.4651417139046076
0.7938679245283019    0.483049905524149
0.7948113207547169    0.4879982216294035
0.7957547169811321    0.4766877848171333
0.7966981132075472    0.49153273313323786
0.7976415094339623    0.45288874069142165
0.7985849056603773    0.508498388351643
0.7995283018867925    0.49718795153937284
0.8004716981132076    0.4948316105368166
0.8014150943396227    0.4983661220407683
0.8023584905660377    0.4594864954984726
0.8033018867924528    0.49648104923860603
0.804245283018868    0.5002511948426961
0.805188679245283    0.5028431699456263
0.8061320754716981    0.49907302434141787
0.8070754716981132    0.5136823385572667
0.8080188679245284    0.4858775147271028
0.8089622641509434    0.5042569745471603
0.8099056603773584    0.5002511948426961
0.8108490566037736    0.5108547293541993
0.8117924528301887    0.5117972657552218
0.8127358490566038    0.5146248749584105
0.8136792452830188    0.4988373902411623
0.814622641509434    0.5249927753695369
0.8155660377358491    0.5240502389685143
0.8165094339622642    0.5198088251640355
0.8174528301886792    0.5264065799710707
0.8183962264150944    0.5372457485828295
0.8193396226415095    0.5346537734800175
0.8202830188679245    0.5433722351896036
0.8212264150943396    0.5063776814493423
0.8221698113207547    0.5516194286984227
0.8231132075471699    0.5464354784927989
0.8240566037735849    0.53865955318449
0.825    0.5216938979659581
0.8259433962264151    0.5471423807935658
0.8268867924528303    0.5313548960764388
0.8278301886792453    0.53865955318449
0.8287735849056603    0.5761253751250079
0.8297169811320755    0.5360675780815513
0.8306603773584906    0.5593953540068584
0.8316037735849057    0.5773035456264219
0.8325471698113207    0.5325330665777169
0.8334905660377359    0.5697632544181059
0.834433962264151    0.5612804268089034
0.835377358490566    0.5740046682228424
0.8363207547169811    0.5685850839168278
0.8372641509433962    0.5530332332999565
0.8382075471698114    0.5879070801377893
0.8391509433962264    0.5558608425031548
0.8400943396226415    0.5810736912303761
0.8410377358490566    0.5763610092252636
0.8419811320754718    0.5872001778370223
0.8429245283018868    0.5664643770146605
0.8438679245283018    0.595683005446225
0.844811320754717    0.5827231299321655
0.8457547169811321    0.5907346893408567
0.8466981132075472    0.5952117372458537
0.8476415094339622    0.5763610092252636
0.8485849056603774    0.6072290763587507
0.8495283018867925    0.6001600533510818
0.8504716981132076    0.5966255418473879
0.8514150943396226    0.6164188062687201
0.8523584905660377    0.6081716127597732
0.8533018867924529    0.5987462487495481
0.8542452830188679    0.6279648771813936
0.855188679245283    0.6060509058574726
0.8561320754716981    0.6168900744692314
0.8570754716981133    0.6168900744692314
0.8580188679245283    0.6468156052018482
0.8589622641509433    0.6406891185950496
0.8599056603773585    0.6345626319884035
0.8608490566037736    0.6366833388907039
0.8617924528301887    0.6322062909859959
0.8627358490566037    0.6571835056129436
0.8636792452830189    0.6345626319884035
0.864622641509434    0.6496432144047635
0.8655660377358491    0.6659019673225585
0.8665094339622641    0.6578904079137105
0.8674528301886792    0.6696721129264919
0.8683962264150944    0.6823963543402957
0.8693396226415094    0.6644881627210245
0.8702830188679245    0.6774480382349275
0.8712264150943396    0.6849883294431075
0.8721698113207548    0.6748560631321157
0.8731132075471698    0.6977125708570756
0.8740566037735849    0.686637768144897
0.875    0.6972413026564002
0.8759433962264151    0.706195398466114
0.8768867924528302    0.7085517394688371
0.8778301886792452    0.7106724463709709
0.8787735849056604    0.7311726130932105
0.8797169811320755    0.7215116149827296
0.8806603773584906    0.724103590085712
0.8816037735849056    0.723867955985286
0.8825471698113208    0.7292875402911654
0.8834905660377359    0.7436612204067586
0.8844339622641509    0.734471490496962
0.885377358490566    0.7530865844169838
0.8863207547169811    0.7540291208180062
0.8872641509433963    0.7601556074246526
0.8882075471698113    0.7759430921419622
0.8891509433962264    0.8136445481826798
0.8900943396226415    0.7808914082471478
0.8910377358490567    0.8025697454706655
0.8919811320754717    0.7806557741470759
0.8929245283018867    0.794558186061974
0.8938679245283019    0.8447482494164227
0.894811320754717    0.7643970212292538
0.8957547169811321    0.8230699121930987
0.8966981132075471    0.8209492052906043
0.8976415094339623    0.8449838835166782
0.8985849056603774    0.8628920751361059
0.8995283018867924    0.8475758586196896
0.9004716981132075    0.8466333222184677
0.9014150943396226    0.8456907858174452
0.9023584905660378    0.8692541958430079
0.9033018867924528    0.8852773146605989
0.9042452830188679    0.9043636767810963
0.905188679245283    0.9048349449816075
0.9061320754716982    0.9140246748915769
0.9070754716981132    0.9093119928866785
0.9080188679245282    0.9170879181949001
0.9089622641509434    0.9333466711125384
0.9099056603773585    0.9243925753028246
0.9108490566037736    0.9321685006114797
0.9117924528301886    0.953139935534011
0.9127358490566038    0.9873068800710768
0.9136792452830189    0.9811803934644306
0.914622641509434    0.9665710792488093
0.915566037735849    1.0063932421917827
0.9165094339622641    1.001209291986159
0.9174528301886793    1.0318417250193905
0.9183962264150943    0.9873068800713094
0.9193396226415094    1.0502211848393295
0.9202830188679245    1.0542269645436748
0.9212264150943397    1.0598821829498102
0.9221698113207547    1.0554051350452016
0.9231132075471697    1.057525841947254
0.9240566037735849    1.1100722463042587
0.925    1.0740202289651477
0.9259433962264151    1.121853951317304
0.9268867924528301    1.119968878514995
0.9278301886792453    1.1312793153272651
0.9287735849056604    1.1555496276535946
0.9297169811320755    1.1713371123709972
0.9306603773584905    1.1941936200955174
0.9316037735849056    1.21398688451699
0.9325471698113208    1.2446193175502216
0.933490566037736    1.2533377792596798
0.934433962264151    1.2302456374349178
0.935377358490566    1.3061198177169402
0.9363207547169812    1.2820851394908663
0.9372641509433963    1.3025853062131059
0.9382075471698114    1.3252061798379577
0.9391509433962264    1.3376947871511942
0.9400943396226416    1.361729465377268
0.9410377358490567    1.3831721685005303
0.9419811320754717    1.3746893408916514
0.9429245283018868    1.406028676225326
0.9438679245283019    1.42629320884731
0.9448113207547171    1.4430232299654593
0.9457547169811321    1.4769545404026174
0.9466981132075472    1.4873224408135173
0.9476415094339623    1.504523730132178
0.9485849056603775    1.536098699566432
0.9495283018867925    1.5705012782041234
0.9504716981132075    1.5952428587305945
0.9514150943396227    1.6143292208513003
0.9523584905660378    1.6459041902855542
0.9533018867924529    1.6831343781263395
0.9542452830188679    1.663812381904982
0.9551886792452831    1.724370345670678
0.9561320754716982    1.7104679337555961
0.9570754716981132    1.8018939646552035
0.9580188679245283    1.798359453150945
0.9589622641509434    1.848313882405138
0.9599056603773586    1.8815382905411815
0.9608490566037736    1.9279582082919935
0.9617924528301887    1.926544403690006
0.9627358490566038    1.9856885628541685
0.963679245283019    2.0203267755917453
0.964622641509434    2.0540224519287835
0.965566037735849    2.0848905190617875
0.9665094339622642    2.1421496054239046
0.9674528301886793    2.220851394909284
0.9683962264150944    2.2566677781486706
0.9693396226415094    2.2950761364898065
0.9702830188679246    2.3650594642657277
0.9712264150943397    2.374249194175697
0.9721698113207548    2.47062354118083
0.9731132075471698    2.5752450816937467
0.9740566037735849    2.6386306546625105
0.9750000000000001    2.7498499499831666
0.9759433962264151    2.7453729020789557
0.9768867924528302    2.8867533622316857
0.9778301886792453    2.977708124930358
0.9787735849056605    3.071726130932353
0.9797169811320755    3.175405135045576
0.9806603773584905    3.3412915416247904
0.9816037735849057    3.415751917305568
0.9825471698113208    3.5790463487827178
0.9834905660377359    3.7383350005564018
0.9844339622641509    3.9134111370454523
0.9853773584905661    4.185568522840702
0.9863207547169812    4.4032944314769
0.9872641509433963    4.677808158275807
0.9882075471698113    4.890114482605027
0.9891509433962264    5.189369789929673
0.9900943396226416    5.679488718461377
0.9910377358490566    6.154762698678425
0.9919811320754717    6.608593975769313
0.9929245283018868    7.16869623207694
0.993867924528302    8.153646771145459
0.994811320754717    9.00758475047397
0.995754716981132    9.942109592085668
0.9966981132075472    10.241836167610826
0.9976415094339623    9.09382683116541
0.9985849056603774    6.862136267645984
0.9995283018867924    1.5309147493608084