-0.9995283018867924    0.0
-0.9985849056603773    0.0
-0.9976415094339622    0.0
-0.9966981132075472    0.0
-0.995754716981132    0.0
-0.9948113207547169    0.0
-0.9938679245283019    0.0
-0.9929245283018868    0.0
-0.9919811320754717    0.0
-0.9910377358490565    0.0
-0.9900943396226415    0.0
-0.9891509433962264    0.0
-0.9882075471698113    0.0
-0.9872641509433961    0.0
-0.9863207547169811    0.0
-0.9853773584905661    0.0
-0.9844339622641509    0.0
-0.9834905660377358    0.0
-0.9825471698113207    0.0
-0.9816037735849057    0.0
-0.9806603773584905    0.0
-0.9797169811320754    0.0
-0.9787735849056604    0.0
-0.9778301886792453    0.0
-0.9768867924528302    0.0
-0.975943396226415    0.0
-0.975    0.0
-0.9740566037735849    0.0
-0.9731132075471698    0.0
-0.9721698113207546    0.0
-0.9712264150943396    0.0
-0.9702830188679246    0.0
-0.9693396226415094    0.0
-0.9683962264150943    0.0
-0.9674528301886792    0.0
-0.9665094339622642    0.0
-0.965566037735849    0.0
-0.9646226415094339    0.0
-0.9636792452830188    0.0
-0.9627358490566038    0.0
-0.9617924528301887    0.0
-0.9608490566037735    0.0
-0.9599056603773585    0.0
-0.9589622641509434    0.0
-0.9580188679245283    0.0
-0.9570754716981131    0.0
-0.9561320754716981    0.0
-0.9551886792452831    0.0
-0.9542452830188679    0.0
-0.9533018867924528    0.0
-0.9523584905660377    0.0
-0.9514150943396227    0.0
-0.9504716981132075    0.0
-0.9495283018867924    0.0
-0.9485849056603773    0.0
-0.9476415094339623    0.0
-0.9466981132075472    0.0
-0.945754716981132    0.0
-0.944811320754717    0.0
-0.9438679245283019    0.0
-0.9429245283018868    0.0
-0.9419811320754716    0.0
-0.9410377358490566    0.0
-0.9400943396226416    0.0
-0.9391509433962264    0.0
-0.9382075471698113    0.0
-0.9372641509433962    0.0
-0.9363207547169812    0.0
-0.935377358490566    0.0
-0.9344339622641509    0.0
-0.9334905660377358    0.0
-0.9325471698113208    0.0
-0.9316037735849056    0.0
-0.9306603773584905    0.0
-0.9297169811320755    0.0
-0.9287735849056604    0.0
-0.9278301886792453    0.0
-0.9268867924528301    0.0
-0.9259433962264151    0.0
-0.925    0.0
-0.9240566037735849    0.0
-0.9231132075471697    0.0
-0.9221698113207547    0.0
-0.9212264150943397    0.0
-0.9202830188679245    0.0
-0.9193396226415094    0.0
-0.9183962264150943    0.0
-0.9174528301886793    0.0
-0.9165094339622641    0.0
-0.915566037735849    0.0
-0.914622641509434    0.0
-0.9136792452830189    0.0
-0.9127358490566038    0.0
-0.9117924528301886    0.0
-0.9108490566037736    0.0
-0.9099056603773585    0.0
-0.9089622641509434    0.0
-0.9080188679245282    0.0
-0.9070754716981132    0.0
-0.9061320754716982    0.0
-0.905188679245283    0.0
-0.9042452830188679    0.0
-0.9033018867924528    0.0
-0.9023584905660378    0.0
-0.9014150943396226    0.0
-0.9004716981132075    0.0
-0.8995283018867924    0.0
-0.8985849056603774    0.0
-0.8976415094339623    0.0
-0.8966981132075471    0.0
-0.8957547169811321    0.0
-0.894811320754717    0.0
-0.8938679245283019    0.0
-0.8929245283018867    0.0
-0.8919811320754717    0.0
-0.8910377358490567    0.0
-0.8900943396226415    0.0
-0.8891509433962264    0.0
-0.8882075471698113    0.0
-0.8872641509433963    0.0
-0.8863207547169811    0.0
-0.885377358490566    0.0
-0.8844339622641509    0.0
-0.8834905660377359    0.0
-0.8825471698113208    0.0
-0.8816037735849056    0.0
-0.8806603773584906    0.0
-0.8797169811320755    0.0
-0.8787735849056604    0.0
-0.8778301886792452    0.0
-0.8768867924528302    0.0
-0.8759433962264151    0.0
-0.875    0.0
-0.8740566037735849    0.0
-0.8731132075471698    0.0
-0.8721698113207548    0.0
-0.8712264150943396    0.0
-0.8702830188679245    0.0
-0.8693396226415094    0.0
-0.8683962264150944    0.0
-0.8674528301886792    0.0
-0.8665094339622641    0.0
-0.8655660377358491    0.0
-0.864622641509434    0.0
-0.8636792452830189    0.0
-0.8627358490566037    0.0
-0.8617924528301887    0.0
-0.8608490566037736    0.0
-0.8599056603773585    0.0
-0.8589622641509433    0.0
-0.8580188679245283    0.0
-0.8570754716981133    0.0
-0.8561320754716981    0.0
-0.855188679245283    0.0
-0.8542452830188679    0.0
-0.8533018867924529    0.0
-0.8523584905660377    0.0
-0.8514150943396226    0.0
-0.8504716981132076    0.0
-0.8495283018867925    0.0
-0.8485849056603774    0.0
-0.8476415094339622    0.0
-0.8466981132075472    0.0
-0.8457547169811321    0.0
-0.844811320754717    0.0
-0.8438679245283018    0.0
-0.8429245283018868    0.0
-0.8419811320754718    0.0
-0.8410377358490566    0.0
-0.8400943396226415    0.0
-0.8391509433962264    0.0
-0.8382075471698114    0.0
-0.8372641509433962    0.0
-0.8363207547169811    0.0
-0.835377358490566    0.0
-0.834433962264151    0.0
-0.8334905660377359    0.0
-0.8325471698113207    0.0
-0.8316037735849057    0.0
-0.8306603773584906    0.0
-0.8297169811320755    0.0
-0.8287735849056603    0.0
-0.8278301886792453    0.0
-0.8268867924528303    0.0
-0.8259433962264151    0.0
-0.825    0.0
-0.8240566037735849    0.0
-0.8231132075471699    0.0
-0.8221698113207547    0.0
-0.8212264150943396    0.0
-0.8202830188679245    0.0
-0.8193396226415095    0.0
-0.8183962264150944    0.0
-0.8174528301886792    0.0
-0.816509433962264    0.0
-0.8155660377358491    0.0
-0.814622641509434    0.0
-0.8136792452830188    0.0
-0.8127358490566037    0.0
-0.8117924528301887    0.0
-0.8108490566037736    0.0
-0.8099056603773584    0.0
-0.8089622641509433    0.0
-0.8080188679245284    0.0
-0.8070754716981132    0.0
-0.8061320754716981    0.0
-0.8051886792452829    0.0
-0.804245283018868    0.0
-0.8033018867924528    0.0
-0.8023584905660377    0.0
-0.8014150943396225    0.0
-0.8004716981132076    0.0
-0.7995283018867925    0.0
-0.7985849056603773    0.0
-0.7976415094339622    0.0
-0.7966981132075472    0.0
-0.7957547169811321    0.0
-0.7948113207547169    0.0
-0.7938679245283018    0.0
-0.7929245283018869    0.0
-0.7919811320754717    0.0
-0.7910377358490566    0.0
-0.7900943396226414    0.0
-0.7891509433962265    0.0
-0.7882075471698113    0.0
-0.7872641509433962    0.0
-0.786320754716981    0.0
-0.7853773584905661    0.0
-0.784433962264151    0.0
-0.7834905660377358    0.0
-0.7825471698113207    0.0
-0.7816037735849057    0.0
-0.7806603773584906    0.0
-0.7797169811320754    0.0
-0.7787735849056603    0.0
-0.7778301886792454    0.0
-0.7768867924528302    0.0
-0.7759433962264151    0.0
-0.7749999999999999    0.0
-0.774056603773585    0.0
-0.7731132075471698    0.0
-0.7721698113207547    0.0
-0.7712264150943395    0.0
-0.7702830188679246    0.0
-0.7693396226415095    0.0
-0.7683962264150943    0.0
-0.7674528301886792    0.0
-0.7665094339622642    0.0
-0.7655660377358491    0.0
-0.7646226415094339    0.0
-0.7636792452830188    0.0
-0.7627358490566039    0.0
-0.7617924528301887    0.0
-0.7608490566037736    0.0
-0.7599056603773584    0.0
-0.7589622641509435    0.0
-0.7580188679245283    0.0
-0.7570754716981132    0.0
-0.756132075471698    0.0
-0.7551886792452831    0.0
-0.754245283018868    0.0
-0.7533018867924528    0.0
-0.7523584905660377    0.0
-0.7514150943396227    0.0
-0.7504716981132076    0.0
-0.7495283018867924    0.0
-0.7485849056603773    0.0
-0.7476415094339623    0.0
-0.7466981132075472    0.0
-0.745754716981132    0.0
-0.7448113207547169    0.0
-0.743867924528302    0.0
-0.7429245283018868    0.0
-0.7419811320754717    0.0
-0.7410377358490565    0.0
-0.7400943396226416    0.0
-0.7391509433962264    0.0
-0.7382075471698113    0.0
-0.7372641509433961    0.0
-0.7363207547169812    0.0
-0.7353773584905661    0.0
-0.7344339622641509    0.0
-0.7334905660377358    0.0
-0.7325471698113208    0.0
-0.7316037735849057    0.0
-0.7306603773584905    0.0
-0.7297169811320754    0.0
-0.7287735849056605    0.0
-0.7278301886792453    0.0
-0.7268867924528302    0.0
-0.725943396226415    0.0
-0.7250000000000001    0.0
-0.7240566037735849    0.0
-0.7231132075471698    0.0
-0.7221698113207546    0.0
-0.7212264150943397    0.0
-0.7202830188679246    0.0
-0.7193396226415094    0.0
-0.7183962264150943    0.0
-0.7174528301886793    0.0
-0.7165094339622642    0.0
-0.715566037735849    0.0
-0.7146226415094339    0.0
-0.713679245283019    0.0
-0.7127358490566038    0.0
-0.7117924528301887    0.0
-0.7108490566037735    0.0
-0.7099056603773586    0.0
-0.7089622641509434    0.0
-0.7080188679245283    0.0
-0.7070754716981131    0.0
-0.7061320754716982    0.0
-0.7051886792452831    0.0
-0.7042452830188679    0.0
-0.7033018867924528    0.0
-0.7023584905660378    0.0
-0.7014150943396227    0.0
-0.7004716981132075    0.0
-0.6995283018867924    0.0
-0.6985849056603775    0.0
-0.6976415094339623    0.0
-0.6966981132075472    0.0
-0.695754716981132    0.0
-0.6948113207547171    0.0
-0.6938679245283019    0.0
-0.6929245283018868    0.0
-0.6919811320754716    0.0
-0.6910377358490567    0.0
-0.6900943396226416    0.0
-0.6891509433962264    0.0
-0.6882075471698113    0.0
-0.6872641509433963    0.0
-0.6863207547169812    0.0
-0.685377358490566    0.0
-0.6844339622641509    0.0
-0.683490566037736    0.0
-0.6825471698113208    0.0
-0.6816037735849056    0.0
-0.6806603773584905    0.0
-0.6797169811320756    0.0
-0.6787735849056604    0.0
-0.6778301886792453    0.0
-0.6768867924528301    0.0
-0.6759433962264152    0.0
-0.675    0.0
-0.6740566037735849    0.0
-0.6731132075471697    0.0
-0.6721698113207548    0.0
-0.6712264150943397    0.0
-0.6702830188679245    0.0
-0.6693396226415094    0.0
-0.6683962264150944    0.0
-0.6674528301886793    0.0
-0.6665094339622641    0.0
-0.665566037735849    0.0
-0.6646226415094341    0.0
-0.6636792452830189    0.0
-0.6627358490566038    0.0
-0.6617924528301886    0.0
-0.6608490566037737    0.0
-0.6599056603773585    0.0
-0.6589622641509434    0.0
-0.6580188679245282    0.0
-0.6570754716981133    0.0
-0.6561320754716982    0.0
-0.655188679245283    0.0
-0.6542452830188679    0.0
-0.6533018867924529    0.0
-0.6523584905660378    0.0
-0.6514150943396226    0.0
-0.6504716981132075    0.0
-0.6495283018867926    0.0
-0.6485849056603774    0.0
-0.6476415094339623    0.0
-0.6466981132075471    0.0
-0.6457547169811322    0.0
-0.644811320754717    0.0
-0.6438679245283019    0.0
-0.6429245283018867    0.0
-0.6419811320754718    0.0
-0.6410377358490567    0.0
-0.6400943396226415    0.0
-0.6391509433962264    0.0
-0.6382075471698113    0.0
-0.6372641509433963    0.0
-0.6363207547169811    0.0
-0.635377358490566    0.0
-0.6344339622641508    0.0
-0.6334905660377359    0.0
-0.6325471698113208    0.0
-0.6316037735849056    0.0
-0.6306603773584905    0.0
-0.6297169811320755    0.0
-0.6287735849056604    0.0
-0.6278301886792452    0.0
-0.6268867924528301    0.0
-0.6259433962264151    0.0
-0.625    0.0
-0.6240566037735849    0.0
-0.6231132075471697    0.0
-0.6221698113207548    0.0
-0.6212264150943396    0.0
-0.6202830188679245    0.0
-0.6193396226415093    0.0
-0.6183962264150944    0.0
-0.6174528301886792    0.0
-0.6165094339622641    0.0
-0.615566037735849    0.0
-0.614622641509434    0.0
-0.6136792452830189    0.0
-0.6127358490566037    0.0
-0.6117924528301886    0.0
-0.6108490566037736    0.0
-0.6099056603773585    0.0
-0.6089622641509433    0.0
-0.6080188679245282    0.0
-0.6070754716981133    0.0
-0.6061320754716981    0.0
-0.605188679245283    0.0
-0.6042452830188678    0.0
-0.6033018867924529    0.0
-0.6023584905660377    0.0
-0.6014150943396226    0.0
-0.6004716981132074    0.0
-0.5995283018867925    0.0
-0.5985849056603774    0.0
-0.5976415094339622    0.0
-0.5966981132075471    0.0
-0.5957547169811321    0.0
-0.594811320754717    0.0
-0.5938679245283018    0.0
-0.5929245283018867    0.0
-0.5919811320754718    0.0
-0.5910377358490566    0.0
-0.5900943396226415    0.0
-0.5891509433962263    0.0
-0.5882075471698114    0.0
-0.5872641509433962    0.0
-0.5863207547169811    0.0
-0.5853773584905659    0.0
-0.584433962264151    0.0
-0.5834905660377359    0.0
-0.5825471698113207    0.0
-0.5816037735849056    0.0
-0.5806603773584906    0.0
-0.5797169811320755    0.0
-0.5787735849056603    0.0
-0.5778301886792452    0.0
-0.5768867924528303    0.0
-0.5759433962264151    0.0
-0.575    0.0
-0.5740566037735848    0.0
-0.5731132075471699    0.0
-0.5721698113207547    0.0
-0.5712264150943396    0.0
-0.5702830188679244    0.0
-0.5693396226415095    0.0
-0.5683962264150944    0.0
-0.5674528301886792    0.0
-0.566509433962264    0.0
-0.5655660377358491    0.0
-0.564622641509434    0.0
-0.5636792452830188    0.0
-0.5627358490566037    0.0
-0.5617924528301887    0.0
-0.5608490566037736    0.0
-0.5599056603773584    0.0
-0.5589622641509433    0.0
-0.5580188679245284    0.0
-0.5570754716981132    0.0
-0.5561320754716981    0.0
-0.5551886792452829    0.0
-0.554245283018868    0.0
-0.5533018867924528    0.0
-0.5523584905660377    0.0
-0.5514150943396225    0.0
-0.5504716981132076    0.0
-0.5495283018867925    0.0
-0.5485849056603773    0.0
-0.5476415094339622    0.0
-0.5466981132075472    0.0
-0.5457547169811321    0.0
-0.5448113207547169    0.0
-0.5438679245283018    0.0
-0.5429245283018869    0.0
-0.5419811320754717    0.0
-0.5410377358490566    0.0
-0.5400943396226414    0.0
-0.5391509433962265    0.0
-0.5382075471698113    0.0
-0.5372641509433962    0.0
-0.536320754716981    0.0
-0.5353773584905661    0.0
-0.534433962264151    0.0
-0.5334905660377358    0.0
-0.5325471698113207    0.0
-0.5316037735849057    0.0
-0.5306603773584906    0.0
-0.5297169811320754    0.0
-0.5287735849056603    0.0
-0.5278301886792454    0.00023563410025565466
-0.5268867924528302    0.0
-0.5259433962264151    0.0
-0.5249999999999999    0.0
-0.524056603773585    0.0
-0.5231132075471698    0.00023563410025562696
-0.5221698113207547    0.0004712682005112539
-0.5212264150943395    0.0
-0.5202830188679246    0.0
-0.5193396226415095    0.0
-0.5183962264150943    0.0
-0.5174528301886792    0.0
-0.5165094339622642    0.0004712682005113093
-0.5155660377358491    0.0
-0.5146226415094339    0.0
-0.5136792452830188    0.0
-0.5127358490566039    0.0
-0.5117924528301887    0.0
-0.5108490566037736    0.0
-0.5099056603773584    0.0
-0.5089622641509435    0.0
-0.5080188679245283    0.00023563410025562696
-0.5070754716981132    0.0
-0.506132075471698    0.0
-0.5051886792452831    0.0
-0.504245283018868    0.0
-0.5033018867924528    0.0
-0.5023584905660377    0.0
-0.5014150943396227    0.0
-0.5004716981132076    0.0
-0.4995283018867924    0.0
-0.49858490566037733    0.0
-0.49764150943396224    0.0
-0.49669811320754714    0.00023563410025565466
-0.49575471698113205    0.0
-0.49481132075471695    0.0
-0.49386792452830186    0.00023563410025562696
-0.49292452830188677    0.00023563410025565466
-0.49198113207547167    0.0
-0.4910377358490566    0.0
-0.4900943396226415    0.0
-0.4891509433962264    0.0
-0.4882075471698113    0.00023563410025562696
-0.4872641509433962    0.0004712682005113093
-0.4863207547169811    0.00023563410025562696
-0.485377358490566    0.0
-0.4844339622641509    0.0004712682005112539
-0.4834905660377358    0.0004712682005113093
-0.48254716981132073    0.0004712682005112539
-0.48160377358490564    0.00023563410025565466
-0.48066037735849054    0.0
-0.47971698113207545    0.0007069023007669641
-0.47877358490566035    0.00023563410025562696
-0.47783018867924526    0.0004712682005113093
-0.47688679245283017    0.0
-0.47594339622641507    0.0004712682005113093
-0.475    0.0
-0.4740566037735849    0.0
-0.4731132075471698    0.0
-0.4721698113207547    0.0
-0.4712264150943396    0.0
-0.4702830188679245    0.00023563410025565466
-0.4693396226415094    0.0
-0.4683962264150943    0.00023563410025565466
-0.4674528301886792    0.0004712682005112539
-0.46650943396226413    0.00023563410025565466
-0.46556603773584904    0.0
-0.46462264150943394    0.0004712682005113093
-0.46367924528301885    0.0007069023007668808
-0.46273584905660375    0.0004712682005113093
-0.46179245283018866    0.0004712682005112539
-0.46084905660377357    0.0
-0.45990566037735847    0.0007069023007668808
-0.4589622641509434    0.0
-0.4580188679245283    0.0004712682005112539
-0.4570754716981132    0.0004712682005113093
-0.4561320754716981    0.0004712682005112539
-0.455188679245283    0.0007069023007669641
-0.4542452830188679    0.00023563410025562696
-0.4533018867924528    0.00023563410025565466
-0.4523584905660377    0.0009425364010225078
-0.4514150943396226    0.0009425364010226187
-0.45047169811320753    0.0004712682005112539
-0.44952830188679244    0.0011781705012782733
-0.44858490566037734    0.00023563410025562696
-0.44764150943396225    0.00023563410025565466
-0.44669811320754715    0.0004712682005112539
-0.44575471698113206    0.0004712682005113093
-0.44481132075471697    0.0
-0.44386792452830187    0.0009425364010226187
-0.4429245283018868    0.0004712682005112539
-0.4419811320754717    0.0004712682005113093
-0.4410377358490566    0.0009425364010225078
-0.4400943396226415    0.0004712682005113093
-0.4391509433962264    0.0007069023007668808
-0.4382075471698113    0.0009425364010226187
-0.4372641509433962    0.0007069023007668808
-0.4363207547169811    0.0004712682005113093
-0.435377358490566    0.0007069023007668808
-0.43443396226415093    0.0009425364010226187
-0.43349056603773584    0.0009425364010225078
-0.43254716981132074    0.0011781705012782733
-0.43160377358490565    0.0011781705012781348
-0.43066037735849055    0.0011781705012782733
-0.42971698113207546    0.0004712682005112539
-0.42877358490566037    0.0014138046015339282
-0.42783018867924527    0.0014138046015337617
-0.4268867924528302    0.0011781705012782733
-0.4259433962264151    0.00023563410025562696
-0.425    0.0018850728020452373
-0.4240566037735849    0.0028276092030675233
-0.4231132075471698    0.0011781705012782733
-0.4221698113207547    0.0009425364010225078
-0.4212264150943396    0.0009425364010226187
-0.4202830188679245    0.0014138046015337617
-0.4193396226415094    0.0014138046015339282
-0.41839622641509433    0.0014138046015337617
-0.41745283018867924    0.0011781705012782733
-0.41650943396226414    0.0016494387017893888
-0.41556603773584905    0.0016494387017895829
-0.41462264150943395    0.0021207069023006426
-0.41367924528301886    0.0018850728020452373
-0.41273584905660377    0.0011781705012781348
-0.41179245283018867    0.0025919751028122017
-0.4108490566037736    0.0016494387017893888
-0.4099056603773585    0.0009425364010226187
-0.4089622641509434    0.0016494387017893888
-0.4080188679245283    0.0018850728020452373
-0.4070754716981132    0.0025919751028118964
-0.4061320754716981    0.0016494387017895829
-0.405188679245283    0.0009425364010225078
-0.4042452830188679    0.0021207069023008924
-0.4033018867924528    0.0025919751028118964
-0.40235849056603773    0.0025919751028122017
-0.40141509433962264    0.0028276092030675233
-0.40047169811320754    0.0037701456040904746
-0.39952830188679245    0.0016494387017893888
-0.39858490566037735    0.0018850728020452373
-0.39764150943396226    0.0025919751028118964
-0.39669811320754716    0.0030632433033235106
-0.39575471698113207    0.0028276092030675233
-0.394811320754717    0.0018850728020452373
-0.3938679245283019    0.0021207069023006426
-0.3929245283018868    0.0037701456040904746
-0.3919811320754717    0.0032988774035787776
-0.3910377358490566    0.0021207069023008924
-0.3900943396226415    0.0023563410025562695
-0.3891509433962264    0.0030632433033235106
-0.3882075471698113    0.0023563410025562695
-0.3872641509433962    0.004712682005113093
-0.38632075471698113    0.0035345115038344045
-0.38537735849056604    0.0051839502056244035
-0.38443396226415094    0.004477047904856912
-0.38349056603773585    0.004241413804601785
-0.38254716981132075    0.004477047904856912
-0.38160377358490566    0.0037701456040904746
-0.38066037735849056    0.004477047904856912
-0.37971698113207547    0.0035345115038348204
-0.3787735849056604    0.004241413804601285
-0.3778301886792453    0.00400577970434613
-0.3768867924528302    0.004948316105368166
-0.3759433962264151    0.004712682005113093
-0.375    0.0035345115038344045
-0.3740566037735849    0.005655218406135713
-0.3731132075471698    0.004005779704345658
-0.3721698113207547    0.004241413804601785
-0.3712264150943396    0.005655218406135047
-0.37028301886792453    0.005419584305880058
-0.36933962264150944    0.005655218406135047
-0.36839622641509434    0.004712682005113093
-0.36745283018867925    0.005655218406135047
-0.36650943396226415    0.004948316105368748
-0.36556603773584906    0.004948316105368166
-0.36462264150943396    0.005419584305880058
-0.36367924528301887    0.0037701456040900314
-0.3627358490566038    0.007775925308436605
-0.3617924528301887    0.006126486606646301
-0.3608490566037736    0.006833388907413986
-0.3599056603773585    0.008954095809713824
-0.3589622641509434    0.007069023007669641
-0.3580188679245283    0.01083916861175884
-0.3570754716981132    0.007069023007669641
-0.3561320754716981    0.007304657107924435
-0.355188679245283    0.007069023007669641
-0.35424528301886793    0.011781705012781347
-0.35330188679245284    0.006833388907413986
-0.35235849056603774    0.007540291208180063
-0.35141509433962265    0.005419584305880058
-0.35047169811320755    0.010367900411247586
-0.34952830188679246    0.01060353451150446
-0.34858490566037736    0.011781705012781347
-0.34764150943396227    0.00848282760920357
-0.3466981132075472    0.009896632210736332
-0.3457547169811321    0.01060353451150446
-0.344811320754717    0.012017339113036974
-0.3438679245283019    0.011781705012782733
-0.3429245283018868    0.012252973213292603
-0.3419811320754717    0.011310436812271426
-0.3410377358490566    0.010367900411247586
-0.3400943396226415    0.014138046015339282
-0.3391509433962264    0.013902411915081991
-0.33820754716981133    0.01555185061687321
-0.33726415094339623    0.008718461709458197
-0.33632075471698114    0.01201733911303839
-0.33537735849056605    0.015080582416360126
-0.33443396226415095    0.016730021118151483
-0.33349056603773586    0.011781705012781347
-0.33254716981132076    0.016258752917640173
-0.33160377358490567    0.013666777814826364
-0.3306603773584906    0.012724241413805354
-0.3297169811320755    0.01790819161942765
-0.3287735849056604    0.017908191619429758
-0.3278301886792453    0.01790819161942765
-0.3268867924528302    0.01861509392019672
-0.3259433962264151    0.016023118817382633
-0.325    0.01979326442147499
-0.3240566037735849    0.019793264421472664
-0.3231132075471698    0.017908191619429758
-0.32216981132075473    0.016730021118149516
-0.32122641509433963    0.02309214182505416
-0.32028301886792454    0.01932199622096141
-0.31933962264150945    0.019321996220963686
-0.31839622641509435    0.018143825719683274
-0.31745283018867926    0.020971434922753267
-0.31650943396226416    0.022856507724795815
-0.31556603773584907    0.02120706902300892
-0.314622641509434    0.0209714349227508
-0.3136792452830189    0.025919751028122013
-0.3127358490566038    0.025684116927863338
-0.3117924528301887    0.024977214627099398
-0.3108490566037736    0.02686228742914147
-0.3099056603773585    0.023327775925309813
-0.3089622641509434    0.026155385128374592
-0.3080188679245283    0.027333555629655944
-0.3070754716981132    0.03086806713348713
-0.30613207547169813    0.02521284872735505
-0.30518867924528303    0.03110370123374276
-0.30424528301886794    0.03369567633655862
-0.30330188679245285    0.03110370123374276
-0.30235849056603775    0.034402578637325584
-0.30141509433962266    0.035580749138599675
-0.30047169811320756    0.03204623763476904
-0.29952830188679247    0.03463821273757716
-0.2985849056603774    0.03652328553962647
-0.2976415094339623    0.03958652884294533
-0.2966981132075472    0.03558074913860386
-0.2957547169811321    0.0358163832388553
-0.294811320754717    0.03416694453706993
-0.2938679245283019    0.04147160164499034
-0.2929245283018868    0.040057797043461296
-0.2919811320754717    0.0393508947426897
-0.2910377358490566    0.042649772146273496
-0.29009433962264153    0.03369567633655466
-0.28915094339622643    0.04217850394576219
-0.28820754716981134    0.045006113148824745
-0.28726415094339625    0.03958652884294998
-0.28632075471698115    0.045477381349336
-0.28537735849056606    0.051839502056244026
-0.28443396226415096    0.048069356452147896
-0.28349056603773587    0.05490274535956754
-0.2825471698113208    0.055845281760583586
-0.2816037735849057    0.056552184061357126
-0.2806603773584906    0.052075136156493555
-0.2797169811320755    0.05066133155496576
-0.2787735849056604    0.05254640435700481
-0.2778301886792453    0.05372457485828926
-0.2768867924528302    0.05843725686339548
-0.27594339622641506    0.06527064577080867
-0.27499999999999997    0.05796598866289105
-0.2740566037735849    0.07092586417694371
-0.2731132075471698    0.065506279871072
-0.2721698113207547    0.06456374347004179
-0.2712264150943396    0.06479937757030504
-0.2702830188679245    0.06197176836722989
-0.2693396226415094    0.07351783927976427
-0.2683962264150943    0.06574191397131991
-0.2674528301886792    0.07092586417695207
-0.2665094339622641    0.06951205957540996
-0.265566037735849    0.07940869178615563
-0.26462264150943393    0.07493164388128938
-0.26367924528301884    0.07823052128487736
-0.26273584905660374    0.0761098143825675
-0.26179245283018865    0.08152939868845652
-0.26084905660377355    0.09071912859841638
-0.25990566037735846    0.08577081249305832
-0.25896226415094337    0.08812715349560449
-0.2580188679245283    0.08906968989663748
-0.2570754716981132    0.09331110370122828
-0.2561320754716981    0.09778815160609669
-0.255188679245283    0.09166166499943888
-0.2542452830188679    0.09543181060354015
-0.2533018867924528    0.10367900411247585
-0.2523584905660377    0.11875958652884996
-0.2514150943396226    0.11357563632321219
-0.2504716981132075    0.10674224741581156
-0.24952830188679243    0.10933422251861091
-0.24858490566037733    0.11758141602757168
-0.24764150943396224    0.12300100033343726
-0.24669811320754714    0.11993775703012824
-0.24575471698113205    0.11239746582193406
-0.24481132075471695    0.11404690452373688
-0.24386792452830186    0.12040902523062537
-0.24292452830188677    0.1300700233411214
-0.24198113207547167    0.13784594864954178
-0.24103773584905658    0.1352539735467458
-0.24009433962264148    0.14467933755695495
-0.2391509433962264    0.14562187395799459
-0.2382075471698113    0.12629987773701606
-0.2372641509433962    0.1512770923641303
-0.2363207547169811    0.14444370345669932
-0.235377358490566    0.1548116038679651
-0.23443396226415092    0.15434033566743566
-0.23349056603773582    0.1611737245748678
-0.23254716981132073    0.1677714793820064
-0.23160377358490564    0.16965655218407136
-0.23066037735849054    0.18026008669555463
-0.22971698113207545    0.1840302322996663
-0.22877358490566035    0.18214515949759963
-0.22783018867924526    0.17766811159276363
-0.22688679245283017    0.18992108480603534
-0.22594339622641507    0.20264532621986303
-0.22499999999999998    0.19887518061574916
-0.22405660377358488    0.21395576303213446
-0.2231132075471698    0.1993464488162604
-0.2221698113207547    0.23304212515284248
-0.2212264150943396    0.22668000444591316
-0.2202830188679245    0.21466266533290143
-0.2193396226415094    0.22997888184949192
-0.21839622641509432    0.2339846615538651
-0.21745283018867922    0.24270312326329577
-0.21650943396226413    0.2525997554740618
-0.21556603773584904    0.24859397576968642
-0.21462264150943394    0.2450594642658809
-0.21367924528301885    0.2665021673891141
-0.21273584905660375    0.26673780148940107
-0.21179245283018866    0.27286428809601604
-0.21084905660377357    0.29077247971547787
-0.20990566037735847    0.2907724797154437
-0.20896226415094338    0.2903012115149666
-0.20801886792452828    0.2919506502167218
-0.2070754716981132    0.29619206402135795
-0.2061320754716981    0.31080137823717197
-0.205188679245283    0.33153717905970614
-0.2042452830188679    0.3247037901522539
-0.2033018867924528    0.3338935200622627
-0.20235849056603772    0.3272957652550658
-0.20141509433962262    0.3433188840724889
-0.20047169811320753    0.34826720017781665
-0.19952830188679244    0.3400200066689097
-0.19858490566037734    0.354393686784463
-0.19764150943396225    0.3772501945093032
-0.19669811320754715    0.3635834166944324
-0.19575471698113206    0.38149160831390494
-0.19481132075471697    0.40882516394351276
-0.19386792452830187    0.4010492386351243
-0.19292452830188678    0.41165277314658033
-0.19198113207547168    0.4425208402801195
-0.1910377358490566    0.42791152606421856
-0.1900943396226415    0.4493542291875335
-0.1891509433962264    0.44464154718236804
-0.1882075471698113    0.46584861620542933
-0.1872641509433962    0.4719751028120208
-0.18632075471698112    0.4726820051128433
-0.18537735849056602    0.4870556852283809
-0.18443396226415093    0.5042569745471011
-0.18349056603773584    0.5014293653439742
-0.18254716981132074    0.5042569745471011
-0.18160377358490565    0.5047282427475529
-0.18066037735849055    0.539130821384938
-0.17971698113207546    0.5586884517060916
-0.17877358490566037    0.5405446259864718
-0.17783018867924527    0.5824874958319098
-0.17688679245283018    0.5952117372457838
-0.17594339622641508    0.6072290763587507
-0.175    0.6001600533511524
-0.1740566037735849    0.6027520284538938
-0.1731132075471698    0.6439879959987043
-0.1721698113207547    0.6289074135822683
-0.1712264150943396    0.6552984328109757
-0.17028301886792452    0.67839057463595
-0.16933962264150942    0.6637812604201793
-0.16839622641509433    0.716327664777106
-0.16745283018867924    0.7283450038902287
-0.16650943396226414    0.7064310325663696
-0.16556603773584905    0.7398910748027557
-0.16462264150943395    0.7750005557407571
-0.16367924528301886    0.7681671668334342
-0.16273584905660377    0.7745292875402457
-0.16179245283018867    0.7870178948538866
-0.16084905660377358    0.8301389352005738
-0.15990566037735848    0.8367366900078298
-0.1589622641509434    0.8459264199177008
-0.1580188679245283    0.8546448816272596
-0.1570754716981132    0.8793864621539998
-0.1561320754716981    0.8770301211515467
-0.155188679245283    0.9312259642102377
-0.15424528301886792    0.9441858397244083
-0.15330188679245282    0.9338179393130497
-0.15235849056603773    0.9653929087474171
-0.15141509433962264    0.9726975658552282
-0.15047169811320754    0.9929620984773287
-0.14952830188679245    1.0078070467933167
-0.14858490566037735    1.021473824608263
-0.14764150943396226    1.0792041791707714
-0.14669811320754716    1.0596465488496791
-0.14575471698113207    1.1147849283093711
-0.14481132075471698    1.117141269312059
-0.14386792452830188    1.1202045126152507
-0.1429245283018868    1.1741647215739273
-0.1419811320754717    1.1692164054684209
-0.1410377358490566    1.207860397910486
-0.1400943396226415    1.193251083694495
-0.1391509433962264    1.2146937868179
-0.13820754716981132    1.2488607313548228
-0.13726415094339622    1.2498032677559925
-0.13632075471698113    1.2900966988995577
-0.13537735849056604    1.3094186951206732
-0.13443396226415094    1.3275625208402022
-0.13349056603773585    1.350419028565157
-0.13254716981132075    1.404850505724048
-0.13160377358490566    1.406264310325747
-0.13066037735849056    1.4286495498498661
-0.12971698113207547    1.460931421585059
-0.12877358490566038    1.4701211514948567
-0.12783018867924528    1.5101789485384909
-0.1268867924528302    1.5262020673556957
-0.1259433962264151    1.573564521507262
-0.125    1.5697943759029869
-0.1240566037735849    1.6013693453374294
-0.12311320754716981    1.6539157496942456
-0.12216981132075472    1.6423696787819133
-0.12122641509433962    1.6937379126374466
-0.12028301886792453    1.6824274758253746
-0.11933962264150944    1.7382727575857602
-0.11839622641509434    1.7455774146938898
-0.11745283018867925    1.7745604090251268
-0.11650943396226415    1.8207446926754436
-0.11556603773584906    1.8358252750915895
-0.11462264150943396    1.8706991219296427
-0.11367924528301887    1.8822451928419484
-0.11273584905660378    1.8777681449373123
-0.11179245283018868    1.9425675225073886
-0.11084905660377359    1.9453951317106852
-0.1099056603773585    2.049074135822932
-0.1089622641509434    2.024568189396585
-0.1080188679245283    2.0387062354116843
-0.10707547169811321    2.0639190841392794
-0.10613207547169812    2.1134022451927184
-0.10518867924528302    2.180086695565317
-0.10424528301886793    2.189983327775797
-0.10330188679245284    2.19728798488398
-0.10235849056603774    2.251719462042771
-0.10141509433962265    2.265386239857864
-0.10047169811320755    2.302380793597731
-0.09952830188679246    2.324059130821522
-0.09858490566037736    2.400640213404327
-0.09764150943396227    2.4037034567079334
-0.09669811320754718    2.412186284316853
-0.09575471698113208    2.4423474491498607
-0.09481132075471699    2.4802845392907296
-0.0938679245283019    2.487353562298691
-0.0929245283018868    2.545083916861027
-0.0919811320754717    2.5436701122597922
-0.09103773584905661    2.5754807157940025
-0.09009433962264152    2.6030499055242173
-0.08915094339622642    2.6581882849837277
-0.08820754716981133    2.713091030343608
-0.08726415094339623    2.7764766033120525
-0.08632075471698114    2.746551072579911
-0.08537735849056605    2.7689363121038726
-0.08443396226415095    2.872144048016175
-0.08349056603773586    2.8264310325662456
-0.08254716981132076    2.877799266422311
-0.08160377358490567    2.8973568967431893
-0.08066037735849058    2.8907591419363716
-0.07971698113207548    2.985012782038282
-0.07877358490566039    2.9835989774371
-0.0778301886792453    3.0222429698786715
-0.0768867924528302    3.050754696009961
-0.0759433962264151    3.125921973991147
-0.07500000000000001    3.0983527842616034
-0.07405660377358492    3.14948538401671
-0.07311320754716982    3.226066466600168
-0.07216981132075473    3.240204512615126
-0.07122641509433963    3.25905524063596
-0.07028301886792454    3.252457485828419
-0.06933962264150945    3.3247971546072876
-0.06839622641509435    3.311601644992581
-0.06745283018867926    3.3309236412139347
-0.06650943396226416    3.43507391352653
-0.06556603773584907    3.424941647215941
-0.06462264150943398    3.443321107035477
-0.06367924528301888    3.4143381127044363
-0.06273584905660379    3.50458597310194
-0.06179245283018869    3.5467644770481144
-0.0608490566037736    3.5055285095029625
-0.059905660377358505    3.597897076803591
-0.05896226415094341    3.694507057907975
-0.05801886792452832    3.6355985328444964
-0.05707547169811322    3.7133577859284252
-0.05613207547169813    3.7206624430367876
-0.055188679245283034    3.7107658108256136
-0.05424528301886794    3.74870290096721
-0.053301886792452846    3.78475491830588
-0.05235849056603775    3.8017205735247326
-0.05141509433962266    3.8142091808378336
-0.050471698113207564    3.9098766255420783
-0.04952830188679247    3.909169723240851
-0.048584905660377375    3.962894298099601
-0.04764150943396228    3.9650150050014346
-0.04669811320754719    3.999888851839738
-0.04575471698113209    3.9438079359784286
-0.044811320754717    4.014262531955333
-0.043867924528301905    4.013319995553839
-0.04292452830188681    4.117941536067821
-0.04198113207547172    4.1104012448591565
-0.04103773584905662    4.072699788818735
-0.04009433962264153    4.143390018894944
-0.039150943396226434    4.162005112815629
-0.03820754716981134    4.192401911748115
-0.037264150943396246    4.202534178059602
-0.03632075471698115    4.234109147493361
-0.03537735849056606    4.222327442481077
-0.034433962264150964    4.250603534511255
-0.033490566037735814    4.26591975102787
-0.03254716981132072    4.302443036567999
-0.031603773584905626    4.309983327775673
-0.03066037735849053    4.3594664888298675
-0.029716981132075437    4.405415138379201
-0.028773584905660343    4.350041124819641
-0.02783018867924525    4.44217405801908
-0.026886792452830155    4.395047237968471
-0.02594339622641506    4.401880626875367
-0.024999999999999967    4.435340669112188
-0.024056603773584873    4.419788818494795
-0.02311320754716978    4.490714682672267
-0.022169811320754684    4.445001667222146
-0.02122641509433959    4.505323996888118
-0.020283018867924496    4.488829609869693
-0.019339622641509402    4.481524952762297
-0.018396226415094308    4.530301211514684
-0.017452830188679214    4.580491274869671
-0.01650943396226412    4.51922640880267
-0.015566037735849025    4.546088696232346
-0.014622641509433931    4.5305368456149395
-0.013679245283018837    4.610888073802651
-0.012735849056603743    4.592037345781658
-0.011792452830188649    4.5854395909750405
-0.010849056603773555    4.545853062131555
-0.00990566037735846    4.631152606424637
-0.008962264150943366    4.649767700344287
-0.008018867924528272    4.694773813493664
-0.007075471698113178    4.664612648660391
-0.006132075471698084    4.6123018784041845
-0.00518867924528299    4.6511815049458205
-0.004245283018867896    4.636100922530006
-0.0033018867924528017    4.5979281982880496
-0.0023584905660377076    4.642698677337164
-0.0014150943396226134    4.58708902967629
-0.0004716981132075193    4.636807824830774
0.0004716981132075748    4.616072024007732
0.0014150943396227245    4.63398021562716
0.002358490566037763    4.671917305769415
0.0033018867924528017    4.564232521951494
0.004245283018867951    4.658721796154
0.005188679245283101    4.627853729020513
0.00613207547169814    4.663905746360721
0.007075471698113178    4.608060464599041
0.008018867924528328    4.632802045125882
0.008962264150943478    4.670267867066526
0.009905660377358516    4.584261420474301
0.010849056603773555    4.619606535511567
0.011792452830188704    4.599342002889582
0.012735849056603854    4.5562209625428025
0.013679245283018893    4.592272979882995
0.014622641509433931    4.57035900855814
0.015566037735849081    4.502025119484008
0.01650943396226423    4.566824497054307
0.01745283018867927    4.579313104368932
0.018396226415094308    4.540433477825676
0.019339622641509457    4.524881627208805
0.020283018867924607    4.44971434922726
0.021226415094339646    4.467858174947994
0.022169811320754684    4.46691563854592
0.023113207547169834    4.524410359008294
0.024056603773584984    4.4011737245746
0.025000000000000022    4.444766033122938
0.02594339622641506    4.465266199844131
0.02688679245283021    4.4155474046901935
0.02783018867924536    4.435811937312177
0.0287735849056604    4.379259753251858
0.029716981132075437    4.399288651772555
0.030660377358490587    4.330954762698423
0.03160377358490574    4.2838279426472985
0.032547169811320775    4.281235967545494
0.033490566037735814    4.283356674446787
0.034433962264150964    4.2364654884959165
0.03537735849056611    4.214551517172144
0.03632075471698115    4.245655218406886
0.03726415094339619    4.202062909858596
0.03820754716981134    4.214551517172144
0.03915094339622649    4.158234967211049
0.04009433962264153    4.123361120374186
0.04103773584905657    4.1323152161829295
0.04198113207547172    4.077176836723113
0.042924528301886866    4.067987106813144
0.043867924528301905    4.011670556852993
0.04481132075471694    3.9697276870065474
0.04575471698113209    3.9720840280091037
0.04669811320754724    4.010963654551282
0.04764150943396228    3.954647104591118
0.04858490566037732    3.879951094809153
0.04952830188679247    3.8983305546290925
0.05047169811320762    3.841542736467486
0.05141509433962266    3.789938868512396
0.052358490566037696    3.8424852728685086
0.053301886792452846    3.7878181616092035
0.054245283018867996    3.7270245637432513
0.055188679245283034    3.7124152495282767
0.05613207547169807    3.7150072246302144
0.05707547169811322    3.636541069245091
0.05801886792452837    3.6638746248747434
0.05896226415094341    3.603787929310407
0.05990566037735845    3.5915349560962664
0.0608490566037736    3.56113815716329
0.06179245283018875    3.5206090919193227
0.06273584905660379    3.481258197177452
0.06367924528301883    3.498695120595549
0.06462264150943398    3.431775036122951
0.06556603773584913    3.417636990107613
0.06650943396226416    3.379699899967253
0.0674528301886792    3.346004223629903
0.06839622641509435    3.3624986106477968
0.0693396226415095    3.276963432255004
0.07028301886792454    3.2703656774486163
0.07122641509433958    3.2121640546847066
0.07216981132075473    3.155847504723612
0.07311320754716988    3.1610314549292355
0.07405660377358492    3.1433588974108035
0.07499999999999996    3.0816227631430895
0.0759433962264151    3.0528754029119027
0.07688679245283025    3.042743136600911
0.0778301886792453    3.042271868401116
0.07877358490566033    2.982656441035726
0.07971698113207548    2.966868956318599
0.08066037735849063    2.958621762809652
0.08160377358490567    2.8940580193402914
0.08254716981132071    2.832557519172892
0.08349056603773586    2.7783616761140975
0.08443396226415101    2.7821318217181874
0.08537735849056605    2.743723463377166
0.08632075471698109    2.738303879070641
0.08726415094339623    2.6874069134154257
0.08820754716981138    2.680809158608268
0.08915094339622642    2.659837723686143
0.09009433962264146    2.572653106590935
0.09103773584905661    2.5940958097141973
0.09198113207547176    2.533302211848245
0.0929245283018868    2.505733022118927
0.09386792452830184    2.464732688673858
0.09481132075471699    2.4161920640211987
0.09575471698113214    2.404881627208929
0.09669811320754718    2.378019339780347
0.09764150943396221    2.365530732466239
0.09858490566037736    2.3438523952427213
0.09952830188679251    2.284708236078559
0.10047169811320755    2.2783461153721936
0.10141509433962259    2.2451217072356138
0.10235849056603774    2.229098588418231
0.10330188679245289    2.1701900633543243
0.10424528301886793    2.153931310437193
0.10518867924528297    2.0841836167610204
0.10613207547169812    2.0709881071467056
0.10707547169811327    2.0705168389461943
0.1080188679245283    2.046953428921113
0.10896226415094334    2.0559075247303453
0.1099056603773585    2.0099588751804975
0.11084905660377364    1.9647171279314177
0.11179245283018868    1.9298432810940391
0.11273584905660372    1.8977970434588194
0.11367924528301887    1.8666933422250769
0.11462264150943402    1.818623985772929
0.11556603773584906    1.7705546293211978
0.1165094339622641    1.7853995776368854
0.11745283018867925    1.807077914860403
0.1183962264150944    1.7625430699120896
0.11933962264150944    1.726491052573385
0.12028301886792447    1.667582527509072
0.12122641509433962    1.6473179948870882
0.12216981132075477    1.675122818717252
0.12311320754716981    1.5964210292322485
0.12405660377358485    1.5938290541290607
0.125    1.5403401133710335
0.12594339622641515    1.5174836056462375
0.1268867924528302    1.4866155385131004
0.12783018867924523    1.5002823163275767
0.12877358490566038    1.460931421584887
0.12971698113207553    1.4416094253639258
0.13066037735849056    1.3819939979995775
0.1316037735849056    1.398488385017146
0.13254716981132075    1.3553673446703662
0.1334905660377359    1.3963676781148455
0.13443396226415094    1.304234744915202
0.13537735849056598    1.3061198177169402
0.13632075471698113    1.2827920417916332
0.13726415094339628    1.2460331221517553
0.13820754716981132    1.2604068022676453
0.13915094339622636    1.1772279648771122
0.1400943396226415    1.1949005223962843
0.14103773584905666    1.166624430365609
0.1419811320754717    1.1654462598646051
0.14292452830188673    1.150836945648482
0.14386792452830188    1.1239746582193406
0.14481132075471703    1.095934200288921
0.14575471698113207    1.0464510392354855
0.1466981132075471    1.0558764032454644
0.14764150943396226    1.0603534511503214
0.1485849056603774    0.9955540735800239
0.14952830188679245    0.997203512282048
0.15047169811320749    0.9811803934644306
0.15141509433962264    0.9639791041457698
0.15235849056603779    0.9510192286317104
0.15330188679245282    0.934053573413525
0.15424528301886786    0.9163810158941332
0.155188679245283    0.8916394353672924
0.15613207547169816    0.8471045904189789
0.1570754716981132    0.8383861287097181
0.15801886792452824    0.8548805157274146
0.1589622641509434    0.8188284983883036
0.15990566037735854    0.804690452372966
0.16084905660377358    0.7926731132601156
0.16179245283018862    0.7778281649438247
0.16273584905660377    0.7507302434144275
0.16367924528301891    0.7537934867177506
0.16462264150943395    0.762747582527644
0.165566037735849    0.7285806379903985
0.16650943396226414    0.6687295765254693
0.1674528301886793    0.6833388907413182
0.16839622641509433    0.688522840947104
0.16933962264150937    0.6793331110369725
0.17028301886792452    0.6534133600088535
0.17122641509433967    0.6446948982993954
0.1721698113207547    0.6145337334668197
0.17311320754716975    0.6126486606646301
0.1740566037735849    0.5978037123485256
0.17500000000000004    0.5935622985439243
0.17594339622641508    0.5966255418473879
0.17688679245283012    0.5992175169500594
0.17783018867924527    0.5570390130043021
0.17877358490566042    0.5527975991997008
0.17971698113207546    0.5405446259865355
0.1806603773584905    0.5405446259864083
0.18160377358490565    0.5148605090585449
0.1825471698113208    0.5068489496498536
0.18349056603773584    0.49247526953437626
0.18443396226415087    0.49648104923860603
0.18537735849056602    0.47739468711790023
0.18632075471698117    0.4776303212181559
0.1872641509433962    0.46372790930318303
0.18820754716981125    0.45218183839054815
0.1891509433962264    0.45783705679668313
0.19009433962264155    0.4330954762698423
0.1910377358490566    0.42649772146278514
0.19198113207547163    0.40081360453482145
0.19292452830188678    0.3866755585194838
0.19386792452830193    0.40387684783814465
0.19481132075471697    0.3864399244193192
0.195754716981132    0.38290541291539376
0.19669811320754715    0.3664110258974999
0.1976415094339623    0.363819050794688
0.19858490566037734    0.3605201733911941
0.19952830188679238    0.3459108591752604
0.20047169811320753    0.3313015449594115
0.20141509433962268    0.3232899855507202
0.20235849056603772    0.339077470267927
0.20330188679245276    0.3150427920417732
0.2042452830188679    0.32116927864841954
0.20518867924528306    0.32753139935532144
0.2061320754716981    0.3129220851395463
0.20707547169811313    0.29147938201621054
0.20801886792452828    0.302554184728225
0.20896226415094343    0.29053684561518806
0.20990566037735858    0.2683872401911591
0.21084905660377362    0.2681516060909666
0.21179245283018866    0.26014004668221213
0.2127358490566038    0.26508836278758036
0.21367924528301896    0.25377792597531024
0.214622641509434    0.24765143936872225
0.21556603773584904    0.24317439146380704
0.2165094339622642    0.24765143936866396
0.21745283018867934    0.22455929754361248
0.21839622641509437    0.22974324774929036
0.2193396226415094    0.21513393353338742
0.22028301886792456    0.21819717683671055
0.2212264150943397    0.21843281093696618
0.22216981132075475    0.2104212515283244
0.2231132075471698    0.2012315216183054
0.22405660377358494    0.19369123041012534
0.2250000000000001    0.19699010781370413
0.22594339622641513    0.1821451594976425
0.22688679245283017    0.17625430699120898
0.22783018867924532    0.1809669889963215
0.22877358490566047    0.1748405023896752
0.2297169811320755    0.1755474046904834
0.23066037735849054    0.17743247749248708
0.2316037735849057    0.17271979548737457
0.23254716981132084    0.15575414026896942
0.23349056603773588    0.1500989218628697
0.23443396226415092    0.14821384906078935
0.23537735849056607    0.16188062687561572
0.23632075471698122    0.15858174947203696
0.23726415094339626    0.1500989218628697
0.2382075471698113    0.13054129154161734
0.23915094339622645    0.1380815827497974
0.2400943396226416    0.13242636434366234
0.24103773584905663    0.1406735578526424
0.24198113207547167    0.12488607313548228
0.24292452830188682    0.12747804823829417
0.24386792452830197    0.12747804823829417
0.244811320754717    0.12818495053909124
0.24575471698113205    0.11946648882960285
0.2466981132075472    0.11498944092474596
0.24764150943396235    0.10956985661886653
0.2485849056603774    0.11310436812272756
0.24952830188679243    0.10744914971656588
0.2504716981132076    0.11145492942091155
0.2514150943396227    0.10650661331554338
0.25235849056603776    0.10462154051352299
0.2533018867924528    0.09896632210736332
0.25424528301886795    0.09543181060352893
0.2551886792452831    0.0935467378014839
0.25613207547169814    0.09708124930534115
0.2570754716981132    0.08600644659330384
0.25801886792452833    0.09142603089918326
0.2589622641509435    0.08954095809713825
0.2599056603773585    0.08671334889409113
0.26084905660377355    0.0838857396910032
0.2617924528301887    0.08035122818716879
0.26273584905660385    0.08317883739023631
0.2636792452830189    0.07752361898411951
0.26462264150943393    0.07658108258307876
0.2655660377358491    0.0761098143825675
0.26650943396226423    0.06856952317438744
0.26745283018867927    0.07540291208181837
0.2683962264150943    0.07092586417694371
0.26933962264150946    0.07139713237745497
0.2702830188679246    0.07186840057796622
0.27122641509433965    0.06951205957542632
0.2721698113207547    0.059379793264417995
0.27311320754716983    0.06150050016671863
0.274056603773585    0.06220740246748552
0.275    0.05867289096366492
0.27594339622641506    0.059379793264417995
0.2768867924528302    0.06079359786595176
0.27783018867924536    0.06267867066799677
0.2787735849056604    0.05702345226187515
0.27971698113207544    0.048069356452147896
0.2806603773584906    0.05749472046237298
0.28160377358490574    0.04618428365010289
0.2825471698113208    0.05113259975548309
0.2834905660377358    0.055845281760583586
0.28443396226415096    0.044534844948313494
0.2853773584905661    0.048069356452147896
0.28632075471698115    0.04029343114372169
0.2872641509433962    0.03958652884294533
0.28820754716981134    0.04335667444703536
0.2891509433962265    0.04429921084805787
0.29009433962264153    0.03935089474269896
0.29103773584905657    0.04100033344447909
0.2919811320754717    0.03393131043681028
0.29292452830188687    0.036523285539622176
0.2938679245283019    0.042414138046022835
0.29481132075471694    0.03864399244192282
0.2957547169811321    0.040057797043456585
0.29669811320754724    0.0306324330332315
0.2976415094339623    0.03746582194065351
0.2985849056603773    0.03817272424141157
0.29952830188679247    0.03463821273757716
0.3004716981132076    0.028276092030675236
0.30141509433962266    0.03228187173502849
0.3023584905660377    0.032753139935532145
0.30330188679245285    0.03110370123374276
0.304245283018868    0.03110370123374276
0.30518867924528303    0.02898299433144894
0.3061320754716981    0.03039679893297588
0.3070754716981132    0.027333555629652728
0.3080188679245284    0.025448482827607713
0.3089622641509434    0.024741580526846656
0.30990566037735845    0.026155385128374592
0.3108490566037736    0.027569189729908353
0.31179245283018875    0.028040457930419607
0.3127358490566038    0.02709792152940348
0.3136792452830188    0.02851172613093086
0.314622641509434    0.02332777592530707
0.3155660377358491    0.022620873624540187
0.31650943396226416    0.02050016672224437
0.3174528301886792    0.019793264421472664
0.31839622641509435    0.018850728020450156
0.3193396226415095    0.019086362120705785
0.32028301886792454    0.01861509392019891
0.3212264150943396    0.020500166722239546
0.32216981132075473    0.01555185061687138
0.3231132075471699    0.01696565521840514
0.3240566037735849    0.019086362120710278
0.32499999999999996    0.022149605424028936
0.3259433962264151    0.021913971323773308
0.32688679245283025    0.015787484717127008
0.3278301886792453    0.01673002111815345
0.32877358490566033    0.021913971323773308
0.3297169811320755    0.012724241413803856
0.33066037735849063    0.012017339113036974
0.33160377358490567    0.01837945981994323
0.3325471698113207    0.01460931421584887
0.33349056603773586    0.013666777814826364
0.334433962264151    0.016023118817382633
0.33537735849056605    0.011546070912528439
0.3363207547169811    0.010367900411247586
0.33726415094339623    0.01460931421584887
0.3382075471698114    0.01460931421584887
0.3391509433962264    0.015316216516619357
0.34009433962264146    0.016494387017893887
0.3410377358490566    0.011781705012781347
0.34198113207547176    0.008954095809713824
0.3429245283018868    0.010132266310994344
0.34386792452830184    0.012488607313548228
0.344811320754717    0.012959875514059482
0.34575471698113214    0.014844948316104499
0.3466981132075472    0.013431143714573898
0.3476415094339622    0.010132266310991959
0.34858490566037736    0.010132266310991959
0.3495283018867925    0.007540291208180063
0.35047169811320755    0.008011559408693202
0.3514150943396226    0.011074802712014468
0.35235849056603774    0.013666777814826364
0.3533018867924529    0.009660998110480705
0.35424528301886793    0.007540291208181837
0.35518867924528297    0.008011559408691317
0.3561320754716981    0.011546070912525722
0.35707547169811327    0.009425364010225078
0.3580188679245283    0.006833388907414789
0.35896226415094334    0.007540291208180063
0.3599056603773585    0.007304657107924435
0.36084905660377364    0.009189729909969451
0.3617924528301887    0.006126486606647743
0.3627358490566037    0.00777592530843569
0.36367924528301887    0.008954095809713824
0.364622641509434    0.00777592530843569
0.36556603773584906    0.006126486606647743
0.3665094339622641    0.006597754807157555
0.36745283018867925    0.007540291208180063
0.3683962264150944    0.006126486606646301
0.36933962264150944    0.007540291208181837
0.3702830188679245    0.008718461709458197
0.3712264150943396    0.004712682005112539
0.3721698113207548    0.009425364010225078
0.3731132075471698    0.004948316105369331
0.37405660377358485    0.004948316105368166
0.375    0.006126486606646301
0.37594339622641515    0.004477047904856912
0.3768867924528302    0.006126486606647743
0.3778301886792452    0.004005779704345658
0.3787735849056604    0.005655218406135047
0.3797169811320755    0.004477047904856912
0.38066037735849056    0.005655218406136378
0.3816037735849056    0.004948316105368166
0.38254716981132075    0.004477047904856912
0.3834905660377359    0.004241413804601285
0.38443396226415094    0.006597754807159108
0.385377358490566    0.004241413804601285
0.38632075471698113    0.004241413804601285
0.3872641509433963    0.005183950205623793
0.3882075471698113    0.006126486606647743
0.38915094339622636    0.0037701456040900314
0.3900943396226415    0.004477047904856912
0.39103773584905666    0.0058908525063906736
0.3919811320754717    0.002827609203068189
0.39292452830188673    0.0030632433033231507
0.3938679245283019    0.0023563410025562695
0.39481132075471703    0.00541958430587942
0.39575471698113207    0.004005779704346601
0.3966981132075471    0.0032988774035787776
0.39764150943396226    0.0035345115038344045
0.3985849056603774    0.004712682005112539
0.39952830188679245    0.0035345115038352363
0.4004716981132075    0.0028276092030675233
0.40141509433962264    0.0028276092030675233
0.4023584905660378    0.0032988774035787776
0.4033018867924528    0.0035345115038352363
0.40424528301886786    0.0032988774035787776
0.405188679245283    0.0021207069023006426
0.40613207547169816    0.0011781705012781348
0.4070754716981132    0.0014138046015340945
0.40801886792452824    0.0016494387017893888
0.4089622641509434    0.0032988774035787776
0.40990566037735854    0.0025919751028118964
0.4108490566037736    0.0035345115038352363
0.4117924528301886    0.0028276092030675233
0.41273584905660377    0.0023563410025562695
0.4136792452830189    0.0007069023007668808
0.41462264150943395    0.002356341002556824
0.415566037735849    0.0025919751028118964
0.41650943396226414    0.0014138046015337617
0.4174528301886793    0.0021207069023006426
0.41839622641509433    0.002356341002556824
0.41933962264150937    0.0028276092030675233
0.4202830188679245    0.0011781705012781348
0.42122641509433967    0.0018850728020450157
0.4221698113207547    0.0018850728020454594
0.42311320754716975    0.0030632433033231507
0.4240566037735849    0.0014138046015337617
0.42500000000000004    0.0021207069023006426
0.4259433962264151    0.001649438701789777
0.4268867924528301    0.0025919751028118964
0.42783018867924527    0.0032988774035787776
0.4287735849056604    0.0014138046015337617
0.42971698113207546    0.0018850728020454594
0.4306603773584905    0.0011781705012781348
0.43160377358490565    0.0021207069023006426
0.4325471698113208    0.0014138046015337617
0.43349056603773584    0.001649438701789777
0.4344339622641509    0.0016494387017893888
0.435377358490566    0.0007069023007668808
0.4363207547169812    0.0011781705012781348
0.4372641509433962    0.0009425364010227297
0.43820754716981125    0.0009425364010225078
0.4391509433962264    0.0018850728020450157
0.44009433962264155    0.0014138046015337617
0.4410377358490566    0.0007069023007670473
0.4419811320754716    0.0007069023007668808
0.4429245283018868    0.0007069023007668808
0.4438679245283019    0.0016494387017893888
0.44481132075471697    0.001178170501278412
0.445754716981132    0.0014138046015337617
0.44669811320754715    0.00023563410025562696
0.4476415094339623    0.0011781705012781348
0.44858490566037745    0.0011781705012781348
0.4495283018867925    0.001178170501278412
0.45047169811320753    0.0018850728020450157
0.4514150943396227    0.0009425364010225078
0.45235849056603783    0.0007069023007668808
0.45330188679245287    0.0014138046015340945
0.4542452830188679    0.0011781705012781348
0.45518867924528306    0.0004712682005112539
0.4561320754716982    0.0004712682005112539
0.45707547169811324    0.001178170501278412
0.4580188679245283    0.0011781705012781348
0.45896226415094343    0.0009425364010225078
0.4599056603773586    0.00023563410025562696
0.4608490566037736    0.0014138046015340945
0.46179245283018866    0.0004712682005112539
0.4627358490566038    0.0
0.46367924528301896    0.00023563410025562696
0.464622641509434    0.00023563410025568242
0.46556603773584904    0.0004712682005112539
0.4665094339622642    0.00023563410025562696
0.46745283018867934    0.0007069023007668808
0.4683962264150944    0.0009425364010227297
0.4693396226415094    0.00023563410025562696
0.47028301886792456    0.0004712682005112539
0.4712264150943397    0.00023563410025562696
0.47216981132075475    0.0014138046015340945
0.4731132075471698    0.0004712682005112539
0.47405660377358494    0.0009425364010225078
0.4750000000000001    0.0014138046015337617
0.4759433962264151    0.0009425364010227297
0.47688679245283017    0.0004712682005112539
0.4778301886792453    0.00023563410025562696
0.47877358490566047    0.0004712682005112539
0.4797169811320755    0.0007069023007670473
0.48066037735849054    0.00023563410025562696
0.4816037735849057    0.0004712682005112539
0.48254716981132084    0.0004712682005112539
0.4834905660377359    0.0007069023007670473
0.4844339622641509    0.0011781705012781348
0.48537735849056607    0.00023563410025562696
0.4863207547169812    0.00023563410025562696
0.48726415094339626    0.00023563410025568242
0.4882075471698113    0.0009425364010225078
0.48915094339622645    0.0007069023007668808
0.4900943396226416    0.0007069023007668808
0.49103773584905663    0.00047126820051136484
0.49198113207547167    0.00023563410025562696
0.4929245283018868    0.0004712682005112539
0.49386792452830197    0.00023563410025562696
0.494811320754717    0.00047126820051136484
0.49575471698113205    0.0
0.4966981132075472    0.00023563410025562696
0.49764150943396235    0.00023563410025562696
0.4985849056603774    0.00023563410025568242
0.4995283018867924    0.00023563410025562696
0.5004716981132076    0.0004712682005112539
0.5014150943396227    0.00023563410025562696
0.5023584905660378    0.00023563410025568242
0.5033018867924528    0.00023563410025562696
0.504245283018868    0.00023563410025562696
0.5051886792452831    0.0
0.5061320754716981    0.0
0.5070754716981132    0.00023563410025562696
0.5080188679245283    0.00023563410025562696
0.5089622641509435    0.00023563410025562696
0.5099056603773585    0.00023563410025568242
0.5108490566037736    0.0
0.5117924528301887    0.00023563410025562696
0.5127358490566039    0.00023563410025562696
0.5136792452830189    0.0
0.5146226415094339    0.0004712682005112539
0.5155660377358491    0.0007069023007668808
0.5165094339622642    0.00023563410025562696
0.5174528301886793    0.00023563410025568242
0.5183962264150943    0.0
0.5193396226415095    0.0
0.5202830188679246    0.0
0.5212264150943396    0.0
0.5221698113207547    0.00023563410025562696
0.5231132075471698    0.00023563410025562696
0.524056603773585    0.0
0.525    0.0
0.5259433962264151    0.00023563410025562696
0.5268867924528302    0.0
0.5278301886792454    0.00023563410025562696
0.5287735849056604    0.0
0.5297169811320754    0.00023563410025562696
0.5306603773584906    0.0
0.5316037735849057    0.00023563410025562696
0.5325471698113208    0.0
0.5334905660377358    0.0004712682005112539
0.534433962264151    0.0
0.5353773584905661    0.0
0.5363207547169812    0.0
0.5372641509433962    0.0
0.5382075471698113    0.0
0.5391509433962265    0.00023563410025562696
0.5400943396226415    0.0
0.5410377358490566    0.0
0.5419811320754717    0.0
0.5429245283018869    0.0
0.5438679245283019    0.0
0.5448113207547169    0.0
0.5457547169811321    0.0
0.5466981132075472    0.0
0.5476415094339623    0.0
0.5485849056603773    0.0
0.5495283018867925    0.0
0.5504716981132076    0.0
0.5514150943396227    0.0
0.5523584905660377    0.0
0.5533018867924528    0.0
0.554245283018868    0.0
0.555188679245283    0.0
0.5561320754716981    0.0
0.5570754716981132    0.0
0.5580188679245284    0.0
0.5589622641509434    0.00023563410025568242
0.5599056603773584    0.0
0.5608490566037736    0.0
0.5617924528301887    0.0
0.5627358490566038    0.0
0.5636792452830188    0.0
0.564622641509434    0.0
0.5655660377358491    0.0
0.5665094339622642    0.0
0.5674528301886792    0.0
0.5683962264150944    0.0
0.5693396226415095    0.0
0.5702830188679245    0.0
0.5712264150943396    0.0
0.5721698113207547    0.0
0.5731132075471699    0.0
0.5740566037735849    0.0
0.575    0.0
0.5759433962264151    0.0
0.5768867924528303    0.0
0.5778301886792453    0.0
0.5787735849056603    0.0
0.5797169811320755    0.0
0.5806603773584906    0.0
0.5816037735849057    0.0
0.5825471698113207    0.0
0.5834905660377359    0.0
0.584433962264151    0.0
0.585377358490566    0.0
0.5863207547169811    0.0
0.5872641509433962    0.0
0.5882075471698114    0.0
0.5891509433962264    0.0
0.5900943396226415    0.0
0.5910377358490566    0.0
0.5919811320754718    0.0
0.5929245283018868    0.0
0.5938679245283018    0.0
0.594811320754717    0.00023563410025562696
0.5957547169811321    0.0
0.5966981132075472    0.0
0.5976415094339622    0.0
0.5985849056603774    0.0
0.5995283018867925    0.0
0.6004716981132076    0.0
0.6014150943396226    0.0
0.6023584905660377    0.0
0.6033018867924529    0.0
0.6042452830188679    0.0
0.605188679245283    0.0
0.6061320754716981    0.0
0.6070754716981133    0.0
0.6080188679245283    0.0
0.6089622641509433    0.0
0.6099056603773585    0.0
0.6108490566037736    0.0
0.6117924528301887    0.0
0.6127358490566037    0.0
0.6136792452830189    0.0
0.614622641509434    0.0
0.6155660377358491    0.0
0.6165094339622641    0.0
0.6174528301886792    0.0
0.6183962264150944    0.0
0.6193396226415094    0.0
0.6202830188679245    0.0
0.6212264150943396    0.0
0.6221698113207548    0.0
0.6231132075471698    0.0
0.6240566037735849    0.0
0.625    0.0
0.6259433962264151    0.0
0.6268867924528302    0.0
0.6278301886792452    0.0
0.6287735849056604    0.0
0.6297169811320755    0.0
0.6306603773584906    0.0
0.6316037735849056    0.0
0.6325471698113208    0.0
0.6334905660377359    0.0
0.6344339622641509    0.0
0.635377358490566    0.0
0.6363207547169811    0.0
0.6372641509433963    0.0
0.6382075471698113    0.0
0.6391509433962264    0.0
0.6400943396226415    0.0
0.6410377358490567    0.0
0.6419811320754717    0.0
0.6429245283018867    0.0
0.6438679245283019    0.0
0.644811320754717    0.0
0.6457547169811321    0.0
0.6466981132075471    0.0
0.6476415094339623    0.0
0.6485849056603774    0.0
0.6495283018867924    0.0
0.6504716981132075    0.0
0.6514150943396226    0.0
0.6523584905660378    0.0
0.6533018867924528    0.0
0.6542452830188679    0.0
0.655188679245283    0.0
0.6561320754716982    0.0
0.6570754716981132    0.0
0.6580188679245282    0.0
0.6589622641509434    0.0
0.6599056603773585    0.0
0.6608490566037736    0.0
0.6617924528301886    0.0
0.6627358490566038    0.0
0.6636792452830189    0.0
0.664622641509434    0.0
0.665566037735849    0.0
0.6665094339622641    0.0
0.6674528301886793    0.0
0.6683962264150943    0.0
0.6693396226415094    0.0
0.6702830188679245    0.0
0.6712264150943397    0.0
0.6721698113207547    0.0
0.6731132075471697    0.0
0.6740566037735849    0.0
0.675    0.0
0.6759433962264151    0.0
0.6768867924528301    0.0
0.6778301886792453    0.0
0.6787735849056604    0.0
0.6797169811320755    0.0
0.6806603773584905    0.0
0.6816037735849056    0.0
0.6825471698113208    0.0
0.6834905660377358    0.0
0.6844339622641509    0.0
0.685377358490566    0.0
0.6863207547169812    0.0
0.6872641509433962    0.0
0.6882075471698113    0.0
0.6891509433962264    0.0
0.6900943396226416    0.0
0.6910377358490567    0.0
0.6919811320754717    0.0
0.6929245283018868    0.0
0.6938679245283019    0.0
0.6948113207547171    0.0
0.6957547169811321    0.0
0.6966981132075472    0.0
0.6976415094339623    0.0
0.6985849056603775    0.0
0.6995283018867925    0.0
0.7004716981132075    0.0
0.7014150943396227    0.0
0.7023584905660378    0.0
0.7033018867924529    0.0
0.7042452830188679    0.0
0.7051886792452831    0.0
0.7061320754716982    0.0
0.7070754716981132    0.0
0.7080188679245283    0.0
0.7089622641509434    0.0
0.7099056603773586    0.0
0.7108490566037736    0.0
0.7117924528301887    0.0
0.7127358490566038    0.0
0.713679245283019    0.0
0.714622641509434    0.0
0.715566037735849    0.0
0.7165094339622642    0.0
0.7174528301886793    0.0
0.7183962264150944    0.0
0.7193396226415094    0.0
0.7202830188679246    0.0
0.7212264150943397    0.0
0.7221698113207548    0.0
0.7231132075471698    0.0
0.7240566037735849    0.0
0.7250000000000001    0.0
0.7259433962264151    0.0
0.7268867924528302    0.0
0.7278301886792453    0.0
0.7287735849056605    0.0
0.7297169811320755    0.0
0.7306603773584905    0.0
0.7316037735849057    0.0
0.7325471698113208    0.0
0.7334905660377359    0.0
0.7344339622641509    0.0
0.7353773584905661    0.0
0.7363207547169812    0.0
0.7372641509433963    0.0
0.7382075471698113    0.0
0.7391509433962264    0.0
0.7400943396226416    0.0
0.7410377358490566    0.0
0.7419811320754717    0.0
0.7429245283018868    0.0
0.743867924528302    0.0
0.744811320754717    0.0
0.745754716981132    0.0
0.7466981132075472    0.0
0.7476415094339623    0.0
0.7485849056603774    0.0
0.7495283018867924    0.0
0.7504716981132076    0.0
0.7514150943396227    0.0
0.7523584905660378    0.0
0.7533018867924528    0.0
0.754245283018868    0.0
0.7551886792452831    0.0
0.7561320754716981    0.0
0.7570754716981132    0.0
0.7580188679245283    0.0
0.7589622641509435    0.0
0.7599056603773585    0.0
0.7608490566037736    0.0
0.7617924528301887    0.0
0.7627358490566039    0.0
0.7636792452830189    0.0
0.7646226415094339    0.0
0.7655660377358491    0.0
0.7665094339622642    0.0
0.7674528301886793    0.0
0.7683962264150943    0.0
0.7693396226415095    0.0
0.7702830188679246    0.0
0.7712264150943396    0.0
0.7721698113207547    0.0
0.7731132075471698    0.0
0.774056603773585    0.0
0.775    0.0
0.7759433962264151    0.0
0.7768867924528302    0.0
0.7778301886792454    0.0
0.7787735849056604    0.0
0.7797169811320754    0.0
0.7806603773584906    0.0
0.7816037735849057    0.0
0.7825471698113208    0.0
0.7834905660377358    0.0
0.784433962264151    0.0
0.7853773584905661    0.0
0.7863207547169812    0.0
0.7872641509433962    0.0
0.7882075471698113    0.0
0.7891509433962265    0.0
0.7900943396226415    0.0
0.7910377358490566    0.0
0.7919811320754717    0.0
0.7929245283018869    0.0
0.7938679245283019    0.0
0.7948113207547169    0.0
0.7957547169811321    0.0
0.7966981132075472    0.0
0.7976415094339623    0.0
0.7985849056603773    0.0
0.7995283018867925    0.0
0.8004716981132076    0.0
0.8014150943396227    0.0
0.8023584905660377    0.0
0.8033018867924528    0.0
0.804245283018868    0.0
0.805188679245283    0.0
0.8061320754716981    0.0
0.8070754716981132    0.0
0.8080188679245284    0.0
0.8089622641509434    0.0
0.8099056603773584    0.0
0.8108490566037736    0.0
0.8117924528301887    0.0
0.8127358490566038    0.0
0.8136792452830188    0.0
0.814622641509434    0.0
0.8155660377358491    0.0
0.8165094339622642    0.0
0.8174528301886792    0.0
0.8183962264150944    0.0
0.8193396226415095    0.0
0.8202830188679245    0.0
0.8212264150943396    0.0
0.8221698113207547    0.0
0.8231132075471699    0.0
0.8240566037735849    0.0
0.825    0.0
0.8259433962264151    0.0
0.8268867924528303    0.0
0.8278301886792453    0.0
0.8287735849056603    0.0
0.8297169811320755    0.0
0.8306603773584906    0.0
0.8316037735849057    0.0
0.8325471698113207    0.0
0.8334905660377359    0.0
0.834433962264151    0.0
0.835377358490566    0.0
0.8363207547169811    0.0
0.8372641509433962    0.0
0.8382075471698114    0.0
0.8391509433962264    0.0
0.8400943396226415    0.0
0.8410377358490566    0.0
0.8419811320754718    0.0
0.8429245283018868    0.0
0.8438679245283018    0.0
0.844811320754717    0.0
0.8457547169811321    0.0
0.8466981132075472    0.0
0.8476415094339622    0.0
0.8485849056603774    0.0
0.8495283018867925    0.0
0.8504716981132076    0.0
0.8514150943396226    0.0
0.8523584905660377    0.0
0.8533018867924529    0.0
0.8542452830188679    0.0
0.855188679245283    0.0
0.8561320754716981    0.0
0.8570754716981133    0.0
0.8580188679245283    0.0
0.8589622641509433    0.0
0.8599056603773585    0.0
0.8608490566037736    0.0
0.8617924528301887    0.0
0.8627358490566037    0.0
0.8636792452830189    0.0
0.864622641509434    0.0
0.8655660377358491    0.0
0.8665094339622641    0.0
0.8674528301886792    0.0
0.8683962264150944    0.0
0.8693396226415094    0.0
0.8702830188679245    0.0
0.8712264150943396    0.0
0.8721698113207548    0.0
0.8731132075471698    0.0
0.8740566037735849    0.0
0.875    0.0
0.8759433962264151    0.0
0.8768867924528302    0.0
0.8778301886792452    0.0
0.8787735849056604    0.0
0.8797169811320755    0.0
0.8806603773584906    0.0
0.8816037735849056    0.0
0.8825471698113208    0.0
0.8834905660377359    0.0
0.8844339622641509    0.0
0.885377358490566    0.0
0.8863207547169811    0.0
0.8872641509433963    0.0
0.8882075471698113    0.0
0.8891509433962264    0.0
0.8900943396226415    0.0
0.8910377358490567    0.0
0.8919811320754717    0.0
0.8929245283018867    0.0
0.8938679245283019    0.0
0.894811320754717    0.0
0.8957547169811321    0.0
0.8966981132075471    0.0
0.8976415094339623    0.0
0.8985849056603774    0.0
0.8995283018867924    0.0
0.9004716981132075    0.0
0.9014150943396226    0.0
0.9023584905660378    0.0
0.9033018867924528    0.0
0.9042452830188679    0.0
0.905188679245283    0.0
0.9061320754716982    0.0
0.9070754716981132    0.0
0.9080188679245282    0.0
0.9089622641509434    0.0
0.9099056603773585    0.0
0.9108490566037736    0.0
0.9117924528301886    0.0
0.9127358490566038    0.0
0.9136792452830189    0.0
0.914622641509434    0.0
0.915566037735849    0.0
0.9165094339622641    0.0
0.9174528301886793    0.0
0.9183962264150943    0.0
0.9193396226415094    0.0
0.9202830188679245    0.0
0.9212264150943397    0.0
0.9221698113207547    0.0
0.9231132075471697    0.0
0.9240566037735849    0.0
0.925    0.0
0.9259433962264151    0.0
0.9268867924528301    0.0
0.9278301886792453    0.0
0.9287735849056604    0.0
0.9297169811320755    0.0
0.9306603773584905    0.0
0.9316037735849056    0.0
0.9325471698113208    0.0
0.933490566037736    0.0
0.934433962264151    0.0
0.935377358490566    0.0
0.9363207547169812    0.0
0.9372641509433963    0.0
0.9382075471698114    0.0
0.9391509433962264    0.0
0.9400943396226416    0.0
0.9410377358490567    0.0
0.9419811320754717    0.0
0.9429245283018868    0.0
0.9438679245283019    0.0
0.9448113207547171    0.0
0.9457547169811321    0.0
0.9466981132075472    0.0
0.9476415094339623    0.0
0.9485849056603775    0.0
0.9495283018867925    0.0
0.9504716981132075    0.0
0.9514150943396227    0.0
0.9523584905660378    0.0
0.9533018867924529    0.0
0.9542452830188679    0.0
0.9551886792452831    0.0
0.9561320754716982    0.0
0.9570754716981132    0.0
0.9580188679245283    0.0
0.9589622641509434    0.0
0.9599056603773586    0.0
0.9608490566037736    0.0
0.9617924528301887    0.0
0.9627358490566038    0.0
0.963679245283019    0.0
0.964622641509434    0.0
0.965566037735849    0.0
0.9665094339622642    0.0
0.9674528301886793    0.0
0.9683962264150944    0.0
0.9693396226415094    0.0
0.9702830188679246    0.0
0.9712264150943397    0.0
0.9721698113207548    0.0
0.9731132075471698    0.0
0.9740566037735849    0.0
0.9750000000000001    0.0
0.9759433962264151    0.0
0.9768867924528302    0.0
0.9778301886792453    0.0
0.9787735849056605    0.0
0.9797169811320755    0.0
0.9806603773584905    0.0
0.9816037735849057    0.0
0.9825471698113208    0.0
0.9834905660377359    0.0
0.9844339622641509    0.0
0.9853773584905661    0.0
0.9863207547169812    0.0
0.9872641509433963    0.0
0.9882075471698113    0.0
0.9891509433962264    0.0
0.9900943396226416    0.0
0.9910377358490566    0.0
0.9919811320754717    0.0
0.9929245283018868    0.0
0.993867924528302    0.0
0.994811320754717    0.0
0.995754716981132    0.0
0.9966981132075472    0.0
0.9976415094339623    0.0
0.9985849056603774    0.0
0.9995283018867924    0.0