-0.9995283018867924    0.0
-0.9985849056603773    0.0
-0.9976415094339622    0.0
-0.9966981132075472    0.0
-0.995754716981132    0.0
-0.9948113207547169    0.0
-0.9938679245283019    0.0
-0.9929245283018868    0.0
-0.9919811320754717    0.0
-0.9910377358490565    0.0
-0.9900943396226415    0.0
-0.9891509433962264    0.0
-0.9882075471698113    0.0
-0.9872641509433961    0.0
-0.9863207547169811    0.0
-0.9853773584905661    0.0
-0.9844339622641509    0.0
-0.9834905660377358    0.0
-0.9825471698113207    0.0
-0.9816037735849057    0.0
-0.9806603773584905    0.0
-0.9797169811320754    0.0
-0.9787735849056604    0.0
-0.9778301886792453    0.0
-0.9768867924528302    0.0
-0.975943396226415    0.0014138046015339282
-0.975    0.0016494387017893888
-0.9740566037735849    0.0028276092030678564
-0.9731132075471698    0.010367900411247586
-0.9721698113207546    0.013902411915083627
-0.9712264150943396    0.0332244081360434
-0.9702830188679246    0.04641991775036398
-0.9693396226415094    0.07823052128486815
-0.9683962264150943    0.1107480271201577
-0.9674528301886792    0.15858174947203696
-0.9665094339622642    0.22338112704236066
-0.965566037735849    0.2846459931087974
-0.9646226415094339    0.38714682672004064
-0.9636792452830188    0.4953028787373279
-0.9627358490566038    0.5603378904079469
-0.9617924528301887    0.713735689674294
-0.9608490566037735    0.7827764810492849
-0.9599056603773585    0.924156941202569
-0.9589622641509434    1.0429165277315278
-0.9580188679245283    1.1857107924863148
-0.9570754716981131    1.319786595531922
-0.9561320754716981    1.4185172835388742
-0.9551886792452831    1.5434033566745382
-0.9542452830188679    1.6861976214292667
-0.9533018867924528    1.8648082694232513
-0.9523584905660377    1.9508147160163356
-0.9514150943396227    2.052137379126497
-0.9504716981132075    2.155816383238731
-0.9495283018867924    2.262794264755052
-0.9485849056603773    2.374249194175697
-0.9476415094339623    2.4397554740470486
-0.9466981132075472    2.539664332555147
-0.945754716981132    2.6678492830945224
-0.944811320754717    2.7357119039678293
-0.9438679245283019    2.769643214404965
-0.9429245283018868    2.912908747360061
-0.9419811320754716    2.9249260864734414
-0.9410377358490566    2.9357652550848563
-0.9400943396226416    2.973702345226362
-0.9391509433962264    3.0677203512280076
-0.9382075471698113    3.076203178837572
-0.9372641509433962    3.1261576080914026
-0.9363207547169812    3.160795820829352
-0.935377358490566    3.1914282538622114
-0.9344339622641509    3.1956696676671887
-0.9334905660377358    3.210043347782406
-0.9325471698113208    3.197554740469234
-0.9316037735849056    3.2345492942089913
-0.9306603773584905    3.2218250527955665
-0.9297169811320755    3.1631521618315364
-0.9287735849056604    3.2265377348006794
-0.9278301886792453    3.2319573191061792
-0.9268867924528301    3.209100811381761
-0.9259433962264151    3.1921351561629785
-0.925    3.1426519951096665
-0.9240566037735849    3.2142847615870074
-0.9231132075471697    3.2109858841838066
-0.9221698113207547    3.129220851394726
-0.9212264150943397    3.1313415582973954
-0.9202830188679245    3.1061287095696746
-0.9193396226415094    3.0839791041460085
-0.9183962264150943    3.0073980215625666
-0.9174528301886793    2.9597999333112783
-0.9165094339622641    3.0531110370121586
-0.915566037735849    2.966868956318948
-0.914622641509434    2.943305546293036
-0.9136792452830189    2.943776814493894
-0.9127358490566038    2.816063132154998
-0.9117924528301886    2.841982883183451
-0.9108490566037736    2.814178059352953
-0.9099056603773585    2.7969767700346213
-0.9089622641509434    2.734298099366295
-0.9080188679245282    2.736890074469429
-0.9070754716981132    2.685993108813892
-0.9061320754716982    2.6834011337113957
-0.905188679245283    2.6626653328885848
-0.9042452830188679    2.558279426475643
-0.9033018867924528    2.513273313326517
-0.9023584905660378    2.528825163943686
-0.9014150943396226    2.4908880738022323
-0.9004716981132075    2.4465888629544628
-0.8995283018867924    2.3784906079802983
-0.8985849056603774    2.3657663665667727
-0.8976415094339623    2.332777592530707
-0.8966981132075471    2.279759919973459
-0.8957547169811321    2.285650772479581
-0.894811320754717    2.247949316438946
-0.8938679245283019    2.1869200844724737
-0.8929245283018867    2.1928109369791224
-0.8919811320754717    2.129660998110356
-0.8910377358490567    2.083476714460499
-0.8900943396226415    2.116465488496041
-0.8891509433962264    2.021740580193517
-0.8882075471698113    2.0134933866843325
-0.8872641509433963    1.996056463265651
-0.8863207547169811    1.9812115149493117
-0.885377358490566    1.911463821273871
-0.8844339622641509    1.920182282983104
-0.8834905660377359    1.8836589974437037
-0.8825471698113208    1.857032344114596
-0.8816037735849056    1.8516127598089345
-0.8806603773584906    1.828520617983665
-0.8797169811320755    1.8058997443593374
-0.8787735849056604    1.829934422585199
-0.8778301886792452    1.7601867289097404
-0.8768867924528302    1.7140024452594305
-0.8759433962264151    1.6968011559409695
-0.875    1.6689963321106056
-0.8740566037735849    1.6814849394243518
-0.8731132075471698    1.636007558074818
-0.8721698113207548    1.6235189507614607
-0.8712264150943396    1.6301167055684271
-0.8702830188679245    1.5874669334223457
-0.8693396226415094    1.5587195731909724
-0.8683962264150944    1.5351561631655903
-0.8674528301886792    1.5181905079470044
-0.8665094339622641    1.5262020673558754
-0.8655660377358491    1.51465599644317
-0.864622641509434    1.4729487606980973
-0.8636792452830189    1.508293875736268
-0.8627358490566037    1.45763254418148
-0.8617924528301887    1.4204023563409194
-0.8608490566037736    1.4234655996444099
-0.8599056603773585    1.4062643103255816
-0.8589622641509433    1.4107413582306045
-0.8580188679245283    1.390241191508199
-0.8570754716981133    1.361258197176917
-0.8561320754716981    1.357959319773178
-0.855188679245283    1.3442925419585101
-0.8542452830188679    1.3480626875624417
-0.8533018867924529    1.3209647660332002
-0.8523584905660377    1.2882116260975125
-0.8514150943396226    1.2684183616761893
-0.8504716981132076    1.2882116260975125
-0.8495283018867925    1.27053906857849
-0.8485849056603774    1.2196421029231252
-0.8476415094339622    1.239906635545255
-0.8466981132075472    1.233073246637696
-0.8457547169811321    1.2123374458153433
-0.844811320754717    1.2012626431031863
-0.8438679245283018    1.192072913193357
-0.8429245283018868    1.215871957319035
-0.8419811320754718    1.1628542847616559
-0.8410377358490566    1.128687340224453
-0.8400943396226415    1.172515282872138
-0.8391509433962264    1.1202045126152507
-0.8382075471698114    1.0992330776926291
-0.8372641509433962    1.1173769034121832
-0.8363207547169811    1.1037101255974866
-0.835377358490566    1.0829743247748613
-0.834433962264151    1.0655374013560706
-0.8334905660377359    1.0278359453150447
-0.8325471698113207    1.0711926197622064
-0.8316037735849057    1.04480160053345
-0.8306603773584906    1.0751983994665524
-0.8297169811320755    1.0294853840168343
-0.8287735849056603    1.0271290430143987
-0.8278301886792453    1.0111059241968954
-0.8268867924528303    0.9769389796599444
-0.8259433962264151    0.9858930754695432
-0.825    1.0014449260865326
-0.8240566037735849    0.9769389796598292
-0.8231132075471699    0.936881182616483
-0.8221698113207547    0.9623296654439806
-0.8212264150943396    0.9611514949428154
-0.8202830188679245    0.9498410581304323
-0.8193396226415095    0.9312259642103473
-0.8183962264150944    0.9192086250972007
-0.8174528301886792    0.9078981882849306
-0.816509433962264    0.8961164832722548
-0.8155660377358491    0.92674891630549
-0.814622641509434    0.9031855062798182
-0.8136792452830188    0.9041280426808407
-0.8127358490566037    0.9057774813827366
-0.8117924528301887    0.8977659219740444
-0.8108490566037736    0.8775013893519548
-0.8099056603773584    0.8914038012670368
-0.8089622641509433    0.876794487051291
-0.8080188679245284    0.8631277092364631
-0.8070754716981132    0.838150494609265
-0.8061320754716981    0.834380349005175
-0.8051886792452829    0.8207135711904452
-0.804245283018868    0.8612426364344178
-0.8033018867924528    0.8294320328998068
-0.8023584905660377    0.8190641324885592
-0.8014150943396225    0.8200066688896783
-0.8004716981132076    0.811995109480986
-0.7995283018867925    0.7834833833499596
-0.7985849056603773    0.7874891630543053
-0.7976415094339622    0.7768856285428934
-0.7966981132075472    0.7431899522063349
-0.7957547169811321    0.7764143603422908
-0.7948113207547169    0.7820695787484259
-0.7938679245283018    0.7448393909081245
-0.7929245283018869    0.7535578526175837
-0.7919811320754717    0.7549716572190287
-0.7910377358490566    0.7500233411136605
-0.7900943396226414    0.7127931532733555
-0.7891509433962265    0.7177414693787242
-0.7882075471698113    0.7205690785817073
-0.7872641509433962    0.706195398466114
-0.786320754716981    0.714442591975145
-0.7853773584905661    0.7010114482605727
-0.784433962264151    0.7205690785817073
-0.7834905660377358    0.6736778926308375
-0.7825471698113207    0.6984194731577605
-0.7816037735849057    0.6807469156385864
-0.7806603773584906    0.6564766033121767
-0.7797169811320754    0.6871090363454082
-0.7787735849056603    0.6567122374125096
-0.7778301886792454    0.6614249194176227
-0.7768867924528302    0.6494075803045078
-0.7759433962264151    0.6588329443147329
-0.7749999999999999    0.6614249194176227
-0.774056603773585    0.64964321440484
-0.7731132075471698    0.6479937757029741
-0.7721698113207547    0.6498788485050192
-0.7712264150943395    0.629143047682598
-0.7702830188679246    0.6472868734022834
-0.7693396226415095    0.6527064577080867
-0.7683962264150943    0.6192464154717876
-0.7674528301886792    0.627729243081064
-0.7665094339622642    0.629143047682598
-0.7655660377358491    0.6265510725797121
-0.7646226415094339    0.6286717794820127
-0.7636792452830188    0.6201889518728831
-0.7627358490566039    0.6051083694565212
-0.7617924528301887    0.6154762698676975
-0.7608490566037736    0.6046371012559388
-0.7599056603773584    0.6053440035567769
-0.7589622641509435    0.6282005112815754
-0.7580188679245283    0.6234878292763889
-0.7570754716981132    0.6079359786595175
-0.756132075471698    0.5773035456263539
-0.7551886792452831    0.5893208847393924
-0.754245283018868    0.6018094920528713
-0.7533018867924528    0.5824874958319098
-0.7523584905660377    0.5966255418473176
-0.7514150943396227    0.5824874958319783
-0.7504716981132076    0.595683005446225
-0.7495283018867924    0.5928553962431574
-0.7485849056603773    0.5909703234411819
-0.7476415094339623    0.5989818828498742
-0.7466981132075472    0.5744759364232186
-0.745754716981132    0.5704701567188729
-0.7448113207547169    0.5883783483383698
-0.743867924528302    0.568349449816639
-0.7429245283018868    0.5789529843280754
-0.7419811320754717    0.5695276203178503
-0.7410377358490565    0.5509125263977206
-0.7400943396226416    0.5579815494053902
-0.7391509433962264    0.5341825052795063
-0.7382075471698113    0.5492630876958664
-0.7372641509433961    0.5485561853951642
-0.7363207547169812    0.5327687006780353
-0.7353773584905661    0.543843503389987
-0.7344339622641509    0.5346537734800175
-0.7334905660377358    0.5386595531844266
-0.7325471698113208    0.529469823274456
-0.7316037735849057    0.5565677448037909
-0.7306603773584905    0.5285272868733712
-0.7297169811320754    0.538423919084171
-0.7287735849056605    0.5393664554851936
-0.7278301886792453    0.5007224630432072
-0.7268867924528302    0.528762920973627
-0.725943396226415    0.5061420473491463
-0.7250000000000001    0.5129754362565603
-0.7240566037735849    0.4969523174391173
-0.7231132075471698    0.49742358563962846
-0.7221698113207546    0.4837568078248591
-0.7212264150943397    0.4943603423363635
-0.7202830188679246    0.4988373902411623
-0.7193396226415094    0.4889407580304259
-0.7183962264150943    0.4781015894187234
-0.7174528301886793    0.4781015894187234
-0.7165094339622642    0.478808491719434
-0.715566037735849    0.47268200511278763
-0.7146226415094339    0.4684405913082415
-0.713679245283019    0.4667911526064519
-0.7127358490566038    0.45171057019003685
-0.7117924528301887    0.4474691563854356
-0.7108490566037735    0.46302100700236143
-0.7099056603773586    0.445584083583443
-0.7089622641509434    0.44275647438032306
-0.7080188679245283    0.42767589196396294
-0.7070754716981131    0.4236701122596671
-0.7061320754716982    0.43969323107705166
-0.7051886792452831    0.4142447482493922
-0.7042452830188679    0.42154940535731666
-0.7033018867924528    0.3989285317328234
-0.7023584905660378    0.4050550183394704
-0.7014150943396227    0.3899744359230626
-0.7004716981132075    0.3958652884294533
-0.6995283018867924    0.40976770034458354
-0.6985849056603775    0.3692386351006109
-0.6976415094339623    0.3713593420028681
-0.6966981132075472    0.3765432922084919
-0.695754716981132    0.3680604645993326
-0.6948113207547171    0.367824830499077
-0.6938679245283019    0.3532155162831848
-0.6929245283018868    0.35981327109034233
-0.6919811320754716    0.35486495498501597
-0.6910377358490567    0.35910636878961777
-0.6900943396226416    0.3452039568744935
-0.6891509433962264    0.3331866177614565
-0.6882075471698113    0.3442614204735115
-0.6872641509433963    0.34025564076916537
-0.6863207547169812    0.32753139935532144
-0.685377358490566    0.34237634767142594
-0.6844339622641509    0.34968100477939157
-0.683490566037736    0.3520373457819481
-0.6825471698113208    0.3232899855507202
-0.6816037735849056    0.3176347671445851
-0.6806603773584905    0.3305946426586835
-0.6797169811320756    0.3329509836612401
-0.6787735849056604    0.33059464265864463
-0.6778301886792453    0.3060886962320594
-0.6768867924528301    0.32187618094922427
-0.6759433962264152    0.31739913304436684
-0.675    0.3070312326330819
-0.6740566037735849    0.3155140602422845
-0.6731132075471697    0.3124508169389981
-0.6721698113207548    0.30703123263311805
-0.6712264150943397    0.3034967211292475
-0.6702830188679245    0.29572079582081184
-0.6693396226415094    0.3034967211292832
-0.6683962264150944    0.3042036234300502
-0.6674528301886793    0.30820940313436007
-0.6665094339622641    0.29689896632208995
-0.665566037735849    0.2789907747026951
-0.6646226415094341    0.2898299433144553
-0.6636792452830189    0.2877092364121205
-0.6627358490566038    0.2971346004223456
-0.6617924528301886    0.2888874069134327
-0.6608490566037737    0.2766344337001386
-0.6599056603773585    0.2787551406024067
-0.6589622641509434    0.2693297765921816
-0.6580188679245282    0.28676670001113175
-0.6570754716981133    0.281818383905763
-0.6561320754716982    0.2884161387128874
-0.655188679245283    0.2745137267978054
-0.6542452830188679    0.27168611759476985
-0.6533018867924529    0.27262865399579245
-0.6523584905660378    0.2759275313993391
-0.6514150943396226    0.26791597199064787
-0.6504716981132075    0.26084694898300975
-0.6495283018867926    0.28605979771036477
-0.6485849056603774    0.2547204623763328
-0.6476415094339623    0.26508836278758036
-0.6466981132075471    0.25636990107815233
-0.6457547169811322    0.2594331443814758
-0.644811320754717    0.26343892408579095
-0.6438679245283019    0.24576636656661893
-0.6429245283018867    0.25566299877738535
-0.6419811320754718    0.2629676558853106
-0.6410377358490567    0.24718017116815266
-0.6400943396226415    0.24623763476713018
-0.6391509433962264    0.24293875736357998
-0.6382075471698113    0.23563410025562695
-0.6372641509433963    0.25189285317329485
-0.6363207547169811    0.24718017116815266
-0.635377358490566    0.24670890296764145
-0.6344339622641508    0.22031788373903713
-0.6334905660377359    0.23422029565412075
-0.6325471698113208    0.2262087362454019
-0.6316037735849056    0.22832944314770254
-0.6306603773584905    0.2356341002556547
-0.6297169811320755    0.22526619984440588
-0.6287735849056604    0.2332777592530707
-0.6278301886792452    0.22338112704233434
-0.6268867924528301    0.23021451594977463
-0.6259433962264151    0.2189040791375032
-0.625    0.22173168834054496
-0.6240566037735849    0.22149605424028934
-0.6231132075471697    0.2297432477492633
-0.6221698113207548    0.22573746804491718
-0.6212264150943396    0.22173168834054496
-0.6202830188679245    0.2290363454484694
-0.6193396226415093    0.22950761364900768
-0.6183962264150944    0.21749027453596925
-0.6174528301886792    0.2280938090474469
-0.6165094339622641    0.2323352228520482
-0.615566037735849    0.21348449483162313
-0.614622641509434    0.21796154273648058
-0.6136792452830189    0.20665110592418484
-0.6127358490566037    0.2332777592530707
-0.6117924528301886    0.22220295654108235
-0.6108490566037736    0.22455929754363893
-0.6099056603773585    0.22078915193952245
-0.6089622641509433    0.22526619984437937
-0.6080188679245282    0.2288007113482407
-0.6070754716981133    0.22314549294210498
-0.6061320754716981    0.21442703123262052
-0.605188679245283    0.21890407913747745
-0.6042452830188678    0.2288007113482407
-0.6033018867924529    0.21560520173392403
-0.6023584905660377    0.21701900633543242
-0.6014150943396226    0.21913971323773307
-0.6004716981132074    0.20782927642548743
-0.5995283018867925    0.21230632433034488
-0.5985849056603774    0.20311659442035043
-0.5976415094339622    0.20924308102699674
-0.5966981132075471    0.22196732244082673
-0.5957547169811321    0.2137201289318788
-0.594811320754717    0.2106568856285305
-0.5938679245283018    0.21230632433031987
-0.5929245283018867    0.21701900633545795
-0.5919811320754718    0.2085361787262544
-0.5910377358490566    0.21301322663108677
-0.5900943396226415    0.2026453262198392
-0.5891509433962263    0.2158408358341797
-0.5882075471698114    0.21230632433034488
-0.5872641509433962    0.21796154273645493
-0.5863207547169811    0.21466266533287617
-0.5853773584905659    0.2189040791375032
-0.584433962264151    0.21018561742804398
-0.5834905660377359    0.21701900633543242
-0.5825471698113207    0.20570856952316233
-0.5816037735849056    0.21513393353341273
-0.5806603773584906    0.2115994220295779
-0.5797169811320755    0.20759364232520736
-0.5787735849056603    0.20217405801932792
-0.5778301886792452    0.19981771701679518
-0.5768867924528303    0.20052461931756216
-0.5759433962264151    0.20076025341779416
-0.575    0.19722574191395975
-0.5740566037735848    0.2184328109369919
-0.5731132075471699    0.19699010781372733
-0.5721698113207547    0.2038234967211173
-0.5712264150943396    0.19699010781370413
-0.5702830188679244    0.21395576303213446
-0.5693396226415095    0.19227742580861423
-0.5683962264150944    0.18403023229964466
-0.5674528301886792    0.2000533511170273
-0.566509433962264    0.1913348894075916
-0.5655660377358491    0.20146715571858476
-0.564622641509434    0.1913348894075691
-0.5636792452830188    0.19345559630986975
-0.5627358490566037    0.190392353006569
-0.5617924528301887    0.20358786262088566
-0.5608490566037736    0.19251305990884723
-0.5599056603773584    0.19109925530731345
-0.5589622641509433    0.19651883961321603
-0.5580188679245284    0.19793264421474993
-0.5570754716981132    0.2012315216183054
-0.5561320754716981    0.181909525397344
-0.5551886792452829    0.19628320551296036
-0.554245283018868    0.1908636212070803
-0.5533018867924528    0.20170278981881667
-0.5523584905660377    0.19816827831498227
-0.5514150943396225    0.19062798710682463
-0.5504716981132076    0.18238079359787673
-0.5495283018867925    0.19699010781370413
-0.5485849056603773    0.1896854507057797
-0.5476415094339622    0.19227742580861423
-0.5466981132075472    0.17389796598867316
-0.5457547169811321    0.1986395465154935
-0.5448113207547169    0.18120262309657714
-0.5438679245283018    0.18214515949762108
-0.5429245283018869    0.1814382571968541
-0.5419811320754717    0.18285206179836652
-0.5410377358490566    0.19180615760808034
-0.5400943396226414    0.18214515949762108
-0.5391509433962265    0.1866222074024785
-0.5382075471698113    0.1731910636878858
-0.5372641509433962    0.1932199622096141
-0.536320754716981    0.18520840280094458
-0.5353773584905661    0.17036345448483833
-0.534433962264151    0.1793175502945321
-0.5334905660377358    0.16989218628430702
-0.5325471698113207    0.17766811159276363
-0.5316037735849057    0.1788462820940419
-0.5306603773584906    0.18379459819938904
-0.5297169811320754    0.1750761364899308
-0.5287735849056603    0.1788462820940419
-0.5278301886792454    0.18379459819941063
-0.5268867924528302    0.18638657330220093
-0.5259433962264151    0.17813937979325398
-0.5249999999999999    0.183558964099155
-0.524056603773585    0.19369123041014816
-0.5231132075471698    0.1764899410914646
-0.5221698113207547    0.18732910970322345
-0.5212264150943395    0.1887429143047794
-0.5202830188679246    0.18120262309659846
-0.5193396226415095    0.18238079359785528
-0.5183962264150943    0.19251305990884723
-0.5174528301886792    0.1892141825052907
-0.5165094339622642    0.183558964099155
-0.5155660377358491    0.19251305990884723
-0.5146226415094339    0.18638657330220093
-0.5136792452830188    0.17059908858509398
-0.5127358490566039    0.18850728020452373
-0.5117924528301887    0.18638657330220093
-0.5108490566037736    0.19086362120705785
-0.5099056603773584    0.19251305990886988
-0.5089622641509435    0.1814382571968541
-0.5080188679245283    0.19086362120705785
-0.5070754716981132    0.18662220740245655
-0.506132075471698    0.1814382571968541
-0.5051886792452831    0.20005335111705083
-0.504245283018868    0.18850728020450155
-0.5033018867924528    0.18850728020450155
-0.5023584905660377    0.18120262309659846
-0.5014150943396227    0.19298432810938118
-0.5004716981132076    0.18732910970322345
-0.4995283018867924    0.18308769589862214
-0.49858490566037733    0.20547293542293088
-0.49764150943396224    0.19769701011447102
-0.49669811320754714    0.18120262309659846
-0.49575471698113205    0.1896854507057797
-0.49481132075471695    0.18709347560298983
-0.49386792452830186    0.18473713460041155
-0.49292452830188677    0.18685784150273416
-0.49198113207547167    0.18897854840501283
-0.4910377358490566    0.18803601200401243
-0.4900943396226415    0.18120262309657714
-0.4891509433962264    0.18756474380350113
-0.4882075471698113    0.18992108480603534
-0.4872641509433962    0.1840302322996663
-0.4863207547169811    0.17790374569299836
-0.485377358490566    0.17696120929199669
-0.4844339622641509    0.17696120929197584
-0.4834905660377358    0.18026008669557583
-0.48254716981132073    0.18497276870066717
-0.48160377358490564    0.17319106368790618
-0.48066037735849054    0.17884628209402087
-0.47971698113207545    0.1663576747804922
-0.47877358490566035    0.18308769589862214
-0.47783018867924526    0.17743247749250798
-0.47688679245283017    0.18214515949759963
-0.47594339622641507    0.17059908858509398
-0.475    0.16871401578302891
-0.4740566037735849    0.1642369678781913
-0.4731132075471698    0.1807313548960659
-0.4721698113207547    0.17460486828944013
-0.4712264150943396    0.18026008669555463
-0.4702830188679245    0.1788462820940419
-0.4693396226415094    0.16282316327663823
-0.4683962264150943    0.16965655218407136
-0.4674528301886792    0.16753584528175078
-0.46650943396226413    0.16753584528177048
-0.46556603773584904    0.17012782038456267
-0.46462264150943394    0.17460486828944013
-0.46367924528301885    0.16117372457484885
-0.46273584905660375    0.16871401578304876
-0.46179245283018866    0.1689496498832845
-0.46084905660377357    0.16800711348228178
-0.45990566037735847    0.1729554295876302
-0.4589622641509434    0.16800711348228178
-0.4580188679245283    0.16023118817382634
-0.4570754716981132    0.17507613648995143
-0.4561320754716981    0.18732910970322345
-0.455188679245283    0.16682894298100354
-0.4542452830188679    0.16211626097587134
-0.4533018867924528    0.16989218628432703
-0.4523584905660377    0.16682894298098389
-0.4514150943396226    0.1545759697677095
-0.45047169811320753    0.1555185061687138
-0.44952830188679244    0.16565077247972523
-0.44858490566037734    0.16282316327663823
-0.44764150943396225    0.16706457708125916
-0.44669811320754715    0.16188062687561572
-0.44575471698113206    0.1559897743692434
-0.44481132075471697    0.15245526286539066
-0.44386792452830187    0.15033455596310769
-0.4429245283018868    0.16635767478047261
-0.4419811320754717    0.1564610425697547
-0.4410377358490566    0.15999555407357072
-0.4400943396226415    0.15528287206847644
-0.4391509433962264    0.15716794487050317
-0.4382075471698113    0.1543403356674538
-0.4372641509433962    0.16046682227408196
-0.4363207547169811    0.16023118817384518
-0.435377358490566    0.15104145826385687
-0.43443396226415093    0.15787484717128863
-0.43349056603773584    0.15198399466487938
-0.43254716981132074    0.1684783816827931
-0.43160377358490565    0.15763921307101444
-0.43066037735849055    0.14538623985773894
-0.42971698113207546    0.16541513837945013
-0.42877358490566037    0.1585817494720556
-0.42783018867924527    0.15928865177280382
-0.4268867924528302    0.15975991997333389
-0.4259433962264151    0.14915638546181187
-0.425    0.16376569967768
-0.4240566037735849    0.1555185061687138
-0.4231132075471698    0.1543403356674538
-0.4221698113207547    0.152219628765135
-0.4212264150943396    0.1632944314771687
-0.4202830188679245    0.16824274758251764
-0.4193396226415094    0.16235189507614609
-0.41839622641509433    0.1555185061687138
-0.41745283018867924    0.1538690674669425
-0.41650943396226414    0.15787484717127004
-0.41556603773584905    0.15999555407358954
-0.41462264150943395    0.16117372457484885
-0.41367924528301886    0.17484050238969578
-0.41273584905660377    0.1555185061687138
-0.41179245283018867    0.17578303879071838
-0.4108490566037736    0.16235189507612696
-0.4099056603773585    0.16494387017895826
-0.4089622641509434    0.15858174947203696
-0.4080188679245283    0.16400133377793566
-0.4070754716981132    0.16706457708123953
-0.4061320754716981    0.15763921307103299
-0.405188679245283    0.16117372457484885
-0.4042452830188679    0.16447260197844696
-0.4033018867924528    0.16023118817382634
-0.40235849056603773    0.16965655218407136
-0.40141509433962264    0.16494387017893886
-0.40047169811320754    0.16258752917640173
-0.39952830188679245    0.1783750138935096
-0.39858490566037735    0.17177725908637226
-0.39764150943396226    0.16918528398354016
-0.39669811320754716    0.1663576747804922
-0.39575471698113207    0.16070245637433758
-0.394811320754717    0.17130599088586096
-0.3938679245283019    0.16541513837945013
-0.3929245283018868    0.18308769589864368
-0.3919811320754717    0.17813937979325398
-0.3910377358490566    0.1642369678781913
-0.3900943396226415    0.1793175502945321
-0.3891509433962264    0.176725575191741
-0.3882075471698113    0.17271979548737457
-0.3872641509433962    0.16447260197844696
-0.38632075471698113    0.17696120929197584
-0.38537735849056604    0.1788462820940419
-0.38443396226415094    0.18285206179836652
-0.38349056603773585    0.1793175502945532
-0.38254716981132075    0.17224852728686332
-0.38160377358490566    0.18473713460043328
-0.38066037735849056    0.18662220740245655
-0.37971698113207547    0.16777147938202613
-0.3787735849056604    0.17107035678558516
-0.3778301886792453    0.18638657330222286
-0.3768867924528302    0.1764899410914646
-0.3759433962264151    0.18120262309659846
-0.375    0.18827164610424596
-0.3740566037735849    0.19321996220963683
-0.3731132075471698    0.1771968433922315
-0.3721698113207547    0.18992108480605766
-0.3712264150943396    0.18002445259529898
-0.37028301886792453    0.1856796710014559
-0.36933962264150944    0.18332332999887777
-0.36839622641509434    0.1908636212070803
-0.36745283018867925    0.18591530510168966
-0.36650943396226415    0.17790374569301928
-0.36556603773584906    0.19722574191395975
-0.36462264150943396    0.17601867289097406
-0.36367924528301887    0.17248416138711892
-0.3627358490566038    0.17696120929199669
-0.3617924528301887    0.17460486828941957
-0.3608490566037736    0.18544403690120023
-0.3599056603773585    0.18921418250526845
-0.3589622641509434    0.18897854840503506
-0.3580188679245283    0.1651795042791945
-0.3570754716981132    0.1856796710014559
-0.3561320754716981    0.1771968433922315
-0.355188679245283    0.17955318439480888
-0.35424528301886793    0.18874291430475718
-0.35330188679245284    0.19227742580861423
-0.35235849056603774    0.18238079359785528
-0.35141509433962265    0.1892141825052907
-0.35047169811320755    0.17884628209402087
-0.34952830188679246    0.18426586639992198
-0.34858490566037736    0.181909525397344
-0.34764150943396227    0.1762543069912297
-0.3466981132075472    0.18827164610424596
-0.3457547169811321    0.1892141825052907
-0.344811320754717    0.18308769589862214
-0.3438679245283019    0.18803601200401243
-0.3429245283018868    0.18732910970322345
-0.3419811320754717    0.16400133377793566
-0.3410377358490566    0.17413360008890832
-0.3400943396226415    0.17484050238969578
-0.3391509433962264    0.18214515949759963
-0.33820754716981133    0.1814382571968541
-0.33726415094339623    0.1677714793820064
-0.33632075471698114    0.18709347560298983
-0.33537735849056605    0.18544403690117842
-0.33443396226415095    0.18026008669557583
-0.33349056603773586    0.18544403690117842
-0.33254716981132076    0.1882716461042681
-0.33160377358490567    0.16965655218405143
-0.3306603773584906    0.18049572079583148
-0.3297169811320755    0.17177725908635205
-0.3287735849056604    0.17295542958765053
-0.3278301886792453    0.17201289318660767
-0.3268867924528302    0.1793175502945532
-0.3259433962264151    0.1715416249860964
-0.325    0.1814382571968541
-0.3240566037735849    0.16541513837945013
-0.3231132075471698    0.17554740469046276
-0.32216981132075473    0.16329443147714948
-0.32122641509433963    0.1654151383794696
-0.32028301886792454    0.1729554295876302
-0.31933962264150945    0.16140935867512346
-0.31839622641509435    0.1677714793820064
-0.31745283018867926    0.16989218628432703
-0.31650943396226416    0.16329443147714948
-0.31556603773584907    0.16659330888074786
-0.314622641509434    0.17696120929197584
-0.3136792452830189    0.17130599088586096
-0.3127358490566038    0.15881738357229255
-0.3117924528301887    0.15763921307103299
-0.3108490566037736    0.17766811159274273
-0.3099056603773585    0.16942091808381574
-0.3089622641509434    0.16918528398354016
-0.3080188679245283    0.16258752917640173
-0.3070754716981132    0.16400133377791637
-0.30613207547169813    0.15975991997333389
-0.30518867924528303    0.16565077247970575
-0.30424528301886794    0.16800711348228178
-0.30330188679245285    0.14797821496053373
-0.30235849056603775    0.15975991997333389
-0.30141509433962266    0.15057019006334563
-0.30047169811320756    0.15975991997333389
-0.29952830188679247    0.164236967878172
-0.2985849056603774    0.15763921307103299
-0.2976415094339623    0.17059908858507392
-0.2966981132075472    0.15999555407358954
-0.2957547169811321    0.15999555407357072
-0.294811320754717    0.15057019006336336
-0.2938679245283019    0.17601867289095333
-0.2929245283018868    0.16258752917640173
-0.2919811320754717    0.15528287206845814
-0.2910377358490566    0.1533977992664312
-0.29009433962264153    0.15669667666999193
-0.28915094339622643    0.15622540846949906
-0.28820754716981134    0.15575414026896942
-0.28726415094339625    0.1663576747804922
-0.28632075471698115    0.16635767478047261
-0.28537735849056606    0.16211626097589044
-0.28443396226415096    0.16282316327663823
-0.28349056603773587    0.15269089696566424
-0.2825471698113208    0.16070245637433758
-0.2816037735849057    0.15504723796822079
-0.2806603773584906    0.16376569967766072
-0.2797169811320755    0.15316216516617556
-0.2787735849056604    0.16353006557740513
-0.2778301886792453    0.143972435256205
-0.2768867924528302    0.15575414026896942
-0.27594339622641506    0.15975991997331507
-0.27499999999999997    0.1628231632766574
-0.2740566037735849    0.1689496498832845
-0.2731132075471698    0.16565077247972523
-0.2721698113207547    0.15952428587305945
-0.2712264150943396    0.1632944314771687
-0.2702830188679245    0.17413360008890832
-0.2693396226415094    0.1611737245748678
-0.2683962264150943    0.15598977436922506
-0.2674528301886792    0.16942091808381574
-0.2665094339622641    0.16188062687561572
-0.265566037735849    0.15292653106591989
-0.26462264150943393    0.1757830387906977
-0.26367924528301884    0.16517950427921393
-0.26273584905660374    0.16635767478047261
-0.26179245283018865    0.17531177059020708
-0.26084905660377355    0.16494387017893886
-0.25990566037735846    0.16565077247972523
-0.25896226415094337    0.1729554295876302
-0.2580188679245283    0.17342669778816186
-0.2570754716981132    0.16659330888072826
-0.2561320754716981    0.16777147938202613
-0.255188679245283    0.1807313548960659
-0.2542452830188679    0.17248416138713923
-0.2533018867924528    0.17224852728686332
-0.2523584905660377    0.16777147938202613
-0.2514150943396226    0.16918528398354016
-0.2504716981132075    0.16659330888074786
-0.24952830188679243    0.16541513837945013
-0.24858490566037733    0.1684783816827931
-0.24764150943396224    0.1748405023896752
-0.24669811320754714    0.17578303879071838
-0.24575471698113205    0.1738979659886527
-0.24481132075471695    0.17107035678560528
-0.24386792452830186    0.17059908858507392
-0.24292452830188677    0.17012782038458268
-0.24198113207547167    0.15858174947203696
-0.24103773584905658    0.17507613648995143
-0.24009433962264148    0.17436923418916395
-0.2391509433962264    0.16824274758253743
-0.2382075471698113    0.17012782038456267
-0.2372641509433962    0.16565077247972523
-0.2363207547169811    0.15622540846948066
-0.235377358490566    0.176725575191741
-0.23443396226415092    0.16282316327663823
-0.23349056603773582    0.16140935867512346
-0.23254716981132073    0.17413360008890832
-0.23160377358490564    0.16730021118151484
-0.23066037735849054    0.16117372457484885
-0.22971698113207545    0.1689496498833044
-0.22877358490566035    0.16235189507612696
-0.22783018867924526    0.1611737245748678
-0.22688679245283017    0.16329443147714948
-0.22594339622641507    0.16470823607870264
-0.22499999999999998    0.15245526286539066
-0.22405660377358488    0.16235189507614609
-0.2231132075471698    0.15410470156718004
-0.2221698113207547    0.16824274758253743
-0.2212264150943396    0.1590530176725482
-0.2202830188679245    0.14797821496055116
-0.2193396226415094    0.16659330888072826
-0.21839622641509432    0.15575414026898773
-0.21745283018867922    0.14656441035899997
-0.21650943396226413    0.1533977992664312
-0.21556603773584904    0.15763921307101444
-0.21462264150943394    0.16659330888074786
-0.21367924528301885    0.15457596976769128
-0.21273584905660375    0.15834611537179993
-0.21179245283018866    0.14986328776257876
-0.21084905660377357    0.14962765366234074
-0.20990566037735847    0.1616449927753601
-0.20896226415094338    0.15999555407358954
-0.20801886792452828    0.15457596976769128
-0.2070754716981132    0.1522196287651529
-0.2061320754716981    0.15598977436922506
-0.205188679245283    0.14538623985773894
-0.2042452830188679    0.1625875291763826
-0.2033018867924528    0.14703567855952854
-0.20235849056603772    0.15575414026896942
-0.20141509433962262    0.1632944314771687
-0.20047169811320753    0.16659330888072826
-0.19952830188679244    0.1585817494720556
-0.19858490566037734    0.1564610425697363
-0.19764150943396225    0.1524552628654086
-0.19669811320754715    0.16353006557740513
-0.19575471698113206    0.1590530176725669
-0.19481132075471697    0.1651795042791945
-0.19386792452830187    0.156932310770266
-0.19292452830188678    0.1538690674669244
-0.19198113207547168    0.1548116038679651
-0.1910377358490566    0.16635767478047261
-0.1900943396226415    0.16871401578304876
-0.1891509433962264    0.152219628765135
-0.1882075471698113    0.17295542958765053
-0.1872641509433962    0.15858174947203696
-0.18632075471698112    0.15881738357231126
-0.18537735849056602    0.1583461153717813
-0.18443396226415093    0.1595242858730782
-0.18349056603773584    0.15928865177280382
-0.18254716981132074    0.16942091808381574
-0.18160377358490565    0.16565077247970575
-0.18066037735849055    0.16494387017895826
-0.17971698113207546    0.1731910636878858
-0.17877358490566037    0.16989218628432703
-0.17783018867924527    0.16918528398354016
-0.17688679245283018    0.17201289318662794
-0.17594339622641508    0.1689496498832845
-0.175    0.16470823607870264
-0.1740566037735849    0.16753584528175078
-0.1731132075471698    0.16376569967768
-0.1721698113207547    0.16470823607868323
-0.1712264150943396    0.16918528398356006
-0.17028301886792452    0.17342669778814143
-0.16933962264150942    0.16918528398356006
-0.16839622641509433    0.16400133377791637
-0.16745283018867924    0.16682894298100354
-0.16650943396226414    0.17201289318660767
-0.16556603773584905    0.16447260197844696
-0.16462264150943395    0.16140935867510445
-0.16367924528301886    0.17271979548739488
-0.16273584905660377    0.17531177059018646
-0.16179245283018867    0.1856796710014559
-0.16084905660377358    0.1644726019784276
-0.15990566037735848    0.16871401578304876
-0.1589622641509434    0.15928865177280382
-0.1580188679245283    0.17578303879071838
-0.1570754716981132    0.1625875291763826
-0.1561320754716981    0.16494387017895826
-0.155188679245283    0.15575414026896942
-0.15424528301886792    0.16753584528177048
-0.15330188679245282    0.17955318439478773
-0.15235849056603773    0.15763921307103299
-0.15141509433962264    0.17743247749248708
-0.15047169811320754    0.16824274758253743
-0.14952830188679245    0.1644726019784276
-0.14858490566037735    0.16494387017895826
-0.14764150943396226    0.16824274758251764
-0.14669811320754716    0.18732910970324548
-0.14575471698113207    0.1748405023896752
-0.14481132075471698    0.19298432810938118
-0.14386792452830188    0.17413360008890832
-0.1429245283018868    0.19463376681117076
-0.1419811320754717    0.17201289318660767
-0.1410377358490566    0.17766811159276363
-0.1400943396226415    0.1906279871068022
-0.1391509433962264    0.17366233188841748
-0.13820754716981132    0.1748405023896752
-0.13726415094339622    0.176725575191741
-0.13632075471698113    0.19227742580859158
-0.13537735849056604    0.18591530510171153
-0.13443396226415094    0.19463376681114786
-0.13349056603773585    0.1892141825052907
-0.13254716981132075    0.20311659442035043
-0.13160377358490566    0.20146715571858476
-0.13066037735849056    0.20193842391907232
-0.12971698113207547    0.19486940091142643
-0.12877358490566038    0.19840391241523792
-0.12783018867924528    0.2059442036234422
-0.1268867924528302    0.19769701011447102
-0.1259433962264151    0.2012315216183291
-0.125    0.19840391241523792
-0.1240566037735849    0.1939268645104038
-0.12311320754716981    0.20453039902188422
-0.12216981132075472    0.2017027898188404
-0.12122641509433962    0.20570856952316233
-0.12028301886792453    0.20830054462599873
-0.11933962264150944    0.21018561742801925
-0.11839622641509434    0.21607646993443536
-0.11745283018867925    0.20028898521728292
-0.11650943396226415    0.19887518061577256
-0.11556603773584906    0.211599422029553
-0.11462264150943396    0.20523730132267523
-0.11367924528301887    0.2035878626208617
-0.11273584905660378    0.21725464043571363
-0.11179245283018868    0.225501833944635
-0.11084905660377359    0.21772590863622493
-0.1099056603773585    0.20076025341779416
-0.1089622641509434    0.21395576303213446
-0.1080188679245283    0.21254195843057552
-0.10707547169811321    0.2059442036234422
-0.10613207547169812    0.21607646993440993
-0.10518867924528302    0.21654773813494665
-0.10424528301886793    0.20782927642546298
-0.10330188679245284    0.19534066911193773
-0.10235849056603774    0.2141913971323649
-0.10141509433962265    0.2068867400244648
-0.10047169811320755    0.20688674002444046
-0.09952830188679246    0.21183505612983355
-0.09858490566037736    0.21183505612980863
-0.09764150943396227    0.21348449483162313
-0.09669811320754718    0.22008224963875556
-0.09575471698113208    0.21018561742804398
-0.09481132075471699    0.2047660331221398
-0.0938679245283019    0.2111281538290666
-0.0929245283018868    0.19769701011447102
-0.0919811320754717    0.20617983772369786
-0.09103773584905661    0.21584083583415428
-0.09009433962264152    0.21089251972881093
-0.08915094339622642    0.2028809603200948
-0.08820754716981133    0.20500166722241958
-0.08726415094339623    0.2026453262198392
-0.08632075471698114    0.1861509392019672
-0.08537735849056605    0.18827164610424596
-0.08443396226415095    0.19439813271091513
-0.08349056603773586    0.19604757141268164
-0.08254716981132076    0.20028898521730648
-0.08160377358490567    0.1845015005001559
-0.08066037735849058    0.21042125152829963
-0.07971698113207548    0.19274869400910283
-0.07877358490566039    0.2047660331221639
-0.0778301886792453    0.1790819161942765
-0.0768867924528302    0.1882716461042681
-0.0759433962264151    0.1880360120039903
-0.07500000000000001    0.17366233188841748
-0.07405660377358492    0.18261642769811087
-0.07311320754716982    0.18379459819941063
-0.07216981132075473    0.1906279871068022
-0.07122641509433963    0.19251305990886988
-0.07028301886792454    0.18732910970322345
-0.06933962264150945    0.1819095253973654
-0.06839622641509435    0.1809669889963215
-0.06745283018867926    0.17743247749250798
-0.06650943396226416    0.17271979548737457
-0.06556603773584907    0.17743247749250798
-0.06462264150943398    0.18261642769811087
-0.06367924528301888    0.17389796598867316
-0.06273584905660379    0.1731910636878858
-0.06179245283018869    0.16258752917640173
-0.0608490566037736    0.16942091808379578
-0.059905660377358505    0.16093809047461213
-0.05896226415094341    0.17413360008890832
-0.05801886792452832    0.1585817494720556
-0.05707547169811322    0.16942091808379578
-0.05613207547169813    0.16093809047461213
-0.055188679245283034    0.16942091808379578
-0.05424528301886794    0.16612204068023656
-0.053301886792452846    0.15716794487050317
-0.05235849056603775    0.16447260197844696
-0.05141509433962266    0.1625875291763826
-0.050471698113207564    0.15292653106591989
-0.04952830188679247    0.15928865177280382
-0.048584905660377375    0.16706457708125916
-0.04764150943396228    0.15952428587305945
-0.04669811320754719    0.1522196287651529
-0.04575471698113209    0.15080582416360125
-0.044811320754717    0.15975991997333389
-0.043867924528301905    0.1486851172613006
-0.04292452830188681    0.16447260197844696
-0.04198113207547172    0.1548116038679469
-0.04103773584905662    0.15292653106591989
-0.04009433962264153    0.15339779926641317
-0.039150943396226434    0.14609314215850588
-0.03820754716981134    0.15575414026896942
-0.037264150943396246    0.15622540846949906
-0.03632075471698115    0.15009892186283438
-0.03537735849056606    0.15787484717128863
-0.034433962264150964    0.1460931421584887
-0.033490566037735814    0.152219628765135
-0.03254716981132072    0.1566966766700104
-0.031603773584905626    0.1538690674669244
-0.03066037735849053    0.1519839946648973
-0.029716981132075437    0.14797821496053373
-0.028773584905660343    0.1486851172613181
-0.02783018867924525    0.14774258086027808
-0.026886792452830155    0.13973102145160324
-0.02594339622641506    0.15316216516615752
-0.024999999999999967    0.1564610425697547
-0.024056603773584873    0.16211626097587134
-0.02311320754716978    0.15363343336668686
-0.022169811320754684    0.15363343336666876
-0.02122641509433959    0.15269089696566424
-0.020283018867924496    0.15669667666999193
-0.019339622641509402    0.14680004445927286
-0.018396226415094308    0.15504723796820255
-0.017452830188679214    0.156932310770266
-0.01650943396226412    0.1512770923641125
-0.015566037735849025    0.14562187395799459
-0.014622641509433931    0.1475069467600225
-0.013679245283018837    0.1491563854618294
-0.012735849056603743    0.15787484717127004
-0.011792452830188649    0.15575414026898773
-0.010849056603773555    0.1564610425697363
-0.00990566037735846    0.156932310770266
-0.008962264150943366    0.1413804601533762
-0.008018867924528272    0.14326553295543806
-0.007075471698113178    0.14844948316104498
-0.006132075471698084    0.14114482605313716
-0.00518867924528299    0.1496276536623231
-0.004245283018867896    0.15033455596310769
-0.0033018867924528017    0.1538690674669244
-0.0023584905660377076    0.13808158274981364
-0.0014150943396226134    0.15033455596308998
-0.0004716981132075193    0.15316216516617556
0.0004716981132075748    0.15669667666999193
0.0014150943396227245    0.15504723796820255
0.002358490566037763    0.16235189507616518
0.0033018867924528017    0.15080582416360125
0.004245283018867951    0.1425586306546543
0.005188679245283101    0.15528287206845814
0.00613207547169814    0.1512770923641481
0.007075471698113178    0.1581104812715257
0.008018867924528328    0.16376569967766072
0.008962264150943478    0.14397243525618808
0.009905660377358516    0.15905301767258562
0.010849056603773555    0.15858174947203696
0.011792452830188704    0.15787484717127004
0.012735849056603854    0.15952428587305945
0.013679245283018893    0.15999555407360838
0.014622641509433931    0.14562187395797746
0.015566037735849081    0.14467933755695495
0.01650943396226423    0.14915638546181187
0.01745283018867927    0.1420873624541765
0.018396226415094308    0.1449149716572106
0.019339622641509457    0.164236967878172
0.020283018867924607    0.15716794487050317
0.021226415094339646    0.15716794487054017
0.022169811320754684    0.15622540846948066
0.023113207547169834    0.1435011670556768
0.024056603773584984    0.15057019006334563
0.025000000000000022    0.15598977436926176
0.02594339622641506    0.1512770923641125
0.02688679245283021    0.16376569967766072
0.02783018867924536    0.15457596976769128
0.0287735849056604    0.16847838168281293
0.029716981132075437    0.15504723796820255
0.030660377358490587    0.15339779926641317
0.03160377358490574    0.1512770923641125
0.032547169811320775    0.15716794487054017
0.033490566037735814    0.15763921307101444
0.034433962264150964    0.16282316327663823
0.03537735849056611    0.15669667666999193
0.03632075471698115    0.16329443147718792
0.03726415094339619    0.15363343336666876
0.03820754716981134    0.15763921307101444
0.03915094339622649    0.15622540846948066
0.04009433962264153    0.1673002111815345
0.04103773584905657    0.15504723796820255
0.04198113207547172    0.16023118817382634
0.042924528301886866    0.16117372457484885
0.043867924528301905    0.16164499277539815
0.04481132075471694    0.1625875291763826
0.04575471698113209    0.16918528398354016
0.04669811320754724    0.16117372457484885
0.04764150943396228    0.16706457708127884
0.04858490566037732    0.16470823607868323
0.04952830188679247    0.16211626097587134
0.05047169811320762    0.1644726019784276
0.05141509433962266    0.16046682227411974
0.052358490566037696    0.17059908858507392
0.053301886792452846    0.16400133377791637
0.054245283018867996    0.17177725908635205
0.055188679245283034    0.16965655218409134
0.05613207547169807    0.15716794487050317
0.05707547169811322    0.16470823607868323
0.05801886792452837    0.16824274758251764
0.05896226415094341    0.17672557519176182
0.05990566037735845    0.17884628209402087
0.0608490566037736    0.17342669778814143
0.06179245283018875    0.17861064799376522
0.06273584905660379    0.1741336000889493
0.06367924528301883    0.16847838168277326
0.06462264150943398    0.16706457708123953
0.06556603773584913    0.1771968433922315
0.06650943396226416    0.1807313548961084
0.0674528301886792    0.1880360120039903
0.06839622641509435    0.1809669889963215
0.0693396226415095    0.18497276870066717
0.07028301886792454    0.17813937979329592
0.07122641509433958    0.17531177059018646
0.07216981132075473    0.18520840280092277
0.07311320754716988    0.18897854840501283
0.07405660377358492    0.1972257419140062
0.07499999999999996    0.181909525397344
0.0759433962264151    0.1845015005001559
0.07688679245283025    0.18874291430475718
0.0778301886792453    0.19746137601426186
0.07877358490566033    0.19722574191395975
0.07971698113207548    0.20028898521728292
0.08066037735849063    0.19604757141268164
0.08160377358490567    0.20076025341784143
0.08254716981132071    0.20240969211958357
0.08349056603773586    0.20028898521728292
0.08443396226415101    0.2061798377236736
0.08537735849056605    0.20146715571860846
0.08632075471698109    0.19628320551293724
0.08726415094339623    0.1993464488162604
0.08820754716981138    0.2054729354229067
0.08915094339622642    0.20028898521733005
0.09009433962264146    0.20665110592418484
0.09103773584905661    0.20052461931753854
0.09198113207547176    0.19887518061574916
0.0929245283018868    0.2158408358342051
0.09386792452830184    0.20830054462597422
0.09481132075471699    0.1993464488162604
0.09575471698113214    0.2106568856285305
0.09669811320754718    0.22455929754366535
0.09764150943396221    0.20759364232520736
0.09858490566037736    0.20900744692674111
0.09952830188679251    0.21536956763364304
0.10047169811320755    0.21654773813497213
0.10141509433962259    0.21631210403466555
0.10235849056603774    0.21796154273645493
0.10330188679245289    0.22008224963875556
0.10424528301886793    0.21112815382909145
0.10518867924528297    0.2280938090474469
0.10613207547169812    0.22149605424028934
0.10707547169811327    0.2099499833277636
0.1080188679245283    0.21772590863625055
0.10896226415094334    0.21890407913747745
0.1099056603773585    0.2132488607313424
0.11084905660377364    0.2073580082249517
0.11179245283018868    0.20712237412474485
0.11273584905660372    0.2087718128264855
0.11367924528301887    0.20570856952316233
0.11462264150943402    0.2047660331221398
0.11556603773584906    0.21230632433036986
0.1165094339622641    0.2035878626208617
0.11745283018867925    0.20971434922750798
0.1183962264150944    0.21042125152827487
0.11933962264150944    0.19227742580863685
0.12028301886792447    0.19722574191395975
0.12122641509433962    0.2038234967211173
0.12216981132075477    0.20570856952316233
0.12311320754716981    0.194398132710938
0.12405660377358485    0.19722574191395975
0.125    0.20170278981881667
0.12594339622641515    0.1967544737134485
0.1268867924528302    0.18921418250531297
0.12783018867924523    0.19157052350782472
0.12877358490566038    0.19463376681114786
0.12971698113207553    0.2000533511170273
0.13066037735849056    0.2024096921196312
0.1316037735849056    0.18874291430475718
0.13254716981132075    0.19769701011447102
0.1334905660377359    0.19557630321217037
0.13443396226415094    0.18450150050019934
0.13537735849056598    0.17813937979325398
0.13632075471698113    0.18874291430475718
0.13726415094339628    0.18732910970322345
0.13820754716981132    0.17955318439483
0.13915094339622636    0.1731910636878858
0.1400943396226415    0.1845015005001559
0.14103773584905666    0.17342669778814143
0.1419811320754717    0.17460486828946067
0.14292452830188673    0.1731910636878858
0.14386792452830188    0.17083472268532954
0.14481132075471703    0.16635767478047261
0.14575471698113207    0.1769612092920175
0.1466981132075471    0.16989218628430702
0.14764150943396226    0.18497276870066717
0.1485849056603774    0.16659330888072826
0.14952830188679245    0.16588640658000042
0.15047169811320749    0.1748405023896752
0.15141509433962264    0.18261642769811087
0.15235849056603779    0.16918528398354016
0.15330188679245282    0.16612204068025613
0.15424528301886786    0.16588640657996137
0.155188679245283    0.1689496498832845
0.15613207547169816    0.16682894298098389
0.1570754716981132    0.16517950427923336
0.15801886792452824    0.16682894298098389
0.1589622641509434    0.15975991997331507
0.15990566037735854    0.16730021118149513
0.16084905660377358    0.16942091808383566
0.16179245283018862    0.16588640657996137
0.16273584905660377    0.16211626097587134
0.16367924528301891    0.15504723796820255
0.16462264150943395    0.1569323107702845
0.165566037735849    0.16965655218405143
0.16650943396226414    0.1625875291763826
0.1674528301886793    0.16046682227408196
0.16839622641509433    0.15834611537181859
0.16933962264150937    0.16800711348226202
0.17028301886792452    0.16847838168277326
0.17122641509433967    0.16070245637433758
0.1721698113207547    0.16541513837948907
0.17311320754716975    0.16117372457484885
0.1740566037735849    0.17366233188839708
0.17500000000000004    0.16824274758251764
0.17594339622641508    0.17201289318664817
0.17688679245283012    0.16541513837945013
0.17783018867924527    0.14821384906078935
0.17877358490566042    0.15669667666999193
0.17971698113207546    0.164708236078722
0.1806603773584905    0.1750761364899308
0.18160377358490565    0.16211626097587134
0.1825471698113208    0.15693231077024755
0.18349056603773584    0.16235189507616518
0.18443396226415087    0.16541513837945013
0.18537735849056602    0.14797821496053373
0.18632075471698117    0.15575414026896942
0.1872641509433962    0.16918528398358
0.18820754716981125    0.1651795042791945
0.1891509433962264    0.16400133377791637
0.19009433962264155    0.16753584528175078
0.1910377358490566    0.15716794487054017
0.19198113207547163    0.1644726019784276
0.19292452830188678    0.1475069467600225
0.19386792452830193    0.15881738357229255
0.19481132075471697    0.15716794487054017
0.195754716981132    0.15575414026896942
0.19669811320754715    0.15104145826385687
0.1976415094339623    0.15057019006334563
0.19858490566037734    0.14844948316107992
0.19952830188679238    0.15928865177280382
0.20047169811320753    0.1609380904745932
0.20141509433962268    0.15434033566743566
0.20235849056603772    0.15198399466491516
0.20330188679245276    0.152219628765135
0.2042452830188679    0.14208736245414305
0.20518867924528306    0.15457596976769128
0.2061320754716981    0.15198399466491516
0.20707547169811313    0.1529265310659019
0.20801886792452828    0.15057019006334563
0.20896226415094343    0.15174836056462376
0.20990566037735858    0.15339779926641317
0.21084905660377362    0.14986328776261404
0.21179245283018866    0.15598977436922506
0.2127358490566038    0.15716794487050317
0.21367924528301896    0.15269089696564628
0.214622641509434    0.14444370345673332
0.21556603773584904    0.1458575080582331
0.2165094339622642    0.15339779926641317
0.21745283018867934    0.14844948316104498
0.21839622641509437    0.15575414026900608
0.2193396226415094    0.1564610425697363
0.22028301886792456    0.15598977436922506
0.2212264150943397    0.16140935867510445
0.22216981132075475    0.15174836056465946
0.2231132075471698    0.16400133377791637
0.22405660377358494    0.1625875291763826
0.2250000000000001    0.1555185061687138
0.22594339622641513    0.1538690674669606
0.22688679245283017    0.15858174947203696
0.22783018867924532    0.14892075136155625
0.22877358490566047    0.16305879737689385
0.2297169811320755    0.15339779926644925
0.23066037735849054    0.16140935867510445
0.2316037735849057    0.15009892186283438
0.23254716981132084    0.1677714793820064
0.23349056603773588    0.17366233188843794
0.23443396226415092    0.15057019006334563
0.23537735849056607    0.16989218628430702
0.23632075471698122    0.16070245637433758
0.23726415094339626    0.1607024563743754
0.2382075471698113    0.16070245637433758
0.23915094339622645    0.1581104812715257
0.2400943396226416    0.164236967878172
0.24103773584905663    0.16989218628434702
0.24198113207547167    0.15457596976769128
0.24292452830188682    0.16235189507612696
0.24386792452830197    0.16305879737689385
0.244811320754717    0.16023118817386403
0.24575471698113205    0.16541513837945013
0.2466981132075472    0.15363343336666876
0.24764150943396235    0.16565077247970575
0.2485849056603774    0.174369234189205
0.24952830188679243    0.18002445259529898
0.2504716981132076    0.17790374569299836
0.2514150943396227    0.15975991997331507
0.25235849056603776    0.15858174947207426
0.2533018867924528    0.1651795042791945
0.25424528301886795    0.16400133377791637
0.2551886792452831    0.16706457708123953
0.25613207547169814    0.16046682227411974
0.2570754716981132    0.1738979659886527
0.25801886792452833    0.16800711348226202
0.2589622641509435    0.1538690674669244
0.2599056603773585    0.16188062687565383
0.26084905660377355    0.16824274758251764
0.2617924528301887    0.16117372457484885
0.26273584905660385    0.16188062687561572
0.2636792452830189    0.15928865177284132
0.26462264150943393    0.1609380904745932
0.2655660377358491    0.1609380904745932
0.26650943396226423    0.1689496498832845
0.26745283018867927    0.16140935867514244
0.2683962264150943    0.16353006557740513
0.26933962264150946    0.1574035789707588
0.2702830188679246    0.17224852728686332
0.27122641509433965    0.16612204068025613
0.2721698113207547    0.1529265310659019
0.27311320754716983    0.16211626097587134
0.274056603773585    0.15693231077024755
0.275    0.14892075136159127
0.27594339622641506    0.14844948316104498
0.2768867924528302    0.15057019006334563
0.27783018867924536    0.14844948316104498
0.2787735849056604    0.154340335667472
0.27971698113207544    0.1432655329554212
0.2806603773584906    0.15504723796820255
0.28160377358490574    0.15952428587305945
0.2825471698113208    0.16140935867514244
0.2834905660377358    0.1496276536623231
0.28443396226415096    0.1512770923641125
0.2853773584905661    0.15174836056462376
0.28632075471698115    0.1578748471713072
0.2872641509433962    0.1564610425697363
0.28820754716981134    0.15080582416360125
0.2891509433962265    0.15174836056462376
0.29009433962264153    0.1569323107702845
0.29103773584905657    0.1529265310659019
0.2919811320754717    0.15504723796820255
0.29292452830188687    0.15928865177280382
0.2938679245283019    0.1566966766700288
0.29481132075471694    0.14915638546181187
0.2957547169811321    0.16682894298098389
0.29669811320754724    0.1583461153717813
0.2976415094339623    0.1472713126598015
0.2985849056603773    0.15104145826385687
0.29952830188679247    0.1475069467600225
0.3004716981132076    0.15174836056462376
0.30141509433962266    0.15174836056465946
0.3023584905660377    0.1581104812715257
0.30330188679245285    0.15693231077024755
0.304245283018868    0.15693231077024755
0.30518867924528303    0.1609380904746311
0.3061320754716981    0.15975991997331507
0.3070754716981132    0.15504723796820255
0.3080188679245284    0.1449149716572106
0.3089622641509434    0.16565077247974472
0.30990566037735845    0.1548116038679469
0.3108490566037736    0.15716794487050317
0.31179245283018875    0.16400133377791637
0.3127358490566038    0.16706457708127884
0.3136792452830188    0.16800711348226202
0.314622641509434    0.14467933755695495
0.3155660377358491    0.16635767478047261
0.31650943396226416    0.1635300655774436
0.3174528301886792    0.1548116038679469
0.31839622641509435    0.1713059908858408
0.3193396226415095    0.15975991997331507
0.32028301886792454    0.16140935867514244
0.3212264150943396    0.16329443147714948
0.32216981132075473    0.16494387017893886
0.3231132075471699    0.17083472268532954
0.3240566037735849    0.15905301767258562
0.32499999999999996    0.15928865177280382
0.3259433962264151    0.164236967878172
0.32688679245283025    0.1677714793820064
0.3278301886792453    0.1675358452817902
0.32877358490566033    0.18567967100143404
0.3297169811320755    0.17436923418916395
0.33066037735849063    0.17790374569299836
0.33160377358490567    0.16517950427923336
0.3325471698113207    0.17978881849504338
0.33349056603773586    0.17083472268532954
0.334433962264151    0.1748405023896752
0.33537735849056605    0.17507613648997206
0.3363207547169811    0.1748405023896752
0.33726415094339623    0.18426586639990028
0.3382075471698114    0.17696120929197584
0.3391509433962264    0.18732910970326752
0.34009433962264146    0.17955318439478773
0.3410377358490566    0.18002445259529898
0.34198113207547176    0.18002445259529898
0.3429245283018868    0.1819095253973868
0.34386792452830184    0.18591530510168966
0.344811320754717    0.1896854507057797
0.34575471698113214    0.18897854840501283
0.3466981132075472    0.17766811159278453
0.3476415094339622    0.18026008669555463
0.34858490566037736    0.18827164610424596
0.3495283018867925    0.18403023229964466
0.35047169811320755    0.17766811159278453
0.3514150943396226    0.19227742580859158
0.35235849056603774    0.18921418250526845
0.3533018867924529    0.18308769589862214
0.35424528301886793    0.19628320551298348
0.35518867924528297    0.1896854507057797
0.3561320754716981    0.18850728020450155
0.35707547169811327    0.19651883961319289
0.3580188679245283    0.19699010781375048
0.35896226415094334    0.19086362120705785
0.3599056603773585    0.18591530510168966
0.36084905660377364    0.19439813271089224
0.3617924528301887    0.20217405801937552
0.3627358490566037    0.19793264421472664
0.36367924528301887    0.195811937312426
0.364622641509434    0.181909525397344
0.36556603773584906    0.20076025341784143
0.3665094339622641    0.19981771701677165
0.36745283018867925    0.18026008669555463
0.3683962264150944    0.18473713460041155
0.36933962264150944    0.19604757141272777
0.3702830188679245    0.18897854840501283
0.3712264150943396    0.19251305990884723
0.3721698113207548    0.19463376681114786
0.3731132075471698    0.18827164610429026
0.37405660377358485    0.18332332999887777
0.375    0.19628320551293724
0.37594339622641515    0.193926864510381
0.3768867924528302    0.19486940091144936
0.3778301886792452    0.18332332999887777
0.3787735849056604    0.1771968433922315
0.3797169811320755    0.19699010781370413
0.38066037735849056    0.18921418250531297
0.3816037735849056    0.16871401578302891
0.38254716981132075    0.18591530510168966
0.3834905660377359    0.18403023229964466
0.38443396226415094    0.17743247749252886
0.385377358490566    0.19463376681114786
0.38632075471698113    0.18497276870066717
0.3872641509433963    0.18238079359785528
0.3882075471698113    0.17601867289099477
0.38915094339622636    0.1835589640991334
0.3900943396226415    0.19086362120705785
0.39103773584905666    0.18167389129708836
0.3919811320754717    0.18308769589866522
0.39292452830188673    0.18120262309657714
0.3938679245283019    0.18426586639990028
0.39481132075471703    0.17861064799376522
0.39575471698113207    0.18732910970326752
0.3966981132075471    0.17696120929197584
0.39764150943396226    0.17978881849504338
0.3985849056603774    0.18332332999887777
0.39952830188679245    0.17978881849508568
0.4004716981132075    0.16824274758251764
0.40141509433962264    0.1807313548960659
0.4023584905660378    0.18285206179836652
0.4033018867924528    0.17295542958767088
0.40424528301886786    0.1729554295876302
0.405188679245283    0.17201289318660767
0.40613207547169816    0.1644726019784276
0.4070754716981132    0.154340335667472
0.40801886792452824    0.18167389129708836
0.4089622641509434    0.17201289318660767
0.40990566037735854    0.16706457708123953
0.4108490566037736    0.16824274758255725
0.4117924528301886    0.18308769589862214
0.41273584905660377    0.16965655218405143
0.4136792452830189    0.1715416249860964
0.41462264150943395    0.17389796598869364
0.415566037735849    0.16612204068021702
0.41650943396226414    0.15999555407357072
0.4174528301886793    0.1625875291763826
0.41839622641509433    0.16140935867514244
0.41933962264150937    0.16282316327663823
0.4202830188679245    0.17413360008890832
0.42122641509433967    0.17813937979325398
0.4221698113207547    0.16164499277539815
0.42311320754716975    0.16235189507612696
0.4240566037735849    0.16329443147714948
0.42500000000000004    0.16070245637433758
0.4259433962264151    0.15999555407360838
0.4268867924528301    0.1651795042791945
0.42783018867924527    0.16470823607868323
0.4287735849056604    0.15528287206845814
0.42971698113207546    0.1541047015672163
0.4306603773584905    0.15716794487050317
0.43160377358490565    0.16470823607868323
0.4325471698113208    0.15575414026896942
0.43349056603773584    0.15858174947207426
0.4344339622641509    0.15928865177280382
0.435377358490566    0.17248416138711892
0.4363207547169812    0.15693231077024755
0.4372641509433962    0.15080582416363675
0.43820754716981125    0.16305879737689385
0.4391509433962264    0.15858174947203696
0.44009433962264155    0.15928865177280382
0.4410377358490566    0.17224852728690385
0.4419811320754716    0.1486851172613006
0.4429245283018868    0.16753584528175078
0.4438679245283019    0.16305879737689385
0.44481132075471697    0.15575414026900608
0.445754716981132    0.16046682227408196
0.44669811320754715    0.1677714793820064
0.4476415094339623    0.16588640657996137
0.44858490566037745    0.1625875291763826
0.4495283018867925    0.16942091808383566
0.45047169811320753    0.16965655218405143
0.4514150943396227    0.16847838168277326
0.45235849056603783    0.15952428587305945
0.45330188679245287    0.15646104256977314
0.4542452830188679    0.16588640657996137
0.45518867924528306    0.16235189507612696
0.4561320754716982    0.15952428587305945
0.45707547169811324    0.15905301767258562
0.4580188679245283    0.17743247749248708
0.45896226415094343    0.17601867289095333
0.4599056603773586    0.15975991997331507
0.4608490566037736    0.18026008669559704
0.46179245283018866    0.1845015005001559
0.4627358490566038    0.18120262309657714
0.46367924528301896    0.17366233188839708
0.464622641509434    0.16494387017897771
0.46556603773584904    0.16918528398354016
0.4665094339622642    0.16942091808379578
0.46745283018867934    0.1703634544848183
0.4683962264150944    0.17248416138715952
0.4693396226415094    0.17059908858507392
0.47028301886792456    0.181909525397344
0.4712264150943397    0.18261642769811087
0.47216981132075475    0.18167389129713116
0.4731132075471698    0.18167389129708836
0.47405660377358494    0.17554740469044208
0.4750000000000001    0.17625430699120898
0.4759433962264151    0.17342669778818226
0.47688679245283017    0.18567967100143404
0.4778301886792453    0.18308769589862214
0.47877358490566047    0.19039235300654658
0.4797169811320755    0.18450150050019934
0.48066037735849054    0.18285206179836652
0.4816037735849057    0.18662220740245655
0.48254716981132084    0.1835589640991334
0.4834905660377359    0.18450150050019934
0.4844339622641509    0.18992108480603534
0.48537735849056607    0.19840391241523792
0.4863207547169812    0.18167389129708836
0.48726415094339626    0.18944981660556867
0.4882075471698113    0.1913348894075691
0.48915094339622645    0.1948694009114035
0.4900943396226416    0.19887518061574916
0.49103773584905663    0.18827164610429026
0.49198113207547167    0.18874291430475718
0.4929245283018868    0.19534066911191475
0.49386792452830197    0.19887518061574916
0.494811320754717    0.194398132710938
0.49575471698113205    0.20405913082137295
0.4966981132075472    0.19180615760808034
0.49764150943396235    0.20453039902188422
0.4985849056603774    0.19463376681119368
0.4995283018867924    0.19958208291651602
0.5004716981132076    0.20052461931753854
0.5014150943396227    0.19274869400910283
0.5023584905660378    0.19133488940761412
0.5033018867924528    0.20240969211958357
0.504245283018868    0.1993464488162604
0.5051886792452831    0.19274869400910283
0.5061320754716981    0.20052461931758575
0.5070754716981132    0.19086362120705785
0.5080188679245283    0.19086362120705785
0.5089622641509435    0.2064154718239292
0.5099056603773585    0.19345559630991527
0.5108490566037736    0.19109925530731345
0.5117924528301887    0.19981771701677165
0.5127358490566039    0.19157052350782472
0.5136792452830189    0.20830054462602327
0.5146226415094339    0.1793175502945321
0.5155660377358491    0.19204179170833596
0.5165094339622642    0.2071223741246961
0.5174528301886793    0.19746137601426186
0.5183962264150943    0.19769701011447102
0.5193396226415095    0.19086362120705785
0.5202830188679246    0.19345559630986975
0.5212264150943396    0.20688674002448917
0.5221698113207547    0.1941624986106366
0.5231132075471698    0.19109925530731345
0.524056603773585    0.17978881849504338
0.525    0.19298432810940389
0.5259433962264151    0.19911081471600478
0.5268867924528302    0.20217405801932792
0.5278301886792454    0.1845015005001559
0.5287735849056604    0.19604757141272777
0.5297169811320754    0.18143825719683276
0.5306603773584906    0.19510503501165913
0.5316037735849057    0.19039235300654658
0.5325471698113208    0.19486940091144936
0.5334905660377358    0.19816827831498227
0.534433962264151    0.19793264421472664
0.5353773584905661    0.18992108480603534
0.5363207547169812    0.19628320551298348
0.5372641509433962    0.20052461931753854
0.5382075471698113    0.1913348894075691
0.5391509433962265    0.2009958875180498
0.5400943396226415    0.20076025341784143
0.5410377358490566    0.20146715571856105
0.5419811320754717    0.1993464488162604
0.5429245283018869    0.19251305990884723
0.5438679245283019    0.19699010781375048
0.5448113207547169    0.1974613760142154
0.5457547169811321    0.2009958875180498
0.5466981132075472    0.19651883961319289
0.5476415094339623    0.1941624986106823
0.5485849056603773    0.2087718128264855
0.5495283018867925    0.2080649105257186
0.5504716981132076    0.18944981660552407
0.5514150943396227    0.20076025341784143
0.5523584905660377    0.20217405801932792
0.5533018867924528    0.20830054462597422
0.554245283018868    0.2071223741246961
0.555188679245283    0.2106568856285801
0.5561320754716981    0.22597310214514624
0.5570754716981132    0.20217405801932792
0.5580188679245284    0.2071223741246961
0.5589622641509434    0.21372012893190395
0.5599056603773584    0.2193753473379887
0.5608490566037736    0.20853617872622987
0.5617924528301887    0.2009958875180498
0.5627358490566038    0.21348449483164827
0.5636792452830188    0.22385239524284561
0.564622641509434    0.22243859064131186
0.5655660377358491    0.22573746804489064
0.5665094339622642    0.21348449483164827
0.5674528301886792    0.2113637879292974
0.5683962264150944    0.21796154273645493
0.5693396226415095    0.23963987995997263
0.5702830188679245    0.2104212515283244
0.5712264150943396    0.23209958875179254
0.5721698113207547    0.21843281093696618
0.5731132075471699    0.22267422474156748
0.5740566037735849    0.2181971768367619
0.575    0.22243859064131186
0.5759433962264151    0.21701900633543242
0.5768867924528303    0.2290363454484694
0.5778301886792453    0.23398466155389264
0.5787735849056603    0.24058241636099514
0.5797169811320755    0.21701900633543242
0.5806603773584906    0.22832944314770254
0.5816037735849057    0.24482383016565404
0.5825471698113207    0.22432366344335686
0.5834905660377359    0.24081805046125074
0.584433962264151    0.22762254084693562
0.585377358490566    0.2141913971324153
0.5863207547169811    0.22102478603977807
0.5872641509433962    0.2297432477492363
0.5882075471698114    0.22738690674668002
0.5891509433962264    0.23940424585977335
0.5900943396226415    0.22503056574412372
0.5910377358490566    0.2177259086361993
0.5919811320754718    0.22102478603977807
0.5929245283018868    0.2212604201400858
0.5938679245283018    0.23422029565409322
0.594811320754717    0.2389329776592057
0.5957547169811321    0.2358697343558826
0.5966981132075472    0.2306857841503131
0.5976415094339622    0.2323352228520482
0.5985849056603774    0.2177259086361993
0.5995283018867925    0.23280649105255943
0.6004716981132076    0.23209958875184716
0.6014150943396226    0.2332777592530707
0.6023584905660377    0.22762254084693562
0.6033018867924529    0.2353984661553713
0.6042452830188679    0.24435256196514266
0.605188679245283    0.22408802934310124
0.6061320754716981    0.22668000444591316
0.6070754716981133    0.22385239524284561
0.6080188679245283    0.23822607535849494
0.6089622641509433    0.2290363454484694
0.6099056603773585    0.2325708569523038
0.6108490566037736    0.22573746804489064
0.6117924528301887    0.22432366344340965
0.6127358490566037    0.23704790485716074
0.6136792452830189    0.22668000444591316
0.614622641509434    0.2377548071579276
0.6155660377358491    0.24176058686233018
0.6165094339622641    0.23469156385460443
0.6174528301886792    0.225501833944635
0.6183962264150944    0.23398466155383757
0.6193396226415094    0.24882960987000063
0.6202830188679245    0.23186395465153692
0.6212264150943396    0.2438812937645739
0.6221698113207548    0.2464732688673858
0.6231132075471698    0.25118595087255746
0.6240566037735849    0.23304212515281506
0.625    0.23045015005000316
0.6259433962264151    0.2384617094586945
0.6268867924528302    0.25118595087255746
0.6278301886792452    0.25283538957428775
0.6287735849056604    0.25377792597531024
0.6297169811320755    0.2558986328776109
0.6306603773584906    0.24835834166948925
0.6316037735849056    0.2556629987773552
0.6325471698113208    0.26296765588527965
0.6334905660377359    0.25943314438144527
0.6344339622641509    0.25919751028125065
0.635377358490566    0.2617894853840016
0.6363207547169811    0.258961876180934
0.6372641509433963    0.2632032899855353
0.6382075471698113    0.25401356007562564
0.6391509433962264    0.28087584750470734
0.6400943396226415    0.2639101922863022
0.6410377358490567    0.2763987995998504
0.6419811320754717    0.27922640880298366
0.6429245283018867    0.27828387240189545
0.6438679245283019    0.27003667889294847
0.644811320754717    0.28346782260751924
0.6457547169811321    0.2780482383017053
0.6466981132075471    0.28629543181058675
0.6476415094339623    0.2695654106924373
0.6485849056603774    0.2870023341113536
0.6495283018867924    0.28888740691346665
0.6504716981132075    0.2820540180059855
0.6514150943396226    0.27427809269754977
0.6523584905660378    0.2973702345226012
0.6533018867924528    0.2884161387129553
0.6542452830188679    0.2990196732243906
0.655188679245283    0.30278981882848066
0.6561320754716982    0.29360008891851114
0.6570754716981132    0.30538179393136444
0.6580188679245282    0.3051461598310369
0.6589622641509434    0.3013760142269469
0.6599056603773585    0.2961920640213231
0.6608490566037736    0.32116927864849515
0.6617924528301886    0.2997265755251575
0.6627358490566038    0.31080137823717197
0.6636792452830189    0.3157496943425401
0.664622641509434    0.3119795487385235
0.665566037735849    0.3223474491496977
0.6665094339622641    0.320226742247397
0.6674528301886793    0.33271534956094523
0.6683962264150943    0.3164565966433815
0.6693396226415094    0.3289452039568552
0.6702830188679245    0.3228187173502089
0.6712264150943397    0.33365788596196777
0.6721698113207547    0.32753139935539854
0.6731132075471697    0.3232899855507202
0.6740566037735849    0.31739913304432954
0.675    0.32800266755583274
0.6759433962264151    0.34756029787713155
0.6768867924528301    0.34143381127040345
0.6778301886792453    0.3426119817716816
0.6787735849056604    0.3459108591752604
0.6797169811320755    0.353922418584035
0.6806603773584905    0.3522729798821623
0.6816037735849056    0.35910636878957547
0.6825471698113208    0.35957763699008677
0.6834905660377358    0.37701456040909187
0.6844339622641509    0.38031343781258187
0.685377358490566    0.3810203401133488
0.6863207547169812    0.37748582860951435
0.6872641509433962    0.3685317327998873
0.6882075471698113    0.3984572635322652
0.6891509433962264    0.40364121373788897
0.6900943396226416    0.39539402022894204
0.6910377358490567    0.3993997999332877
0.6919811320754717    0.4276758919640636
0.6929245283018868    0.4015205068355883
0.6938679245283019    0.38856063132152885
0.6948113207547171    0.4161298210514372
0.6957547169811321    0.4333311103702
0.6966981132075472    0.4418139379793006
0.6976415094339623    0.46113593420026194
0.6985849056603775    0.43427364677112046
0.6995283018867925    0.4373368900745465
0.7004716981132075    0.4455840835833906
0.7014150943396227    0.45925086139821697
0.7023584905660378    0.46796932310767514
0.7033018867924529    0.46608425030573986
0.7042452830188679    0.4858775147271028
0.7051886792452831    0.45783705679668313
0.7061320754716982    0.4672624208069082
0.7070754716981132    0.48399244192517166
0.7080188679245283    0.4922396354340047
0.7089622641509434    0.4875269534288922
0.7099056603773586    0.4748027120150883
0.7108490566037736    0.5235789707681263
0.7117924528301887    0.5216938979659581
0.7127358490566038    0.5273491163720931
0.713679245283019    0.5247571412692813
0.714622641509434    0.5412515282873025
0.715566037735849    0.5344181393797619
0.7165094339622642    0.5325330665777169
0.7174528301886793    0.5452573079915207
0.7183962264150944    0.5403089918862798
0.7193396226415094    0.5473780148938214
0.7202830188679246    0.5504412581971445
0.7212264150943397    0.5591597199066027
0.7221698113207548    0.5589240858064787
0.7231132075471698    0.5824874958319098
0.7240566037735849    0.5605735245081366
0.7250000000000001    0.5544470379014902
0.7259433962264151    0.5655218406136379
0.7268867924528302    0.5985106146492924
0.7278301886792453    0.5619873291096703
0.7287735849056605    0.5909703234411123
0.7297169811320755    0.5909703234412514
0.7306603773584905    0.5770679115260304
0.7316037735849057    0.5895565188395786
0.7325471698113208    0.5749472046237297
0.7334905660377359    0.5864932755363935
0.7344339622641509    0.6131199288651413
0.7353773584905661    0.6006313215515932
0.7363207547169812    0.5963899077469919
0.7372641509433963    0.5857863732356264
0.7382075471698113    0.5864932755362555
0.7391509433962264    0.6020451261531269
0.7400943396226416    0.6263154384794564
0.7410377358490566    0.6230165610760243
0.7419811320754717    0.6102923196620738
0.7429245283018868    0.6366833388907039
0.743867924528302    0.6192464154717876
0.744811320754717    0.6355051683895755
0.745754716981132    0.6274936089807346
0.7466981132075472    0.6392753139935159
0.7476415094339623    0.6402178503945384
0.7485849056603774    0.6482294098033824
0.7495283018867924    0.6454018006001623
0.7504716981132076    0.6312637545848246
0.7514150943396227    0.6444592641991397
0.7523584905660378    0.623959097477047
0.7533018867924528    0.6178326108702539
0.754245283018868    0.656947871512688
0.7551886792452831    0.6588329443147329
0.7561320754716981    0.664016894520513
0.7570754716981132    0.6338557296876365
0.7580188679245283    0.641160386795561
0.7589622641509435    0.6402178503945384
0.7599056603773585    0.6687295765256267
0.7608490566037736    0.666373235522913
0.7617924528301887    0.6649594309213792
0.7627358490566039    0.708080471268159
0.7636792452830189    0.6600111148161665
0.7646226415094339    0.6564766033121767
0.7655660377358491    0.6623674558185674
0.7665094339622642    0.6694364788262362
0.7674528301886793    0.6793331110371325
0.7683962264150943    0.6762698677336494
0.7693396226415095    0.708787373568926
0.7702830188679246    0.708080471268159
0.7712264150943396    0.6814538179394336
0.7721698113207547    0.7153851283760835
0.7731132075471698    0.697948204957167
0.774056603773585    0.7266955651883534
0.775    0.7130287873736949
0.7759433962264151    0.6906435478492426
0.7768867924528302    0.7363565632988343
0.7778301886792454    0.7094942758696927
0.7787735849056604    0.721982883183411
0.7797169811320754    0.7431899522062474
0.7806603773584906    0.7570923641213294
0.7816037735849057    0.741540513504458
0.7825471698113208    0.748609536512303
0.7834905660377358    0.759919973324397
0.784433962264151    0.7688740691341108
0.7853773584905661    0.7563854618205625
0.7863207547169812    0.7575636323220191
0.7872641509433962    0.75167277981545
0.7882075471698113    0.7797132377458695
0.7891509433962265    0.7804201400466365
0.7900943396226415    0.7985639657665078
0.7910377358490566    0.8136445481826798
0.7919811320754717    0.794558186061974
0.7929245283018869    0.826840057796995
0.7938679245283019    0.778299433144519
0.7948113207547169    0.7962076247637635
0.7957547169811321    0.8263687895964837
0.7966981132075472    0.8178859619872811
0.7976415094339623    0.8355585195066498
0.7985849056603773    0.8461620540179564
0.7995283018867925    0.8482827609202571
0.8004716981132076    0.8753806824496542
0.8014150943396227    0.8664265866401442
0.8023584905660377    0.8864554851616686
0.8033018867924528    0.8871623874624356
0.804245283018868    0.8555874180281814
0.805188679245283    0.872553073246792
0.8061320754716981    0.8643058797376397
0.8070754716981132    0.9116683338890207
0.8080188679245284    0.926042014004614
0.8089622641509434    0.8831566077582977
0.8099056603773584    0.8942314104701043
0.8108490566037736    0.9368811826163729
0.8117924528301887    0.962094031343725
0.8127358490566038    0.9486628876293774
0.8136792452830188    0.9828298321662201
0.814622641509434    0.9750539068577844
0.8155660377358491    0.9467778148271091
0.8165094339622642    0.9757608091587808
0.8174528301886792    0.9691630543513937
0.8183962264150944    0.9703412248526717
0.8193396226415095    0.9639791041457698
0.8202830188679245    1.0012092919863946
0.8212264150943396    1.0452728687339612
0.8221698113207547    1.024537067911466
0.8231132075471699    1.0259508725129998
0.8240566037735849    1.0756696676671902
0.825    1.080853617872561
0.8259433962264151    1.0641235967544114
0.8268867924528303    1.0554051350449531
0.8278301886792453    1.0888651772815086
0.8287735849056603    1.0799110814715382
0.8297169811320755    1.1336356563298213
0.8306603773584906    1.1291586084249643
0.8316037735849057    1.1602623096589804
0.8325471698113207    1.1513082138489934
0.8334905660377359    1.1645037234633084
0.834433962264151    1.1762854284760897
0.835377358490566    1.1986706680006565
0.8363207547169811    1.222940980326704
0.8372641509433962    1.2111592753139226
0.8382075471698114    1.2135156163164786
0.8391509433962264    1.2460331221520486
0.8400943396226415    1.2356652217405077
0.8410377358490566    1.2434411470489435
0.8419811320754718    1.27595865288422
0.8429245283018868    1.2879759919975602
0.8438679245283018    1.2486250972545672
0.844811320754717    1.2988151606090157
0.8457547169811321    1.2933955763031364
0.8466981132075472    1.3219073024343784
0.8476415094339622    1.354896076469855
0.8485849056603774    1.3810514615982297
0.8495283018867925    1.357959319773178
0.8504716981132076    1.4076781149274469
0.8514150943396226    1.4204023563409194
0.8523584905660377    1.423701233744498
0.8533018867924529    1.4411381571634145
0.8542452830188679    1.4581038123821628
0.855188679245283    1.4510347893741509
0.8561320754716981    1.4790752473045703
0.8570754716981133    1.4689429809935783
0.8580188679245283    1.5295009447596346
0.8589622641509433    1.5365699677669433
0.8599056603773585    1.5280871401577407
0.8608490566037736    1.5332710903633646
0.8617924528301887    1.5867600311217656
0.8627358490566037    1.5695587418027312
0.8636792452830189    1.6136223185505334
0.864622641509434    1.6213982438589691
0.8655660377358491    1.6433122151831292
0.8665094339622641    1.6779504279203197
0.8674528301886792    1.690203401133612
0.8683962264150944    1.6968011559407699
0.8693396226415094    1.7090541291544645
0.8702830188679245    1.7601867289095334
0.8712264150943396    1.8030721351560575
0.8721698113207548    1.7863421140379079
0.8731132075471698    1.8426586639994365
0.8740566037735849    1.8572679782148516
0.875    1.8249861064798307
0.8759433962264151    1.9239524285871943
0.8768867924528302    1.9055729687677034
0.8778301886792452    1.9706079804378083
0.8787735849056604    1.9260731354894947
0.8797169811320755    1.9974702678669496
0.8806603773584906    2.020091141491965
0.8816037735849056    2.029045237301204
0.8825471698113208    2.037292430810151
0.8834905660377359    2.0898388351671553
0.8844339622641509    2.136023118817761
0.885377358490566    2.135080582416236
0.8863207547169811    2.1416783372233934
0.8872641509433963    2.1772590863619934
0.8882075471698113    2.1994086917865396
0.8891509433962264    2.242529732132802
0.8900943396226415    2.274575969767567
0.8910377358490567    2.2750472379680784
0.8919811320754717    2.3179326442151478
0.8929245283018867    2.335133933533263
0.8938679245283019    2.368122707569051
0.894811320754717    2.435749694342416
0.8957547169811321    2.4414049127491255
0.8966981132075471    2.43551406024216
0.8976415094339623    2.4720373457817826
0.8985849056603774    2.5123307769254946
0.8995283018867924    2.521284872735802
0.9004716981132075    2.5627564743801985
0.9014150943396226    2.543670112259493
0.9023584905660378    2.5608714015781535
0.9033018867924528    2.6341536067582734
0.9042452830188679    2.6433433366676233
0.905188679245283    2.6369812159607213
0.9061320754716982    2.6577170167832165
0.9070754716981132    2.7152117372462286
0.9080188679245282    2.73241302656425
0.9089622641509434    2.767286873402083
0.9099056603773585    2.767051239301827
0.9108490566037736    2.7467867066804903
0.9117924528301886    2.8261953984659898
0.9127358490566038    2.8497588084915524
0.9136792452830189    2.7922640880291794
0.914622641509434    2.8681382683121663
0.915566037735849    2.835620762476215
0.9165094339622641    2.810172279648607
0.9174528301886793    2.867195731910469
0.9183962264150943    2.878741802823672
0.9193396226415094    2.855649660997943
0.9202830188679245    2.87520729131916
0.9212264150943397    2.850701344892575
0.9221698113207547    2.8898166055356893
0.9231132075471697    2.839390908080305
0.9240566037735849    2.8646037568076568
0.925    2.8514082471933415
0.9259433962264151    2.804517061243132
0.9268867924528301    2.785901967322278
0.9278301886792453    2.7486717794818887
0.9287735849056604    2.7821318217181874
0.9297169811320755    2.7196887851510865
0.9306603773584905    2.6867000111146586
0.9316037735849056    2.7006024230297405
0.9325471698113208    2.6581882849837277
0.933490566037736    2.5408425030564254
0.934433962264151    2.5500322329669953
0.935377358490566    2.5446126486605154
0.9363207547169812    2.4480026675557083
0.9372641509433963    2.4359853284426713
0.9382075471698114    2.4046459931092388
0.9391509433962264    2.3422029565409317
0.9400943396226416    2.2854151383793258
0.9410377358490567    2.220380126708773
0.9419811320754717    2.179144159164551
0.9429245283018868    2.079706568856164
0.9438679245283019    2.0354073580081056
0.9448113207547171    1.9882805379569806
0.9457547169811321    1.9211248193845787
0.9466981132075472    1.8320551294874996
0.9476415094339623    1.797652550850178
0.9485849056603775    1.7561809492051879
0.9495283018867925    1.6840769145273622
0.9504716981132075    1.6074958319438872
0.9514150943396227    1.5535356229853485
0.9523584905660378    1.521725019450839
0.9533018867924529    1.417810381238441
0.9542452830188679    1.3775169500943951
0.9551886792452831    1.3143670112258872
0.9561320754716982    1.3195509614315108
0.9570754716981132    1.262763143270202
0.9580188679245283    1.2728954095808969
0.9589622641509434    1.1986706680003745
0.9599056603773586    1.1374058019339113
0.9608490566037736    1.1331643881295768
0.9617924528301887    1.1308080471267539
0.9627358490566038    1.0631810603533889
0.963679245283019    1.0306635545181122
0.964622641509434    1.0042725352897184
0.965566037735849    0.9823585639657089
0.9665094339622642    0.9380593531176509
0.9674528301886793    0.9210936978992458
0.9683962264150944    0.8555874180283829
0.9693396226415094    0.8141158163831911
0.9702830188679246    0.7905524063576284
0.9712264150943397    0.7250461264865641
0.9721698113207548    0.678861842836621
0.9731132075471698    0.5996887851505706
0.9740566037735849    0.5089696565521542
0.9750000000000001    0.44252084028006744
0.9759433962264151    0.3602845392909384
0.9768867924528302    0.28299655440700794
0.9778301886792453    0.19109925530731345
0.9787735849056605    0.1458575080582331
0.9797169811320755    0.09213293319997183
0.9806603773584905    0.05867289096365111
0.9816037735849057    0.025448482827607713
0.9825471698113208    0.01460931421584887
0.9834905660377359    0.005655218406136378
0.9844339622641509    0.0032988774035787776
0.9853773584905661    0.0011781705012781348
0.9863207547169812    0.0
0.9872641509433963    0.0
0.9882075471698113    0.0
0.9891509433962264    0.0
0.9900943396226416    0.0
0.9910377358490566    0.0
0.9919811320754717    0.0
0.9929245283018868    0.0
0.993867924528302    0.0
0.994811320754717    0.0
0.995754716981132    0.0
0.9966981132075472    0.0
0.9976415094339623    0.0
0.9985849056603774    0.0
0.9995283018867924    0.0