-0.9995283018867924    0.0
-0.9985849056603773    0.0
-0.9976415094339622    0.0
-0.9966981132075472    0.0
-0.995754716981132    0.0
-0.9948113207547169    0.0
-0.9938679245283019    0.0
-0.9929245283018868    0.0
-0.9919811320754717    0.0
-0.9910377358490565    0.0
-0.9900943396226415    0.0
-0.9891509433962264    0.0
-0.9882075471698113    0.0
-0.9872641509433961    0.0
-0.9863207547169811    0.0
-0.9853773584905661    0.0
-0.9844339622641509    0.0
-0.9834905660377358    0.0
-0.9825471698113207    0.0
-0.9816037735849057    0.0
-0.9806603773584905    0.0
-0.9797169811320754    0.0
-0.9787735849056604    0.0
-0.9778301886792453    0.0
-0.9768867924528302    0.0
-0.975943396226415    0.0
-0.975    0.0
-0.9740566037735849    0.0
-0.9731132075471698    0.0
-0.9721698113207546    0.0
-0.9712264150943396    0.0
-0.9702830188679246    0.0
-0.9693396226415094    0.0
-0.9683962264150943    0.0
-0.9674528301886792    0.0
-0.9665094339622642    0.0
-0.965566037735849    0.0
-0.9646226415094339    0.0
-0.9636792452830188    0.0
-0.9627358490566038    0.0
-0.9617924528301887    0.0
-0.9608490566037735    0.0
-0.9599056603773585    0.0
-0.9589622641509434    0.0
-0.9580188679245283    0.0
-0.9570754716981131    0.0
-0.9561320754716981    0.0
-0.9551886792452831    0.0
-0.9542452830188679    0.0
-0.9533018867924528    0.0
-0.9523584905660377    0.0
-0.9514150943396227    0.0
-0.9504716981132075    0.0
-0.9495283018867924    0.0
-0.9485849056603773    0.0
-0.9476415094339623    0.0
-0.9466981132075472    0.0
-0.945754716981132    0.0
-0.944811320754717    0.0
-0.9438679245283019    0.0
-0.9429245283018868    0.0
-0.9419811320754716    0.0
-0.9410377358490566    0.0
-0.9400943396226416    0.0
-0.9391509433962264    0.0
-0.9382075471698113    0.0
-0.9372641509433962    0.0
-0.9363207547169812    0.0
-0.935377358490566    0.0
-0.9344339622641509    0.0
-0.9334905660377358    0.0
-0.9325471698113208    0.0
-0.9316037735849056    0.0
-0.9306603773584905    0.0
-0.9297169811320755    0.0
-0.9287735849056604    0.0
-0.9278301886792453    0.0
-0.9268867924528301    0.0
-0.9259433962264151    0.0
-0.925    0.0
-0.9240566037735849    0.0
-0.9231132075471697    0.0
-0.9221698113207547    0.0
-0.9212264150943397    0.0
-0.9202830188679245    0.0
-0.9193396226415094    0.0
-0.9183962264150943    0.0
-0.9174528301886793    0.0
-0.9165094339622641    0.0
-0.915566037735849    0.0
-0.914622641509434    0.0
-0.9136792452830189    0.0
-0.9127358490566038    0.0
-0.9117924528301886    0.0
-0.9108490566037736    0.0
-0.9099056603773585    0.0
-0.9089622641509434    0.0
-0.9080188679245282    0.0
-0.9070754716981132    0.0
-0.9061320754716982    0.0
-0.905188679245283    0.0
-0.9042452830188679    0.0
-0.9033018867924528    0.0
-0.9023584905660378    0.0
-0.9014150943396226    0.0
-0.9004716981132075    0.0
-0.8995283018867924    0.0
-0.8985849056603774    0.0
-0.8976415094339623    0.0
-0.8966981132075471    0.0
-0.8957547169811321    0.0
-0.894811320754717    0.0
-0.8938679245283019    0.0
-0.8929245283018867    0.0
-0.8919811320754717    0.0
-0.8910377358490567    0.0
-0.8900943396226415    0.0
-0.8891509433962264    0.0
-0.8882075471698113    0.0
-0.8872641509433963    0.0
-0.8863207547169811    0.0
-0.885377358490566    0.0
-0.8844339622641509    0.0
-0.8834905660377359    0.0
-0.8825471698113208    0.0
-0.8816037735849056    0.0
-0.8806603773584906    0.0
-0.8797169811320755    0.0
-0.8787735849056604    0.0
-0.8778301886792452    0.0
-0.8768867924528302    0.0
-0.8759433962264151    0.0
-0.875    0.0
-0.8740566037735849    0.0
-0.8731132075471698    0.0
-0.8721698113207548    0.0
-0.8712264150943396    0.0
-0.8702830188679245    0.0
-0.8693396226415094    0.0
-0.8683962264150944    0.0
-0.8674528301886792    0.0
-0.8665094339622641    0.0
-0.8655660377358491    0.0
-0.864622641509434    0.0
-0.8636792452830189    0.0
-0.8627358490566037    0.0
-0.8617924528301887    0.0
-0.8608490566037736    0.0
-0.8599056603773585    0.0
-0.8589622641509433    0.0
-0.8580188679245283    0.0
-0.8570754716981133    0.0
-0.8561320754716981    0.0
-0.855188679245283    0.0
-0.8542452830188679    0.0
-0.8533018867924529    0.0
-0.8523584905660377    0.0
-0.8514150943396226    0.0
-0.8504716981132076    0.0
-0.8495283018867925    0.0
-0.8485849056603774    0.0
-0.8476415094339622    0.0
-0.8466981132075472    0.0
-0.8457547169811321    0.0
-0.844811320754717    0.0
-0.8438679245283018    0.0
-0.8429245283018868    0.0
-0.8419811320754718    0.0
-0.8410377358490566    0.0
-0.8400943396226415    0.0
-0.8391509433962264    0.0
-0.8382075471698114    0.0
-0.8372641509433962    0.0
-0.8363207547169811    0.0
-0.835377358490566    0.0
-0.834433962264151    0.0
-0.8334905660377359    0.0
-0.8325471698113207    0.0
-0.8316037735849057    0.0
-0.8306603773584906    0.0
-0.8297169811320755    0.0
-0.8287735849056603    0.0
-0.8278301886792453    0.0
-0.8268867924528303    0.0
-0.8259433962264151    0.0
-0.825    0.0
-0.8240566037735849    0.0
-0.8231132075471699    0.0
-0.8221698113207547    0.0
-0.8212264150943396    0.0
-0.8202830188679245    0.0
-0.8193396226415095    0.0
-0.8183962264150944    0.0
-0.8174528301886792    0.0
-0.816509433962264    0.0
-0.8155660377358491    0.0
-0.814622641509434    0.0
-0.8136792452830188    0.0
-0.8127358490566037    0.0
-0.8117924528301887    0.0
-0.8108490566037736    0.0
-0.8099056603773584    0.0
-0.8089622641509433    0.0
-0.8080188679245284    0.0
-0.8070754716981132    0.0
-0.8061320754716981    0.0
-0.8051886792452829    0.0
-0.804245283018868    0.0
-0.8033018867924528    0.0
-0.8023584905660377    0.0
-0.8014150943396225    0.0
-0.8004716981132076    0.0
-0.7995283018867925    0.0
-0.7985849056603773    0.0
-0.7976415094339622    0.0
-0.7966981132075472    0.0
-0.7957547169811321    0.0
-0.7948113207547169    0.0
-0.7938679245283018    0.0
-0.7929245283018869    0.0
-0.7919811320754717    0.0
-0.7910377358490566    0.0
-0.7900943396226414    0.0
-0.7891509433962265    0.0
-0.7882075471698113    0.0
-0.7872641509433962    0.0
-0.786320754716981    0.0
-0.7853773584905661    0.0
-0.784433962264151    0.0
-0.7834905660377358    0.0
-0.7825471698113207    0.0
-0.7816037735849057    0.0
-0.7806603773584906    0.0
-0.7797169811320754    0.0
-0.7787735849056603    0.0
-0.7778301886792454    0.0
-0.7768867924528302    0.0
-0.7759433962264151    0.0
-0.7749999999999999    0.0
-0.774056603773585    0.0
-0.7731132075471698    0.0
-0.7721698113207547    0.0
-0.7712264150943395    0.0
-0.7702830188679246    0.0
-0.7693396226415095    0.0
-0.7683962264150943    0.0
-0.7674528301886792    0.0
-0.7665094339622642    0.0
-0.7655660377358491    0.0
-0.7646226415094339    0.0
-0.7636792452830188    0.0
-0.7627358490566039    0.0
-0.7617924528301887    0.0
-0.7608490566037736    0.0
-0.7599056603773584    0.0
-0.7589622641509435    0.0
-0.7580188679245283    0.0
-0.7570754716981132    0.0
-0.756132075471698    0.0
-0.7551886792452831    0.0
-0.754245283018868    0.0
-0.7533018867924528    0.0
-0.7523584905660377    0.0
-0.7514150943396227    0.0
-0.7504716981132076    0.0
-0.7495283018867924    0.0
-0.7485849056603773    0.0
-0.7476415094339623    0.0
-0.7466981132075472    0.0
-0.745754716981132    0.0
-0.7448113207547169    0.0
-0.743867924528302    0.0
-0.7429245283018868    0.0
-0.7419811320754717    0.0
-0.7410377358490565    0.0
-0.7400943396226416    0.0
-0.7391509433962264    0.0
-0.7382075471698113    0.0
-0.7372641509433961    0.0
-0.7363207547169812    0.0
-0.7353773584905661    0.0
-0.7344339622641509    0.0
-0.7334905660377358    0.0
-0.7325471698113208    0.0
-0.7316037735849057    0.0
-0.7306603773584905    0.0
-0.7297169811320754    0.0
-0.7287735849056605    0.0
-0.7278301886792453    0.0
-0.7268867924528302    0.0
-0.725943396226415    0.0
-0.7250000000000001    0.0
-0.7240566037735849    0.0
-0.7231132075471698    0.0
-0.7221698113207546    0.0
-0.7212264150943397    0.0
-0.7202830188679246    0.0
-0.7193396226415094    0.0
-0.7183962264150943    0.0
-0.7174528301886793    0.0
-0.7165094339622642    0.0
-0.715566037735849    0.0
-0.7146226415094339    0.0
-0.713679245283019    0.0
-0.7127358490566038    0.0
-0.7117924528301887    0.0
-0.7108490566037735    0.0
-0.7099056603773586    0.0
-0.7089622641509434    0.0
-0.7080188679245283    0.0
-0.7070754716981131    0.0
-0.7061320754716982    0.0
-0.7051886792452831    0.0
-0.7042452830188679    0.0
-0.7033018867924528    0.0
-0.7023584905660378    0.0
-0.7014150943396227    0.0
-0.7004716981132075    0.0
-0.6995283018867924    0.0
-0.6985849056603775    0.0
-0.6976415094339623    0.0
-0.6966981132075472    0.0
-0.695754716981132    0.0
-0.6948113207547171    0.0
-0.6938679245283019    0.0
-0.6929245283018868    0.0
-0.6919811320754716    0.0
-0.6910377358490567    0.0
-0.6900943396226416    0.0
-0.6891509433962264    0.0
-0.6882075471698113    0.0
-0.6872641509433963    0.0
-0.6863207547169812    0.0
-0.685377358490566    0.0
-0.6844339622641509    0.0
-0.683490566037736    0.0
-0.6825471698113208    0.0
-0.6816037735849056    0.0
-0.6806603773584905    0.0
-0.6797169811320756    0.0
-0.6787735849056604    0.0
-0.6778301886792453    0.0
-0.6768867924528301    0.0
-0.6759433962264152    0.0
-0.675    0.0
-0.6740566037735849    0.0
-0.6731132075471697    0.0
-0.6721698113207548    0.0
-0.6712264150943397    0.0
-0.6702830188679245    0.0
-0.6693396226415094    0.0
-0.6683962264150944    0.0
-0.6674528301886793    0.0
-0.6665094339622641    0.0
-0.665566037735849    0.0
-0.6646226415094341    0.0
-0.6636792452830189    0.0
-0.6627358490566038    0.0
-0.6617924528301886    0.0
-0.6608490566037737    0.0
-0.6599056603773585    0.0
-0.6589622641509434    0.0
-0.6580188679245282    0.0
-0.6570754716981133    0.0
-0.6561320754716982    0.0
-0.655188679245283    0.0
-0.6542452830188679    0.0
-0.6533018867924529    0.0
-0.6523584905660378    0.0
-0.6514150943396226    0.0
-0.6504716981132075    0.0
-0.6495283018867926    0.0
-0.6485849056603774    0.0
-0.6476415094339623    0.0
-0.6466981132075471    0.0
-0.6457547169811322    0.0
-0.644811320754717    0.0
-0.6438679245283019    0.0
-0.6429245283018867    0.0
-0.6419811320754718    0.0
-0.6410377358490567    0.0
-0.6400943396226415    0.0
-0.6391509433962264    0.0
-0.6382075471698113    0.0
-0.6372641509433963    0.0
-0.6363207547169811    0.0
-0.635377358490566    0.0
-0.6344339622641508    0.0
-0.6334905660377359    0.0
-0.6325471698113208    0.0
-0.6316037735849056    0.0
-0.6306603773584905    0.0
-0.6297169811320755    0.0
-0.6287735849056604    0.0
-0.6278301886792452    0.0
-0.6268867924528301    0.0
-0.6259433962264151    0.0
-0.625    0.0
-0.6240566037735849    0.0
-0.6231132075471697    0.0
-0.6221698113207548    0.0
-0.6212264150943396    0.0
-0.6202830188679245    0.0
-0.6193396226415093    0.0
-0.6183962264150944    0.0
-0.6174528301886792    0.0
-0.6165094339622641    0.0
-0.615566037735849    0.0
-0.614622641509434    0.0
-0.6136792452830189    0.0
-0.6127358490566037    0.0
-0.6117924528301886    0.0
-0.6108490566037736    0.0
-0.6099056603773585    0.0
-0.6089622641509433    0.0
-0.6080188679245282    0.0
-0.6070754716981133    0.0
-0.6061320754716981    0.0
-0.605188679245283    0.0
-0.6042452830188678    0.0
-0.6033018867924529    0.0
-0.6023584905660377    0.0
-0.6014150943396226    0.0
-0.6004716981132074    0.0
-0.5995283018867925    0.0
-0.5985849056603774    0.0
-0.5976415094339622    0.0
-0.5966981132075471    0.0
-0.5957547169811321    0.0
-0.594811320754717    0.0
-0.5938679245283018    0.0
-0.5929245283018867    0.0
-0.5919811320754718    0.0
-0.5910377358490566    0.0
-0.5900943396226415    0.0
-0.5891509433962263    0.0
-0.5882075471698114    0.0
-0.5872641509433962    0.0
-0.5863207547169811    0.0
-0.5853773584905659    0.0
-0.584433962264151    0.0
-0.5834905660377359    0.0
-0.5825471698113207    0.0
-0.5816037735849056    0.0
-0.5806603773584906    0.0
-0.5797169811320755    0.0
-0.5787735849056603    0.0
-0.5778301886792452    0.0
-0.5768867924528303    0.0
-0.5759433962264151    0.0
-0.575    0.0
-0.5740566037735848    0.0
-0.5731132075471699    0.0
-0.5721698113207547    0.0
-0.5712264150943396    0.0
-0.5702830188679244    0.0
-0.5693396226415095    0.0
-0.5683962264150944    0.0
-0.5674528301886792    0.0
-0.566509433962264    0.0
-0.5655660377358491    0.0
-0.564622641509434    0.0
-0.5636792452830188    0.00023563410025562696
-0.5627358490566037    0.0
-0.5617924528301887    0.0
-0.5608490566037736    0.0
-0.5599056603773584    0.0
-0.5589622641509433    0.0
-0.5580188679245284    0.0
-0.5570754716981132    0.0
-0.5561320754716981    0.0
-0.5551886792452829    0.0
-0.554245283018868    0.0
-0.5533018867924528    0.0
-0.5523584905660377    0.0
-0.5514150943396225    0.0
-0.5504716981132076    0.0
-0.5495283018867925    0.0
-0.5485849056603773    0.0
-0.5476415094339622    0.0
-0.5466981132075472    0.0
-0.5457547169811321    0.0
-0.5448113207547169    0.0
-0.5438679245283018    0.0
-0.5429245283018869    0.0
-0.5419811320754717    0.00023563410025562696
-0.5410377358490566    0.0
-0.5400943396226414    0.0
-0.5391509433962265    0.00023563410025565466
-0.5382075471698113    0.00023563410025562696
-0.5372641509433962    0.0
-0.536320754716981    0.0
-0.5353773584905661    0.0
-0.534433962264151    0.0
-0.5334905660377358    0.0
-0.5325471698113207    0.0
-0.5316037735849057    0.00023563410025565466
-0.5306603773584906    0.0
-0.5297169811320754    0.0
-0.5287735849056603    0.0
-0.5278301886792454    0.0
-0.5268867924528302    0.0
-0.5259433962264151    0.0
-0.5249999999999999    0.0
-0.524056603773585    0.00023563410025565466
-0.5231132075471698    0.0
-0.5221698113207547    0.0
-0.5212264150943395    0.0
-0.5202830188679246    0.0
-0.5193396226415095    0.0
-0.5183962264150943    0.0004712682005112539
-0.5174528301886792    0.0
-0.5165094339622642    0.0004712682005113093
-0.5155660377358491    0.00023563410025562696
-0.5146226415094339    0.0
-0.5136792452830188    0.0
-0.5127358490566039    0.0
-0.5117924528301887    0.0004712682005112539
-0.5108490566037736    0.0
-0.5099056603773584    0.0
-0.5089622641509435    0.00023563410025565466
-0.5080188679245283    0.0
-0.5070754716981132    0.0
-0.506132075471698    0.0
-0.5051886792452831    0.0
-0.504245283018868    0.0
-0.5033018867924528    0.0
-0.5023584905660377    0.0
-0.5014150943396227    0.0
-0.5004716981132076    0.0
-0.4995283018867924    0.0
-0.49858490566037733    0.0
-0.49764150943396224    0.0
-0.49669811320754714    0.0
-0.49575471698113205    0.0
-0.49481132075471695    0.00023563410025565466
-0.49386792452830186    0.00023563410025562696
-0.49292452830188677    0.0
-0.49198113207547167    0.00023563410025562696
-0.4910377358490566    0.0
-0.4900943396226415    0.00023563410025562696
-0.4891509433962264    0.00023563410025565466
-0.4882075471698113    0.0
-0.4872641509433962    0.0004712682005113093
-0.4863207547169811    0.0009425364010225078
-0.485377358490566    0.00023563410025565466
-0.4844339622641509    0.00023563410025562696
-0.4834905660377358    0.00023563410025565466
-0.48254716981132073    0.00023563410025562696
-0.48160377358490564    0.0004712682005113093
-0.48066037735849054    0.0
-0.47971698113207545    0.0
-0.47877358490566035    0.0007069023007668808
-0.47783018867924526    0.0
-0.47688679245283017    0.0
-0.47594339622641507    0.00023563410025565466
-0.475    0.0004712682005112539
-0.4740566037735849    0.00023563410025565466
-0.4731132075471698    0.0
-0.4721698113207547    0.0
-0.4712264150943396    0.0004712682005112539
-0.4702830188679245    0.0
-0.4693396226415094    0.00023563410025562696
-0.4683962264150943    0.00023563410025565466
-0.4674528301886792    0.0
-0.46650943396226413    0.00023563410025565466
-0.46556603773584904    0.0004712682005112539
-0.46462264150943394    0.00023563410025565466
-0.46367924528301885    0.00023563410025562696
-0.46273584905660375    0.0
-0.46179245283018866    0.00023563410025562696
-0.46084905660377357    0.0004712682005113093
-0.45990566037735847    0.0004712682005112539
-0.4589622641509434    0.0004712682005113093
-0.4580188679245283    0.0004712682005112539
-0.4570754716981132    0.0
-0.4561320754716981    0.0007069023007668808
-0.455188679245283    0.0009425364010226187
-0.4542452830188679    0.0009425364010225078
-0.4533018867924528    0.0004712682005113093
-0.4523584905660377    0.0011781705012781348
-0.4514150943396226    0.0004712682005113093
-0.45047169811320753    0.0007069023007668808
-0.44952830188679244    0.0004712682005113093
-0.44858490566037734    0.0
-0.44764150943396225    0.0004712682005113093
-0.44669811320754715    0.0007069023007668808
-0.44575471698113206    0.00023563410025565466
-0.44481132075471697    0.00023563410025562696
-0.44386792452830187    0.0007069023007669641
-0.4429245283018868    0.0014138046015337617
-0.4419811320754717    0.0007069023007669641
-0.4410377358490566    0.0009425364010225078
-0.4400943396226415    0.0007069023007669641
-0.4391509433962264    0.00023563410025562696
-0.4382075471698113    0.0009425364010226187
-0.4372641509433962    0.00023563410025562696
-0.4363207547169811    0.0004712682005113093
-0.435377358490566    0.0009425364010225078
-0.43443396226415093    0.0
-0.43349056603773584    0.0014138046015337617
-0.43254716981132074    0.0004712682005113093
-0.43160377358490565    0.0009425364010225078
-0.43066037735849055    0.0007069023007669641
-0.42971698113207546    0.00023563410025562696
-0.42877358490566037    0.0007069023007669641
-0.42783018867924527    0.0004712682005112539
-0.4268867924528302    0.0007069023007669641
-0.4259433962264151    0.00023563410025562696
-0.425    0.0004712682005113093
-0.4240566037735849    0.0009425364010225078
-0.4231132075471698    0.0004712682005113093
-0.4221698113207547    0.0023563410025562695
-0.4212264150943396    0.0011781705012782733
-0.4202830188679245    0.0007069023007668808
-0.4193396226415094    0.0009425364010226187
-0.41839622641509433    0.0014138046015337617
-0.41745283018867924    0.0011781705012782733
-0.41650943396226414    0.0009425364010225078
-0.41556603773584905    0.00023563410025565466
-0.41462264150943395    0.0018850728020450157
-0.41367924528301886    0.0011781705012782733
-0.41273584905660377    0.0009425364010225078
-0.41179245283018867    0.0028276092030678564
-0.4108490566037736    0.0025919751028118964
-0.4099056603773585    0.0014138046015339282
-0.4089622641509434    0.0009425364010225078
-0.4080188679245283    0.0018850728020452373
-0.4070754716981132    0.0023563410025562695
-0.4061320754716981    0.0009425364010226187
-0.405188679245283    0.0018850728020450157
-0.4042452830188679    0.0014138046015339282
-0.4033018867924528    0.0009425364010225078
-0.40235849056603773    0.0021207069023008924
-0.40141509433962264    0.0028276092030675233
-0.40047169811320754    0.0018850728020452373
-0.39952830188679245    0.0018850728020450157
-0.39858490566037735    0.0016494387017895829
-0.39764150943396226    0.0025919751028118964
-0.39669811320754716    0.0011781705012782733
-0.39575471698113207    0.0025919751028118964
-0.394811320754717    0.0030632433033235106
-0.3938679245283019    0.0030632433033231507
-0.3929245283018868    0.0030632433033235106
-0.3919811320754717    0.0032988774035787776
-0.3910377358490566    0.0037701456040904746
-0.3900943396226415    0.0028276092030675233
-0.3891509433962264    0.0035345115038348204
-0.3882075471698113    0.0032988774035787776
-0.3872641509433962    0.0021207069023008924
-0.38632075471698113    0.0009425364010225078
-0.38537735849056604    0.0023563410025565466
-0.38443396226415094    0.004005779704345658
-0.38349056603773585    0.0028276092030678564
-0.38254716981132075    0.004948316105368166
-0.38160377358490566    0.0030632433033235106
-0.38066037735849056    0.0023563410025562695
-0.37971698113207547    0.0037701456040904746
-0.3787735849056604    0.004005779704345658
-0.3778301886792453    0.004948316105368748
-0.3768867924528302    0.004005779704345658
-0.3759433962264151    0.00400577970434613
-0.375    0.0032988774035787776
-0.3740566037735849    0.0035345115038348204
-0.3731132075471698    0.004477047904856912
-0.3721698113207547    0.005419584305880058
-0.3712264150943396    0.004241413804601285
-0.37028301886792453    0.005419584305880058
-0.36933962264150944    0.007069023007668809
-0.36839622641509434    0.004948316105368748
-0.36745283018867925    0.0058908525063906736
-0.36650943396226415    0.005890852506391367
-0.36556603773584906    0.006597754807157555
-0.36462264150943396    0.005655218406135713
-0.36367924528301887    0.007304657107924435
-0.3627358490566038    0.005655218406135713
-0.3617924528301887    0.007069023007668809
-0.3608490566037736    0.006833388907413986
-0.3599056603773585    0.007540291208180063
-0.3589622641509434    0.007304657107925295
-0.3580188679245283    0.008011559408691317
-0.3570754716981132    0.007304657107925295
-0.3561320754716981    0.009189729909969451
-0.355188679245283    0.009189729909970534
-0.35424528301886793    0.009189729909969451
-0.35330188679245284    0.004712682005113093
-0.35235849056603774    0.006126486606646301
-0.35141509433962265    0.007069023007669641
-0.35047169811320755    0.009660998110480705
-0.34952830188679246    0.009425364010226187
-0.34858490566037736    0.012488607313548228
-0.34764150943396227    0.009189729909970534
-0.3466981132075472    0.009189729909969451
-0.3457547169811321    0.01107480271201577
-0.344811320754717    0.011781705012781347
-0.3438679245283019    0.013195509614316663
-0.3429245283018868    0.012724241413803856
-0.3419811320754717    0.01201733911303839
-0.3410377358490566    0.012252973213292603
-0.3400943396226415    0.010132266310993152
-0.3391509433962264    0.011074802712014468
-0.33820754716981133    0.013431143714572316
-0.33726415094339623    0.013666777814826364
-0.33632075471698114    0.012724241413805354
-0.33537735849056605    0.015080582416360126
-0.33443396226415095    0.01460931421585059
-0.33349056603773586    0.017201289318660766
-0.33254716981132076    0.015080582416361898
-0.33160377358490567    0.016023118817382633
-0.3306603773584906    0.017436923418918445
-0.3297169811320755    0.01319550961431511
-0.3287735849056604    0.014373680115594936
-0.3278301886792453    0.017201289318660766
-0.3268867924528302    0.01908636212070803
-0.3259433962264151    0.019086362120705785
-0.325    0.016258752917640173
-0.3240566037735849    0.01932199622096141
-0.3231132075471698    0.020735800822497614
-0.32216981132075473    0.017201289318660766
-0.32122641509433963    0.01979326442147499
-0.32028301886792454    0.022856507724795815
-0.31933962264150945    0.020028898521730648
-0.31839622641509435    0.022149605424028936
-0.31745283018867926    0.026391019228633326
-0.31650943396226416    0.02332777592530707
-0.31556603773584907    0.026391019228633326
-0.314622641509434    0.023799044125818323
-0.3136792452830189    0.025919751028122013
-0.3127358490566038    0.025212848727352084
-0.3117924528301887    0.028276092030678563
-0.3108490566037736    0.03039679893297588
-0.3099056603773585    0.025919751028122013
-0.3089622641509434    0.02851172613093086
-0.3080188679245283    0.03110370123374642
-0.3070754716981132    0.025684116927863338
-0.30613207547169813    0.02851172613093422
-0.30518867924528303    0.0270979215293971
-0.30424528301886794    0.036052017339115165
-0.30330188679245285    0.03440257863732153
-0.30235849056603775    0.038408358341671715
-0.30141509433962266    0.03369567633655466
-0.30047169811320756    0.038408358341671715
-0.29952830188679247    0.041235967544734714
-0.2985849056603774    0.040057797043461296
-0.2976415094339623    0.039822162943200956
-0.2966981132075472    0.041235967544739564
-0.2957547169811321    0.04029343114371221
-0.294811320754717    0.04877625875292052
-0.2938679245283019    0.03723018784038906
-0.2929245283018868    0.041000333444483915
-0.2919811320754717    0.05042569745470417
-0.2910377358490566    0.04901189285317617
-0.29009433962264153    0.041235967544734714
-0.28915094339622643    0.05066133155496576
-0.28820754716981134    0.05019006335444854
-0.28726415094339625    0.057494720462379745
-0.28632075471698115    0.054902745359561085
-0.28537735849056606    0.05066133155496576
-0.28443396226415096    0.05843725686339548
-0.28349056603773587    0.05560964766033451
-0.2825471698113208    0.06150050016671863
-0.2816037735849057    0.05985106146493629
-0.2806603773584906    0.06197176836722989
-0.2797169811320755    0.06527064577081634
-0.2787735849056604    0.06456374347004179
-0.2778301886792453    0.06479937757030504
-0.2768867924528302    0.06244303656774114
-0.27594339622641506    0.0683338890741318
-0.27499999999999997    0.07351783927976427
-0.2740566037735849    0.07233966877847747
-0.2731132075471698    0.07870178948538867
-0.2721698113207547    0.07940869178614628
-0.2712264150943396    0.0831788373902461
-0.2702830188679245    0.07681671668333438
-0.2693396226415094    0.07422474158053123
-0.2683962264150943    0.08671334889407072
-0.2674528301886792    0.08765588529510354
-0.2665094339622641    0.08294320328998069
-0.265566037735849    0.08765588529510354
-0.26462264150943393    0.10250083361119773
-0.26367924528301884    0.10132266310993152
-0.26273584905660374    0.09990885850838582
-0.26179245283018865    0.0956674447037958
-0.26084905660377355    0.11027675891963341
-0.25990566037735846    0.09590307880405147
-0.25896226415094337    0.1006157608091527
-0.2580188679245283    0.10909858841836811
-0.2570754716981132    0.11239746582193406
-0.2561320754716981    0.11498944092475949
-0.255188679245283    0.1258286095365048
-0.2542452830188679    0.12559297543626396
-0.2533018867924528    0.12205846393241478
-0.2523584905660377    0.11569634322552645
-0.2514150943396226    0.13831721685005302
-0.2504716981132075    0.1326619984439336
-0.24952830188679243    0.1435011670556768
-0.24858490566037733    0.1321907302434223
-0.24764150943396224    0.1451506057574662
-0.24669811320754714    0.15551850616873208
-0.24575471698113205    0.152219628765135
-0.24481132075471695    0.1548116038679651
-0.24386792452830186    0.16588640657996137
-0.24292452830188677    0.16023118817384518
-0.24198113207547167    0.17366233188839708
-0.24103773584905658    0.17201289318662794
-0.24009433962264148    0.17366233188839708
-0.2391509433962264    0.17766811159276363
-0.2382075471698113    0.18473713460041155
-0.2372641509433962    0.18850728020452373
-0.2363207547169811    0.1764899410914646
-0.235377358490566    0.20759364232523178
-0.23443396226415092    0.195811937312426
-0.23349056603773582    0.21018561742804398
-0.23254716981132073    0.20947871512725236
-0.23160377358490564    0.21018561742804398
-0.23066037735849054    0.21536956763364304
-0.22971698113207545    0.2158408358341797
-0.22877358490566035    0.23634100255639381
-0.22783018867924526    0.22691563854619545
-0.22688679245283017    0.24529509836610766
-0.22594339622641507    0.2615538512837767
-0.22499999999999998    0.24364565966431828
-0.22405660377358488    0.24835834166946003
-0.2231132075471698    0.2556629987773552
-0.2221698113207547    0.2754562631988603
-0.2212264150943396    0.27663443370010604
-0.2202830188679245    0.2733355562965594
-0.2193396226415094    0.28040457930419604
-0.21839622641509432    0.2898299433144553
-0.21745283018867922    0.286766700011098
-0.21650943396226413    0.30797376903414064
-0.21556603773584904    0.3152784261420289
-0.21462264150943394    0.3237612537512695
-0.21367924528301885    0.33012337445813333
-0.21273584905660375    0.31951983994666777
-0.21179245283018866    0.3437901522729597
-0.21084905660377357    0.3487384683783689
-0.20990566037735847    0.33695676336554653
-0.20896226415094338    0.35698566188731684
-0.20801886792452828    0.37253751250414624
-0.2070754716981132    0.3763076581082805
-0.2061320754716981    0.38596865621871695
-0.205188679245283    0.3984572635323121
-0.2042452830188679    0.41306657774811406
-0.2033018867924528    0.4083538957430496
-0.20235849056603772    0.3996354340335433
-0.20141509433962262    0.4029343114371695
-0.20047169811320753    0.42202067355782785
-0.19952830188679244    0.43191730576861503
-0.19858490566037734    0.44958986328773626
-0.19764150943396225    0.45995776369903796
-0.19669811320754715    0.4620784706012845
-0.19575471698113206    0.4896476603312504
-0.19481132075471697    0.4953028787373279
-0.19386792452830187    0.49553851283764183
-0.19292452830188678    0.48964766033119284
-0.19198113207547168    0.5216938979660195
-0.1910377358490566    0.512268533955733
-0.1900943396226415    0.5612804268089694
-0.1891509433962264    0.5405446259864083
-0.1882075471698113    0.5626942314105033
-0.1872641509433962    0.5690563521173391
-0.18632075471698112    0.5725908636212409
-0.18537735849056602    0.5855507391352329
-0.18443396226415093    0.582723129932234
-0.18349056603773584    0.603223296654405
-0.18254716981132074    0.6190107813716048
-0.18160377358490565    0.6512926531065529
-0.18066037735849055    0.635269534289245
-0.17971698113207546    0.6647237968211237
-0.17877358490566037    0.6988907413582718
-0.17783018867924527    0.67085028342777
-0.17688679245283018    0.7003045459598057
-0.17594339622641508    0.7026608869622796
-0.175    0.7295231743915069
-0.1740566037735849    0.7391841725019017
-0.1731132075471698    0.7156207624764233
-0.1721698113207547    0.7603912415249081
-0.1712264150943396    0.7820695787485179
-0.17028301886792452    0.7903167722573727
-0.16933962264150942    0.8061042569745946
-0.16839622641509433    0.8115238412803792
-0.16745283018867924    0.846162054018056
-0.16650943396226414    0.8372079582082426
-0.16556603773584905    0.8815071690564041
-0.16462264150943395    0.8718461709458197
-0.16367924528301886    0.9003578970768565
-0.16273584905660377    0.9196798932977119
-0.16179245283018867    0.9507835945315666
-0.16084905660377358    0.9385306213181621
-0.15990566037735848    0.9488985217295215
-0.1589622641509434    1.003094364788204
-0.1580188679245283    0.9934333666778401
-0.1570754716981132    1.030192286317601
-0.1561320754716981    1.0287784817161885
-0.155188679245283    1.0525775258418857
-0.15424528301886792    1.0747271312660411
-0.15330188679245282    1.0947560297876429
-0.15235849056603773    1.0912215182839369
-0.15141509433962264    1.144003556741069
-0.15047169811320754    1.1404690452373687
-0.14952830188679245    1.1595554073579404
-0.14858490566037735    1.1548427253529636
-0.14764150943396226    1.1984350339001189
-0.14669811320754716    1.208567300211253
-0.14575471698113207    1.2441480493497103
-0.14481132075471698    1.25428031566085
-0.14386792452830188    1.2726597754806412
-0.1429245283018868    1.290332332999965
-0.1419811320754717    1.3148382794263984
-0.1410377358490566    1.3242636434367794
-0.1400943396226415    1.357488051572667
-0.1391509433962264    1.3918906302101521
-0.13820754716981132    1.3702122929864708
-0.13726415094339622    1.4116838946316272
-0.13632075471698113    1.4241725019450093
-0.13537735849056604    1.482845392908835
-0.13443396226415094    1.488736245415051
-0.13349056603773585    1.5240813604535746
-0.13254716981132075    1.5151272646436813
-0.13160377358490566    1.536569967767124
-0.13066037735849056    1.5679093031009417
-0.12971698113207547    1.6228120484606938
-0.12877358490566038    1.6272890963653597
-0.12783018867924528    1.6289385350673409
-0.1268867924528302    1.6362431921750737
-0.1259433962264151    1.7208358341670462
-0.125    1.7147093475601973
-0.1240566037735849    1.7238990774703697
-0.12311320754716981    1.7590085584082553
-0.12216981132075472    1.7465199510949125
-0.12122641509433962    1.8023652328552906
-0.12028301886792453    1.83558964099155
-0.11933962264150944    1.8273424474823872
-0.11839622641509434    1.8846015338447262
-0.11745283018867925    1.9015671890629096
-0.11650943396226415    1.914055796376683
-0.11556603773584906    1.960475714126816
-0.11462264150943396    1.972728687340341
-0.11367924528301887    1.9790908080470109
-0.11273584905660378    2.0146715571858476
-0.11179245283018868    2.042240746915519
-0.11084905660377359    2.110103367789388
-0.1099056603773585    2.0594420362341794
-0.1089622641509434    2.1463910192287585
-0.1080188679245283    2.1534600422361745
-0.10707547169811321    2.146626653329014
-0.10613207547169812    2.194931643881165
-0.10518867924528302    2.223679004112613
-0.10424528301886793    2.250541291541493
-0.10330188679245284    2.244179170834855
-0.10235849056603774    2.3412604201399096
-0.10141509433962265    2.320524619317687
-0.10047169811320755    2.345266199844255
-0.09952830188679246    2.417134600422506
-0.09858490566037736    2.4421118150493175
-0.09764150943396227    2.3648238301657503
-0.09669811320754718    2.4816983438922633
-0.09575471698113208    2.49230187840406
-0.09481132075471699    2.5337734800487564
-0.0938679245283019    2.551446037568229
-0.0929245283018868    2.607998221629279
-0.0919811320754717    2.6004579304214053
-0.09103773584905661    2.595745248415987
-0.09009433962264152    2.7031943981328705
-0.08915094339622642    2.700366788929485
-0.08820754716981133    2.7039013004336376
-0.08726415094339623    2.6702056240967647
-0.08632075471698114    2.792028453929252
-0.08537735849056605    2.8089941091473287
-0.08443396226415095    2.788965210625929
-0.08349056603773586    2.9056040902521363
-0.08254716981132076    2.8756785595200096
-0.08160377358490567    2.8867533622316857
-0.08066037735849058    2.945190619095428
-0.07971698113207548    2.9360008891851117
-0.07877358490566039    3.0205935311772376
-0.0778301886792453    3.021064799377393
-0.0768867924528302    3.082329665444219
-0.0759433962264151    3.0783238857395103
-0.07500000000000001    3.1280426808938158
-0.07405660377358492    3.148071579415176
-0.07311320754716982    3.1652728687342098
-0.07216981132075473    3.151370456818755
-0.07122641509433963    3.215462932088664
-0.07028301886792454    3.217112370790075
-0.06933962264150945    3.2347849283096273
-0.06839622641509435    3.2694231410468237
-0.06745283018867926    3.303354451484023
-0.06650943396226416    3.3309236412135426
-0.06556603773584907    3.341762809825695
-0.06462264150943398    3.339406468822745
-0.06367924528301888    3.369567633655862
-0.06273584905660379    3.4364877181280633
-0.06179245283018869    3.468533955763237
-0.0608490566037736    3.487384683783279
-0.059905660377358505    3.4626431032568457
-0.05896226415094341    3.5288562854282692
-0.05801886792452832    3.545821940647092
-0.05707547169811322    3.5863510058906423
-0.05613207547169813    3.6033166611094716
-0.055188679245283034    3.631357119039467
-0.05424528301886794    3.625466266533503
-0.053301886792452846    3.6657596976767883
-0.05235849056603775    3.7065243970214485
-0.05141509433962266    3.733151050349898
-0.050471698113207564    3.6959208625099436
-0.04952830188679247    3.7635478492828742
-0.048584905660377375    3.794887184617319
-0.04764150943396228    3.759777703678784
-0.04669811320754719    3.78074913860198
-0.04575471698113209    3.819864399243969
-0.044811320754717    3.867698121596316
-0.043867924528301905    3.8860775814157997
-0.04292452830188681    3.8966811159277617
-0.04198113207547172    3.966193175502713
-0.04103773584905662    3.930848060464831
-0.04009433962264153    3.9266066466597676
-0.039150943396226434    3.98245192842082
-0.03820754716981134    3.934382571968203
-0.037264150943396246    3.9645437368013905
-0.03632075471698115    4.021567189062785
-0.03537735849056606    3.9617161275983226
-0.034433962264150964    4.013555629654094
-0.033490566037735814    4.142683116594178
-0.03254716981132072    4.097677003445835
-0.031603773584905626    4.1049816605532765
-0.03066037735849053    4.064688229410043
-0.029716981132075437    4.153757919306192
-0.028773584905660343    4.162240746915884
-0.02783018867924525    4.196878959652972
-0.026886792452830155    4.134671557185973
-0.02594339622641506    4.145039457596734
-0.024999999999999967    4.181091474936337
-0.024056603773584873    4.168131599421785
-0.02311320754716978    4.216907858175197
-0.022169811320754684    4.216907858174699
-0.02122641509433959    4.201591641658579
-0.020283018867924496    4.227747026786459
-0.019339622641509402    4.289247526953682
-0.018396226415094308    4.251546070912277
-0.017452830188679214    4.272988774036042
-0.01650943396226412    4.243063243303075
-0.015566037735849025    4.233402245193092
-0.014622641509433931    4.274638212737329
-0.013679245283018837    4.325063910192541
-0.012735849056603743    4.350983661220152
-0.011792452830188649    4.340144492608904
-0.010849056603773555    4.269925530732216
-0.00990566037735846    4.37831721685032
-0.008962264150943366    4.368656218739324
-0.008018867924528272    4.2795865288432005
-0.007075471698113178    4.304328109369537
-0.006132075471698084    4.323178837390496
-0.00518867924528299    4.313517839279507
-0.004245283018867896    4.379731021451853
-0.0033018867924528017    4.343679004112228
-0.0023584905660377076    4.361115927531657
-0.0014150943396226134    4.299144159163914
-0.0004716981132075193    4.3898632877628465
0.0004716981132075748    4.33166166499919
0.0014150943396227245    4.282885406246276
0.002358490566037763    4.36111592753217
0.0033018867924528017    4.311161498276951
0.004245283018867951    4.287126820050878
0.005188679245283101    4.338966322107115
0.00613207547169814    4.358288318329102
0.007075471698113178    4.324357007891266
0.008018867924528328    4.347213515616062
0.008962264150943478    4.338023785706092
0.009905660377358516    4.222327442481573
0.010849056603773555    4.2875980882513876
0.011792452830188704    4.263327775925059
0.012735849056603854    4.334489274202258
0.013679245283018893    4.218792930977737
0.014622641509433931    4.248954095809465
0.015566037735849081    4.24117817050103
0.01650943396226423    4.238821829498473
0.01745283018867927    4.240942536401772
0.018396226415094308    4.254844948315856
0.019339622641509457    4.202534178059107
0.020283018867924607    4.175671890629965
0.021226415094339646    4.200649105258051
0.022169811320754684    4.231281538290293
0.023113207547169834    4.181798377236611
0.024056603773584984    4.168131599421785
0.025000000000000022    4.221149271980295
0.02594339622641506    4.16247638101565
0.02688679245283021    4.178263865732777
0.02783018867924536    4.182034011336867
0.0287735849056604    4.158234967212028
0.029716981132075437    4.093435589640752
0.030660377358490587    4.0663376681113546
0.03160377358490574    4.054791597198829
0.032547169811320775    3.968785150606459
0.033490566037735814    4.08165388462797
0.034433962264150964    4.063274424808031
0.03537735849056611    3.952055129487375
0.03632075471698115    4.018268311660153
0.03726415094339619    3.967842614204502
0.03820754716981134    3.953468934088909
0.03915094339622649    3.8957385795262804
0.04009433962264153    3.883485606313902
0.04103773584905657    3.837772590863396
0.04198113207547172    3.8651061464930487
0.042924528301886866    3.836594420362118
0.043867924528301905    3.826462154052027
0.04481132075471694    3.8087895965319536
0.04575471698113209    3.8259908858506146
0.04669811320754724    3.80525508502812
0.04764150943396228    3.787346893409583
0.04858490566037732    3.7131221518281694
0.04952830188679247    3.69639213071002
0.05047169811320762    3.661753917972443
0.05141509433962266    3.6641102589758616
0.052358490566037696    3.652799822162729
0.053301886792452846    3.638897410247647
0.054245283018867996    3.6009603201064913
0.055188679245283034    3.5321551628326797
0.05613207547169807    3.53474713793466
0.05707547169811322    3.5149538735131873
0.05801886792452837    3.575747471379139
0.05896226415094341    3.50482160720302
0.05990566037735845    3.417165721907102
0.0608490566037736    3.3936023118815397
0.06179245283018875    3.4232922085137485
0.06273584905660379    3.4265910859181337
0.06367924528301883    3.3884183616759156
0.06462264150943398    3.3481249305322036
0.06556603773584913    3.315607424696927
0.06650943396226416    3.2663598977442696
0.0674528301886792    3.26800933644529
0.06839622641509435    3.2364343670110363
0.0693396226415095    3.2387907080135925
0.07028301886792454    3.14571523841336
0.07122641509433958    3.170221184839205
0.07216981132075473    3.100709125263795
0.07311320754716988    3.0901055907522923
0.07405660377358492    3.1263932421923943
0.07499999999999996    3.0677203512280076
0.0759433962264151    2.9979726575523418
0.07688679245283025    3.0031566077579654
0.0778301886792453    2.947546960098331
0.07877358490566033    2.9171501611646615
0.07971698113207548    2.84127598088235
0.08066037735849063    2.8601267089027997
0.08160377358490567    2.8702589752144676
0.08254716981132071    2.8478737356895074
0.08349056603773586    2.7743558964097517
0.08443396226415101    2.771999555407196
0.08537735849056605    2.7149761031459727
0.08632075471698109    2.761160386795437
0.08726415094339623    2.705786373235364
0.08820754716981138    2.6843436701121024
0.08915094339622642    2.6468778481720805
0.09009433962264146    2.604228076025189
0.09103773584905661    2.6273202178502406
0.09198113207547176    2.520813604534697
0.0929245283018868    2.5151583861291544
0.09386792452830184    2.4762787595863833
0.09481132075471699    2.423025452928612
0.09575471698113214    2.4322151828385814
0.09669811320754718    2.429858841836597
0.09764150943396221    2.39027231299308
0.09858490566037736    2.378726242080554
0.09952830188679251    2.3784906079802983
0.10047169811320755    2.3346626653333016
0.10141509433962259    2.2710414582637326
0.10235849056603774    2.2686851172611764
0.10330188679245289    2.21566744470366
0.10424528301886793    2.2194375903082726
0.10518867924528297    2.1624141380458886
0.10613207547169812    2.171839502056114
0.10707547169811327    2.1138735133932296
0.1080188679245283    2.079706568856653
0.10896226415094334    2.083947982660765
0.1099056603773585    2.0707524730464497
0.11084905660377364    2.0132577525840767
0.11179245283018868    1.9600044459267665
0.11273584905660372    1.951992886517614
0.11367924528301887    1.9425675225073886
0.11462264150943402    1.9305501833943517
0.11556603773584906    1.882480826942647
0.1165094339622641    1.8926130932531957
0.11745283018867925    1.86598643992431
0.1183962264150944    1.8219228631765076
0.11933962264150944    1.8011870623544364
0.12028301886792447    1.7835145048348404
0.12122641509433962    1.7557096810046764
0.12216981132075477    1.7177725908635206
0.12311320754716981    1.7125886406582997
0.12405660377358485    1.6605135045014032
0.125    1.656743358897313
0.12594339622641515    1.681484939424154
0.1268867924528302    1.60561075914222
0.12783018867924523    1.6211626097587135
0.12877358490566038    1.5813404468155126
0.12971698113207553    1.5565988662886716
0.13066037735849056    1.4821384906082424
0.1316037735849056    1.5179548738467488
0.13254716981132075    1.4764832722017585
0.1334905660377359    1.4632877625874434
0.13443396226415094    1.44679337556989
0.13537735849056598    1.4279426475490995
0.13632075471698113    1.4432588640657151
0.13726415094339628    1.4083850172278822
0.13820754716981132    1.3372235189509978
0.13915094339622636    1.3141313771256316
0.1400943396226415    1.3355740802488936
0.14103773584905666    1.2832633099921444
0.1419811320754717    1.2875047237970487
0.14292452830188673    1.2212915416249144
0.14386792452830188    1.219170834722614
0.14481132075471703    1.227889296432072
0.14575471698113207    1.198199399800145
0.1466981132075471    1.163561187062286
0.14764150943396226    1.145181727242347
0.1485849056603774    1.1381127042346781
0.14952830188679245    1.1355207291321334
0.15047169811320749    1.133871290430077
0.15141509433962264    1.1204401467155063
0.15235849056603779    1.0457441369344724
0.15330188679245282    1.0740202289654004
0.15424528301886786    1.0393820162275706
0.155188679245283    1.0257152384127441
0.15613207547169816    1.008278314993828
0.1570754716981132    0.9901344892743774
0.15801886792452824    0.9668067133488374
0.1589622641509434    0.9769389796598292
0.15990566037735854    0.957616983438868
0.16084905660377358    0.9045993108815649
0.16179245283018862    0.9229787707012908
0.16273584905660377    0.9208580637989902
0.16367924528301891    0.8647771479381509
0.16462264150943395    0.8537023452263375
0.165566037735849    0.8522885406246027
0.16650943396226414    0.8534667111258809
0.1674528301886793    0.8296676670000624
0.16839622641509433    0.7955007224631838
0.16933962264150937    0.7773568967433133
0.17028301886792452    0.7632188507279757
0.17122641509433967    0.7587418028231188
0.1721698113207547    0.7394198066023314
0.17311320754716975    0.7469600978103375
0.1740566037735849    0.7248104923863086
0.17500000000000004    0.7123218850727603
0.17594339622641508    0.6920573524509392
0.17688679245283012    0.6786262087362057
0.17783018867924527    0.6807469156385062
0.17877358490566042    0.6583616761142217
0.17971698113207546    0.6496432144049163
0.1806603773584905    0.6470512393019516
0.18160377358490565    0.6534133600088535
0.1825471698113208    0.6098210514615626
0.18349056603773584    0.5886139824386947
0.18443396226415087    0.6109992219628407
0.18537735849056602    0.5843725686339548
0.18632075471698117    0.5707057908191285
0.1872641509433962    0.5789529843282117
0.18820754716981125    0.5643436701122265
0.1891509433962264    0.5325330665777169
0.19009433962264155    0.5285272868733712
0.1910377358490566    0.533475602978865
0.19198113207547163    0.510383461153688
0.19292452830188678    0.5188662887628905
0.19386792452830193    0.48493497832608023
0.19481132075471697    0.4698543959098307
0.195754716981132    0.48446371012556905
0.19669811320754715    0.45595198399463815
0.1976415094339623    0.4540669111925932
0.19858490566037734    0.4493542291875864
0.19952830188679238    0.42767589196396294
0.20047169811320753    0.43026786706677483
0.20141509433962268    0.4239057463598729
0.20235849056603772    0.4118884072469329
0.20330188679245276    0.4121240413470915
0.2042452830188679    0.41825052795373785
0.20518867924528306    0.3918595087251076
0.2061320754716981    0.38337668111599527
0.20707547169811313    0.3635834166944324
0.20801886792452828    0.3690030010003118
0.20896226415094343    0.35604312548625233
0.20990566037735858    0.34944537067909476
0.21084905660377362    0.3527442480827566
0.21179245283018866    0.34991663887960606
0.2127358490566038    0.32706013115481025
0.21367924528301896    0.3357785928642684
0.214622641509434    0.3006691119262508
0.21556603773584904    0.3016116483272025
0.2165094339622642    0.30538179393129256
0.21745283018867934    0.30373235522950315
0.21839622641509437    0.29524952762037004
0.2193396226415094    0.2735711903967829
0.22028301886792456    0.27474936089806107
0.2212264150943397    0.26343892408579095
0.22216981132075475    0.27498499499838136
0.2231132075471698    0.26603089918860284
0.22405660377358494    0.2641458263865578
0.2250000000000001    0.26202511948425716
0.22594339622641513    0.24859397576974496
0.22688679245283017    0.24835834166943083
0.22783018867924532    0.245059464265852
0.22877358490566047    0.23139268645102568
0.2297169811320755    0.23634100255644946
0.23066037735849054    0.22455929754361248
0.2316037735849057    0.20900744692674111
0.23254716981132084    0.20665110592418484
0.23349056603773588    0.21678337223522784
0.23443396226415092    0.21089251972878612
0.23537735849056607    0.19463376681114786
0.23632075471698122    0.19369123041012534
0.23726415094339626    0.18850728020454594
0.2382075471698113    0.1932199622096141
0.23915094339622645    0.17861064799376522
0.2400943396226416    0.1757830387906977
0.24103773584905663    0.1821451594976425
0.24198113207547167    0.1713059908858408
0.24292452830188682    0.17107035678558516
0.24386792452830197    0.15858174947203696
0.244811320754717    0.16447260197846633
0.24575471698113205    0.15858174947203696
0.2466981132075472    0.14986328776257876
0.24764150943396235    0.15975991997331507
0.2485849056603774    0.16400133377795495
0.24952830188679243    0.1380815827497974
0.2504716981132076    0.13054129154161734
0.2514150943396227    0.1390241191508199
0.25235849056603776    0.12818495053909124
0.2533018867924528    0.13007002334110607
0.25424528301886795    0.12865621873957234
0.2551886792452831    0.12629987773701606
0.25613207547169814    0.1324263643436935
0.2570754716981132    0.11121929532065593
0.25801886792452833    0.1390241191508199
0.2589622641509435    0.11522507502500158
0.2599056603773585    0.11899522062911963
0.26084905660377355    0.10603534511503214
0.2617924528301887    0.1057997110147765
0.26273584905660385    0.10933422251861091
0.2636792452830189    0.10391463821275594
0.26462264150943393    0.10391463821273149
0.2655660377358491    0.10438590641324275
0.26650943396226423    0.09731688340557393
0.26745283018867927    0.09189729909971614
0.2683962264150943    0.0935467378014839
0.26933962264150946    0.09236856730020578
0.2702830188679246    0.08836278759586011
0.27122641509433965    0.08883405579639227
0.2721698113207547    0.08459264199177008
0.27311320754716983    0.08671334889407072
0.274056603773585    0.09048349449816075
0.275    0.07186840057798315
0.27594339622641506    0.0838857396910032
0.2768867924528302    0.07893742358563502
0.27783018867924536    0.06739135267310932
0.2787735849056604    0.07634544848284111
0.27971698113207544    0.07351783927975561
0.2806603773584906    0.06692008447259806
0.28160377358490574    0.06220740246748552
0.2825471698113208    0.06550627987107971
0.2834905660377358    0.06762698677336494
0.28443396226415096    0.07116149827719935
0.2853773584905661    0.05702345226186172
0.28632075471698115    0.0657419139713354
0.2872641509433962    0.059379793264417995
0.28820754716981134    0.054902745359561085
0.2891509433962265    0.056080915860839214
0.29009433962264153    0.05608091586085241
0.29103773584905657    0.05820162276313986
0.2919811320754717    0.05254640435700481
0.29292452830188687    0.05254640435700481
0.2938679245283019    0.047126820051136484
0.29481132075471694    0.04712682005112539
0.2957547169811321    0.052310770256749184
0.29669811320754724    0.051368233855726676
0.2976415094339623    0.05042569745471604
0.2985849056603773    0.03958652884294533
0.29952830188679247    0.04359230854729099
0.3004716981132076    0.03864399244192282
0.30141509433962266    0.03746582194065351
0.3023584905660377    0.04217850394575723
0.30330188679245285    0.03393131043681028
0.304245283018868    0.03746582194064469
0.30518867924528303    0.0388796265421876
0.3061320754716981    0.03463821273757716
0.3070754716981132    0.03487384683783279
0.3080188679245284    0.04147160164499034
0.3089622641509434    0.03510948093809668
0.30990566037735845    0.03487384683783279
0.3108490566037736    0.03463821273757716
0.31179245283018875    0.02686228742914147
0.3127358490566038    0.030632433033238714
0.3136792452830188    0.031574969434254016
0.314622641509434    0.0358163832388553
0.3155660377358491    0.03039679893297588
0.31650943396226416    0.02756918972991484
0.3174528301886792    0.03086806713348713
0.31839622641509435    0.026155385128374592
0.3193396226415095    0.027333555629652728
0.32028301886792454    0.025448482827613698
0.3212264150943396    0.019793264421472664
0.32216981132075473    0.02144270312326205
0.3231132075471699    0.024034678226073948
0.3240566037735849    0.025448482827613698
0.32499999999999996    0.0209714349227508
0.3259433962264151    0.019086362120705785
0.32688679245283025    0.023092141825051444
0.3278301886792453    0.024270312326335287
0.32877358490566033    0.01861509392019453
0.3297169811320755    0.020028898521728292
0.33066037735849063    0.01696565521840514
0.33160377358490567    0.021678337223522783
0.3325471698113207    0.018143825719683274
0.33349056603773586    0.016730021118149516
0.334433962264151    0.017201289318660766
0.33537735849056605    0.014609314215852308
0.3363207547169811    0.01932199622096141
0.33726415094339623    0.018143825719683274
0.3382075471698114    0.014844948316104499
0.3391509433962264    0.01720128931866482
0.34009433962264146    0.014138046015337618
0.3410377358490566    0.016494387017893887
0.34198113207547176    0.014844948316104499
0.3429245283018868    0.015787484717130724
0.34386792452830184    0.017436923418916395
0.344811320754717    0.011546070912525722
0.34575471698113214    0.012959875514059482
0.3466981132075472    0.014138046015340945
0.3476415094339622    0.01460931421584887
0.34858490566037736    0.013666777814826364
0.3495283018867925    0.014373680115593245
0.35047169811320755    0.010132266310994344
0.3514150943396226    0.011310436812270093
0.35235849056603774    0.010367900411247586
0.3533018867924529    0.009425364010225078
0.35424528301886793    0.009896632210738662
0.35518867924528297    0.011546070912525722
0.3561320754716981    0.008954095809713824
0.35707547169811327    0.010132266310991959
0.3580188679245283    0.005655218406136378
0.35896226415094334    0.011074802712014468
0.3599056603773585    0.008954095809713824
0.36084905660377364    0.010367900411247586
0.3617924528301887    0.011310436812272756
0.3627358490566037    0.00848282760920257
0.36367924528301887    0.009425364010225078
0.364622641509434    0.00777592530843569
0.36556603773584906    0.009896632210738662
0.3665094339622641    0.00848282760920257
0.36745283018867925    0.005655218406135047
0.3683962264150944    0.009425364010225078
0.36933962264150944    0.006126486606647743
0.3702830188679245    0.006362120706901928
0.3712264150943396    0.004477047904856912
0.3721698113207548    0.006833388907413182
0.3731132075471698    0.008482827609204567
0.37405660377358485    0.006362120706901928
0.375    0.006597754807157555
0.37594339622641515    0.005655218406135047
0.3768867924528302    0.004712682005113648
0.3778301886792452    0.006362120706901928
0.3787735849056604    0.0037701456040900314
0.3797169811320755    0.006597754807157555
0.38066037735849056    0.0063621207069034244
0.3816037735849056    0.00541958430587942
0.38254716981132075    0.0030632433033231507
0.3834905660377359    0.004477047904856912
0.38443396226415094    0.005419584305880696
0.385377358490566    0.004241413804601285
0.38632075471698113    0.004241413804601285
0.3872641509433963    0.004241413804601285
0.3882075471698113    0.003298877403579554
0.38915094339622636    0.0032988774035787776
0.3900943396226415    0.0032988774035787776
0.39103773584905666    0.0032988774035787776
0.3919811320754717    0.003298877403579554
0.39292452830188673    0.0032988774035787776
0.3938679245283019    0.004005779704345658
0.39481132075471703    0.0035345115038344045
0.39575471698113207    0.004005779704346601
0.3966981132075471    0.0023563410025562695
0.39764150943396226    0.0025919751028118964
0.3985849056603774    0.0035345115038344045
0.39952830188679245    0.002827609203068189
0.4004716981132075    0.0007069023007668808
0.40141509433962264    0.0032988774035787776
0.4023584905660378    0.0037701456040900314
0.4033018867924528    0.0035345115038352363
0.40424528301886786    0.0023563410025562695
0.405188679245283    0.0023563410025562695
0.40613207547169816    0.0018850728020450157
0.4070754716981132    0.0035345115038352363
0.40801886792452824    0.0016494387017893888
0.4089622641509434    0.0011781705012781348
0.40990566037735854    0.0023563410025562695
0.4108490566037736    0.001649438701789777
0.4117924528301886    0.0014138046015337617
0.41273584905660377    0.0023563410025562695
0.4136792452830189    0.0018850728020450157
0.41462264150943395    0.001649438701789777
0.415566037735849    0.0018850728020450157
0.41650943396226414    0.0014138046015337617
0.4174528301886793    0.0018850728020450157
0.41839622641509433    0.0014138046015340945
0.41933962264150937    0.0011781705012781348
0.4202830188679245    0.0011781705012781348
0.42122641509433967    0.0016494387017893888
0.4221698113207547    0.002356341002556824
0.42311320754716975    0.0014138046015337617
0.4240566037735849    0.0025919751028118964
0.42500000000000004    0.0018850728020450157
0.4259433962264151    0.0009425364010227297
0.4268867924528301    0.0009425364010225078
0.42783018867924527    0.0014138046015337617
0.4287735849056604    0.00023563410025562696
0.42971698113207546    0.001178170501278412
0.4306603773584905    0.0007069023007668808
0.43160377358490565    0.0009425364010225078
0.4325471698113208    0.0011781705012781348
0.43349056603773584    0.0007069023007670473
0.4344339622641509    0.0014138046015337617
0.435377358490566    0.0007069023007668808
0.4363207547169812    0.00023563410025562696
0.4372641509433962    0.00047126820051136484
0.43820754716981125    0.0004712682005112539
0.4391509433962264    0.0016494387017893888
0.44009433962264155    0.0004712682005112539
0.4410377358490566    0.00023563410025568242
0.4419811320754716    0.0009425364010225078
0.4429245283018868    0.0007069023007668808
0.4438679245283019    0.0016494387017893888
0.44481132075471697    0.0007069023007670473
0.445754716981132    0.0004712682005112539
0.44669811320754715    0.0004712682005112539
0.4476415094339623    0.0007069023007668808
0.44858490566037745    0.0018850728020450157
0.4495283018867925    0.00047126820051136484
0.45047169811320753    0.0009425364010225078
0.4514150943396227    0.0004712682005112539
0.45235849056603783    0.0007069023007668808
0.45330188679245287    0.00047126820051136484
0.4542452830188679    0.0004712682005112539
0.45518867924528306    0.00023563410025562696
0.4561320754716982    0.0
0.45707547169811324    0.00047126820051136484
0.4580188679245283    0.00023563410025562696
0.45896226415094343    0.0
0.4599056603773586    0.0016494387017893888
0.4608490566037736    0.00023563410025568242
0.46179245283018866    0.0
0.4627358490566038    0.0007069023007668808
0.46367924528301896    0.00023563410025562696
0.464622641509434    0.00047126820051136484
0.46556603773584904    0.0004712682005112539
0.4665094339622642    0.0004712682005112539
0.46745283018867934    0.0009425364010225078
0.4683962264150944    0.00023563410025568242
0.4693396226415094    0.0014138046015337617
0.47028301886792456    0.0
0.4712264150943397    0.00023563410025562696
0.47216981132075475    0.00047126820051136484
0.4731132075471698    0.0
0.47405660377358494    0.0
0.4750000000000001    0.0004712682005112539
0.4759433962264151    0.00047126820051136484
0.47688679245283017    0.0
0.4778301886792453    0.0004712682005112539
0.47877358490566047    0.0004712682005112539
0.4797169811320755    0.00047126820051136484
0.48066037735849054    0.00023563410025562696
0.4816037735849057    0.0004712682005112539
0.48254716981132084    0.00023563410025562696
0.4834905660377359    0.00023563410025568242
0.4844339622641509    0.00023563410025562696
0.48537735849056607    0.0
0.4863207547169812    0.0
0.48726415094339626    0.00023563410025568242
0.4882075471698113    0.0
0.48915094339622645    0.0
0.4900943396226416    0.00023563410025562696
0.49103773584905663    0.0
0.49198113207547167    0.00023563410025562696
0.4929245283018868    0.00023563410025562696
0.49386792452830197    0.0
0.494811320754717    0.0
0.49575471698113205    0.0
0.4966981132075472    0.0004712682005112539
0.49764150943396235    0.00023563410025562696
0.4985849056603774    0.00023563410025568242
0.4995283018867924    0.0
0.5004716981132076    0.00023563410025562696
0.5014150943396227    0.00023563410025562696
0.5023584905660378    0.0
0.5033018867924528    0.0004712682005112539
0.504245283018868    0.0
0.5051886792452831    0.0
0.5061320754716981    0.0
0.5070754716981132    0.00023563410025562696
0.5080188679245283    0.0
0.5089622641509435    0.0004712682005112539
0.5099056603773585    0.00023563410025568242
0.5108490566037736    0.0
0.5117924528301887    0.0
0.5127358490566039    0.0
0.5136792452830189    0.0
0.5146226415094339    0.0
0.5155660377358491    0.0
0.5165094339622642    0.0
0.5174528301886793    0.0
0.5183962264150943    0.0
0.5193396226415095    0.0
0.5202830188679246    0.0
0.5212264150943396    0.0
0.5221698113207547    0.00023563410025562696
0.5231132075471698    0.00023563410025562696
0.524056603773585    0.0
0.525    0.0
0.5259433962264151    0.00023563410025562696
0.5268867924528302    0.0
0.5278301886792454    0.0
0.5287735849056604    0.0
0.5297169811320754    0.0
0.5306603773584906    0.0
0.5316037735849057    0.0
0.5325471698113208    0.0
0.5334905660377358    0.0
0.534433962264151    0.0
0.5353773584905661    0.0
0.5363207547169812    0.0
0.5372641509433962    0.00023563410025562696
0.5382075471698113    0.0
0.5391509433962265    0.00023563410025562696
0.5400943396226415    0.0
0.5410377358490566    0.0
0.5419811320754717    0.0
0.5429245283018869    0.0
0.5438679245283019    0.0
0.5448113207547169    0.00023563410025562696
0.5457547169811321    0.0
0.5466981132075472    0.0
0.5476415094339623    0.00023563410025568242
0.5485849056603773    0.0
0.5495283018867925    0.00023563410025562696
0.5504716981132076    0.0
0.5514150943396227    0.0
0.5523584905660377    0.00023563410025562696
0.5533018867924528    0.0
0.554245283018868    0.00023563410025562696
0.555188679245283    0.0
0.5561320754716981    0.0
0.5570754716981132    0.0
0.5580188679245284    0.0
0.5589622641509434    0.0
0.5599056603773584    0.00023563410025562696
0.5608490566037736    0.0
0.5617924528301887    0.0
0.5627358490566038    0.00023563410025568242
0.5636792452830188    0.0
0.564622641509434    0.0
0.5655660377358491    0.0
0.5665094339622642    0.0
0.5674528301886792    0.0
0.5683962264150944    0.0
0.5693396226415095    0.0
0.5702830188679245    0.00023563410025568242
0.5712264150943396    0.0
0.5721698113207547    0.0
0.5731132075471699    0.0
0.5740566037735849    0.00023563410025568242
0.575    0.0
0.5759433962264151    0.00023563410025562696
0.5768867924528303    0.0
0.5778301886792453    0.0
0.5787735849056603    0.0
0.5797169811320755    0.0
0.5806603773584906    0.0
0.5816037735849057    0.0
0.5825471698113207    0.0
0.5834905660377359    0.0
0.584433962264151    0.0
0.585377358490566    0.0
0.5863207547169811    0.0
0.5872641509433962    0.0
0.5882075471698114    0.0
0.5891509433962264    0.0
0.5900943396226415    0.00023563410025562696
0.5910377358490566    0.0
0.5919811320754718    0.0
0.5929245283018868    0.0
0.5938679245283018    0.0
0.594811320754717    0.0
0.5957547169811321    0.0
0.5966981132075472    0.0
0.5976415094339622    0.0
0.5985849056603774    0.0
0.5995283018867925    0.0
0.6004716981132076    0.0
0.6014150943396226    0.00023563410025562696
0.6023584905660377    0.0
0.6033018867924529    0.0
0.6042452830188679    0.0
0.605188679245283    0.0
0.6061320754716981    0.0
0.6070754716981133    0.0
0.6080188679245283    0.0
0.6089622641509433    0.0
0.6099056603773585    0.0
0.6108490566037736    0.0
0.6117924528301887    0.0
0.6127358490566037    0.0
0.6136792452830189    0.0
0.614622641509434    0.0
0.6155660377358491    0.0
0.6165094339622641    0.0
0.6174528301886792    0.0
0.6183962264150944    0.0
0.6193396226415094    0.0
0.6202830188679245    0.0
0.6212264150943396    0.0
0.6221698113207548    0.0
0.6231132075471698    0.0
0.6240566037735849    0.0
0.625    0.0
0.6259433962264151    0.00023563410025562696
0.6268867924528302    0.0
0.6278301886792452    0.0
0.6287735849056604    0.0
0.6297169811320755    0.0
0.6306603773584906    0.00023563410025568242
0.6316037735849056    0.0
0.6325471698113208    0.0
0.6334905660377359    0.0
0.6344339622641509    0.0
0.635377358490566    0.0
0.6363207547169811    0.0
0.6372641509433963    0.0
0.6382075471698113    0.0
0.6391509433962264    0.0
0.6400943396226415    0.0
0.6410377358490567    0.0
0.6419811320754717    0.0
0.6429245283018867    0.0
0.6438679245283019    0.0
0.644811320754717    0.0
0.6457547169811321    0.0
0.6466981132075471    0.0
0.6476415094339623    0.0
0.6485849056603774    0.0
0.6495283018867924    0.0
0.6504716981132075    0.0
0.6514150943396226    0.0
0.6523584905660378    0.0
0.6533018867924528    0.0
0.6542452830188679    0.0
0.655188679245283    0.0
0.6561320754716982    0.0
0.6570754716981132    0.0
0.6580188679245282    0.0
0.6589622641509434    0.0
0.6599056603773585    0.0
0.6608490566037736    0.0
0.6617924528301886    0.0
0.6627358490566038    0.0
0.6636792452830189    0.0
0.664622641509434    0.0
0.665566037735849    0.0
0.6665094339622641    0.0
0.6674528301886793    0.0
0.6683962264150943    0.0
0.6693396226415094    0.0
0.6702830188679245    0.0
0.6712264150943397    0.0
0.6721698113207547    0.0
0.6731132075471697    0.0
0.6740566037735849    0.0
0.675    0.0
0.6759433962264151    0.0
0.6768867924528301    0.0
0.6778301886792453    0.0
0.6787735849056604    0.0
0.6797169811320755    0.0
0.6806603773584905    0.0
0.6816037735849056    0.0
0.6825471698113208    0.0
0.6834905660377358    0.0
0.6844339622641509    0.0
0.685377358490566    0.0
0.6863207547169812    0.0
0.6872641509433962    0.0
0.6882075471698113    0.0
0.6891509433962264    0.0
0.6900943396226416    0.0
0.6910377358490567    0.0
0.6919811320754717    0.0
0.6929245283018868    0.0
0.6938679245283019    0.0
0.6948113207547171    0.0
0.6957547169811321    0.0
0.6966981132075472    0.0
0.6976415094339623    0.0
0.6985849056603775    0.0
0.6995283018867925    0.0
0.7004716981132075    0.0
0.7014150943396227    0.0
0.7023584905660378    0.0
0.7033018867924529    0.0
0.7042452830188679    0.0
0.7051886792452831    0.0
0.7061320754716982    0.0
0.7070754716981132    0.0
0.7080188679245283    0.0
0.7089622641509434    0.0
0.7099056603773586    0.0
0.7108490566037736    0.0
0.7117924528301887    0.0
0.7127358490566038    0.0
0.713679245283019    0.0
0.714622641509434    0.0
0.715566037735849    0.0
0.7165094339622642    0.0
0.7174528301886793    0.0
0.7183962264150944    0.0
0.7193396226415094    0.0
0.7202830188679246    0.0
0.7212264150943397    0.0
0.7221698113207548    0.0
0.7231132075471698    0.0
0.7240566037735849    0.0
0.7250000000000001    0.0
0.7259433962264151    0.0
0.7268867924528302    0.0
0.7278301886792453    0.0
0.7287735849056605    0.0
0.7297169811320755    0.0
0.7306603773584905    0.0
0.7316037735849057    0.0
0.7325471698113208    0.0
0.7334905660377359    0.0
0.7344339622641509    0.0
0.7353773584905661    0.0
0.7363207547169812    0.0
0.7372641509433963    0.0
0.7382075471698113    0.0
0.7391509433962264    0.0
0.7400943396226416    0.0
0.7410377358490566    0.0
0.7419811320754717    0.0
0.7429245283018868    0.0
0.743867924528302    0.0
0.744811320754717    0.0
0.745754716981132    0.0
0.7466981132075472    0.0
0.7476415094339623    0.0
0.7485849056603774    0.0
0.7495283018867924    0.0
0.7504716981132076    0.0
0.7514150943396227    0.0
0.7523584905660378    0.0
0.7533018867924528    0.0
0.754245283018868    0.0
0.7551886792452831    0.0
0.7561320754716981    0.0
0.7570754716981132    0.0
0.7580188679245283    0.0
0.7589622641509435    0.0
0.7599056603773585    0.0
0.7608490566037736    0.0
0.7617924528301887    0.0
0.7627358490566039    0.0
0.7636792452830189    0.0
0.7646226415094339    0.0
0.7655660377358491    0.0
0.7665094339622642    0.0
0.7674528301886793    0.0
0.7683962264150943    0.0
0.7693396226415095    0.0
0.7702830188679246    0.0
0.7712264150943396    0.0
0.7721698113207547    0.0
0.7731132075471698    0.0
0.774056603773585    0.0
0.775    0.0
0.7759433962264151    0.0
0.7768867924528302    0.0
0.7778301886792454    0.0
0.7787735849056604    0.0
0.7797169811320754    0.0
0.7806603773584906    0.0
0.7816037735849057    0.0
0.7825471698113208    0.0
0.7834905660377358    0.0
0.784433962264151    0.0
0.7853773584905661    0.0
0.7863207547169812    0.0
0.7872641509433962    0.0
0.7882075471698113    0.0
0.7891509433962265    0.0
0.7900943396226415    0.0
0.7910377358490566    0.0
0.7919811320754717    0.0
0.7929245283018869    0.0
0.7938679245283019    0.0
0.7948113207547169    0.0
0.7957547169811321    0.0
0.7966981132075472    0.0
0.7976415094339623    0.0
0.7985849056603773    0.0
0.7995283018867925    0.0
0.8004716981132076    0.0
0.8014150943396227    0.0
0.8023584905660377    0.0
0.8033018867924528    0.0
0.804245283018868    0.0
0.805188679245283    0.0
0.8061320754716981    0.0
0.8070754716981132    0.0
0.8080188679245284    0.0
0.8089622641509434    0.0
0.8099056603773584    0.0
0.8108490566037736    0.0
0.8117924528301887    0.0
0.8127358490566038    0.0
0.8136792452830188    0.0
0.814622641509434    0.0
0.8155660377358491    0.0
0.8165094339622642    0.0
0.8174528301886792    0.0
0.8183962264150944    0.0
0.8193396226415095    0.0
0.8202830188679245    0.0
0.8212264150943396    0.0
0.8221698113207547    0.0
0.8231132075471699    0.0
0.8240566037735849    0.0
0.825    0.0
0.8259433962264151    0.0
0.8268867924528303    0.0
0.8278301886792453    0.0
0.8287735849056603    0.0
0.8297169811320755    0.0
0.8306603773584906    0.0
0.8316037735849057    0.0
0.8325471698113207    0.0
0.8334905660377359    0.0
0.834433962264151    0.0
0.835377358490566    0.0
0.8363207547169811    0.0
0.8372641509433962    0.0
0.8382075471698114    0.0
0.8391509433962264    0.0
0.8400943396226415    0.0
0.8410377358490566    0.0
0.8419811320754718    0.0
0.8429245283018868    0.0
0.8438679245283018    0.0
0.844811320754717    0.0
0.8457547169811321    0.0
0.8466981132075472    0.0
0.8476415094339622    0.0
0.8485849056603774    0.0
0.8495283018867925    0.0
0.8504716981132076    0.0
0.8514150943396226    0.0
0.8523584905660377    0.0
0.8533018867924529    0.0
0.8542452830188679    0.0
0.855188679245283    0.0
0.8561320754716981    0.0
0.8570754716981133    0.0
0.8580188679245283    0.0
0.8589622641509433    0.0
0.8599056603773585    0.0
0.8608490566037736    0.0
0.8617924528301887    0.0
0.8627358490566037    0.0
0.8636792452830189    0.0
0.864622641509434    0.0
0.8655660377358491    0.0
0.8665094339622641    0.0
0.8674528301886792    0.0
0.8683962264150944    0.0
0.8693396226415094    0.0
0.8702830188679245    0.0
0.8712264150943396    0.0
0.8721698113207548    0.0
0.8731132075471698    0.0
0.8740566037735849    0.0
0.875    0.0
0.8759433962264151    0.0
0.8768867924528302    0.0
0.8778301886792452    0.0
0.8787735849056604    0.0
0.8797169811320755    0.0
0.8806603773584906    0.0
0.8816037735849056    0.0
0.8825471698113208    0.0
0.8834905660377359    0.0
0.8844339622641509    0.0
0.885377358490566    0.0
0.8863207547169811    0.0
0.8872641509433963    0.0
0.8882075471698113    0.0
0.8891509433962264    0.0
0.8900943396226415    0.0
0.8910377358490567    0.0
0.8919811320754717    0.0
0.8929245283018867    0.0
0.8938679245283019    0.0
0.894811320754717    0.0
0.8957547169811321    0.0
0.8966981132075471    0.0
0.8976415094339623    0.0
0.8985849056603774    0.0
0.8995283018867924    0.0
0.9004716981132075    0.0
0.9014150943396226    0.0
0.9023584905660378    0.0
0.9033018867924528    0.0
0.9042452830188679    0.0
0.905188679245283    0.0
0.9061320754716982    0.0
0.9070754716981132    0.0
0.9080188679245282    0.0
0.9089622641509434    0.0
0.9099056603773585    0.0
0.9108490566037736    0.0
0.9117924528301886    0.0
0.9127358490566038    0.0
0.9136792452830189    0.0
0.914622641509434    0.0
0.915566037735849    0.0
0.9165094339622641    0.0
0.9174528301886793    0.0
0.9183962264150943    0.0
0.9193396226415094    0.0
0.9202830188679245    0.0
0.9212264150943397    0.0
0.9221698113207547    0.0
0.9231132075471697    0.0
0.9240566037735849    0.0
0.925    0.0
0.9259433962264151    0.0
0.9268867924528301    0.0
0.9278301886792453    0.0
0.9287735849056604    0.0
0.9297169811320755    0.0
0.9306603773584905    0.0
0.9316037735849056    0.0
0.9325471698113208    0.0
0.933490566037736    0.0
0.934433962264151    0.0
0.935377358490566    0.0
0.9363207547169812    0.0
0.9372641509433963    0.0
0.9382075471698114    0.0
0.9391509433962264    0.0
0.9400943396226416    0.0
0.9410377358490567    0.0
0.9419811320754717    0.0
0.9429245283018868    0.0
0.9438679245283019    0.0
0.9448113207547171    0.0
0.9457547169811321    0.0
0.9466981132075472    0.0
0.9476415094339623    0.0
0.9485849056603775    0.0
0.9495283018867925    0.0
0.9504716981132075    0.0
0.9514150943396227    0.0
0.9523584905660378    0.0
0.9533018867924529    0.0
0.9542452830188679    0.0
0.9551886792452831    0.0
0.9561320754716982    0.0
0.9570754716981132    0.0
0.9580188679245283    0.0
0.9589622641509434    0.0
0.9599056603773586    0.0
0.9608490566037736    0.0
0.9617924528301887    0.0
0.9627358490566038    0.0
0.963679245283019    0.0
0.964622641509434    0.0
0.965566037735849    0.0
0.9665094339622642    0.0
0.9674528301886793    0.0
0.9683962264150944    0.0
0.9693396226415094    0.0
0.9702830188679246    0.0
0.9712264150943397    0.0
0.9721698113207548    0.0
0.9731132075471698    0.0
0.9740566037735849    0.0
0.9750000000000001    0.0
0.9759433962264151    0.0
0.9768867924528302    0.0
0.9778301886792453    0.0
0.9787735849056605    0.0
0.9797169811320755    0.0
0.9806603773584905    0.0
0.9816037735849057    0.0
0.9825471698113208    0.0
0.9834905660377359    0.0
0.9844339622641509    0.0
0.9853773584905661    0.0
0.9863207547169812    0.0
0.9872641509433963    0.0
0.9882075471698113    0.0
0.9891509433962264    0.0
0.9900943396226416    0.0
0.9910377358490566    0.0
0.9919811320754717    0.0
0.9929245283018868    0.0
0.993867924528302    0.0
0.994811320754717    0.0
0.995754716981132    0.0
0.9966981132075472    0.0
0.9976415094339623    0.0
0.9985849056603774    0.0
0.9995283018867924    0.0