-0.9995283018867924    0.0
-0.9985849056603773    0.0
-0.9976415094339622    0.0
-0.9966981132075472    0.0
-0.995754716981132    0.0
-0.9948113207547169    0.0
-0.9938679245283019    0.0
-0.9929245283018868    0.0
-0.9919811320754717    0.0
-0.9910377358490565    0.0
-0.9900943396226415    0.0
-0.9891509433962264    0.0
-0.9882075471698113    0.0
-0.9872641509433961    0.0
-0.9863207547169811    0.0
-0.9853773584905661    0.0
-0.9844339622641509    0.0
-0.9834905660377358    0.0
-0.9825471698113207    0.0
-0.9816037735849057    0.0
-0.9806603773584905    0.0
-0.9797169811320754    0.0
-0.9787735849056604    0.0
-0.9778301886792453    0.0
-0.9768867924528302    0.0
-0.975943396226415    0.0
-0.975    0.0
-0.9740566037735849    0.0
-0.9731132075471698    0.0
-0.9721698113207546    0.0
-0.9712264150943396    0.0
-0.9702830188679246    0.0
-0.9693396226415094    0.0
-0.9683962264150943    0.0
-0.9674528301886792    0.0
-0.9665094339622642    0.0
-0.965566037735849    0.0
-0.9646226415094339    0.0
-0.9636792452830188    0.0
-0.9627358490566038    0.0
-0.9617924528301887    0.0
-0.9608490566037735    0.0
-0.9599056603773585    0.0
-0.9589622641509434    0.0
-0.9580188679245283    0.0
-0.9570754716981131    0.0
-0.9561320754716981    0.0
-0.9551886792452831    0.0
-0.9542452830188679    0.0
-0.9533018867924528    0.0
-0.9523584905660377    0.0
-0.9514150943396227    0.0
-0.9504716981132075    0.0
-0.9495283018867924    0.0
-0.9485849056603773    0.0
-0.9476415094339623    0.0
-0.9466981132075472    0.0
-0.945754716981132    0.0
-0.944811320754717    0.0
-0.9438679245283019    0.0
-0.9429245283018868    0.0
-0.9419811320754716    0.0
-0.9410377358490566    0.0
-0.9400943396226416    0.0
-0.9391509433962264    0.0
-0.9382075471698113    0.0
-0.9372641509433962    0.0
-0.9363207547169812    0.0
-0.935377358490566    0.0
-0.9344339622641509    0.0
-0.9334905660377358    0.0
-0.9325471698113208    0.0
-0.9316037735849056    0.0
-0.9306603773584905    0.0
-0.9297169811320755    0.0
-0.9287735849056604    0.0
-0.9278301886792453    0.0
-0.9268867924528301    0.0
-0.9259433962264151    0.0
-0.925    0.0
-0.9240566037735849    0.0
-0.9231132075471697    0.0
-0.9221698113207547    0.0
-0.9212264150943397    0.0
-0.9202830188679245    0.0
-0.9193396226415094    0.0
-0.9183962264150943    0.0
-0.9174528301886793    0.0
-0.9165094339622641    0.0
-0.915566037735849    0.0
-0.914622641509434    0.0
-0.9136792452830189    0.0
-0.9127358490566038    0.0
-0.9117924528301886    0.0
-0.9108490566037736    0.0
-0.9099056603773585    0.0
-0.9089622641509434    0.0
-0.9080188679245282    0.0
-0.9070754716981132    0.0
-0.9061320754716982    0.0
-0.905188679245283    0.0
-0.9042452830188679    0.0
-0.9033018867924528    0.0
-0.9023584905660378    0.0
-0.9014150943396226    0.0
-0.9004716981132075    0.0
-0.8995283018867924    0.0
-0.8985849056603774    0.0
-0.8976415094339623    0.0
-0.8966981132075471    0.0
-0.8957547169811321    0.0
-0.894811320754717    0.0
-0.8938679245283019    0.0
-0.8929245283018867    0.0
-0.8919811320754717    0.0
-0.8910377358490567    0.0
-0.8900943396226415    0.0
-0.8891509433962264    0.0
-0.8882075471698113    0.0
-0.8872641509433963    0.0
-0.8863207547169811    0.0
-0.885377358490566    0.0
-0.8844339622641509    0.0
-0.8834905660377359    0.0
-0.8825471698113208    0.0
-0.8816037735849056    0.0
-0.8806603773584906    0.0
-0.8797169811320755    0.0
-0.8787735849056604    0.0
-0.8778301886792452    0.0
-0.8768867924528302    0.0
-0.8759433962264151    0.0
-0.875    0.0
-0.8740566037735849    0.0
-0.8731132075471698    0.0
-0.8721698113207548    0.0
-0.8712264150943396    0.0
-0.8702830188679245    0.0
-0.8693396226415094    0.0
-0.8683962264150944    0.0
-0.8674528301886792    0.0
-0.8665094339622641    0.0
-0.8655660377358491    0.0
-0.864622641509434    0.0
-0.8636792452830189    0.0
-0.8627358490566037    0.0
-0.8617924528301887    0.0
-0.8608490566037736    0.0
-0.8599056603773585    0.0
-0.8589622641509433    0.0
-0.8580188679245283    0.0
-0.8570754716981133    0.0
-0.8561320754716981    0.0
-0.855188679245283    0.0
-0.8542452830188679    0.0
-0.8533018867924529    0.0
-0.8523584905660377    0.0
-0.8514150943396226    0.0
-0.8504716981132076    0.0
-0.8495283018867925    0.0
-0.8485849056603774    0.0
-0.8476415094339622    0.0
-0.8466981132075472    0.0
-0.8457547169811321    0.0
-0.844811320754717    0.0
-0.8438679245283018    0.0
-0.8429245283018868    0.0
-0.8419811320754718    0.0
-0.8410377358490566    0.0
-0.8400943396226415    0.0
-0.8391509433962264    0.0
-0.8382075471698114    0.0
-0.8372641509433962    0.0
-0.8363207547169811    0.0
-0.835377358490566    0.0
-0.834433962264151    0.0
-0.8334905660377359    0.0
-0.8325471698113207    0.0
-0.8316037735849057    0.0
-0.8306603773584906    0.0
-0.8297169811320755    0.0
-0.8287735849056603    0.0
-0.8278301886792453    0.0
-0.8268867924528303    0.0
-0.8259433962264151    0.0
-0.825    0.0
-0.8240566037735849    0.0
-0.8231132075471699    0.0
-0.8221698113207547    0.0
-0.8212264150943396    0.0
-0.8202830188679245    0.0
-0.8193396226415095    0.0
-0.8183962264150944    0.0
-0.8174528301886792    0.0
-0.816509433962264    0.0
-0.8155660377358491    0.0
-0.814622641509434    0.0
-0.8136792452830188    0.0
-0.8127358490566037    0.0
-0.8117924528301887    0.0
-0.8108490566037736    0.0
-0.8099056603773584    0.0
-0.8089622641509433    0.0
-0.8080188679245284    0.0
-0.8070754716981132    0.0
-0.8061320754716981    0.0
-0.8051886792452829    0.0
-0.804245283018868    0.0
-0.8033018867924528    0.0
-0.8023584905660377    0.0
-0.8014150943396225    0.0
-0.8004716981132076    0.0
-0.7995283018867925    0.0
-0.7985849056603773    0.0
-0.7976415094339622    0.0
-0.7966981132075472    0.0
-0.7957547169811321    0.0
-0.7948113207547169    0.0
-0.7938679245283018    0.0
-0.7929245283018869    0.0
-0.7919811320754717    0.0
-0.7910377358490566    0.0
-0.7900943396226414    0.0
-0.7891509433962265    0.0
-0.7882075471698113    0.0
-0.7872641509433962    0.0
-0.786320754716981    0.0
-0.7853773584905661    0.0
-0.784433962264151    0.0
-0.7834905660377358    0.0
-0.7825471698113207    0.0
-0.7816037735849057    0.0
-0.7806603773584906    0.0
-0.7797169811320754    0.0
-0.7787735849056603    0.0
-0.7778301886792454    0.0
-0.7768867924528302    0.0
-0.7759433962264151    0.0
-0.7749999999999999    0.0
-0.774056603773585    0.0
-0.7731132075471698    0.0
-0.7721698113207547    0.0
-0.7712264150943395    0.0
-0.7702830188679246    0.0
-0.7693396226415095    0.0
-0.7683962264150943    0.0
-0.7674528301886792    0.0
-0.7665094339622642    0.0
-0.7655660377358491    0.0
-0.7646226415094339    0.0
-0.7636792452830188    0.0
-0.7627358490566039    0.0
-0.7617924528301887    0.0
-0.7608490566037736    0.0
-0.7599056603773584    0.0
-0.7589622641509435    0.0
-0.7580188679245283    0.0
-0.7570754716981132    0.0
-0.756132075471698    0.0
-0.7551886792452831    0.0
-0.754245283018868    0.0
-0.7533018867924528    0.0
-0.7523584905660377    0.0
-0.7514150943396227    0.0
-0.7504716981132076    0.0
-0.7495283018867924    0.0
-0.7485849056603773    0.0
-0.7476415094339623    0.0
-0.7466981132075472    0.0
-0.745754716981132    0.0
-0.7448113207547169    0.0
-0.743867924528302    0.0
-0.7429245283018868    0.0
-0.7419811320754717    0.0
-0.7410377358490565    0.0
-0.7400943396226416    0.0
-0.7391509433962264    0.0
-0.7382075471698113    0.0
-0.7372641509433961    0.0
-0.7363207547169812    0.0
-0.7353773584905661    0.0
-0.7344339622641509    0.0
-0.7334905660377358    0.0
-0.7325471698113208    0.0
-0.7316037735849057    0.0
-0.7306603773584905    0.0
-0.7297169811320754    0.0
-0.7287735849056605    0.0
-0.7278301886792453    0.0
-0.7268867924528302    0.0
-0.725943396226415    0.0
-0.7250000000000001    0.0
-0.7240566037735849    0.0
-0.7231132075471698    0.0
-0.7221698113207546    0.0
-0.7212264150943397    0.0
-0.7202830188679246    0.0
-0.7193396226415094    0.0
-0.7183962264150943    0.0
-0.7174528301886793    0.0
-0.7165094339622642    0.0
-0.715566037735849    0.0
-0.7146226415094339    0.0
-0.713679245283019    0.0
-0.7127358490566038    0.0
-0.7117924528301887    0.0
-0.7108490566037735    0.0
-0.7099056603773586    0.0
-0.7089622641509434    0.0
-0.7080188679245283    0.0
-0.7070754716981131    0.0
-0.7061320754716982    0.0
-0.7051886792452831    0.0
-0.7042452830188679    0.0
-0.7033018867924528    0.0
-0.7023584905660378    0.0
-0.7014150943396227    0.0
-0.7004716981132075    0.0
-0.6995283018867924    0.0
-0.6985849056603775    0.0
-0.6976415094339623    0.0
-0.6966981132075472    0.0
-0.695754716981132    0.0
-0.6948113207547171    0.0
-0.6938679245283019    0.0
-0.6929245283018868    0.0
-0.6919811320754716    0.0
-0.6910377358490567    0.0
-0.6900943396226416    0.0
-0.6891509433962264    0.0
-0.6882075471698113    0.0
-0.6872641509433963    0.0
-0.6863207547169812    0.0
-0.685377358490566    0.0
-0.6844339622641509    0.0
-0.683490566037736    0.0
-0.6825471698113208    0.0
-0.6816037735849056    0.0
-0.6806603773584905    0.0
-0.6797169811320756    0.0
-0.6787735849056604    0.0
-0.6778301886792453    0.0
-0.6768867924528301    0.0
-0.6759433962264152    0.0
-0.675    0.0
-0.6740566037735849    0.0
-0.6731132075471697    0.0
-0.6721698113207548    0.0
-0.6712264150943397    0.0
-0.6702830188679245    0.0
-0.6693396226415094    0.0
-0.6683962264150944    0.0
-0.6674528301886793    0.0
-0.6665094339622641    0.0
-0.665566037735849    0.0
-0.6646226415094341    0.0
-0.6636792452830189    0.0
-0.6627358490566038    0.0
-0.6617924528301886    0.0
-0.6608490566037737    0.0
-0.6599056603773585    0.0
-0.6589622641509434    0.0
-0.6580188679245282    0.0
-0.6570754716981133    0.0
-0.6561320754716982    0.0
-0.655188679245283    0.0
-0.6542452830188679    0.0
-0.6533018867924529    0.0
-0.6523584905660378    0.0
-0.6514150943396226    0.0
-0.6504716981132075    0.0
-0.6495283018867926    0.0
-0.6485849056603774    0.0
-0.6476415094339623    0.0
-0.6466981132075471    0.0
-0.6457547169811322    0.0
-0.644811320754717    0.0
-0.6438679245283019    0.0
-0.6429245283018867    0.0
-0.6419811320754718    0.0
-0.6410377358490567    0.0
-0.6400943396226415    0.0
-0.6391509433962264    0.0
-0.6382075471698113    0.0
-0.6372641509433963    0.0
-0.6363207547169811    0.0
-0.635377358490566    0.0
-0.6344339622641508    0.0
-0.6334905660377359    0.0
-0.6325471698113208    0.0
-0.6316037735849056    0.0
-0.6306603773584905    0.0
-0.6297169811320755    0.0
-0.6287735849056604    0.0
-0.6278301886792452    0.0
-0.6268867924528301    0.0
-0.6259433962264151    0.0
-0.625    0.0
-0.6240566037735849    0.0
-0.6231132075471697    0.0
-0.6221698113207548    0.0
-0.6212264150943396    0.0
-0.6202830188679245    0.0
-0.6193396226415093    0.0
-0.6183962264150944    0.0
-0.6174528301886792    0.0
-0.6165094339622641    0.0
-0.615566037735849    0.0
-0.614622641509434    0.0
-0.6136792452830189    0.0
-0.6127358490566037    0.0
-0.6117924528301886    0.0
-0.6108490566037736    0.0
-0.6099056603773585    0.0
-0.6089622641509433    0.0
-0.6080188679245282    0.0
-0.6070754716981133    0.0
-0.6061320754716981    0.0
-0.605188679245283    0.0
-0.6042452830188678    0.0
-0.6033018867924529    0.0
-0.6023584905660377    0.0
-0.6014150943396226    0.0
-0.6004716981132074    0.0
-0.5995283018867925    0.0
-0.5985849056603774    0.0
-0.5976415094339622    0.0
-0.5966981132075471    0.0
-0.5957547169811321    0.0
-0.594811320754717    0.0
-0.5938679245283018    0.0
-0.5929245283018867    0.0
-0.5919811320754718    0.0
-0.5910377358490566    0.0
-0.5900943396226415    0.0
-0.5891509433962263    0.0
-0.5882075471698114    0.0
-0.5872641509433962    0.0
-0.5863207547169811    0.0
-0.5853773584905659    0.0
-0.584433962264151    0.0
-0.5834905660377359    0.0
-0.5825471698113207    0.0
-0.5816037735849056    0.0
-0.5806603773584906    0.0
-0.5797169811320755    0.0
-0.5787735849056603    0.0
-0.5778301886792452    0.0
-0.5768867924528303    0.0
-0.5759433962264151    0.0
-0.575    0.0
-0.5740566037735848    0.0
-0.5731132075471699    0.0
-0.5721698113207547    0.0
-0.5712264150943396    0.0
-0.5702830188679244    0.0
-0.5693396226415095    0.0
-0.5683962264150944    0.0
-0.5674528301886792    0.0
-0.566509433962264    0.0
-0.5655660377358491    0.0
-0.564622641509434    0.0
-0.5636792452830188    0.0
-0.5627358490566037    0.0
-0.5617924528301887    0.0
-0.5608490566037736    0.0
-0.5599056603773584    0.0
-0.5589622641509433    0.0
-0.5580188679245284    0.0
-0.5570754716981132    0.0
-0.5561320754716981    0.0
-0.5551886792452829    0.0
-0.554245283018868    0.0
-0.5533018867924528    0.0
-0.5523584905660377    0.0
-0.5514150943396225    0.0
-0.5504716981132076    0.0
-0.5495283018867925    0.0
-0.5485849056603773    0.0
-0.5476415094339622    0.0
-0.5466981132075472    0.0
-0.5457547169811321    0.0
-0.5448113207547169    0.0
-0.5438679245283018    0.0
-0.5429245283018869    0.0
-0.5419811320754717    0.0
-0.5410377358490566    0.0
-0.5400943396226414    0.0
-0.5391509433962265    0.0
-0.5382075471698113    0.0
-0.5372641509433962    0.0
-0.536320754716981    0.0
-0.5353773584905661    0.0
-0.534433962264151    0.0
-0.5334905660377358    0.0
-0.5325471698113207    0.0
-0.5316037735849057    0.0
-0.5306603773584906    0.0
-0.5297169811320754    0.0
-0.5287735849056603    0.0
-0.5278301886792454    0.0
-0.5268867924528302    0.0
-0.5259433962264151    0.0
-0.5249999999999999    0.0
-0.524056603773585    0.0
-0.5231132075471698    0.0
-0.5221698113207547    0.0
-0.5212264150943395    0.0
-0.5202830188679246    0.0
-0.5193396226415095    0.0
-0.5183962264150943    0.0
-0.5174528301886792    0.0
-0.5165094339622642    0.0
-0.5155660377358491    0.0
-0.5146226415094339    0.0
-0.5136792452830188    0.0
-0.5127358490566039    0.0
-0.5117924528301887    0.0
-0.5108490566037736    0.0
-0.5099056603773584    0.0
-0.5089622641509435    0.0
-0.5080188679245283    0.0
-0.5070754716981132    0.0
-0.506132075471698    0.0
-0.5051886792452831    0.0
-0.504245283018868    0.0
-0.5033018867924528    0.0
-0.5023584905660377    0.0
-0.5014150943396227    0.0
-0.5004716981132076    0.0
-0.4995283018867924    0.0
-0.49858490566037733    0.0
-0.49764150943396224    0.0
-0.49669811320754714    0.0
-0.49575471698113205    0.0
-0.49481132075471695    0.00023563410025565466
-0.49386792452830186    0.0
-0.49292452830188677    0.0
-0.49198113207547167    0.0
-0.4910377358490566    0.0
-0.4900943396226415    0.0
-0.4891509433962264    0.0
-0.4882075471698113    0.0
-0.4872641509433962    0.0
-0.4863207547169811    0.0
-0.485377358490566    0.0
-0.4844339622641509    0.0
-0.4834905660377358    0.0
-0.48254716981132073    0.0
-0.48160377358490564    0.0
-0.48066037735849054    0.0
-0.47971698113207545    0.0
-0.47877358490566035    0.0
-0.47783018867924526    0.0
-0.47688679245283017    0.0
-0.47594339622641507    0.0
-0.475    0.0
-0.4740566037735849    0.0
-0.4731132075471698    0.0
-0.4721698113207547    0.00023563410025565466
-0.4712264150943396    0.0
-0.4702830188679245    0.0
-0.4693396226415094    0.00023563410025562696
-0.4683962264150943    0.00023563410025565466
-0.4674528301886792    0.0
-0.46650943396226413    0.0
-0.46556603773584904    0.0
-0.46462264150943394    0.00023563410025565466
-0.46367924528301885    0.0
-0.46273584905660375    0.0
-0.46179245283018866    0.0
-0.46084905660377357    0.0
-0.45990566037735847    0.0
-0.4589622641509434    0.0
-0.4580188679245283    0.0
-0.4570754716981132    0.00023563410025565466
-0.4561320754716981    0.0
-0.455188679245283    0.0
-0.4542452830188679    0.0
-0.4533018867924528    0.0
-0.4523584905660377    0.0
-0.4514150943396226    0.00023563410025565466
-0.45047169811320753    0.0
-0.44952830188679244    0.0
-0.44858490566037734    0.00023563410025562696
-0.44764150943396225    0.0
-0.44669811320754715    0.0
-0.44575471698113206    0.0
-0.44481132075471697    0.0
-0.44386792452830187    0.0004712682005113093
-0.4429245283018868    0.0
-0.4419811320754717    0.0
-0.4410377358490566    0.0
-0.4400943396226415    0.0
-0.4391509433962264    0.0
-0.4382075471698113    0.0
-0.4372641509433962    0.0
-0.4363207547169811    0.0
-0.435377358490566    0.00023563410025562696
-0.43443396226415093    0.0
-0.43349056603773584    0.00023563410025562696
-0.43254716981132074    0.0
-0.43160377358490565    0.0
-0.43066037735849055    0.0
-0.42971698113207546    0.0
-0.42877358490566037    0.00023563410025565466
-0.42783018867924527    0.0
-0.4268867924528302    0.0
-0.4259433962264151    0.0
-0.425    0.0
-0.4240566037735849    0.00023563410025562696
-0.4231132075471698    0.0
-0.4221698113207547    0.0
-0.4212264150943396    0.0
-0.4202830188679245    0.00023563410025562696
-0.4193396226415094    0.00023563410025565466
-0.41839622641509433    0.00023563410025562696
-0.41745283018867924    0.0
-0.41650943396226414    0.0
-0.41556603773584905    0.00023563410025565466
-0.41462264150943395    0.0
-0.41367924528301886    0.00023563410025565466
-0.41273584905660377    0.0
-0.41179245283018867    0.00023563410025565466
-0.4108490566037736    0.00023563410025562696
-0.4099056603773585    0.00023563410025565466
-0.4089622641509434    0.0
-0.4080188679245283    0.0
-0.4070754716981132    0.00023563410025562696
-0.4061320754716981    0.0004712682005113093
-0.405188679245283    0.00023563410025562696
-0.4042452830188679    0.00023563410025565466
-0.4033018867924528    0.0004712682005112539
-0.40235849056603773    0.0004712682005113093
-0.40141509433962264    0.0
-0.40047169811320754    0.00023563410025565466
-0.39952830188679245    0.0004712682005112539
-0.39858490566037735    0.00023563410025565466
-0.39764150943396226    0.00023563410025562696
-0.39669811320754716    0.0
-0.39575471698113207    0.0
-0.394811320754717    0.00023563410025565466
-0.3938679245283019    0.0004712682005112539
-0.3929245283018868    0.00023563410025565466
-0.3919811320754717    0.0
-0.3910377358490566    0.0004712682005113093
-0.3900943396226415    0.0
-0.3891509433962264    0.0
-0.3882075471698113    0.00023563410025562696
-0.3872641509433962    0.0004712682005113093
-0.38632075471698113    0.0007069023007668808
-0.38537735849056604    0.00023563410025565466
-0.38443396226415094    0.0004712682005112539
-0.38349056603773585    0.00023563410025565466
-0.38254716981132075    0.00023563410025562696
-0.38160377358490566    0.0007069023007669641
-0.38066037735849056    0.0
-0.37971698113207547    0.0004712682005113093
-0.3787735849056604    0.00023563410025562696
-0.3778301886792453    0.0007069023007669641
-0.3768867924528302    0.0004712682005112539
-0.3759433962264151    0.0004712682005113093
-0.375    0.0009425364010225078
-0.3740566037735849    0.0004712682005113093
-0.3731132075471698    0.0007069023007668808
-0.3721698113207547    0.00023563410025565466
-0.3712264150943396    0.0011781705012781348
-0.37028301886792453    0.0004712682005113093
-0.36933962264150944    0.0007069023007668808
-0.36839622641509434    0.0007069023007669641
-0.36745283018867925    0.0004712682005112539
-0.36650943396226415    0.0009425364010226187
-0.36556603773584906    0.0004712682005112539
-0.36462264150943396    0.0011781705012782733
-0.36367924528301887    0.0011781705012781348
-0.3627358490566038    0.0
-0.3617924528301887    0.0009425364010225078
-0.3608490566037736    0.0016494387017895829
-0.3599056603773585    0.0004712682005112539
-0.3589622641509434    0.0007069023007669641
-0.3580188679245283    0.0007069023007668808
-0.3570754716981132    0.0018850728020452373
-0.3561320754716981    0.0023563410025562695
-0.355188679245283    0.0009425364010226187
-0.35424528301886793    0.0009425364010225078
-0.35330188679245284    0.0004712682005113093
-0.35235849056603774    0.00023563410025562696
-0.35141509433962265    0.0009425364010226187
-0.35047169811320755    0.0004712682005112539
-0.34952830188679246    0.0009425364010226187
-0.34858490566037736    0.0016494387017893888
-0.34764150943396227    0.0009425364010226187
-0.3466981132075472    0.0016494387017893888
-0.3457547169811321    0.0023563410025565466
-0.344811320754717    0.0014138046015337617
-0.3438679245283019    0.0021207069023008924
-0.3429245283018868    0.0007069023007668808
-0.3419811320754717    0.0007069023007669641
-0.3410377358490566    0.0028276092030675233
-0.3400943396226415    0.0018850728020452373
-0.3391509433962264    0.0011781705012781348
-0.33820754716981133    0.0023563410025565466
-0.33726415094339623    0.0011781705012781348
-0.33632075471698114    0.0014138046015339282
-0.33537735849056605    0.0018850728020450157
-0.33443396226415095    0.0023563410025565466
-0.33349056603773586    0.0009425364010225078
-0.33254716981132076    0.0028276092030678564
-0.33160377358490567    0.0004712682005112539
-0.3306603773584906    0.0016494387017895829
-0.3297169811320755    0.0032988774035787776
-0.3287735849056604    0.0018850728020452373
-0.3278301886792453    0.0021207069023006426
-0.3268867924528302    0.0028276092030678564
-0.3259433962264151    0.0032988774035787776
-0.325    0.0028276092030678564
-0.3240566037735849    0.0037701456040900314
-0.3231132075471698    0.0037701456040904746
-0.32216981132075473    0.004241413804601285
-0.32122641509433963    0.0030632433033235106
-0.32028301886792454    0.0035345115038344045
-0.31933962264150945    0.0028276092030678564
-0.31839622641509435    0.0032988774035787776
-0.31745283018867926    0.0037701456040904746
-0.31650943396226416    0.0032988774035787776
-0.31556603773584907    0.004241413804601785
-0.314622641509434    0.0035345115038344045
-0.3136792452830189    0.0023563410025565466
-0.3127358490566038    0.00541958430587942
-0.3117924528301887    0.0023563410025565466
-0.3108490566037736    0.004712682005112539
-0.3099056603773585    0.005655218406135713
-0.3089622641509434    0.0058908525063906736
-0.3080188679245283    0.004948316105368748
-0.3070754716981132    0.004712682005112539
-0.30613207547169813    0.008247193508947913
-0.30518867924528303    0.005655218406135047
-0.30424528301886794    0.0065977548071583314
-0.30330188679245285    0.007304657107924435
-0.30235849056603775    0.005890852506391367
-0.30141509433962266    0.008011559408691317
-0.30047169811320756    0.005655218406135713
-0.29952830188679247    0.0058908525063906736
-0.2985849056603774    0.006833388907413986
-0.2976415094339623    0.006833388907413182
-0.2966981132075472    0.00848282760920357
-0.2957547169811321    0.00848282760920257
-0.294811320754717    0.007775925308436605
-0.2938679245283019    0.007304657107924435
-0.2929245283018868    0.008718461709459223
-0.2919811320754717    0.009896632210736332
-0.2910377358490566    0.01107480271201577
-0.29009433962264153    0.009425364010225078
-0.28915094339622643    0.013195509614316663
-0.28820754716981134    0.009896632210736332
-0.28726415094339625    0.009660998110481843
-0.28632075471698115    0.012252973213292603
-0.28537735849056606    0.010839168611760116
-0.28443396226415096    0.012252973213292603
-0.28349056603773587    0.014373680115594936
-0.2825471698113208    0.016494387017893887
-0.2816037735849057    0.012724241413805354
-0.2806603773584906    0.015080582416360126
-0.2797169811320755    0.011781705012782733
-0.2787735849056604    0.015080582416360126
-0.2778301886792453    0.015316216516617557
-0.2768867924528302    0.014138046015337618
-0.27594339622641506    0.020500166722239546
-0.27499999999999997    0.018850728020452373
-0.2740566037735849    0.017436923418916395
-0.2731132075471698    0.0176725575191741
-0.2721698113207547    0.014844948316104499
-0.2712264150943396    0.020500166722241957
-0.2702830188679245    0.024505946426585205
-0.2693396226415094    0.021678337223520232
-0.2683962264150943    0.022620873624540187
-0.2674528301886792    0.02262087362454285
-0.2665094339622641    0.025919751028118963
-0.265566037735849    0.02403467822607678
-0.26462264150943393    0.022149605424028936
-0.26367924528301884    0.02262087362454285
-0.26273584905660374    0.024505946426585205
-0.26179245283018865    0.027097921529400288
-0.26084905660377355    0.03016116483272025
-0.25990566037735846    0.029925530732468144
-0.25896226415094337    0.03039679893297588
-0.2580188679245283    0.030396798932979457
-0.2570754716981132    0.032281871735020895
-0.2561320754716981    0.032753139935536
-0.255188679245283    0.02945426253195337
-0.2542452830188679    0.036758919639882134
-0.2533018867924528    0.036052017339110926
-0.2523584905660377    0.03817272424141606
-0.2514150943396226    0.03840835834166719
-0.2504716981132075    0.04147160164499523
-0.24952830188679243    0.03840835834166719
-0.24858490566037733    0.04712682005113093
-0.24764150943396224    0.048304990552403525
-0.24669811320754714    0.04759808825164225
-0.24575471698113205    0.047833722351892274
-0.24481132075471695    0.04736245415138659
-0.24386792452830186    0.04948316105368166
-0.24292452830188677    0.055845281760590164
-0.24198113207547167    0.0603223296654405
-0.24103773584905658    0.05490274535956754
-0.24009433962264148    0.05961542736467362
-0.2391509433962264    0.06173613426698153
-0.2382075471698113    0.055845281760583586
-0.2372641509433962    0.06621318217183897
-0.2363207547169811    0.06739135267310932
-0.235377358490566    0.06644881627209462
-0.23443396226415092    0.07375347338001124
-0.23349056603773582    0.07446037568078688
-0.23254716981132073    0.07540291208180062
-0.23160377358490564    0.07328220517950862
-0.23066037735849054    0.08152939868844693
-0.22971698113207545    0.08506391019229134
-0.22877358490566035    0.0812937645881913
-0.22783018867924526    0.09378237190175057
-0.22688679245283017    0.08836278759586011
-0.22594339622641507    0.09213293319996099
-0.22499999999999998    0.1006157608091527
-0.22405660377358488    0.09825941980660802
-0.2231132075471698    0.09920195620761896
-0.2221698113207547    0.1008513949094202
-0.2212264150943396    0.10415027231298711
-0.2202830188679245    0.1211159275314065
-0.2193396226415094    0.11098366122040029
-0.21839622641509432    0.1154607091252708
-0.21745283018867922    0.1267711459375273
-0.21650943396226413    0.12252973213294045
-0.21556603773584904    0.1267711459375273
-0.21462264150943394    0.13784594864955801
-0.21367924528301885    0.1390241191508199
-0.21273584905660375    0.1366677781482797
-0.21179245283018866    0.14844948316104498
-0.21084905660377357    0.14632877625876156
-0.20990566037735847    0.15057019006334563
-0.20896226415094338    0.16353006557742433
-0.20801886792452828    0.16070245637433758
-0.2070754716981132    0.16494387017895826
-0.2061320754716981    0.17436923418916395
-0.205188679245283    0.16942091808381574
-0.2042452830188679    0.19651883961319289
-0.2033018867924528    0.18944981660554636
-0.20235849056603772    0.193926864510381
-0.20141509433962262    0.20500166722241958
-0.20047169811320753    0.2035878626208617
-0.19952830188679244    0.2115994220295779
-0.19858490566037734    0.21466266533287617
-0.19764150943396225    0.22196732244082673
-0.19669811320754715    0.22526619984437937
-0.19575471698113206    0.23209958875181988
-0.19481132075471697    0.24435256196508515
-0.19386792452830187    0.2516572190730392
-0.19292452830188678    0.26343892408579095
-0.19198113207547168    0.26744470379016805
-0.1910377358490566    0.26555963098809154
-0.1900943396226415    0.2891230410136883
-0.1891509433962264    0.30373235522950315
-0.1882075471698113    0.30043347782595975
-0.1872641509433962    0.29572079582081184
-0.18632075471698112    0.31999110814717907
-0.18537735849056602    0.3206980104479083
-0.18443396226415093    0.3308302767589392
-0.18349056603773584    0.3261175947537877
-0.18254716981132074    0.3369567633655862
-0.18160377358490565    0.34944537067909476
-0.18066037735849055    0.3640546848949865
-0.17971698113207546    0.3821985106146269
-0.17877358490566037    0.3946871179282216
-0.17783018867924527    0.4019917750360996
-0.17688679245283018    0.40387684783819217
-0.17594339622641508    0.42343447815936164
-0.175    0.42602645326222366
-0.1740566037735849    0.44440591308211247
-0.1731132075471698    0.44629098588420996
-0.1721698113207547    0.4712682005112539
-0.1712264150943396    0.4781015894187234
-0.17028301886792452    0.5014293653439742
-0.16933962264150942    0.4976592197399427
-0.16839622641509433    0.5186306546626349
-0.16745283018867924    0.5278203845726664
-0.16650943396226414    0.5235789707680032
-0.16556603773584905    0.5231077025675533
-0.16462264150943395    0.5683494498165722
-0.16367924528301886    0.5744759364232861
-0.16273584905660377    0.5895565188395786
-0.16179245283018867    0.5912059575414376
-0.16084905660377358    0.6277292430809902
-0.15990566037735848    0.6286717794820867
-0.1589622641509434    0.6750916972323713
-0.1580188679245283    0.676269867733729
-0.1570754716981132    0.6640168945203567
-0.1561320754716981    0.73423585639662
-0.155188679245283    0.7311726130932105
-0.15424528301886792    0.7391841725019888
-0.15330188679245282    0.7801845059463808
-0.15235849056603773    0.7778281649439162
-0.15141509433962264    0.7990352339668311
-0.15047169811320754    0.8214204734912123
-0.14952830188679245    0.8256618872957168
-0.14858490566037735    0.844748249416522
-0.14764150943396226    0.8522885406246027
-0.14669811320754716    0.8593575636323726
-0.14575471698113207    0.8904612648660143
-0.14481132075471698    0.906248749583248
-0.14386792452830188    0.9345248416138164
-0.1429245283018868    0.9663354451484399
-0.1419811320754717    0.9972035122818134
-0.1410377358490566    1.015347338001616
-0.1400943396226415    1.0308991886183678
-0.1391509433962264    1.0377325775259032
-0.13820754716981132    1.0803823496720495
-0.13726415094339622    1.0792041791708984
-0.13632075471698113    1.1173769034121832
-0.13537735849056604    1.1506013115483618
-0.13443396226415094    1.1529576525507828
-0.13349056603773585    1.1788774035790404
-0.13254716981132075    1.212808714015712
-0.13160377358490566    1.2382571968434652
-0.13066037735849056    1.2731310436811525
-0.12971698113207547    1.2641769478715874
-0.12877358490566038    1.2941024786039033
-0.12783018867924528    1.3676203178838198
-0.1268867924528302    1.3520684672667875
-0.1259433962264151    1.4095631877293262
-0.125    1.415454040235551
-0.1240566037735849    1.4321840613538692
-0.12311320754716981    1.4795465155050815
-0.12216981132075472    1.4962765366234072
-0.12122641509433962    1.515362898743937
-0.12028301886792453    1.5445815271758165
-0.11933962264150944    1.6041969545403083
-0.11839622641509434    1.6162142936535355
-0.11745283018867925    1.6390708013781412
-0.11650943396226415    1.6654618206069673
-0.11556603773584906    1.714238079359686
-0.11462264150943396    1.7248416138713922
-0.11367924528301887    1.775502945426149
-0.11273584905660378    1.772910970323546
-0.11179245283018868    1.8575036123151072
-0.11084905660377359    1.8556185395132805
-0.1099056603773585    1.8388885183949126
-0.1089622641509434    1.9491652773147756
-0.1080188679245283    1.9425675225073886
-0.10707547169811321    1.9892230743582369
-0.10613207547169812    1.9906368789595366
-0.10518867924528302    2.052137379126497
-0.10424528301886793    2.1176436589973195
-0.10330188679245284    2.126833388907539
-0.10235849056603774    2.134373680115469
-0.10141509433962265    2.232397465822072
-0.10047169811320755    2.2545470712458386
-0.09952830188679246    2.265386239857864
-0.09858490566037736    2.274575969767567
-0.09764150943396227    2.3546915638547574
-0.09669811320754718    2.363645659664194
-0.09575471698113208    2.3961631654997526
-0.09481132075471699    2.400404579304072
-0.0938679245283019    2.464732688674148
-0.0929245283018868    2.547911526064094
-0.0919811320754717    2.5505035011672064
-0.09103773584905661    2.5516816716681845
-0.09009433962264152    2.624728242747737
-0.08915094339622642    2.651119261976059
-0.08820754716981133    2.706964543736961
-0.08726415094339623    2.7020162276312742
-0.08632075471698114    2.7781260420141685
-0.08537735849056605    2.820540180059855
-0.08443396226415095    2.780718017116981
-0.08349056603773586    2.8912304101365427
-0.08254716981132076    2.891701678337394
-0.08160377358490567    2.8862820940311744
-0.08066037735849058    2.9397710347895476
-0.07971698113207548    3.0295476269865955
-0.07877358490566039    3.0868067133490764
-0.0778301886792453    3.0974102478602163
-0.0768867924528302    3.145243970212479
-0.0759433962264151    3.19849727686988
-0.07500000000000001    3.232428587307071
-0.07405660377358492    3.235256196509758
-0.07311320754716982    3.2894520395689395
-0.07216981132075473    3.328802934311242
-0.07122641509433963    3.352366344337199
-0.07028301886792454    3.3570790263419172
-0.06933962264150945    3.427533622318753
-0.06839622641509435    3.473011003667686
-0.06745283018867926    3.4758386128711622
-0.06650943396226416    3.5104768256083303
-0.06556603773584907    3.607086806713562
-0.06462264150943398    3.6424319217514816
-0.06367924528301888    3.657512504168272
-0.06273584905660379    3.6914438146046518
-0.06179245283018869    3.718070467933975
-0.0608490566037736    3.808553962431698
-0.059905660377358505    3.760484605979993
-0.05896226415094341    3.866048682894071
-0.05801886792452832    3.923072135156395
-0.05707547169811322    3.9379170834720374
-0.05613207547169813    3.981745026120053
-0.055188679245283034    4.0041302656438695
-0.05424528301886794    4.010021118150731
-0.053301886792452846    4.066808936311865
-0.05235849056603775    4.094613760142511
-0.05141509433962266    4.02722240746892
-0.050471698113207564    4.13207958208316
-0.04952830188679247    4.1869823274422355
-0.048584905660377375    4.215022785373152
-0.04764150943396228    4.237879293097451
-0.04669811320754719    4.269925530732719
-0.04575471698113209    4.2418850728017965
-0.044811320754717    4.369127486940349
-0.043867924528301905    4.327655885294845
-0.04292452830188681    4.387742580860546
-0.04198113207547172    4.445944203623169
-0.04103773584905662    4.478226075358717
-0.04009433962264153    4.494249194175573
-0.039150943396226434    4.560462376347941
-0.03820754716981134    4.5378415027228645
-0.037264150943396246    4.547031232633368
-0.03632075471698115    4.573657885961719
-0.03537735849056606    4.61795709681032
-0.034433962264150964    4.684877181282375
-0.033490566037735814    4.6363365566297166
-0.03254716981132072    4.707733689007725
-0.031603773584905626    4.705141713904359
-0.03066037735849053    4.7725330665780294
-0.029716981132075437    4.710796932310495
-0.028773584905660343    4.76711348227215
-0.02783018867924525    4.762165166166221
-0.026886792452830155    4.877625875292052
-0.02594339622641506    4.810470156718624
-0.024999999999999967    4.887758141603046
-0.024056603773584873    4.924281427142092
-0.02311320754716978    4.955385128376418
-0.022169811320754684    4.932292986550784
-0.02122641509433959    4.9591552739805085
-0.020283018867924496    4.940304545959474
-0.019339622641509402    4.924045793042416
-0.018396226415094308    4.870321218183554
-0.017452830188679214    5.01005223963573
-0.01650943396226412    4.988138268311367
-0.015566037735849025    5.060006668889929
-0.014622641509433931    5.0475180615757855
-0.013679245283018837    5.07673669000808
-0.012735849056603743    5.031494942758402
-0.011792452830188649    5.038328331666408
-0.010849056603773555    5.078386128709273
-0.00990566037735846    5.118208291653075
-0.008962264150943366    5.082627542513873
-0.008018867924528272    5.024661553851581
-0.007075471698113178    5.050581304879108
-0.006132075471698084    5.108782927642849
-0.00518867924528299    5.132346337667811
-0.004245283018867896    5.0713171057022
-0.0033018867924528017    5.150725797487749
-0.0023584905660377076    5.078150494609614
-0.0014150943396226134    5.081449372012595
-0.0004716981132075193    5.086868956319074
0.0004716981132075748    5.103127709236113
0.0014150943396227245    5.124099144158864
0.002358490566037763    5.094880515728365
0.0033018867924528017    5.119386462153751
0.004245283018867951    5.151197065688261
0.005188679245283101    5.103127709236113
0.00613207547169814    5.084041347116604
0.007075471698113178    5.039742136267349
0.008018867924528328    5.060006668889334
0.008962264150943478    5.088989663220776
0.009905660377358516    5.050345670780041
0.010849056603773555    5.039977770367605
0.011792452830188704    5.067075691897002
0.012735849056603854    4.986724463709833
0.013679245283018893    5.030316772258309
0.014622641509433931    4.987195731910345
0.015566037735849081    5.052702011781409
0.01650943396226423    4.993793486717503
0.01745283018867927    4.987902634212285
0.018396226415094308    5.00416138712875
0.019339622641509457    5.002983216627472
0.020283018867924607    4.9325286206510395
0.021226415094339646    4.906373235523819
0.022169811320754684    4.894591530509883
0.023113207547169834    4.918390574635701
0.024056603773584984    4.864430365677163
0.025000000000000022    4.797274647105438
0.02594339622641506    4.785492942091528
0.02688679245283021    4.871735022785087
0.02783018867924536    4.814947204623481
0.0287735849056604    4.728705123931035
0.029716981132075437    4.74331443814577
0.030660377358490587    4.686290985883908
0.03160377358490574    4.692417472490555
0.032547169811320775    4.690061131489103
0.033490566037735814    4.638928531732528
0.034433962264150964    4.57954873846811
0.03537735849056611    4.633037679226137
0.03632075471698115    4.6012270756927105
0.03726415094339619    4.552922085139224
0.03820754716981134    4.511214849393978
0.03915094339622649    4.52299655440676
0.04009433962264153    4.518519506502965
0.04103773584905657    4.4391108147157565
0.04198113207547172    4.392926531065653
0.042924528301886866    4.357110147826798
0.043867924528301905    4.359230854730124
0.04481132075471694    4.334489274202258
0.04575471698113209    4.32742025119459
0.04669811320754724    4.299144159163914
0.04764150943396228    4.219028565077993
0.04858490566037732    4.193580082249393
0.04952830188679247    4.157528064910283
0.05047169811320762    4.112993219961969
0.05141509433962266    4.080004445927141
0.052358490566037696    4.086837834833594
0.053301886792452846    4.009314215849493
0.054245283018867996    3.9848082694229077
0.055188679245283034    3.9659575414033905
0.05613207547169807    3.885370679115033
0.05707547169811322    3.886548849616311
0.05801886792452837    3.8248127153493368
0.05896226415094341    3.7786284317001226
0.05990566037735845    3.8236345448480584
0.0608490566037736    3.794180282316105
0.06179245283018875    3.6987484717125763
0.06273584905660379    3.665524063577396
0.06367924528301883    3.6000177837054683
0.06462264150943398    3.604730465710581
0.06556603773584913    3.518959653217533
0.06650943396226416    3.53922418584035
0.0674528301886792    3.44261420473471
0.06839622641509435    3.455338446148514
0.0693396226415095    3.366033122151631
0.07028301886792454    3.387004557075179
0.07122641509433958    3.342234078025813
0.07216981132075473    3.3247971546068964
0.07311320754716988    3.2538712904299527
0.07405660377358492    3.218526175392366
0.07499999999999996    3.149956652217221
0.0759433962264151    3.1624452595307693
0.07688679245283025    3.0580593531175264
0.0778301886792453    3.0467489163059738
0.07877358490566033    3.038972990996821
0.07971698113207548    2.9548516172055623
0.08066037735849063    2.9746448816270346
0.08160377358490567    2.936472157386314
0.08254716981132071    2.846224296987718
0.08349056603773586    2.8299655440700797
0.08443396226415101    2.7738846282092404
0.08537735849056605    2.8148849616543825
0.08632075471698109    2.7222807602532586
0.08726415094339623    2.7182749805489124
0.08820754716981138    2.6407513615648113
0.08915094339622642    2.6386306546631317
0.09009433962264146    2.616481049238482
0.09103773584905661    2.538250527953614
0.09198113207547176    2.5283538957428773
0.0929245283018868    2.4868822940984723
0.09386792452830184    2.455542958763888
0.09481132075471699    2.415485161720432
0.09575471698113214    2.370007780371096
0.09669811320754718    2.3551628320555458
0.09764150943396221    2.3007313548959414
0.09858490566037736    2.269627653662199
0.09952830188679251    2.242529732132802
0.10047169811320755    2.1845637434704317
0.10141509433962259    2.110339001889395
0.10235849056603774    2.132488607313424
0.10330188679245289    2.0688674002444047
0.10424528301886793    2.064861620540545
0.10518867924528297    1.990165610759025
0.10613207547169812    2.0076025341779418
0.10707547169811327    1.9371479382015093
0.1080188679245283    1.8944981660556868
0.10896226415094334    1.9164121373790142
0.1099056603773585    1.8494920529064158
0.11084905660377364    1.7903478937422537
0.11179245283018868    1.8056641102592945
0.11273584905660372    1.7905835278425093
0.11367924528301887    1.7663132155161796
0.11462264150943402    1.695387351339236
0.11556603773584906    1.6506168722910552
0.1165094339622641    1.6298810714681717
0.11745283018867925    1.6411915082804416
0.1183962264150944    1.6173924641546233
0.11933962264150944    1.5832255196179301
0.12028301886792447    1.5568345003889272
0.12122641509433962    1.5266733355562072
0.12216981132075477    1.4769545404022697
0.12311320754716981    1.4484428142716799
0.12405660377358485    1.4260575747470543
0.125    1.4149827720350399
0.12594339622641515    1.3508902967655092
0.1268867924528302    1.358666222074265
0.12783018867924523    1.331568300544548
0.12877358490566038    1.3011715016115721
0.12971698113207553    1.2698321662775736
0.13066037735849056    1.247211292653327
0.1316037735849056    1.2165788596198022
0.13254716981132075    1.2111592753139226
0.1334905660377359    1.1593197732576848
0.13443396226415094    1.1788774035791791
0.13537735849056598    1.1119573191063035
0.13632075471698113    1.107244637101191
0.13726415094339628    1.0733133266643808
0.13820754716981132    1.055169500944946
0.13915094339622636    1.0250083361119773
0.1400943396226415    1.008749583194339
0.14103773584905666    0.9950828053795125
0.1419811320754717    0.9632722018452297
0.14292452830188673    0.953139935534011
0.14386792452830188    0.9274558186061477
0.14481132075471703    0.9017717016782844
0.14575471698113207    0.8796220962544624
0.1466981132075471    0.8810359008557892
0.14764150943396226    0.8409781038123326
0.1485849056603774    0.8315527398021075
0.14952830188679245    0.8275469600979567
0.15047169811320749    0.794558186061974
0.15141509433962264    0.7625119484272088
0.15235849056603779    0.75167277981545
0.15330188679245282    0.7368278314995189
0.15424528301886786    0.7380060020006236
0.155188679245283    0.7132644214737828
0.15613207547169816    0.6948849616538438
0.1570754716981132    0.6946493275537517
0.15801886792452824    0.6482294098032297
0.1589622641509434    0.6378615093919822
0.15990566037735854    0.6119417583638631
0.16084905660377358    0.6180682449706549
0.16179245283018862    0.5794242525285866
0.16273584905660377    0.5916772257418793
0.16367924528301891    0.5530332332999565
0.16462264150943395    0.5730621318218196
0.165566037735849    0.5598666222073696
0.16650943396226414    0.528762920973627
0.1674528301886793    0.5087340224518986
0.16839622641509433    0.49082583083258646
0.16933962264150937    0.46938312770920887
0.17028301886792452    0.4632566411025626
0.17122641509433967    0.47338890741355455
0.1721698113207547    0.46749805490727386
0.17311320754716975    0.44723352228517993
0.1740566037735849    0.43215293986881986
0.17500000000000004    0.42791152606421856
0.17594339622641508    0.40434811603875104
0.17688679245283012    0.4026986773368665
0.17783018867924527    0.372066244303635
0.17877358490566042    0.39798599533175394
0.17971698113207546    0.36923863510065436
0.1806603773584905    0.35745693008778606
0.18160377358490565    0.34284761587193724
0.1825471698113208    0.35203734578190665
0.18349056603773584    0.3324797154607679
0.18443396226415087    0.3148071579415176
0.18537735849056602    0.29407135711902244
0.18632075471698117    0.3181060353450964
0.1872641509433962    0.3016116483272735
0.18820754716981125    0.28111148160496296
0.1891509433962264    0.2903012115149324
0.19009433962264155    0.2657952650883472
0.1910377358490566    0.26273202178508587
0.19198113207547163    0.2639101922863022
0.19292452830188678    0.2558986328776109
0.19386792452830193    0.23751917305767198
0.19481132075471697    0.23893297765926197
0.195754716981132    0.22880071134821378
0.19669811320754715    0.23045015005000316
0.1976415094339623    0.22173168834054496
0.19858490566037734    0.20712237412474485
0.19952830188679238    0.20782927642546298
0.20047169811320753    0.20193842391907232
0.20141509433962268    0.20500166722239546
0.20235849056603772    0.19911081471605163
0.20330188679245276    0.17790374569299836
0.2042452830188679    0.17460486828941957
0.20518867924528306    0.1807313548960659
0.2061320754716981    0.17224852728690385
0.20707547169811313    0.17224852728686332
0.20801886792452828    0.1689496498832845
0.20896226415094343    0.15434033566743566
0.20990566037735858    0.1442080693564437
0.21084905660377362    0.14397243525622194
0.21179245283018866    0.14915638546181187
0.2127358490566038    0.1442080693564437
0.21367924528301896    0.13077692564187296
0.214622641509434    0.13171946204292648
0.21556603773584904    0.12347226853394852
0.2165094339622642    0.1319550961431511
0.21745283018867934    0.106742247415799
0.21839622641509437    0.11758141602758553
0.2193396226415094    0.12983438924085045
0.22028301886792456    0.10367900411247585
0.2212264150943397    0.10438590641324275
0.22216981132075475    0.10344337001224459
0.2231132075471698    0.09213293319995014
0.22405660377358494    0.10650661331554338
0.2250000000000001    0.09448927420250641
0.22594339622641513    0.08765588529511385
0.22688679245283017    0.08836278759586011
0.22783018867924532    0.08812715349560449
0.22877358490566047    0.08341447149049194
0.2297169811320755    0.07823052128488657
0.23066037735849054    0.0725753028787331
0.2316037735849057    0.08152939868844693
0.23254716981132084    0.07681671668333438
0.23349056603773588    0.07493164388130702
0.23443396226415092    0.07328220517949999
0.23537735849056607    0.07186840057796622
0.23632075471698122    0.06244303656774114
0.23726415094339626    0.05890852506392061
0.2382075471698113    0.06409247526953053
0.23915094339622645    0.0603223296654405
0.2400943396226416    0.060086695565184874
0.24103773584905663    0.05843725686340923
0.24198113207547167    0.05796598866288423
0.24292452830188682    0.05702345226186172
0.24386792452830197    0.04359230854729099
0.244811320754717    0.039586528842954646
0.24575471698113205    0.04689118595086977
0.2466981132075472    0.04948316105368166
0.24764150943396235    0.04524174724908037
0.2485849056603774    0.04217850394576715
0.24952830188679243    0.036523285539622176
0.2504716981132076    0.03864399244192282
0.2514150943396227    0.03770145604090031
0.25235849056603776    0.03440257863732964
0.2533018867924528    0.036758919639877805
0.25424528301886795    0.0393508947426897
0.2551886792452831    0.0306324330332315
0.25613207547169814    0.025919751028125066
0.2570754716981132    0.03133933533399839
0.25801886792452833    0.032988774035787774
0.2589622641509435    0.02921862843169774
0.2599056603773585    0.02827609203068189
0.26084905660377355    0.0270979215293971
0.2617924528301887    0.029689896632208997
0.26273584905660385    0.022620873624540187
0.2636792452830189    0.02709792152940348
0.26462264150943393    0.02474158052684083
0.2655660377358491    0.020028898521728292
0.26650943396226423    0.023563410025562694
0.26745283018867927    0.026626653328892115
0.2683962264150943    0.023799044125818323
0.26933962264150946    0.01955763032121704
0.2702830188679246    0.024505946426585205
0.27122641509433965    0.019086362120710278
0.2721698113207547    0.018379459819938902
0.27311320754716983    0.01932199622096141
0.274056603773585    0.02120706902300643
0.275    0.018143825719687545
0.27594339622641506    0.01625875291763826
0.2768867924528302    0.017436923418916395
0.27783018867924536    0.01319550961431511
0.2787735849056604    0.016258752917642085
0.27971698113207544    0.01696565521840514
0.2806603773584906    0.014844948316104499
0.28160377358490574    0.014373680115593245
0.2825471698113208    0.012017339113039803
0.2834905660377358    0.01460931421584887
0.28443396226415096    0.011074802712014468
0.2853773584905661    0.014844948316104499
0.28632075471698115    0.012252973213295486
0.2872641509433962    0.012017339113036974
0.28820754716981134    0.009660998110480705
0.2891509433962265    0.008247193508946944
0.29009433962264153    0.010367900411250026
0.29103773584905657    0.012017339113036974
0.2919811320754717    0.010132266310991959
0.29292452830188687    0.009425364010225078
0.2938679245283019    0.010132266310994344
0.29481132075471694    0.00777592530843569
0.2957547169811321    0.008954095809713824
0.29669811320754724    0.008011559408691317
0.2976415094339623    0.00966099811048298
0.2985849056603773    0.009425364010225078
0.29952830188679247    0.007540291208180063
0.3004716981132076    0.006126486606646301
0.30141509433962266    0.005419584305880696
0.3023584905660377    0.00541958430587942
0.30330188679245285    0.005655218406135047
0.304245283018868    0.00541958430587942
0.30518867924528303    0.005655218406136378
0.3061320754716981    0.006362120706901928
0.3070754716981132    0.008247193508946944
0.3080188679245284    0.006362120706901928
0.3089622641509434    0.004005779704346601
0.30990566037735845    0.005183950205623793
0.3108490566037736    0.004477047904856912
0.31179245283018875    0.004005779704345658
0.3127358490566038    0.0042414138046022835
0.3136792452830188    0.0035345115038344045
0.314622641509434    0.0035345115038344045
0.3155660377358491    0.004005779704345658
0.31650943396226416    0.005183950205625013
0.3174528301886792    0.006597754807157555
0.31839622641509435    0.0035345115038344045
0.3193396226415095    0.004005779704345658
0.32028301886792454    0.0025919751028125066
0.3212264150943396    0.004241413804601285
0.32216981132075473    0.0028276092030675233
0.3231132075471699    0.004477047904856912
0.3240566037735849    0.004712682005113648
0.32499999999999996    0.0032988774035787776
0.3259433962264151    0.004712682005112539
0.32688679245283025    0.0009425364010225078
0.3278301886792453    0.0030632433033238714
0.32877358490566033    0.0023563410025562695
0.3297169811320755    0.0016494387017893888
0.33066037735849063    0.0023563410025562695
0.33160377358490567    0.0035345115038352363
0.3325471698113207    0.0018850728020450157
0.33349056603773586    0.0021207069023006426
0.334433962264151    0.0023563410025562695
0.33537735849056605    0.002356341002556824
0.3363207547169811    0.0021207069023006426
0.33726415094339623    0.0014138046015337617
0.3382075471698114    0.0011781705012781348
0.3391509433962264    0.0009425364010227297
0.34009433962264146    0.0023563410025562695
0.3410377358490566    0.0009425364010225078
0.34198113207547176    0.0016494387017893888
0.3429245283018868    0.0014138046015340945
0.34386792452830184    0.0009425364010225078
0.344811320754717    0.0016494387017893888
0.34575471698113214    0.0014138046015337617
0.3466981132075472    0.001649438701789777
0.3476415094339622    0.0014138046015337617
0.34858490566037736    0.0009425364010225078
0.3495283018867925    0.0009425364010225078
0.35047169811320755    0.0014138046015340945
0.3514150943396226    0.0016494387017893888
0.35235849056603774    0.0007069023007668808
0.3533018867924529    0.0016494387017893888
0.35424528301886793    0.001178170501278412
0.35518867924528297    0.0011781705012781348
0.3561320754716981    0.0011781705012781348
0.35707547169811327    0.0014138046015337617
0.3580188679245283    0.001649438701789777
0.35896226415094334    0.0
0.3599056603773585    0.0011781705012781348
0.36084905660377364    0.0014138046015337617
0.3617924528301887    0.0014138046015340945
0.3627358490566037    0.0014138046015337617
0.36367924528301887    0.0009425364010225078
0.364622641509434    0.0011781705012781348
0.36556603773584906    0.0014138046015340945
0.3665094339622641    0.0004712682005112539
0.36745283018867925    0.0004712682005112539
0.3683962264150944    0.0007069023007668808
0.36933962264150944    0.0009425364010227297
0.3702830188679245    0.00023563410025562696
0.3712264150943396    0.00023563410025562696
0.3721698113207548    0.0
0.3731132075471698    0.00023563410025568242
0.37405660377358485    0.0007069023007668808
0.375    0.0004712682005112539
0.37594339622641515    0.0007069023007668808
0.3768867924528302    0.00047126820051136484
0.3778301886792452    0.00023563410025562696
0.3787735849056604    0.0007069023007668808
0.3797169811320755    0.0007069023007668808
0.38066037735849056    0.0007069023007670473
0.3816037735849056    0.00023563410025562696
0.38254716981132075    0.0004712682005112539
0.3834905660377359    0.00023563410025562696
0.38443396226415094    0.0007069023007670473
0.385377358490566    0.0007069023007668808
0.38632075471698113    0.0007069023007668808
0.3872641509433963    0.0004712682005112539
0.3882075471698113    0.00023563410025568242
0.38915094339622636    0.00023563410025562696
0.3900943396226415    0.00023563410025562696
0.39103773584905666    0.0004712682005112539
0.3919811320754717    0.00023563410025568242
0.39292452830188673    0.00023563410025562696
0.3938679245283019    0.0004712682005112539
0.39481132075471703    0.0004712682005112539
0.39575471698113207    0.00023563410025568242
0.3966981132075471    0.0007069023007668808
0.39764150943396226    0.0009425364010225078
0.3985849056603774    0.0004712682005112539
0.39952830188679245    0.0
0.4004716981132075    0.0009425364010225078
0.40141509433962264    0.00023563410025562696
0.4023584905660378    0.0
0.4033018867924528    0.00023563410025568242
0.40424528301886786    0.0004712682005112539
0.405188679245283    0.00023563410025562696
0.40613207547169816    0.0007069023007668808
0.4070754716981132    0.0
0.40801886792452824    0.0
0.4089622641509434    0.0
0.40990566037735854    0.0
0.4108490566037736    0.00047126820051136484
0.4117924528301886    0.00023563410025562696
0.41273584905660377    0.00023563410025562696
0.4136792452830189    0.00023563410025562696
0.41462264150943395    0.0
0.415566037735849    0.00023563410025562696
0.41650943396226414    0.00023563410025562696
0.4174528301886793    0.0
0.41839622641509433    0.0
0.41933962264150937    0.00023563410025562696
0.4202830188679245    0.0
0.42122641509433967    0.0
0.4221698113207547    0.0
0.42311320754716975    0.0
0.4240566037735849    0.0
0.42500000000000004    0.0004712682005112539
0.4259433962264151    0.00023563410025568242
0.4268867924528301    0.00023563410025562696
0.42783018867924527    0.00023563410025562696
0.4287735849056604    0.00023563410025562696
0.42971698113207546    0.0
0.4306603773584905    0.0
0.43160377358490565    0.00023563410025562696
0.4325471698113208    0.0
0.43349056603773584    0.0
0.4344339622641509    0.0
0.435377358490566    0.0
0.4363207547169812    0.00023563410025562696
0.4372641509433962    0.00023563410025568242
0.43820754716981125    0.0
0.4391509433962264    0.00023563410025562696
0.44009433962264155    0.0
0.4410377358490566    0.0
0.4419811320754716    0.0
0.4429245283018868    0.00023563410025562696
0.4438679245283019    0.0
0.44481132075471697    0.0
0.445754716981132    0.0
0.44669811320754715    0.00023563410025562696
0.4476415094339623    0.0
0.44858490566037745    0.0
0.4495283018867925    0.0
0.45047169811320753    0.0
0.4514150943396227    0.0
0.45235849056603783    0.0
0.45330188679245287    0.00023563410025568242
0.4542452830188679    0.0
0.45518867924528306    0.00023563410025562696
0.4561320754716982    0.0
0.45707547169811324    0.0
0.4580188679245283    0.0
0.45896226415094343    0.0
0.4599056603773586    0.0004712682005112539
0.4608490566037736    0.0
0.46179245283018866    0.0
0.4627358490566038    0.0
0.46367924528301896    0.0
0.464622641509434    0.00023563410025568242
0.46556603773584904    0.0
0.4665094339622642    0.0
0.46745283018867934    0.0
0.4683962264150944    0.0
0.4693396226415094    0.0
0.47028301886792456    0.0
0.4712264150943397    0.0
0.47216981132075475    0.0
0.4731132075471698    0.0
0.47405660377358494    0.0
0.4750000000000001    0.0
0.4759433962264151    0.0
0.47688679245283017    0.00023563410025562696
0.4778301886792453    0.0
0.47877358490566047    0.0
0.4797169811320755    0.0
0.48066037735849054    0.0
0.4816037735849057    0.0
0.48254716981132084    0.0
0.4834905660377359    0.0
0.4844339622641509    0.0
0.48537735849056607    0.0
0.4863207547169812    0.0
0.48726415094339626    0.0
0.4882075471698113    0.0
0.48915094339622645    0.0
0.4900943396226416    0.0
0.49103773584905663    0.0
0.49198113207547167    0.0
0.4929245283018868    0.0
0.49386792452830197    0.0
0.494811320754717    0.0
0.49575471698113205    0.0
0.4966981132075472    0.0
0.49764150943396235    0.0
0.4985849056603774    0.0
0.4995283018867924    0.0
0.5004716981132076    0.0
0.5014150943396227    0.0
0.5023584905660378    0.0
0.5033018867924528    0.0
0.504245283018868    0.0
0.5051886792452831    0.0
0.5061320754716981    0.0
0.5070754716981132    0.0
0.5080188679245283    0.0
0.5089622641509435    0.0
0.5099056603773585    0.0
0.5108490566037736    0.0
0.5117924528301887    0.0
0.5127358490566039    0.0
0.5136792452830189    0.0
0.5146226415094339    0.0
0.5155660377358491    0.0
0.5165094339622642    0.0
0.5174528301886793    0.0
0.5183962264150943    0.0
0.5193396226415095    0.0
0.5202830188679246    0.0
0.5212264150943396    0.0
0.5221698113207547    0.0
0.5231132075471698    0.0
0.524056603773585    0.0
0.525    0.0
0.5259433962264151    0.0
0.5268867924528302    0.0
0.5278301886792454    0.0
0.5287735849056604    0.0
0.5297169811320754    0.0
0.5306603773584906    0.0
0.5316037735849057    0.0
0.5325471698113208    0.0
0.5334905660377358    0.0
0.534433962264151    0.0
0.5353773584905661    0.0
0.5363207547169812    0.0
0.5372641509433962    0.0
0.5382075471698113    0.0
0.5391509433962265    0.0
0.5400943396226415    0.0
0.5410377358490566    0.0
0.5419811320754717    0.0
0.5429245283018869    0.0
0.5438679245283019    0.0
0.5448113207547169    0.0
0.5457547169811321    0.0
0.5466981132075472    0.0
0.5476415094339623    0.0
0.5485849056603773    0.0
0.5495283018867925    0.0
0.5504716981132076    0.0
0.5514150943396227    0.0
0.5523584905660377    0.0
0.5533018867924528    0.0
0.554245283018868    0.0
0.555188679245283    0.0
0.5561320754716981    0.0
0.5570754716981132    0.0
0.5580188679245284    0.0
0.5589622641509434    0.0
0.5599056603773584    0.0
0.5608490566037736    0.0
0.5617924528301887    0.0
0.5627358490566038    0.0
0.5636792452830188    0.0
0.564622641509434    0.0
0.5655660377358491    0.0
0.5665094339622642    0.0
0.5674528301886792    0.0
0.5683962264150944    0.0
0.5693396226415095    0.0
0.5702830188679245    0.0
0.5712264150943396    0.0
0.5721698113207547    0.0
0.5731132075471699    0.0
0.5740566037735849    0.0
0.575    0.0
0.5759433962264151    0.0
0.5768867924528303    0.0
0.5778301886792453    0.0
0.5787735849056603    0.0
0.5797169811320755    0.0
0.5806603773584906    0.0
0.5816037735849057    0.0
0.5825471698113207    0.0
0.5834905660377359    0.0
0.584433962264151    0.0
0.585377358490566    0.0
0.5863207547169811    0.0
0.5872641509433962    0.0
0.5882075471698114    0.0
0.5891509433962264    0.0
0.5900943396226415    0.0
0.5910377358490566    0.0
0.5919811320754718    0.0
0.5929245283018868    0.0
0.5938679245283018    0.0
0.594811320754717    0.0
0.5957547169811321    0.0
0.5966981132075472    0.0
0.5976415094339622    0.0
0.5985849056603774    0.0
0.5995283018867925    0.0
0.6004716981132076    0.0
0.6014150943396226    0.0
0.6023584905660377    0.0
0.6033018867924529    0.0
0.6042452830188679    0.0
0.605188679245283    0.0
0.6061320754716981    0.0
0.6070754716981133    0.0
0.6080188679245283    0.0
0.6089622641509433    0.0
0.6099056603773585    0.0
0.6108490566037736    0.0
0.6117924528301887    0.0
0.6127358490566037    0.0
0.6136792452830189    0.0
0.614622641509434    0.0
0.6155660377358491    0.0
0.6165094339622641    0.0
0.6174528301886792    0.0
0.6183962264150944    0.0
0.6193396226415094    0.0
0.6202830188679245    0.0
0.6212264150943396    0.0
0.6221698113207548    0.0
0.6231132075471698    0.0
0.6240566037735849    0.0
0.625    0.0
0.6259433962264151    0.0
0.6268867924528302    0.0
0.6278301886792452    0.0
0.6287735849056604    0.0
0.6297169811320755    0.0
0.6306603773584906    0.0
0.6316037735849056    0.0
0.6325471698113208    0.0
0.6334905660377359    0.0
0.6344339622641509    0.0
0.635377358490566    0.0
0.6363207547169811    0.0
0.6372641509433963    0.0
0.6382075471698113    0.0
0.6391509433962264    0.0
0.6400943396226415    0.0
0.6410377358490567    0.0
0.6419811320754717    0.0
0.6429245283018867    0.0
0.6438679245283019    0.0
0.644811320754717    0.0
0.6457547169811321    0.0
0.6466981132075471    0.0
0.6476415094339623    0.0
0.6485849056603774    0.0
0.6495283018867924    0.0
0.6504716981132075    0.0
0.6514150943396226    0.0
0.6523584905660378    0.0
0.6533018867924528    0.0
0.6542452830188679    0.0
0.655188679245283    0.0
0.6561320754716982    0.0
0.6570754716981132    0.0
0.6580188679245282    0.0
0.6589622641509434    0.0
0.6599056603773585    0.0
0.6608490566037736    0.0
0.6617924528301886    0.0
0.6627358490566038    0.0
0.6636792452830189    0.0
0.664622641509434    0.0
0.665566037735849    0.0
0.6665094339622641    0.0
0.6674528301886793    0.0
0.6683962264150943    0.0
0.6693396226415094    0.0
0.6702830188679245    0.0
0.6712264150943397    0.0
0.6721698113207547    0.0
0.6731132075471697    0.0
0.6740566037735849    0.0
0.675    0.0
0.6759433962264151    0.0
0.6768867924528301    0.0
0.6778301886792453    0.0
0.6787735849056604    0.0
0.6797169811320755    0.0
0.6806603773584905    0.0
0.6816037735849056    0.0
0.6825471698113208    0.0
0.6834905660377358    0.0
0.6844339622641509    0.0
0.685377358490566    0.0
0.6863207547169812    0.0
0.6872641509433962    0.0
0.6882075471698113    0.0
0.6891509433962264    0.0
0.6900943396226416    0.0
0.6910377358490567    0.0
0.6919811320754717    0.0
0.6929245283018868    0.0
0.6938679245283019    0.0
0.6948113207547171    0.0
0.6957547169811321    0.0
0.6966981132075472    0.0
0.6976415094339623    0.0
0.6985849056603775    0.0
0.6995283018867925    0.0
0.7004716981132075    0.0
0.7014150943396227    0.0
0.7023584905660378    0.0
0.7033018867924529    0.0
0.7042452830188679    0.0
0.7051886792452831    0.0
0.7061320754716982    0.0
0.7070754716981132    0.0
0.7080188679245283    0.0
0.7089622641509434    0.0
0.7099056603773586    0.0
0.7108490566037736    0.0
0.7117924528301887    0.0
0.7127358490566038    0.0
0.713679245283019    0.0
0.714622641509434    0.0
0.715566037735849    0.0
0.7165094339622642    0.0
0.7174528301886793    0.0
0.7183962264150944    0.0
0.7193396226415094    0.0
0.7202830188679246    0.0
0.7212264150943397    0.0
0.7221698113207548    0.0
0.7231132075471698    0.0
0.7240566037735849    0.0
0.7250000000000001    0.0
0.7259433962264151    0.0
0.7268867924528302    0.0
0.7278301886792453    0.0
0.7287735849056605    0.0
0.7297169811320755    0.0
0.7306603773584905    0.0
0.7316037735849057    0.0
0.7325471698113208    0.0
0.7334905660377359    0.0
0.7344339622641509    0.0
0.7353773584905661    0.0
0.7363207547169812    0.0
0.7372641509433963    0.0
0.7382075471698113    0.0
0.7391509433962264    0.0
0.7400943396226416    0.0
0.7410377358490566    0.0
0.7419811320754717    0.0
0.7429245283018868    0.0
0.743867924528302    0.0
0.744811320754717    0.0
0.745754716981132    0.0
0.7466981132075472    0.0
0.7476415094339623    0.0
0.7485849056603774    0.0
0.7495283018867924    0.0
0.7504716981132076    0.0
0.7514150943396227    0.0
0.7523584905660378    0.0
0.7533018867924528    0.0
0.754245283018868    0.0
0.7551886792452831    0.0
0.7561320754716981    0.0
0.7570754716981132    0.0
0.7580188679245283    0.0
0.7589622641509435    0.0
0.7599056603773585    0.0
0.7608490566037736    0.0
0.7617924528301887    0.0
0.7627358490566039    0.0
0.7636792452830189    0.0
0.7646226415094339    0.0
0.7655660377358491    0.0
0.7665094339622642    0.0
0.7674528301886793    0.0
0.7683962264150943    0.0
0.7693396226415095    0.0
0.7702830188679246    0.0
0.7712264150943396    0.0
0.7721698113207547    0.0
0.7731132075471698    0.0
0.774056603773585    0.0
0.775    0.0
0.7759433962264151    0.0
0.7768867924528302    0.0
0.7778301886792454    0.0
0.7787735849056604    0.0
0.7797169811320754    0.0
0.7806603773584906    0.0
0.7816037735849057    0.0
0.7825471698113208    0.0
0.7834905660377358    0.0
0.784433962264151    0.0
0.7853773584905661    0.0
0.7863207547169812    0.0
0.7872641509433962    0.0
0.7882075471698113    0.0
0.7891509433962265    0.0
0.7900943396226415    0.0
0.7910377358490566    0.0
0.7919811320754717    0.0
0.7929245283018869    0.0
0.7938679245283019    0.0
0.7948113207547169    0.0
0.7957547169811321    0.0
0.7966981132075472    0.0
0.7976415094339623    0.0
0.7985849056603773    0.0
0.7995283018867925    0.0
0.8004716981132076    0.0
0.8014150943396227    0.0
0.8023584905660377    0.0
0.8033018867924528    0.0
0.804245283018868    0.0
0.805188679245283    0.0
0.8061320754716981    0.0
0.8070754716981132    0.0
0.8080188679245284    0.0
0.8089622641509434    0.0
0.8099056603773584    0.0
0.8108490566037736    0.0
0.8117924528301887    0.0
0.8127358490566038    0.0
0.8136792452830188    0.0
0.814622641509434    0.0
0.8155660377358491    0.0
0.8165094339622642    0.0
0.8174528301886792    0.0
0.8183962264150944    0.0
0.8193396226415095    0.0
0.8202830188679245    0.0
0.8212264150943396    0.0
0.8221698113207547    0.0
0.8231132075471699    0.0
0.8240566037735849    0.0
0.825    0.0
0.8259433962264151    0.0
0.8268867924528303    0.0
0.8278301886792453    0.0
0.8287735849056603    0.0
0.8297169811320755    0.0
0.8306603773584906    0.0
0.8316037735849057    0.0
0.8325471698113207    0.0
0.8334905660377359    0.0
0.834433962264151    0.0
0.835377358490566    0.0
0.8363207547169811    0.0
0.8372641509433962    0.0
0.8382075471698114    0.0
0.8391509433962264    0.0
0.8400943396226415    0.0
0.8410377358490566    0.0
0.8419811320754718    0.0
0.8429245283018868    0.0
0.8438679245283018    0.0
0.844811320754717    0.0
0.8457547169811321    0.0
0.8466981132075472    0.0
0.8476415094339622    0.0
0.8485849056603774    0.0
0.8495283018867925    0.0
0.8504716981132076    0.0
0.8514150943396226    0.0
0.8523584905660377    0.0
0.8533018867924529    0.0
0.8542452830188679    0.0
0.855188679245283    0.0
0.8561320754716981    0.0
0.8570754716981133    0.0
0.8580188679245283    0.0
0.8589622641509433    0.0
0.8599056603773585    0.0
0.8608490566037736    0.0
0.8617924528301887    0.0
0.8627358490566037    0.0
0.8636792452830189    0.0
0.864622641509434    0.0
0.8655660377358491    0.0
0.8665094339622641    0.0
0.8674528301886792    0.0
0.8683962264150944    0.0
0.8693396226415094    0.0
0.8702830188679245    0.0
0.8712264150943396    0.0
0.8721698113207548    0.0
0.8731132075471698    0.0
0.8740566037735849    0.0
0.875    0.0
0.8759433962264151    0.0
0.8768867924528302    0.0
0.8778301886792452    0.0
0.8787735849056604    0.0
0.8797169811320755    0.0
0.8806603773584906    0.0
0.8816037735849056    0.0
0.8825471698113208    0.0
0.8834905660377359    0.0
0.8844339622641509    0.0
0.885377358490566    0.0
0.8863207547169811    0.0
0.8872641509433963    0.0
0.8882075471698113    0.0
0.8891509433962264    0.0
0.8900943396226415    0.0
0.8910377358490567    0.0
0.8919811320754717    0.0
0.8929245283018867    0.0
0.8938679245283019    0.0
0.894811320754717    0.0
0.8957547169811321    0.0
0.8966981132075471    0.0
0.8976415094339623    0.0
0.8985849056603774    0.0
0.8995283018867924    0.0
0.9004716981132075    0.0
0.9014150943396226    0.0
0.9023584905660378    0.0
0.9033018867924528    0.0
0.9042452830188679    0.0
0.905188679245283    0.0
0.9061320754716982    0.0
0.9070754716981132    0.0
0.9080188679245282    0.0
0.9089622641509434    0.0
0.9099056603773585    0.0
0.9108490566037736    0.0
0.9117924528301886    0.0
0.9127358490566038    0.0
0.9136792452830189    0.0
0.914622641509434    0.0
0.915566037735849    0.0
0.9165094339622641    0.0
0.9174528301886793    0.0
0.9183962264150943    0.0
0.9193396226415094    0.0
0.9202830188679245    0.0
0.9212264150943397    0.0
0.9221698113207547    0.0
0.9231132075471697    0.0
0.9240566037735849    0.0
0.925    0.0
0.9259433962264151    0.0
0.9268867924528301    0.0
0.9278301886792453    0.0
0.9287735849056604    0.0
0.9297169811320755    0.0
0.9306603773584905    0.0
0.9316037735849056    0.0
0.9325471698113208    0.0
0.933490566037736    0.0
0.934433962264151    0.0
0.935377358490566    0.0
0.9363207547169812    0.0
0.9372641509433963    0.0
0.9382075471698114    0.0
0.9391509433962264    0.0
0.9400943396226416    0.0
0.9410377358490567    0.0
0.9419811320754717    0.0
0.9429245283018868    0.0
0.9438679245283019    0.0
0.9448113207547171    0.0
0.9457547169811321    0.0
0.9466981132075472    0.0
0.9476415094339623    0.0
0.9485849056603775    0.0
0.9495283018867925    0.0
0.9504716981132075    0.0
0.9514150943396227    0.0
0.9523584905660378    0.0
0.9533018867924529    0.0
0.9542452830188679    0.0
0.9551886792452831    0.0
0.9561320754716982    0.0
0.9570754716981132    0.0
0.9580188679245283    0.0
0.9589622641509434    0.0
0.9599056603773586    0.0
0.9608490566037736    0.0
0.9617924528301887    0.0
0.9627358490566038    0.0
0.963679245283019    0.0
0.964622641509434    0.0
0.965566037735849    0.0
0.9665094339622642    0.0
0.9674528301886793    0.0
0.9683962264150944    0.0
0.9693396226415094    0.0
0.9702830188679246    0.0
0.9712264150943397    0.0
0.9721698113207548    0.0
0.9731132075471698    0.0
0.9740566037735849    0.0
0.9750000000000001    0.0
0.9759433962264151    0.0
0.9768867924528302    0.0
0.9778301886792453    0.0
0.9787735849056605    0.0
0.9797169811320755    0.0
0.9806603773584905    0.0
0.9816037735849057    0.0
0.9825471698113208    0.0
0.9834905660377359    0.0
0.9844339622641509    0.0
0.9853773584905661    0.0
0.9863207547169812    0.0
0.9872641509433963    0.0
0.9882075471698113    0.0
0.9891509433962264    0.0
0.9900943396226416    0.0
0.9910377358490566    0.0
0.9919811320754717    0.0
0.9929245283018868    0.0
0.993867924528302    0.0
0.994811320754717    0.0
0.995754716981132    0.0
0.9966981132075472    0.0
0.9976415094339623    0.0
0.9985849056603774    0.0
0.9995283018867924    0.0