-0.9995283018867924    0.0
-0.9985849056603773    0.0
-0.9976415094339622    0.0
-0.9966981132075472    0.0
-0.995754716981132    0.0
-0.9948113207547169    0.0
-0.9938679245283019    0.0
-0.9929245283018868    0.0
-0.9919811320754717    0.0
-0.9910377358490565    0.0
-0.9900943396226415    0.0
-0.9891509433962264    0.0
-0.9882075471698113    0.0
-0.9872641509433961    0.0
-0.9863207547169811    0.0
-0.9853773584905661    0.0
-0.9844339622641509    0.0
-0.9834905660377358    0.0
-0.9825471698113207    0.0
-0.9816037735849057    0.0
-0.9806603773584905    0.0
-0.9797169811320754    0.0
-0.9787735849056604    0.0
-0.9778301886792453    0.0
-0.9768867924528302    0.0
-0.975943396226415    0.0
-0.975    0.0
-0.9740566037735849    0.0
-0.9731132075471698    0.0
-0.9721698113207546    0.0
-0.9712264150943396    0.0
-0.9702830188679246    0.0
-0.9693396226415094    0.0
-0.9683962264150943    0.0
-0.9674528301886792    0.0
-0.9665094339622642    0.0
-0.965566037735849    0.0
-0.9646226415094339    0.0
-0.9636792452830188    0.0
-0.9627358490566038    0.0
-0.9617924528301887    0.0
-0.9608490566037735    0.0
-0.9599056603773585    0.0
-0.9589622641509434    0.0
-0.9580188679245283    0.0
-0.9570754716981131    0.0
-0.9561320754716981    0.0
-0.9551886792452831    0.0
-0.9542452830188679    0.0
-0.9533018867924528    0.0
-0.9523584905660377    0.0
-0.9514150943396227    0.0
-0.9504716981132075    0.0
-0.9495283018867924    0.0
-0.9485849056603773    0.0
-0.9476415094339623    0.0
-0.9466981132075472    0.0
-0.945754716981132    0.0
-0.944811320754717    0.0
-0.9438679245283019    0.0
-0.9429245283018868    0.0
-0.9419811320754716    0.0
-0.9410377358490566    0.0
-0.9400943396226416    0.0
-0.9391509433962264    0.0
-0.9382075471698113    0.0
-0.9372641509433962    0.0
-0.9363207547169812    0.0
-0.935377358490566    0.0
-0.9344339622641509    0.0
-0.9334905660377358    0.0
-0.9325471698113208    0.0
-0.9316037735849056    0.0
-0.9306603773584905    0.0
-0.9297169811320755    0.0
-0.9287735849056604    0.0
-0.9278301886792453    0.0
-0.9268867924528301    0.0
-0.9259433962264151    0.0
-0.925    0.0
-0.9240566037735849    0.0
-0.9231132075471697    0.0
-0.9221698113207547    0.0
-0.9212264150943397    0.0
-0.9202830188679245    0.0
-0.9193396226415094    0.0
-0.9183962264150943    0.0
-0.9174528301886793    0.0
-0.9165094339622641    0.0
-0.915566037735849    0.0
-0.914622641509434    0.0
-0.9136792452830189    0.0
-0.9127358490566038    0.0
-0.9117924528301886    0.0
-0.9108490566037736    0.0
-0.9099056603773585    0.0
-0.9089622641509434    0.0
-0.9080188679245282    0.0
-0.9070754716981132    0.0
-0.9061320754716982    0.0
-0.905188679245283    0.0
-0.9042452830188679    0.0
-0.9033018867924528    0.0
-0.9023584905660378    0.0
-0.9014150943396226    0.0
-0.9004716981132075    0.0
-0.8995283018867924    0.0
-0.8985849056603774    0.0
-0.8976415094339623    0.0
-0.8966981132075471    0.0
-0.8957547169811321    0.0
-0.894811320754717    0.0
-0.8938679245283019    0.0
-0.8929245283018867    0.0
-0.8919811320754717    0.0
-0.8910377358490567    0.0
-0.8900943396226415    0.0
-0.8891509433962264    0.0
-0.8882075471698113    0.0
-0.8872641509433963    0.0
-0.8863207547169811    0.0
-0.885377358490566    0.0
-0.8844339622641509    0.0
-0.8834905660377359    0.0
-0.8825471698113208    0.0
-0.8816037735849056    0.0
-0.8806603773584906    0.0
-0.8797169811320755    0.0
-0.8787735849056604    0.0
-0.8778301886792452    0.0
-0.8768867924528302    0.0
-0.8759433962264151    0.0
-0.875    0.0
-0.8740566037735849    0.0
-0.8731132075471698    0.0
-0.8721698113207548    0.0
-0.8712264150943396    0.0
-0.8702830188679245    0.0
-0.8693396226415094    0.0
-0.8683962264150944    0.0
-0.8674528301886792    0.0
-0.8665094339622641    0.0
-0.8655660377358491    0.0
-0.864622641509434    0.0
-0.8636792452830189    0.0
-0.8627358490566037    0.0
-0.8617924528301887    0.0
-0.8608490566037736    0.0
-0.8599056603773585    0.0
-0.8589622641509433    0.0
-0.8580188679245283    0.0
-0.8570754716981133    0.0
-0.8561320754716981    0.0
-0.855188679245283    0.0
-0.8542452830188679    0.0
-0.8533018867924529    0.0
-0.8523584905660377    0.0
-0.8514150943396226    0.0
-0.8504716981132076    0.0
-0.8495283018867925    0.0
-0.8485849056603774    0.0
-0.8476415094339622    0.0
-0.8466981132075472    0.0
-0.8457547169811321    0.0
-0.844811320754717    0.0
-0.8438679245283018    0.0
-0.8429245283018868    0.0
-0.8419811320754718    0.0
-0.8410377358490566    0.0
-0.8400943396226415    0.0
-0.8391509433962264    0.0
-0.8382075471698114    0.0
-0.8372641509433962    0.0
-0.8363207547169811    0.0
-0.835377358490566    0.0
-0.834433962264151    0.0
-0.8334905660377359    0.0
-0.8325471698113207    0.0
-0.8316037735849057    0.0
-0.8306603773584906    0.0
-0.8297169811320755    0.0
-0.8287735849056603    0.0
-0.8278301886792453    0.0
-0.8268867924528303    0.0
-0.8259433962264151    0.0
-0.825    0.0
-0.8240566037735849    0.0
-0.8231132075471699    0.0
-0.8221698113207547    0.0
-0.8212264150943396    0.0
-0.8202830188679245    0.0
-0.8193396226415095    0.0
-0.8183962264150944    0.0
-0.8174528301886792    0.0
-0.816509433962264    0.0
-0.8155660377358491    0.0
-0.814622641509434    0.0
-0.8136792452830188    0.0
-0.8127358490566037    0.0
-0.8117924528301887    0.0
-0.8108490566037736    0.0
-0.8099056603773584    0.0
-0.8089622641509433    0.0
-0.8080188679245284    0.0
-0.8070754716981132    0.0
-0.8061320754716981    0.0
-0.8051886792452829    0.0
-0.804245283018868    0.0
-0.8033018867924528    0.0
-0.8023584905660377    0.0
-0.8014150943396225    0.0
-0.8004716981132076    0.0
-0.7995283018867925    0.0
-0.7985849056603773    0.0
-0.7976415094339622    0.0
-0.7966981132075472    0.0
-0.7957547169811321    0.0
-0.7948113207547169    0.0
-0.7938679245283018    0.0
-0.7929245283018869    0.0
-0.7919811320754717    0.0
-0.7910377358490566    0.0
-0.7900943396226414    0.0
-0.7891509433962265    0.0
-0.7882075471698113    0.0
-0.7872641509433962    0.0
-0.786320754716981    0.0
-0.7853773584905661    0.0
-0.784433962264151    0.0
-0.7834905660377358    0.0
-0.7825471698113207    0.0
-0.7816037735849057    0.0
-0.7806603773584906    0.0
-0.7797169811320754    0.0
-0.7787735849056603    0.0
-0.7778301886792454    0.0
-0.7768867924528302    0.0
-0.7759433962264151    0.0
-0.7749999999999999    0.0
-0.774056603773585    0.0
-0.7731132075471698    0.0
-0.7721698113207547    0.0
-0.7712264150943395    0.0
-0.7702830188679246    0.0
-0.7693396226415095    0.0
-0.7683962264150943    0.0
-0.7674528301886792    0.0
-0.7665094339622642    0.0
-0.7655660377358491    0.0
-0.7646226415094339    0.0
-0.7636792452830188    0.0
-0.7627358490566039    0.0
-0.7617924528301887    0.0
-0.7608490566037736    0.0
-0.7599056603773584    0.0
-0.7589622641509435    0.0
-0.7580188679245283    0.0
-0.7570754716981132    0.0
-0.756132075471698    0.0
-0.7551886792452831    0.0
-0.754245283018868    0.0
-0.7533018867924528    0.0
-0.7523584905660377    0.0
-0.7514150943396227    0.0
-0.7504716981132076    0.0
-0.7495283018867924    0.0
-0.7485849056603773    0.0
-0.7476415094339623    0.0
-0.7466981132075472    0.0
-0.745754716981132    0.0
-0.7448113207547169    0.0
-0.743867924528302    0.0
-0.7429245283018868    0.0
-0.7419811320754717    0.0
-0.7410377358490565    0.0
-0.7400943396226416    0.0
-0.7391509433962264    0.0
-0.7382075471698113    0.0
-0.7372641509433961    0.0
-0.7363207547169812    0.0
-0.7353773584905661    0.0
-0.7344339622641509    0.0
-0.7334905660377358    0.0
-0.7325471698113208    0.0
-0.7316037735849057    0.0
-0.7306603773584905    0.0
-0.7297169811320754    0.0
-0.7287735849056605    0.0
-0.7278301886792453    0.0
-0.7268867924528302    0.0
-0.725943396226415    0.0
-0.7250000000000001    0.0
-0.7240566037735849    0.0
-0.7231132075471698    0.0
-0.7221698113207546    0.0
-0.7212264150943397    0.0
-0.7202830188679246    0.0
-0.7193396226415094    0.0
-0.7183962264150943    0.0
-0.7174528301886793    0.0
-0.7165094339622642    0.0
-0.715566037735849    0.0
-0.7146226415094339    0.0
-0.713679245283019    0.0
-0.7127358490566038    0.0
-0.7117924528301887    0.0
-0.7108490566037735    0.0
-0.7099056603773586    0.0
-0.7089622641509434    0.0
-0.7080188679245283    0.0
-0.7070754716981131    0.0
-0.7061320754716982    0.0
-0.7051886792452831    0.0
-0.7042452830188679    0.0
-0.7033018867924528    0.0
-0.7023584905660378    0.0
-0.7014150943396227    0.0
-0.7004716981132075    0.0
-0.6995283018867924    0.0
-0.6985849056603775    0.0
-0.6976415094339623    0.0
-0.6966981132075472    0.0
-0.695754716981132    0.0
-0.6948113207547171    0.0
-0.6938679245283019    0.0
-0.6929245283018868    0.0
-0.6919811320754716    0.0
-0.6910377358490567    0.0
-0.6900943396226416    0.0
-0.6891509433962264    0.0
-0.6882075471698113    0.0
-0.6872641509433963    0.0
-0.6863207547169812    0.0
-0.685377358490566    0.0
-0.6844339622641509    0.0
-0.683490566037736    0.0
-0.6825471698113208    0.0
-0.6816037735849056    0.0
-0.6806603773584905    0.0
-0.6797169811320756    0.0
-0.6787735849056604    0.0
-0.6778301886792453    0.0
-0.6768867924528301    0.0
-0.6759433962264152    0.0
-0.675    0.0
-0.6740566037735849    0.0
-0.6731132075471697    0.0
-0.6721698113207548    0.0
-0.6712264150943397    0.0
-0.6702830188679245    0.0
-0.6693396226415094    0.0
-0.6683962264150944    0.0
-0.6674528301886793    0.0
-0.6665094339622641    0.0
-0.665566037735849    0.0
-0.6646226415094341    0.0
-0.6636792452830189    0.0
-0.6627358490566038    0.0
-0.6617924528301886    0.0
-0.6608490566037737    0.0
-0.6599056603773585    0.0
-0.6589622641509434    0.0
-0.6580188679245282    0.0
-0.6570754716981133    0.0
-0.6561320754716982    0.0
-0.655188679245283    0.0
-0.6542452830188679    0.0
-0.6533018867924529    0.0
-0.6523584905660378    0.0
-0.6514150943396226    0.0
-0.6504716981132075    0.0
-0.6495283018867926    0.0
-0.6485849056603774    0.0
-0.6476415094339623    0.0
-0.6466981132075471    0.0
-0.6457547169811322    0.0
-0.644811320754717    0.0
-0.6438679245283019    0.0
-0.6429245283018867    0.0
-0.6419811320754718    0.0
-0.6410377358490567    0.0
-0.6400943396226415    0.0
-0.6391509433962264    0.0
-0.6382075471698113    0.0
-0.6372641509433963    0.0
-0.6363207547169811    0.0
-0.635377358490566    0.0
-0.6344339622641508    0.0
-0.6334905660377359    0.0
-0.6325471698113208    0.0
-0.6316037735849056    0.0
-0.6306603773584905    0.0
-0.6297169811320755    0.0
-0.6287735849056604    0.0
-0.6278301886792452    0.0
-0.6268867924528301    0.0
-0.6259433962264151    0.0
-0.625    0.0
-0.6240566037735849    0.0
-0.6231132075471697    0.0
-0.6221698113207548    0.0
-0.6212264150943396    0.0
-0.6202830188679245    0.0
-0.6193396226415093    0.0
-0.6183962264150944    0.0
-0.6174528301886792    0.0
-0.6165094339622641    0.0
-0.615566037735849    0.0
-0.614622641509434    0.0
-0.6136792452830189    0.0
-0.6127358490566037    0.0
-0.6117924528301886    0.0
-0.6108490566037736    0.0
-0.6099056603773585    0.0
-0.6089622641509433    0.0
-0.6080188679245282    0.0
-0.6070754716981133    0.0
-0.6061320754716981    0.0
-0.605188679245283    0.0
-0.6042452830188678    0.0
-0.6033018867924529    0.0
-0.6023584905660377    0.0
-0.6014150943396226    0.0
-0.6004716981132074    0.0
-0.5995283018867925    0.0
-0.5985849056603774    0.0
-0.5976415094339622    0.0
-0.5966981132075471    0.0
-0.5957547169811321    0.0
-0.594811320754717    0.0
-0.5938679245283018    0.0
-0.5929245283018867    0.0
-0.5919811320754718    0.0
-0.5910377358490566    0.0
-0.5900943396226415    0.0
-0.5891509433962263    0.0
-0.5882075471698114    0.0
-0.5872641509433962    0.0
-0.5863207547169811    0.0
-0.5853773584905659    0.0
-0.584433962264151    0.0
-0.5834905660377359    0.0
-0.5825471698113207    0.0
-0.5816037735849056    0.0
-0.5806603773584906    0.0
-0.5797169811320755    0.0
-0.5787735849056603    0.0
-0.5778301886792452    0.0
-0.5768867924528303    0.0
-0.5759433962264151    0.0
-0.575    0.0
-0.5740566037735848    0.0
-0.5731132075471699    0.0
-0.5721698113207547    0.0
-0.5712264150943396    0.0
-0.5702830188679244    0.0
-0.5693396226415095    0.0
-0.5683962264150944    0.0
-0.5674528301886792    0.0
-0.566509433962264    0.0
-0.5655660377358491    0.0
-0.564622641509434    0.0
-0.5636792452830188    0.0
-0.5627358490566037    0.0
-0.5617924528301887    0.0
-0.5608490566037736    0.0
-0.5599056603773584    0.0
-0.5589622641509433    0.0
-0.5580188679245284    0.0
-0.5570754716981132    0.0
-0.5561320754716981    0.0
-0.5551886792452829    0.0
-0.554245283018868    0.0
-0.5533018867924528    0.0
-0.5523584905660377    0.0
-0.5514150943396225    0.0
-0.5504716981132076    0.0
-0.5495283018867925    0.0
-0.5485849056603773    0.0
-0.5476415094339622    0.0
-0.5466981132075472    0.0
-0.5457547169811321    0.0
-0.5448113207547169    0.0
-0.5438679245283018    0.0
-0.5429245283018869    0.0
-0.5419811320754717    0.0
-0.5410377358490566    0.0
-0.5400943396226414    0.0
-0.5391509433962265    0.0
-0.5382075471698113    0.0
-0.5372641509433962    0.0
-0.536320754716981    0.0
-0.5353773584905661    0.0
-0.534433962264151    0.0
-0.5334905660377358    0.0
-0.5325471698113207    0.00023563410025565466
-0.5316037735849057    0.0
-0.5306603773584906    0.0
-0.5297169811320754    0.0
-0.5287735849056603    0.0
-0.5278301886792454    0.0
-0.5268867924528302    0.0
-0.5259433962264151    0.0
-0.5249999999999999    0.0
-0.524056603773585    0.0
-0.5231132075471698    0.0
-0.5221698113207547    0.0
-0.5212264150943395    0.00023563410025565466
-0.5202830188679246    0.0
-0.5193396226415095    0.0
-0.5183962264150943    0.0
-0.5174528301886792    0.0
-0.5165094339622642    0.0
-0.5155660377358491    0.0
-0.5146226415094339    0.0
-0.5136792452830188    0.0
-0.5127358490566039    0.0
-0.5117924528301887    0.0
-0.5108490566037736    0.0
-0.5099056603773584    0.0
-0.5089622641509435    0.0
-0.5080188679245283    0.0
-0.5070754716981132    0.0
-0.506132075471698    0.0
-0.5051886792452831    0.00023563410025565466
-0.504245283018868    0.0
-0.5033018867924528    0.0
-0.5023584905660377    0.0
-0.5014150943396227    0.0
-0.5004716981132076    0.0
-0.4995283018867924    0.0
-0.49858490566037733    0.0
-0.49764150943396224    0.0
-0.49669811320754714    0.0
-0.49575471698113205    0.0
-0.49481132075471695    0.0
-0.49386792452830186    0.0
-0.49292452830188677    0.0
-0.49198113207547167    0.0
-0.4910377358490566    0.0
-0.4900943396226415    0.0
-0.4891509433962264    0.0
-0.4882075471698113    0.00023563410025562696
-0.4872641509433962    0.0
-0.4863207547169811    0.0
-0.485377358490566    0.0
-0.4844339622641509    0.0
-0.4834905660377358    0.0
-0.48254716981132073    0.0
-0.48160377358490564    0.0
-0.48066037735849054    0.0
-0.47971698113207545    0.0
-0.47877358490566035    0.0
-0.47783018867924526    0.0
-0.47688679245283017    0.0
-0.47594339622641507    0.0
-0.475    0.0
-0.4740566037735849    0.0
-0.4731132075471698    0.0
-0.4721698113207547    0.0
-0.4712264150943396    0.00023563410025562696
-0.4702830188679245    0.00023563410025565466
-0.4693396226415094    0.0
-0.4683962264150943    0.00023563410025565466
-0.4674528301886792    0.00023563410025562696
-0.46650943396226413    0.0
-0.46556603773584904    0.0
-0.46462264150943394    0.0
-0.46367924528301885    0.00023563410025562696
-0.46273584905660375    0.0
-0.46179245283018866    0.00023563410025562696
-0.46084905660377357    0.0004712682005113093
-0.45990566037735847    0.00023563410025562696
-0.4589622641509434    0.0
-0.4580188679245283    0.0
-0.4570754716981132    0.0
-0.4561320754716981    0.0
-0.455188679245283    0.0
-0.4542452830188679    0.00023563410025562696
-0.4533018867924528    0.00023563410025565466
-0.4523584905660377    0.0
-0.4514150943396226    0.0
-0.45047169811320753    0.00023563410025562696
-0.44952830188679244    0.0
-0.44858490566037734    0.0
-0.44764150943396225    0.0
-0.44669811320754715    0.0
-0.44575471698113206    0.0
-0.44481132075471697    0.0004712682005112539
-0.44386792452830187    0.00023563410025565466
-0.4429245283018868    0.00023563410025562696
-0.4419811320754717    0.0
-0.4410377358490566    0.00023563410025562696
-0.4400943396226415    0.0004712682005113093
-0.4391509433962264    0.0
-0.4382075471698113    0.0
-0.4372641509433962    0.0
-0.4363207547169811    0.0004712682005113093
-0.435377358490566    0.0
-0.43443396226415093    0.0
-0.43349056603773584    0.0
-0.43254716981132074    0.0
-0.43160377358490565    0.00023563410025562696
-0.43066037735849055    0.0
-0.42971698113207546    0.0
-0.42877358490566037    0.0
-0.42783018867924527    0.00023563410025562696
-0.4268867924528302    0.0004712682005113093
-0.4259433962264151    0.0007069023007668808
-0.425    0.0004712682005113093
-0.4240566037735849    0.0004712682005112539
-0.4231132075471698    0.00023563410025565466
-0.4221698113207547    0.0004712682005112539
-0.4212264150943396    0.00023563410025565466
-0.4202830188679245    0.00023563410025562696
-0.4193396226415094    0.00023563410025565466
-0.41839622641509433    0.00023563410025562696
-0.41745283018867924    0.0004712682005113093
-0.41650943396226414    0.0
-0.41556603773584905    0.0007069023007669641
-0.41462264150943395    0.0004712682005112539
-0.41367924528301886    0.0
-0.41273584905660377    0.00023563410025562696
-0.41179245283018867    0.0004712682005113093
-0.4108490566037736    0.00023563410025562696
-0.4099056603773585    0.00023563410025565466
-0.4089622641509434    0.00023563410025562696
-0.4080188679245283    0.0007069023007669641
-0.4070754716981132    0.0004712682005112539
-0.4061320754716981    0.0
-0.405188679245283    0.0
-0.4042452830188679    0.0004712682005113093
-0.4033018867924528    0.0007069023007668808
-0.40235849056603773    0.00023563410025565466
-0.40141509433962264    0.0007069023007668808
-0.40047169811320754    0.0004712682005113093
-0.39952830188679245    0.0004712682005112539
-0.39858490566037735    0.0011781705012782733
-0.39764150943396226    0.0011781705012781348
-0.39669811320754716    0.0011781705012782733
-0.39575471698113207    0.0009425364010225078
-0.394811320754717    0.0004712682005113093
-0.3938679245283019    0.0009425364010225078
-0.3929245283018868    0.00023563410025565466
-0.3919811320754717    0.0009425364010225078
-0.3910377358490566    0.0
-0.3900943396226415    0.0004712682005112539
-0.3891509433962264    0.00023563410025565466
-0.3882075471698113    0.0007069023007668808
-0.3872641509433962    0.0004712682005113093
-0.38632075471698113    0.00023563410025562696
-0.38537735849056604    0.0004712682005113093
-0.38443396226415094    0.0004712682005112539
-0.38349056603773585    0.0007069023007669641
-0.38254716981132075    0.0011781705012781348
-0.38160377358490566    0.0014138046015339282
-0.38066037735849056    0.0016494387017893888
-0.37971698113207547    0.0007069023007669641
-0.3787735849056604    0.0014138046015337617
-0.3778301886792453    0.0021207069023008924
-0.3768867924528302    0.0004712682005112539
-0.3759433962264151    0.0011781705012782733
-0.375    0.0016494387017893888
-0.3740566037735849    0.0007069023007669641
-0.3731132075471698    0.0009425364010225078
-0.3721698113207547    0.0014138046015339282
-0.3712264150943396    0.0011781705012781348
-0.37028301886792453    0.0014138046015339282
-0.36933962264150944    0.0025919751028118964
-0.36839622641509434    0.0011781705012782733
-0.36745283018867925    0.0007069023007668808
-0.36650943396226415    0.0016494387017895829
-0.36556603773584906    0.0014138046015337617
-0.36462264150943396    0.0018850728020452373
-0.36367924528301887    0.0021207069023006426
-0.3627358490566038    0.0016494387017895829
-0.3617924528301887    0.0016494387017893888
-0.3608490566037736    0.0016494387017895829
-0.3599056603773585    0.0009425364010225078
-0.3589622641509434    0.0016494387017895829
-0.3580188679245283    0.0016494387017893888
-0.3570754716981132    0.0009425364010226187
-0.3561320754716981    0.0016494387017893888
-0.355188679245283    0.0016494387017895829
-0.35424528301886793    0.0030632433033231507
-0.35330188679245284    0.0014138046015339282
-0.35235849056603774    0.0021207069023006426
-0.35141509433962265    0.0035345115038348204
-0.35047169811320755    0.0016494387017893888
-0.34952830188679246    0.0032988774035791657
-0.34858490566037736    0.0021207069023006426
-0.34764150943396227    0.0023563410025565466
-0.3466981132075472    0.0014138046015337617
-0.3457547169811321    0.0032988774035791657
-0.344811320754717    0.0037701456040900314
-0.3438679245283019    0.0035345115038348204
-0.3429245283018868    0.0037701456040900314
-0.3419811320754717    0.0030632433033235106
-0.3410377358490566    0.0028276092030675233
-0.3400943396226415    0.0023563410025565466
-0.3391509433962264    0.0025919751028118964
-0.33820754716981133    0.00400577970434613
-0.33726415094339623    0.0032988774035787776
-0.33632075471698114    0.0025919751028122017
-0.33537735849056605    0.004005779704345658
-0.33443396226415095    0.0032988774035791657
-0.33349056603773586    0.0025919751028118964
-0.33254716981132076    0.0044770479048574395
-0.33160377358490567    0.0035345115038344045
-0.3306603773584906    0.0030632433033235106
-0.3297169811320755    0.0030632433033231507
-0.3287735849056604    0.004241413804601785
-0.3278301886792453    0.0032988774035787776
-0.3268867924528302    0.005419584305880058
-0.3259433962264151    0.00541958430587942
-0.325    0.0044770479048574395
-0.3240566037735849    0.004005779704345658
-0.3231132075471698    0.0032988774035791657
-0.32216981132075473    0.004712682005112539
-0.32122641509433963    0.004948316105368748
-0.32028301886792454    0.004948316105368166
-0.31933962264150945    0.004712682005113093
-0.31839622641509435    0.007540291208180063
-0.31745283018867926    0.005655218406135713
-0.31650943396226416    0.0058908525063906736
-0.31556603773584907    0.007775925308436605
-0.314622641509434    0.008011559408691317
-0.3136792452830189    0.005655218406135713
-0.3127358490566038    0.005655218406135047
-0.3117924528301887    0.006833388907413986
-0.3108490566037736    0.006126486606646301
-0.3099056603773585    0.0051839502056244035
-0.3089622641509434    0.007304657107924435
-0.3080188679245283    0.00848282760920357
-0.3070754716981132    0.007540291208180063
-0.30613207547169813    0.008954095809714879
-0.30518867924528303    0.00777592530843569
-0.30424528301886794    0.00848282760920357
-0.30330188679245285    0.009189729909969451
-0.30235849056603775    0.006126486606647021
-0.30141509433962266    0.008718461709458197
-0.30047169811320756    0.008954095809714879
-0.29952830188679247    0.008718461709458197
-0.2985849056603774    0.010367900411248807
-0.2976415094339623    0.012488607313548228
-0.2966981132075472    0.01154607091252708
-0.2957547169811321    0.011074802712014468
-0.294811320754717    0.00801155940869226
-0.2938679245283019    0.010367900411247586
-0.2929245283018868    0.012724241413805354
-0.2919811320754717    0.01083916861175884
-0.2910377358490566    0.014138046015339282
-0.29009433962264153    0.012252973213292603
-0.28915094339622643    0.014138046015339282
-0.28820754716981134    0.014844948316104499
-0.28726415094339625    0.015316216516617557
-0.28632075471698115    0.01790819161942765
-0.28537735849056606    0.01460931421585059
-0.28443396226415096    0.014373680115593245
-0.28349056603773587    0.013666777814827972
-0.2825471698113208    0.01555185061687138
-0.2816037735849057    0.01861509392019672
-0.2806603773584906    0.021913971323773308
-0.2797169811320755    0.0176725575191741
-0.2787735849056604    0.017436923418916395
-0.2778301886792453    0.01955763032121934
-0.2768867924528302    0.019086362120705785
-0.27594339622641506    0.01861509392019453
-0.27499999999999997    0.020735800822497614
-0.2740566037735849    0.019086362120705785
-0.2731132075471698    0.02309214182505416
-0.2721698113207547    0.023092141825051444
-0.2712264150943396    0.02120706902300892
-0.2702830188679245    0.025919751028118963
-0.2693396226415094    0.024270312326332432
-0.2683962264150943    0.025684116927863338
-0.2674528301886792    0.02403467822607678
-0.2665094339622641    0.02874736023118649
-0.265566037735849    0.03204623763476904
-0.26462264150943393    0.027333555629652728
-0.26367924528301884    0.030161164832723797
-0.26273584905660374    0.02874736023118649
-0.26179245283018865    0.03652328553962647
-0.26084905660377355    0.032988774035787774
-0.25990566037735846    0.027333555629655944
-0.25896226415094337    0.03793709014115594
-0.2580188679245283    0.03699455374013779
-0.2570754716981132    0.0270979215293971
-0.2561320754716981    0.037701456040904746
-0.255188679245283    0.040057797043456585
-0.2542452830188679    0.039350894742694334
-0.2533018867924528    0.03510948093808842
-0.2523584905660377    0.03982216294320565
-0.2514150943396226    0.04100033344447909
-0.2504716981132075    0.042649772146273496
-0.24952830188679243    0.04641991775035851
-0.24858490566037733    0.052546404357010995
-0.24764150943396224    0.04641991775035851
-0.24669811320754714    0.05372457485828926
-0.24575471698113205    0.05019006335444854
-0.24481132075471695    0.053488940758033614
-0.24386792452830186    0.044063576747802244
-0.24292452830188677    0.05560964766033451
-0.24198113207547167    0.05702345226186172
-0.24103773584905658    0.05608091586084581
-0.24009433962264148    0.06362120706901928
-0.2391509433962264    0.05843725686340236
-0.2382075471698113    0.06668445037234243
-0.2372641509433962    0.0633855729687711
-0.2363207547169811    0.07092586417694371
-0.235377358490566    0.07752361898411039
-0.23443396226415092    0.06974769367566558
-0.23349056603773582    0.06786262087362856
-0.23254716981132073    0.07092586417694371
-0.23160377358490564    0.08529954429254699
-0.23066037735849054    0.08035122818716879
-0.22971698113207545    0.08600644659331397
-0.22877358490566035    0.0838857396910032
-0.22783018867924526    0.09425364010226187
-0.22688679245283017    0.09543181060352893
-0.22594339622641507    0.1034433700122324
-0.22499999999999998    0.09778815160608519
-0.22405660377358488    0.10155829721018718
-0.2231132075471698    0.11027675891963341
-0.2221698113207547    0.10415027231299936
-0.2212264150943396    0.11239746582193406
-0.2202830188679245    0.11051239301990204
-0.2193396226415094    0.11263309992218969
-0.21839622641509432    0.11310436812271425
-0.21745283018867922    0.11852395242858037
-0.21650943396226413    0.11522507502501514
-0.21556603773584904    0.12182282983215914
-0.21462264150943394    0.143972435256205
-0.21367924528301885    0.13925975325107554
-0.21273584905660375    0.1357252417472571
-0.21179245283018866    0.13855285095030864
-0.21084905660377357    0.14609314215850588
-0.20990566037735847    0.1458575080582331
-0.20896226415094338    0.15410470156719816
-0.20801886792452828    0.16353006557740513
-0.2070754716981132    0.17813937979327496
-0.2061320754716981    0.16824274758251764
-0.205188679245283    0.18120262309659846
-0.2042452830188679    0.17059908858507392
-0.2033018867924528    0.18591530510171153
-0.20235849056603772    0.18850728020450155
-0.20141509433962262    0.18992108480605766
-0.20047169811320753    0.19439813271089224
-0.19952830188679244    0.2017027898188404
-0.19858490566037734    0.21584083583415428
-0.19764150943396225    0.20547293542293088
-0.19669811320754715    0.23068578415025878
-0.19575471698113206    0.22997888184951898
-0.19481132075471697    0.23704790485716074
-0.19386792452830187    0.2502434144715053
-0.19292452830188678    0.2542491941758215
-0.19198113207547168    0.263438924085822
-0.1910377358490566    0.26815160609090344
-0.1900943396226415    0.2730999221963038
-0.1891509433962264    0.28747360231186486
-0.1882075471698113    0.2994909414249371
-0.1872641509433962    0.29336445481825557
-0.18632075471698112    0.3093875736356746
-0.18537735849056602    0.30278981882848066
-0.18443396226415093    0.3037323552295389
-0.18349056603773584    0.3298877403578777
-0.18254716981132074    0.3322440813604731
-0.18160377358490565    0.33719239746580215
-0.18066037735849055    0.36711792819831
-0.17971698113207546    0.36169834389238736
-0.17877358490566037    0.37159497610316744
-0.17783018867924527    0.3836123152161607
-0.17688679245283018    0.3840835834167171
-0.17594339622641508    0.40340557963763335
-0.175    0.412830943647907
-0.1740566037735849    0.41188840724683595
-0.1731132075471698    0.4434633766811421
-0.1721698113207547    0.44464154718236804
-0.1712264150943396    0.45736578859622573
-0.17028301886792452    0.47032566411023147
-0.16933962264150942    0.49223963543406263
-0.16839622641509433    0.480693564521479
-0.16745283018867924    0.5040213404468454
-0.16650943396226414    0.5080271201511317
-0.16556603773584905    0.5341825052795692
-0.16462264150943395    0.5553895743025127
-0.16367924528301886    0.558924085806413
-0.16273584905660377    0.5582171835055803
-0.16179245283018867    0.5777748138268654
-0.16084905660377358    0.5888496165388118
-0.15990566037735848    0.6197176836723719
-0.1589622641509434    0.6333844614871252
-0.1580188679245283    0.6406891185951251
-0.1570754716981132    0.6305568522840578
-0.1561320754716981    0.6699077470268262
-0.155188679245283    0.7003045459597232
-0.15424528301886792    0.709023007669265
-0.15330188679245282    0.7040746915638133
-0.15235849056603773    0.7323507835945747
-0.15141509433962264    0.7570923641213294
-0.15047169811320754    0.8006846726687147
-0.14952830188679245    0.8058686228742442
-0.14858490566037735    0.8247193508947914
-0.14764150943396226    0.8419206402133551
-0.14669811320754716    0.8489896632211238
-0.14575471698113207    0.8798577303545111
-0.14481132075471698    0.8857485828610059
-0.14386792452830188    0.9121396020895319
-0.1429245283018868    0.9375880849172499
-0.1419811320754717    0.9357030121150947
-0.1410377358490566    0.9604445926420485
-0.1400943396226415    0.9870712459708214
-0.1391509433962264    1.03301989552079
-0.13820754716981132    1.0202956541068646
-0.13726415094339622    1.0462154051351067
-0.13632075471698113    1.077554740468982
-0.13537735849056604    1.1246815605202398
-0.13443396226415094    1.1164343670111605
-0.13349056603773585    1.1897165721908005
-0.13254716981132075    1.1397621429364675
-0.13160377358490566    1.213279982216366
-0.13066037735849056    1.2215271757251702
-0.12971698113207547    1.2415560742470444
-0.12877358490566038    1.26087807046786
-0.12783018867924528    1.325913082138569
-0.1268867924528302    1.3261487162386687
-0.1259433962264151    1.3466488829610666
-0.125    1.357959319773178
-0.1240566037735849    1.417810381238274
-0.12311320754716981    1.4213448927419419
-0.12216981132075472    1.47389129709912
-0.12122641509433962    1.4941558297209305
-0.12028301886792453    1.4894431477159933
-0.11933962264150944    1.5610759141935286
-0.11839622641509434    1.591943981327203
-0.11745283018867925    1.6418984105812087
-0.11650943396226415    1.6423696787819133
-0.11556603773584906    1.6748871846169964
-0.11462264150943396    1.706697788151707
-0.11367924528301887    1.7349738801821812
-0.11273584905660378    1.7606579971102518
-0.11179245283018868    1.784457041235863
-0.11084905660377359    1.8091986217629166
-0.1099056603773585    1.8662220740245656
-0.1089622641509434    1.902980993664667
-0.1080188679245283    1.8846015338445044
-0.10707547169811321    1.9701367122375288
-0.10613207547169812    1.986631099255191
-0.10518867924528302    2.035407358008345
-0.10424528301886793    2.0316372124040156
-0.10330188679245284    2.0761720573525735
-0.10235849056603774    2.111752806490929
-0.10141509433962265    2.1654773813494668
-0.10047169811320755    2.1645348449481894
-0.09952830188679246    2.22061576080929
-0.09858490566037736    2.2528976325440495
-0.09764150943396227    2.3221740580194767
-0.09669811320754718    2.309214182505144
-0.09575471698113208    2.344088029343253
-0.09481132075471699    2.3886228742912907
-0.0938679245283019    2.432215182838868
-0.0929245283018868    2.4774569300876617
-0.0919811320754717    2.5076180949206774
-0.09103773584905661    2.5693542291873563
-0.09009433962264152    2.622371901745181
-0.08915094339622642    2.635803045459443
-0.08820754716981133    2.6499410914750925
-0.08726415094339623    2.7112059575412437
-0.08632075471698114    2.7571546070914152
-0.08537735849056605    2.7750627987105188
-0.08443396226415095    2.8104079137491933
-0.08349056603773586    2.878034900522228
-0.08254716981132076    2.859655440702625
-0.08160377358490567    2.912908747360061
-0.08066037735849058    2.9753517839281516
-0.07971698113207548    3.037794820495543
-0.07877358490566039    3.0354384794933438
-0.0778301886792453    3.1000022229630284
-0.0768867924528302    3.156083138824239
-0.0759433962264151    3.151841725019266
-0.07500000000000001    3.177761476047759
-0.07405660377358492    3.250336778926118
-0.07311320754716982    3.288273869067661
-0.07216981132075473    3.3386995665219783
-0.07122641509433963    3.3158430587975727
-0.07028301886792454    3.380406802267224
-0.06933962264150945    3.357314660442568
-0.06839622641509435    3.456516616649792
-0.06745283018867926    3.5175458486164133
-0.06650943396226416    3.544643770145396
-0.06556603773584907    3.5795176169836505
-0.06462264150943398    3.6518572857617064
-0.06367924528301888    3.6320640213406614
-0.06273584905660379    3.662932088473721
-0.06179245283018869    3.6935645215073873
-0.0608490566037736    3.7826342114035794
-0.059905660377358505    3.8236345448485087
-0.05896226415094341    3.9006868956316487
-0.05801886792452832    3.9011581638326187
-0.05707547169811322    3.910583527842385
-0.05613207547169813    3.9883427809272107
-0.055188679245283034    3.9744403690116603
-0.05424528301886794    3.9753829054131504
-0.053301886792452846    4.0974413693450975
-0.05235849056603775    4.089901078137399
-0.05141509433962266    4.098619539846375
-0.050471698113207564    4.14456818939671
-0.04952830188679247    4.208896298766009
-0.048584905660377375    4.242591975103063
-0.04764150943396228    4.297965988662636
-0.04669811320754719    4.275580749138855
-0.04575471698113209    4.356403245526032
-0.044811320754717    4.351926197621686
-0.043867924528301905    4.4209669889960725
-0.04292452830188681    4.500611314883004
-0.04198113207547172    4.369834389240602
-0.04103773584905662    4.473042125153093
-0.04009433962264153    4.522054018005737
-0.039150943396226434    4.578606202067626
-0.03820754716981134    4.6108880738021085
-0.037264150943396246    4.650710236745857
-0.03632075471698115    4.637279093030739
-0.03537735849056606    4.721636100922809
-0.034433962264150964    4.666968989662948
-0.033490566037735814    4.742136267644492
-0.03254716981132072    4.702785372902356
-0.031603773584905626    4.811412693119647
-0.03066037735849053    4.789498721796438
-0.029716981132075437    4.846050905857224
-0.028773584905660343    4.824372568634274
-0.02783018867924525    4.83332666444342
-0.026886792452830155    4.849114149161118
-0.02594339622641506    4.9160342336331455
-0.024999999999999967    4.943603423363635
-0.024056603773584873    4.91579859953289
-0.02311320754716978    4.936770034456221
-0.022169811320754684    4.87479826608841
-0.02122641509433959    4.986253195509909
-0.020283018867924496    4.978241636100631
-0.019339622641509402    5.063305546293508
-0.018396226415094308    5.055529620984476
-0.017452830188679214    5.08757585861984
-0.01650943396226412    5.101949538734835
-0.015566037735849025    4.998977436923715
-0.014622641509433931    5.142949872179314
-0.013679245283018837    5.068960764699644
-0.012735849056603743    5.063069912192657
-0.011792452830188649    5.13965099477634
-0.010849056603773555    5.163685673001809
-0.00990566037735846    5.171932866511365
-0.008962264150943366    5.0970012226294665
-0.008018867924528272    5.130225630766114
-0.007075471698113178    5.214347004556769
-0.006132075471698084    5.198323885739998
-0.00518867924528299    5.199973324441176
-0.004245283018867896    5.172404134711876
-0.0033018867924528017    5.176645548515869
-0.0023584905660377076    5.133288874069438
-0.0014150943396226134    5.23908858508361
-0.0004716981132075193    5.241209291986527
0.0004716981132075748    5.222594198065716
0.0014150943396227245    5.167927086806411
0.002358490566037763    5.178530621319132
0.0033018867924528017    5.176645548515869
0.004245283018867951    5.218588418361371
0.005188679245283101    5.145070579081615
0.00613207547169814    5.190312326331917
0.007075471698113178    5.195025008335807
0.008018867924528328    5.176881182616125
0.008962264150943478    5.196438812937341
0.009905660377358516    5.185835278427059
0.010849056603773555    5.052937645881665
0.011792452830188704    5.0878114927194975
0.012735849056603854    5.160858063798742
0.013679245283018893    4.993322218518166
0.014622641509433931    5.0713171057016035
0.015566037735849081    5.13022563076551
0.01650943396226423    5.05482271868371
0.01745283018867927    5.084983883517626
0.018396226415094308    5.125277314660142
0.019339622641509457    4.979184172501654
0.020283018867924607    5.051052573079619
0.021226415094339646    4.957741469379558
0.022169811320754684    4.9527931532730225
0.023113207547169834    5.024425919750733
0.024056603773584984    4.945724130265354
0.025000000000000022    4.920746915639416
0.02594339622641506    4.861602756474095
0.02688679245283021    4.890350116705282
0.02783018867924536    4.810941424919135
0.0287735849056604    4.798217183506461
0.029716981132075437    4.7699410914746565
0.030660377358490587    4.785257307991272
0.03160377358490574    4.735067244636824
0.032547169811320775    4.763814604869132
0.033490566037735814    4.712210736912027
0.034433962264150964    4.716452150716629
0.03537735849056611    4.630210070023069
0.03632075471698115    4.669560964766859
0.03726415094339619    4.610652439701853
0.03820754716981134    4.588031566077312
0.03915094339622649    4.502260753584264
0.04009433962264153    4.489536512171517
0.04103773584905657    4.5470312326328335
0.04198113207547172    4.457019006335185
0.042924528301886866    4.425679671001186
0.043867924528301905    4.391512726465153
0.04481132075471694    4.351926197621174
0.04575471698113209    4.323650105590499
0.04669811320754724    4.294195843058546
0.04764150943396228    4.258615093920948
0.04858490566037732    4.223034344781346
0.04952830188679247    4.218086028675978
0.05047169811320762    4.170959208624853
0.05141509433962266    4.084245859731744
0.052358490566037696    4.0920217850392175
0.053301886792452846    4.0592686451036855
0.054245283018867996    3.963601200399901
0.055188679245283034    3.9671357119046693
0.05613207547169807    3.972555296209615
0.05707547169811322    3.923072135155933
0.05801886792452837    3.9372101811712708
0.05896226415094341    3.797479159720578
0.05990566037735845    3.79606535511815
0.0608490566037736    3.7284383683447855
0.06179245283018875    3.7051105924194783
0.06273584905660379    3.619104145827026
0.06367924528301883    3.6622251861729542
0.06462264150943398    3.5637301322661017
0.06556603773584913    3.5262643103254576
0.06650943396226416    3.5232010670229634
0.0674528301886792    3.4673557852615504
0.06839622641509435    3.470419028564874
0.0693396226415095    3.4209358675111923
0.07028301886792454    3.3829987773708323
0.07122641509433958    3.2955785261751984
0.07216981132075473    3.2925152828718756
0.07311320754716988    3.205566299877549
0.07405660377358492    3.2416183172174233
0.07499999999999996    3.134876069800861
0.0759433962264151    3.133462265199327
0.07688679245283025    3.0738468378346537
0.0778301886792453    3.089398688452252
0.07877358490566033    2.9913749027451844
0.07971698113207548    3.018708458374837
0.08066037735849063    2.927753695676165
0.08160377358490567    2.942598643992962
0.08254716981132071    2.9060753584526475
0.08349056603773586    2.815591863954486
0.08443396226415101    2.7783616761140975
0.08537735849056605    2.687406913416058
0.08632075471698109    2.718039346448657
0.08726415094339623    2.689527620317726
0.08820754716981138    2.606820051128001
0.08915094339622642    2.6233144381465126
0.09009433962264146    2.521049238634953
0.09103773584905661    2.5712393019894013
0.09198113207547176    2.524112481938276
0.0929245283018868    2.4150138935204892
0.09386792452830184    2.353984661553713
0.09481132075471699    2.3697721462708405
0.09575471698113214    2.3019095253972197
0.09669811320754718    2.3167544737138694
0.09764150943396221    2.243001000333313
0.09858490566037736    2.23993775702999
0.09952830188679251    2.1600577970433323
0.10047169811320755    2.143563410025943
0.10141509433962259    2.0929020784704786
0.10235849056603774    2.099028565077125
0.10330188679245289    2.0342291875068277
0.10424528301886793    2.034464821607562
0.10518867924528297    1.9661309325329515
0.10613207547169812    1.9428031566076442
0.10707547169811327    1.925837501389239
0.1080188679245283    1.8534978326111977
0.10896226415094334    1.8706991219294224
0.1099056603773585    1.8240435700788085
0.11084905660377364    1.7783305546292165
0.11179245283018868    1.7795087251309136
0.11273584905660372    1.6982149605423034
0.11367924528301887    1.7170656885627538
0.11462264150943402    1.6805424030231315
0.11556603773584906    1.649438701789777
0.1165094339622641    1.623283316661014
0.11745283018867925    1.5768633989106557
0.1183962264150944    1.522903189952117
0.11933962264150944    1.5478804045795778
0.12028301886792447    1.4910925864176074
0.12122641509433962    1.4894431477158179
0.12216981132075477    1.43760364565958
0.12311320754716981    1.4006090919197764
0.12405660377358485    1.386471045904109
0.125    1.356074246971133
0.12594339622641515    1.3355740802488936
0.1268867924528302    1.2691252639771053
0.12783018867924523    1.289154162498535
0.12877358490566038    1.2710103367788517
0.12971698113207553    1.2102167389129
0.13066037735849056    1.2083316661111396
0.1316037735849056    1.1805268422806912
0.13254716981132075    1.1680382349671428
0.1334905660377359    1.1150205624096268
0.13443396226415094    1.085566299877929
0.13537735849056598    1.0577614760475094
0.13632075471698113    1.0572902078469981
0.13726415094339628    1.039853284428082
0.13820754716981132    1.0087495831945763
0.13915094339622636    0.9602089585416799
0.1400943396226415    0.9764677114593182
0.14103773584905666    0.9361742803156059
0.1419811320754717    0.9345248416140365
0.14292452830188673    0.9166166499943889
0.14386792452830188    0.8836278759586011
0.14481132075471703    0.8805646326552778
0.14575471698113207    0.8268400577971896
0.1466981132075471    0.8341447149049195
0.14764150943396226    0.8244837167944387
0.1485849056603774    0.8141158163831911
0.14952830188679245    0.7684028009337803
0.15047169811320749    0.7568567300210738
0.15141509433962264    0.7431899522062474
0.15235849056603779    0.7040746915638133
0.15330188679245282    0.7142069578749733
0.15424528301886786    0.6873446704456638
0.155188679245283    0.6805112815382507
0.15613207547169816    0.6682583083249581
0.1570754716981132    0.629849949983439
0.15801886792452824    0.6011025897521044
0.1589622641509434    0.6006313215515932
0.15990566037735854    0.573533400022196
0.16084905660377358    0.5853151050351151
0.16179245283018862    0.5645793042124821
0.16273584905660377    0.5429009669889645
0.16367924528301891    0.5315905301766944
0.16462264150943395    0.5259353117706832
0.165566037735849    0.5278203845726044
0.16650943396226414    0.5143892408580337
0.1674528301886793    0.4948316105368166
0.16839622641509433    0.4915327331333535
0.16933962264150937    0.4604290318994951
0.17028301886792452    0.4502967655885031
0.17122641509433967    0.41801489385348223
0.1721698113207547    0.4328598421696886
0.17311320754716975    0.4019917750360996
0.1740566037735849    0.421313771257061
0.17500000000000004    0.39398021562740826
0.17594339622641508    0.3970434589308249
0.17688679245283012    0.36994553740133435
0.17783018867924527    0.3760720240079806
0.17877358490566042    0.36311214849392115
0.17971698113207546    0.35887073468940434
0.1806603773584905    0.3569856618872749
0.18160377358490565    0.33884183616759156
0.1825471698113208    0.32305435145046457
0.18349056603773584    0.3162209625431258
0.18443396226415087    0.3100944759364051
0.18537735849056602    0.2919506502167218
0.18632075471698117    0.28629543181058675
0.1872641509433962    0.27757697010119387
0.18820754716981125    0.2780482383016398
0.1891509433962264    0.26603089918860284
0.19009433962264155    0.25495609647658835
0.1910377358490566    0.2655596309881541
0.19198113207547163    0.23068578415025878
0.19292452830188678    0.2530710236745433
0.19386792452830193    0.23869734355895011
0.19481132075471697    0.22927197954877898
0.195754716981132    0.2262087362454019
0.19669811320754715    0.21749027453594366
0.1976415094339623    0.2047660331221398
0.19858490566037734    0.19651883961323913
0.19952830188679238    0.21819717683671055
0.20047169811320753    0.20429476492162857
0.20141509433962268    0.18944981660552407
0.20235849056603772    0.17201289318664817
0.20330188679245276    0.1771968433922315
0.2042452830188679    0.16965655218405143
0.20518867924528306    0.17813937979325398
0.2061320754716981    0.15763921307105155
0.20707547169811313    0.15716794487050317
0.20801886792452828    0.15104145826385687
0.20896226415094343    0.15339779926641317
0.20990566037735858    0.1496276536623231
0.21084905660377362    0.14020228965213105
0.21179245283018866    0.12865621873957234
0.2127358490566038    0.12865621873957234
0.21367924528301896    0.13242636434366234
0.214622641509434    0.135018339446506
0.21556603773584904    0.12512170723573793
0.2165094339622642    0.12205846393241478
0.21745283018867934    0.11852395242858037
0.21839622641509437    0.10603534511505708
0.2193396226415094    0.11404690452372344
0.22028301886792456    0.11169056352116717
0.2212264150943397    0.1032077359119646
0.22216981132075475    0.09566744470380706
0.2231132075471698    0.10627097921528776
0.22405660377358494    0.09307546960097264
0.2250000000000001    0.10462154051349837
0.22594339622641513    0.10462154051352299
0.22688679245283017    0.09920195620761896
0.22783018867924532    0.08482827609202571
0.22877358490566047    0.0864777147938151
0.2297169811320755    0.08600644659332408
0.23066037735849054    0.0777592530843569
0.2316037735849057    0.07728798488384564
0.23254716981132084    0.07351783927975561
0.23349056603773588    0.07304657107926155
0.23443396226415092    0.08058686228742443
0.23537735849056607    0.06621318217183117
0.23632075471698122    0.07116149827719935
0.23726415094339626    0.06668445037235812
0.2382075471698113    0.06951205957540996
0.23915094339622645    0.06385684116927491
0.2400943396226416    0.05513837945981671
0.24103773584905663    0.05560964766034105
0.24198113207547167    0.055845281760583586
0.24292452830188682    0.05325330665777169
0.24386792452830197    0.05749472046237298
0.244811320754717    0.05513837945982968
0.24575471698113205    0.05348894075802732
0.2466981132075472    0.048069356452147896
0.24764150943396235    0.05278203845726044
0.2485849056603774    0.050896965655227396
0.24952830188679243    0.05183950205623793
0.2504716981132076    0.04571301544959163
0.2514150943396227    0.043827942647546615
0.25235849056603776    0.0454773813493467
0.2533018867924528    0.03864399244192282
0.25424528301886795    0.03887962654217845
0.2551886792452831    0.04100033344447909
0.25613207547169814    0.032753139935539854
0.2570754716981132    0.03251750583527652
0.25801886792452833    0.03487384683783279
0.2589622641509435    0.03369567633655466
0.2599056603773585    0.03510948093809668
0.26084905660377355    0.029689896632208997
0.2617924528301887    0.03369567633655466
0.26273584905660385    0.03393131043681028
0.2636792452830189    0.03369567633656259
0.26462264150943393    0.031574969434254016
0.2655660377358491    0.028982994331442115
0.26650943396226423    0.02639101922863022
0.26745283018867927    0.025448482827613698
0.2683962264150943    0.02639101922863022
0.26933962264150946    0.02474158052684083
0.2702830188679246    0.03086806713348713
0.27122641509433965    0.024977214627102336
0.2721698113207547    0.022620873624540187
0.27311320754716983    0.02639101922863022
0.274056603773585    0.020264532621983918
0.275    0.023799044125823923
0.27594339622641506    0.023799044125818323
0.2768867924528302    0.02073580082249517
0.27783018867924536    0.017672557519172023
0.2787735849056604    0.015316216516619357
0.27971698113207544    0.016730021118149516
0.2806603773584906    0.024270312326329577
0.28160377358490574    0.019086362120705785
0.2825471698113208    0.020971434922755737
0.2834905660377358    0.016494387017893887
0.28443396226415096    0.017672557519172023
0.2853773584905661    0.016023118817382633
0.28632075471698115    0.01932199622096596
0.2872641509433962    0.018850728020450156
0.28820754716981134    0.01460931421584887
0.2891509433962265    0.014373680115593245
0.29009433962264153    0.014609314215852308
0.29103773584905657    0.01319550961431511
0.2919811320754717    0.014844948316104499
0.29292452830188687    0.01319550961431511
0.2938679245283019    0.012724241413806849
0.29481132075471694    0.01555185061687138
0.2957547169811321    0.014138046015337618
0.29669811320754724    0.010367900411247586
0.2976415094339623    0.011310436812272756
0.2985849056603773    0.009660998110480705
0.29952830188679247    0.013431143714570735
0.3004716981132076    0.011074802712014468
0.30141509433962266    0.011310436812272756
0.3023584905660377    0.009189729909969451
0.30330188679245285    0.011310436812270093
0.304245283018868    0.009425364010225078
0.30518867924528303    0.009189729909971614
0.3061320754716981    0.010367900411247586
0.3070754716981132    0.010603534511503214
0.3080188679245284    0.00848282760920257
0.3089622641509434    0.012724241413806849
0.30990566037735845    0.009425364010225078
0.3108490566037736    0.00848282760920257
0.31179245283018875    0.008954095809713824
0.3127358490566038    0.008482827609204567
0.3136792452830188    0.00848282760920257
0.314622641509434    0.008011559408691317
0.3155660377358491    0.009660998110480705
0.31650943396226416    0.008247193508948885
0.3174528301886792    0.008247193508946944
0.31839622641509435    0.007540291208180063
0.3193396226415095    0.007540291208180063
0.32028301886792454    0.005419584305880696
0.3212264150943396    0.007304657107924435
0.32216981132075473    0.0058908525063906736
0.3231132075471699    0.007304657107924435
0.3240566037735849    0.00777592530843752
0.32499999999999996    0.007304657107924435
0.3259433962264151    0.007304657107924435
0.32688679245283025    0.006597754807157555
0.3278301886792453    0.004005779704346601
0.32877358490566033    0.004712682005112539
0.3297169811320755    0.0058908525063906736
0.33066037735849063    0.0037701456040900314
0.33160377358490567    0.0058908525063920605
0.3325471698113207    0.004477047904856912
0.33349056603773586    0.0032988774035787776
0.334433962264151    0.004712682005112539
0.33537735849056605    0.005183950205625013
0.3363207547169811    0.00541958430587942
0.33726415094339623    0.006833388907413182
0.3382075471698114    0.0021207069023006426
0.3391509433962264    0.0037701456040909187
0.34009433962264146    0.005655218406135047
0.3410377358490566    0.004948316105368166
0.34198113207547176    0.006126486606646301
0.3429245283018868    0.003298877403579554
0.34386792452830184    0.004241413804601285
0.344811320754717    0.0035345115038344045
0.34575471698113214    0.004712682005112539
0.3466981132075472    0.0058908525063920605
0.3476415094339622    0.0025919751028118964
0.34858490566037736    0.0037701456040900314
0.3495283018867925    0.0037701456040900314
0.35047169811320755    0.004005779704346601
0.3514150943396226    0.0032988774035787776
0.35235849056603774    0.005183950205623793
0.3533018867924529    0.0035345115038344045
0.35424528301886793    0.003298877403579554
0.35518867924528297    0.0030632433033231507
0.3561320754716981    0.0035345115038344045
0.35707547169811327    0.0025919751028118964
0.3580188679245283    0.002827609203068189
0.35896226415094334    0.0028276092030675233
0.3599056603773585    0.0030632433033231507
0.36084905660377364    0.0028276092030675233
0.3617924528301887    0.004712682005113648
0.3627358490566037    0.0023563410025562695
0.36367924528301887    0.0028276092030675233
0.364622641509434    0.0028276092030675233
0.36556603773584906    0.0025919751028125066
0.3665094339622641    0.0023563410025562695
0.36745283018867925    0.0018850728020450157
0.3683962264150944    0.0021207069023006426
0.36933962264150944    0.0018850728020454594
0.3702830188679245    0.0030632433033231507
0.3712264150943396    0.0014138046015337617
0.3721698113207548    0.0032988774035787776
0.3731132075471698    0.002827609203068189
0.37405660377358485    0.0018850728020450157
0.375    0.0018850728020450157
0.37594339622641515    0.0023563410025562695
0.3768867924528302    0.002827609203068189
0.3778301886792452    0.0014138046015337617
0.3787735849056604    0.0016494387017893888
0.3797169811320755    0.0018850728020450157
0.38066037735849056    0.0021207069023011418
0.3816037735849056    0.0023563410025562695
0.38254716981132075    0.0018850728020450157
0.3834905660377359    0.0021207069023006426
0.38443396226415094    0.0021207069023011418
0.385377358490566    0.0016494387017893888
0.38632075471698113    0.0021207069023006426
0.3872641509433963    0.0016494387017893888
0.3882075471698113    0.0007069023007670473
0.38915094339622636    0.0018850728020450157
0.3900943396226415    0.0018850728020450157
0.39103773584905666    0.0009425364010225078
0.3919811320754717    0.0021207069023011418
0.39292452830188673    0.0014138046015337617
0.3938679245283019    0.0007069023007668808
0.39481132075471703    0.0011781705012781348
0.39575471698113207    0.001178170501278412
0.3966981132075471    0.0032988774035787776
0.39764150943396226    0.0009425364010225078
0.3985849056603774    0.0021207069023006426
0.39952830188679245    0.0009425364010227297
0.4004716981132075    0.0014138046015337617
0.40141509433962264    0.0018850728020450157
0.4023584905660378    0.0004712682005112539
0.4033018867924528    0.001178170501278412
0.40424528301886786    0.0011781705012781348
0.405188679245283    0.0009425364010225078
0.40613207547169816    0.0004712682005112539
0.4070754716981132    0.00047126820051136484
0.40801886792452824    0.0007069023007668808
0.4089622641509434    0.0011781705012781348
0.40990566037735854    0.0009425364010225078
0.4108490566037736    0.0014138046015340945
0.4117924528301886    0.0014138046015337617
0.41273584905660377    0.0009425364010225078
0.4136792452830189    0.0009425364010225078
0.41462264150943395    0.00047126820051136484
0.415566037735849    0.0007069023007668808
0.41650943396226414    0.0007069023007668808
0.4174528301886793    0.0007069023007668808
0.41839622641509433    0.00047126820051136484
0.41933962264150937    0.0021207069023006426
0.4202830188679245    0.0023563410025562695
0.42122641509433967    0.0011781705012781348
0.4221698113207547    0.0009425364010227297
0.42311320754716975    0.0009425364010225078
0.4240566037735849    0.0014138046015337617
0.42500000000000004    0.0004712682005112539
0.4259433962264151    0.001649438701789777
0.4268867924528301    0.0004712682005112539
0.42783018867924527    0.0016494387017893888
0.4287735849056604    0.0004712682005112539
0.42971698113207546    0.0007069023007670473
0.4306603773584905    0.0004712682005112539
0.43160377358490565    0.0004712682005112539
0.4325471698113208    0.0009425364010225078
0.43349056603773584    0.0007069023007670473
0.4344339622641509    0.0007069023007668808
0.435377358490566    0.0011781705012781348
0.4363207547169812    0.00023563410025562696
0.4372641509433962    0.0007069023007670473
0.43820754716981125    0.0004712682005112539
0.4391509433962264    0.0007069023007668808
0.44009433962264155    0.0007069023007668808
0.4410377358490566    0.0007069023007670473
0.4419811320754716    0.0004712682005112539
0.4429245283018868    0.0
0.4438679245283019    0.0007069023007668808
0.44481132075471697    0.00047126820051136484
0.445754716981132    0.0007069023007668808
0.44669811320754715    0.0007069023007668808
0.4476415094339623    0.00023563410025562696
0.44858490566037745    0.0004712682005112539
0.4495283018867925    0.0007069023007670473
0.45047169811320753    0.00023563410025562696
0.4514150943396227    0.00023563410025562696
0.45235849056603783    0.0009425364010225078
0.45330188679245287    0.00047126820051136484
0.4542452830188679    0.0007069023007668808
0.45518867924528306    0.0007069023007668808
0.4561320754716982    0.0
0.45707547169811324    0.0007069023007670473
0.4580188679245283    0.0014138046015337617
0.45896226415094343    0.0004712682005112539
0.4599056603773586    0.0
0.4608490566037736    0.0007069023007670473
0.46179245283018866    0.00023563410025562696
0.4627358490566038    0.0009425364010225078
0.46367924528301896    0.0007069023007668808
0.464622641509434    0.001178170501278412
0.46556603773584904    0.00023563410025562696
0.4665094339622642    0.0
0.46745283018867934    0.0004712682005112539
0.4683962264150944    0.00023563410025568242
0.4693396226415094    0.00023563410025562696
0.47028301886792456    0.0004712682005112539
0.4712264150943397    0.00023563410025562696
0.47216981132075475    0.0
0.4731132075471698    0.0
0.47405660377358494    0.0
0.4750000000000001    0.00023563410025562696
0.4759433962264151    0.0
0.47688679245283017    0.0004712682005112539
0.4778301886792453    0.0007069023007668808
0.47877358490566047    0.00023563410025562696
0.4797169811320755    0.00047126820051136484
0.48066037735849054    0.00023563410025562696
0.4816037735849057    0.0009425364010225078
0.48254716981132084    0.00023563410025562696
0.4834905660377359    0.0007069023007670473
0.4844339622641509    0.00023563410025562696
0.48537735849056607    0.0
0.4863207547169812    0.0004712682005112539
0.48726415094339626    0.00023563410025568242
0.4882075471698113    0.0004712682005112539
0.48915094339622645    0.0
0.4900943396226416    0.0
0.49103773584905663    0.0
0.49198113207547167    0.00023563410025562696
0.4929245283018868    0.0004712682005112539
0.49386792452830197    0.0
0.494811320754717    0.00047126820051136484
0.49575471698113205    0.0
0.4966981132075472    0.0
0.49764150943396235    0.0
0.4985849056603774    0.0
0.4995283018867924    0.00023563410025562696
0.5004716981132076    0.00023563410025562696
0.5014150943396227    0.0004712682005112539
0.5023584905660378    0.00023563410025568242
0.5033018867924528    0.0
0.504245283018868    0.0004712682005112539
0.5051886792452831    0.0009425364010225078
0.5061320754716981    0.00047126820051136484
0.5070754716981132    0.00023563410025562696
0.5080188679245283    0.0
0.5089622641509435    0.0
0.5099056603773585    0.0
0.5108490566037736    0.0004712682005112539
0.5117924528301887    0.0
0.5127358490566039    0.00023563410025562696
0.5136792452830189    0.0
0.5146226415094339    0.0
0.5155660377358491    0.00023563410025562696
0.5165094339622642    0.00023563410025562696
0.5174528301886793    0.00023563410025568242
0.5183962264150943    0.0
0.5193396226415095    0.0
0.5202830188679246    0.0
0.5212264150943396    0.0007069023007670473
0.5221698113207547    0.0
0.5231132075471698    0.0
0.524056603773585    0.0
0.525    0.00023563410025568242
0.5259433962264151    0.0
0.5268867924528302    0.00023563410025562696
0.5278301886792454    0.0
0.5287735849056604    0.00023563410025568242
0.5297169811320754    0.00023563410025562696
0.5306603773584906    0.0
0.5316037735849057    0.0
0.5325471698113208    0.0
0.5334905660377358    0.00023563410025562696
0.534433962264151    0.0
0.5353773584905661    0.0
0.5363207547169812    0.0
0.5372641509433962    0.0
0.5382075471698113    0.0
0.5391509433962265    0.0
0.5400943396226415    0.00023563410025568242
0.5410377358490566    0.0
0.5419811320754717    0.0
0.5429245283018869    0.00023563410025562696
0.5438679245283019    0.00023563410025568242
0.5448113207547169    0.00023563410025562696
0.5457547169811321    0.0
0.5466981132075472    0.0
0.5476415094339623    0.00023563410025568242
0.5485849056603773    0.00023563410025562696
0.5495283018867925    0.0
0.5504716981132076    0.0
0.5514150943396227    0.0
0.5523584905660377    0.0
0.5533018867924528    0.00023563410025562696
0.554245283018868    0.00023563410025562696
0.555188679245283    0.00023563410025568242
0.5561320754716981    0.0
0.5570754716981132    0.0
0.5580188679245284    0.00023563410025562696
0.5589622641509434    0.0
0.5599056603773584    0.00023563410025562696
0.5608490566037736    0.0
0.5617924528301887    0.0
0.5627358490566038    0.0
0.5636792452830188    0.0
0.564622641509434    0.00023563410025562696
0.5655660377358491    0.0
0.5665094339622642    0.0
0.5674528301886792    0.0004712682005112539
0.5683962264150944    0.0
0.5693396226415095    0.0
0.5702830188679245    0.00023563410025568242
0.5712264150943396    0.00023563410025562696
0.5721698113207547    0.0
0.5731132075471699    0.0
0.5740566037735849    0.0
0.575    0.00023563410025562696
0.5759433962264151    0.0
0.5768867924528303    0.00023563410025562696
0.5778301886792453    0.0
0.5787735849056603    0.0
0.5797169811320755    0.00023563410025562696
0.5806603773584906    0.00023563410025562696
0.5816037735849057    0.0
0.5825471698113207    0.0
0.5834905660377359    0.0
0.584433962264151    0.0
0.585377358490566    0.0
0.5863207547169811    0.0
0.5872641509433962    0.0
0.5882075471698114    0.0
0.5891509433962264    0.0
0.5900943396226415    0.0
0.5910377358490566    0.0
0.5919811320754718    0.0
0.5929245283018868    0.0
0.5938679245283018    0.0
0.594811320754717    0.0
0.5957547169811321    0.0
0.5966981132075472    0.0
0.5976415094339622    0.0
0.5985849056603774    0.0
0.5995283018867925    0.0
0.6004716981132076    0.0
0.6014150943396226    0.0
0.6023584905660377    0.0
0.6033018867924529    0.0
0.6042452830188679    0.0
0.605188679245283    0.0
0.6061320754716981    0.0004712682005112539
0.6070754716981133    0.00023563410025562696
0.6080188679245283    0.0
0.6089622641509433    0.0
0.6099056603773585    0.0
0.6108490566037736    0.0
0.6117924528301887    0.0
0.6127358490566037    0.0
0.6136792452830189    0.0
0.614622641509434    0.0
0.6155660377358491    0.00023563410025568242
0.6165094339622641    0.0
0.6174528301886792    0.0
0.6183962264150944    0.0
0.6193396226415094    0.0
0.6202830188679245    0.0
0.6212264150943396    0.0
0.6221698113207548    0.0
0.6231132075471698    0.0
0.6240566037735849    0.0
0.625    0.0
0.6259433962264151    0.00023563410025562696
0.6268867924528302    0.0
0.6278301886792452    0.0
0.6287735849056604    0.00023563410025562696
0.6297169811320755    0.0
0.6306603773584906    0.0
0.6316037735849056    0.0
0.6325471698113208    0.0
0.6334905660377359    0.0
0.6344339622641509    0.0
0.635377358490566    0.0
0.6363207547169811    0.0
0.6372641509433963    0.0
0.6382075471698113    0.0
0.6391509433962264    0.00023563410025562696
0.6400943396226415    0.0
0.6410377358490567    0.0
0.6419811320754717    0.0
0.6429245283018867    0.0
0.6438679245283019    0.0
0.644811320754717    0.00023563410025562696
0.6457547169811321    0.0
0.6466981132075471    0.0
0.6476415094339623    0.0
0.6485849056603774    0.0
0.6495283018867924    0.0
0.6504716981132075    0.0
0.6514150943396226    0.0
0.6523584905660378    0.0
0.6533018867924528    0.0
0.6542452830188679    0.0
0.655188679245283    0.0
0.6561320754716982    0.0
0.6570754716981132    0.00023563410025568242
0.6580188679245282    0.0
0.6589622641509434    0.0
0.6599056603773585    0.0
0.6608490566037736    0.0
0.6617924528301886    0.0
0.6627358490566038    0.0
0.6636792452830189    0.0
0.664622641509434    0.0
0.665566037735849    0.0
0.6665094339622641    0.0
0.6674528301886793    0.0
0.6683962264150943    0.0
0.6693396226415094    0.0
0.6702830188679245    0.0
0.6712264150943397    0.0
0.6721698113207547    0.0
0.6731132075471697    0.0
0.6740566037735849    0.0
0.675    0.0
0.6759433962264151    0.0
0.6768867924528301    0.0
0.6778301886792453    0.0
0.6787735849056604    0.0
0.6797169811320755    0.0
0.6806603773584905    0.0
0.6816037735849056    0.0
0.6825471698113208    0.0
0.6834905660377358    0.0
0.6844339622641509    0.0
0.685377358490566    0.0
0.6863207547169812    0.0
0.6872641509433962    0.0
0.6882075471698113    0.0
0.6891509433962264    0.0
0.6900943396226416    0.0
0.6910377358490567    0.0
0.6919811320754717    0.0
0.6929245283018868    0.0
0.6938679245283019    0.0
0.6948113207547171    0.0
0.6957547169811321    0.0
0.6966981132075472    0.0
0.6976415094339623    0.0
0.6985849056603775    0.0
0.6995283018867925    0.0
0.7004716981132075    0.0
0.7014150943396227    0.0
0.7023584905660378    0.0
0.7033018867924529    0.0
0.7042452830188679    0.0
0.7051886792452831    0.0
0.7061320754716982    0.0
0.7070754716981132    0.0
0.7080188679245283    0.0
0.7089622641509434    0.0
0.7099056603773586    0.0
0.7108490566037736    0.0
0.7117924528301887    0.0
0.7127358490566038    0.0
0.713679245283019    0.0
0.714622641509434    0.0
0.715566037735849    0.0
0.7165094339622642    0.0
0.7174528301886793    0.0
0.7183962264150944    0.0
0.7193396226415094    0.0
0.7202830188679246    0.0
0.7212264150943397    0.0
0.7221698113207548    0.0
0.7231132075471698    0.0
0.7240566037735849    0.0
0.7250000000000001    0.0
0.7259433962264151    0.0
0.7268867924528302    0.0
0.7278301886792453    0.00023563410025562696
0.7287735849056605    0.0
0.7297169811320755    0.0
0.7306603773584905    0.0
0.7316037735849057    0.0
0.7325471698113208    0.0
0.7334905660377359    0.00023563410025568242
0.7344339622641509    0.0
0.7353773584905661    0.0
0.7363207547169812    0.0
0.7372641509433963    0.0
0.7382075471698113    0.0
0.7391509433962264    0.0
0.7400943396226416    0.0
0.7410377358490566    0.0
0.7419811320754717    0.0
0.7429245283018868    0.0
0.743867924528302    0.0
0.744811320754717    0.0
0.745754716981132    0.0
0.7466981132075472    0.0
0.7476415094339623    0.0
0.7485849056603774    0.0
0.7495283018867924    0.0
0.7504716981132076    0.0
0.7514150943396227    0.0
0.7523584905660378    0.0
0.7533018867924528    0.0
0.754245283018868    0.0
0.7551886792452831    0.0
0.7561320754716981    0.0
0.7570754716981132    0.0
0.7580188679245283    0.0
0.7589622641509435    0.0
0.7599056603773585    0.0
0.7608490566037736    0.0
0.7617924528301887    0.0
0.7627358490566039    0.0
0.7636792452830189    0.0
0.7646226415094339    0.0
0.7655660377358491    0.0
0.7665094339622642    0.0
0.7674528301886793    0.0
0.7683962264150943    0.0
0.7693396226415095    0.0
0.7702830188679246    0.0
0.7712264150943396    0.0
0.7721698113207547    0.0
0.7731132075471698    0.0
0.774056603773585    0.0
0.775    0.0
0.7759433962264151    0.0
0.7768867924528302    0.0
0.7778301886792454    0.0
0.7787735849056604    0.0
0.7797169811320754    0.0
0.7806603773584906    0.0
0.7816037735849057    0.0
0.7825471698113208    0.0
0.7834905660377358    0.0
0.784433962264151    0.0
0.7853773584905661    0.0
0.7863207547169812    0.0
0.7872641509433962    0.0
0.7882075471698113    0.0
0.7891509433962265    0.0
0.7900943396226415    0.0
0.7910377358490566    0.0
0.7919811320754717    0.0
0.7929245283018869    0.0
0.7938679245283019    0.0
0.7948113207547169    0.0
0.7957547169811321    0.0
0.7966981132075472    0.0
0.7976415094339623    0.0
0.7985849056603773    0.0
0.7995283018867925    0.0
0.8004716981132076    0.0
0.8014150943396227    0.0
0.8023584905660377    0.0
0.8033018867924528    0.0
0.804245283018868    0.0
0.805188679245283    0.0
0.8061320754716981    0.0
0.8070754716981132    0.0
0.8080188679245284    0.0
0.8089622641509434    0.0
0.8099056603773584    0.0
0.8108490566037736    0.0
0.8117924528301887    0.0
0.8127358490566038    0.0
0.8136792452830188    0.0
0.814622641509434    0.0
0.8155660377358491    0.0
0.8165094339622642    0.0
0.8174528301886792    0.0
0.8183962264150944    0.0
0.8193396226415095    0.0
0.8202830188679245    0.0
0.8212264150943396    0.0
0.8221698113207547    0.0
0.8231132075471699    0.0
0.8240566037735849    0.0
0.825    0.0
0.8259433962264151    0.0
0.8268867924528303    0.0
0.8278301886792453    0.0
0.8287735849056603    0.0
0.8297169811320755    0.0
0.8306603773584906    0.0
0.8316037735849057    0.0
0.8325471698113207    0.0
0.8334905660377359    0.0
0.834433962264151    0.0
0.835377358490566    0.0
0.8363207547169811    0.0
0.8372641509433962    0.0
0.8382075471698114    0.0
0.8391509433962264    0.0
0.8400943396226415    0.0
0.8410377358490566    0.0
0.8419811320754718    0.0
0.8429245283018868    0.0
0.8438679245283018    0.0
0.844811320754717    0.0
0.8457547169811321    0.0
0.8466981132075472    0.0
0.8476415094339622    0.0
0.8485849056603774    0.0
0.8495283018867925    0.0
0.8504716981132076    0.0
0.8514150943396226    0.0
0.8523584905660377    0.0
0.8533018867924529    0.0
0.8542452830188679    0.0
0.855188679245283    0.0
0.8561320754716981    0.0
0.8570754716981133    0.0
0.8580188679245283    0.0
0.8589622641509433    0.0
0.8599056603773585    0.0
0.8608490566037736    0.0
0.8617924528301887    0.0
0.8627358490566037    0.0
0.8636792452830189    0.0
0.864622641509434    0.0
0.8655660377358491    0.0
0.8665094339622641    0.0
0.8674528301886792    0.0
0.8683962264150944    0.0
0.8693396226415094    0.0
0.8702830188679245    0.0
0.8712264150943396    0.0
0.8721698113207548    0.0
0.8731132075471698    0.0
0.8740566037735849    0.0
0.875    0.0
0.8759433962264151    0.0
0.8768867924528302    0.0
0.8778301886792452    0.0
0.8787735849056604    0.0
0.8797169811320755    0.0
0.8806603773584906    0.0
0.8816037735849056    0.0
0.8825471698113208    0.0
0.8834905660377359    0.0
0.8844339622641509    0.0
0.885377358490566    0.0
0.8863207547169811    0.0
0.8872641509433963    0.0
0.8882075471698113    0.0
0.8891509433962264    0.0
0.8900943396226415    0.0
0.8910377358490567    0.0
0.8919811320754717    0.0
0.8929245283018867    0.0
0.8938679245283019    0.0
0.894811320754717    0.0
0.8957547169811321    0.0
0.8966981132075471    0.0
0.8976415094339623    0.0
0.8985849056603774    0.0
0.8995283018867924    0.0
0.9004716981132075    0.0
0.9014150943396226    0.0
0.9023584905660378    0.0
0.9033018867924528    0.0
0.9042452830188679    0.0
0.905188679245283    0.0
0.9061320754716982    0.0
0.9070754716981132    0.0
0.9080188679245282    0.0
0.9089622641509434    0.0
0.9099056603773585    0.0
0.9108490566037736    0.0
0.9117924528301886    0.0
0.9127358490566038    0.0
0.9136792452830189    0.0
0.914622641509434    0.0
0.915566037735849    0.0
0.9165094339622641    0.0
0.9174528301886793    0.0
0.9183962264150943    0.0
0.9193396226415094    0.0
0.9202830188679245    0.0
0.9212264150943397    0.0
0.9221698113207547    0.0
0.9231132075471697    0.0
0.9240566037735849    0.0
0.925    0.0
0.9259433962264151    0.0
0.9268867924528301    0.0
0.9278301886792453    0.0
0.9287735849056604    0.0
0.9297169811320755    0.0
0.9306603773584905    0.0
0.9316037735849056    0.0
0.9325471698113208    0.0
0.933490566037736    0.0
0.934433962264151    0.0
0.935377358490566    0.0
0.9363207547169812    0.0
0.9372641509433963    0.0
0.9382075471698114    0.0
0.9391509433962264    0.0
0.9400943396226416    0.0
0.9410377358490567    0.0
0.9419811320754717    0.0
0.9429245283018868    0.0
0.9438679245283019    0.0
0.9448113207547171    0.0
0.9457547169811321    0.0
0.9466981132075472    0.0
0.9476415094339623    0.0
0.9485849056603775    0.0
0.9495283018867925    0.0
0.9504716981132075    0.0
0.9514150943396227    0.0
0.9523584905660378    0.0
0.9533018867924529    0.0
0.9542452830188679    0.0
0.9551886792452831    0.0
0.9561320754716982    0.0
0.9570754716981132    0.0
0.9580188679245283    0.0
0.9589622641509434    0.0
0.9599056603773586    0.0
0.9608490566037736    0.0
0.9617924528301887    0.0
0.9627358490566038    0.0
0.963679245283019    0.0
0.964622641509434    0.0
0.965566037735849    0.0
0.9665094339622642    0.0
0.9674528301886793    0.0
0.9683962264150944    0.0
0.9693396226415094    0.0
0.9702830188679246    0.0
0.9712264150943397    0.0
0.9721698113207548    0.0
0.9731132075471698    0.0
0.9740566037735849    0.0
0.9750000000000001    0.0
0.9759433962264151    0.0
0.9768867924528302    0.0
0.9778301886792453    0.0
0.9787735849056605    0.0
0.9797169811320755    0.0
0.9806603773584905    0.0
0.9816037735849057    0.0
0.9825471698113208    0.0
0.9834905660377359    0.0
0.9844339622641509    0.0
0.9853773584905661    0.0
0.9863207547169812    0.0
0.9872641509433963    0.0
0.9882075471698113    0.0
0.9891509433962264    0.0
0.9900943396226416    0.0
0.9910377358490566    0.0
0.9919811320754717    0.0
0.9929245283018868    0.0
0.993867924528302    0.0
0.994811320754717    0.0
0.995754716981132    0.0
0.9966981132075472    0.0
0.9976415094339623    0.0
0.9985849056603774    0.0
0.9995283018867924    0.0