-0.9995283018867924    0.0
-0.9985849056603773    0.0
-0.9976415094339622    0.0009425364010225078
-0.9966981132075472    0.050190063354454445
-0.995754716981132    0.4326242080693311
-0.9948113207547169    1.5177192397466719
-0.9938679245283019    3.2673024341445234
-0.9929245283018868    5.046575525175356
-0.9919811320754717    6.600346782260367
-0.9910377358490565    7.9283805713020135
-0.9900943396226415    9.170643547848744
-0.9891509433962264    9.864350339002472
-0.9882075471698113    10.334676003111543
-0.9872641509433961    10.560649105257932
-0.9863207547169811    10.792984328108737
-0.9853773584905661    10.679879959987293
-0.9844339622641509    10.39617650327826
-0.9834905660377358    10.136978992998264
-0.9825471698113207    9.880609091918949
-0.9816037735849057    9.492284094698794
-0.9806603773584905    9.043636767810963
-0.9797169811320754    8.563885739691512
-0.9787735849056604    7.890207847059669
-0.9778301886792453    7.514371457152828
-0.9768867924528302    7.039097476936345
-0.975943396226415    6.646295431810996
-0.975    6.187751472712764
-0.9740566037735849    5.969789929977011
-0.9731132075471698    5.55648771812794
-0.9721698113207546    5.470481271535279
-0.9712264150943396    5.214582638657024
-0.9702830188679246    4.988138268311954
-0.9693396226415094    4.79774591530482
-0.9683962264150943    4.5321862843172624
-0.9674528301886792    4.323178837389988
-0.9665094339622642    4.1726086473271335
-0.965566037735849    4.055969767700107
-0.9646226415094339    3.9013937979328746
-0.9636792452830188    3.7567144603754605
-0.9627358490566038    3.5371034789376328
-0.9617924528301887    3.31867066800025
-0.9608490566037735    3.077616983439106
-0.9599056603773585    2.902540846948813
-0.9589622641509434    2.8042814271425462
-0.9580188679245283    2.6431077025673675
-0.9570754716981131    2.490416805602014
-0.9561320754716981    2.368593975769562
-0.9551886792452831    2.2276847838169593
-0.9542452830188679    2.0931377125707344
-0.9533018867924528    1.9703723463377845
-0.9523584905660377    1.8530265644102504
-0.9514150943396227    1.7835145048350503
-0.9504716981132075    1.6840769145269658
-0.9495283018867924    1.623990218961972
-0.9485849056603773    1.557541402689694
-0.9476415094339623    1.548351672779907
-0.9466981132075472    1.4906213182170962
-0.945754716981132    1.4901500500167602
-0.944811320754717    1.471770590196646
-0.9438679245283019    1.425586306546711
-0.9429245283018868    1.4187529176391298
-0.9419811320754716    1.425586306546711
-0.9410377358490566    1.3817583638989965
-0.9400943396226416    1.3520684672669467
-0.9391509433962264    1.3395798599532394
-0.9382075471698113    1.3063554518173497
-0.9372641509433962    1.2561653884627473
-0.9363207547169812    1.2728954095810465
-0.935377358490566    1.2516883405578905
-0.9344339622641509    1.2335445148383524
-0.9334905660377358    1.2460331221517553
-0.9325471698113208    1.2076247638102304
-0.9316037735849056    1.2050327887072763
-0.9306603773584905    1.1506013115483618
-0.9297169811320755    1.181233744581458
-0.9287735849056604    1.1574347004557757
-0.9278301886792453    1.1569634322551283
-0.9268867924528301    1.132693119928932
-0.9259433962264151    1.1176125375124388
-0.925    1.1032388573969754
-0.9240566037735849    1.1093653440034916
-0.9231132075471697    1.1270379015227965
-0.9221698113207547    1.083209958875117
-0.9212264150943397    1.0551695009448216
-0.9202830188679245    1.0728420584638694
-0.9193396226415094    1.0240657997110751
-0.9183962264150943    1.009927753695617
-0.9174528301886793    1.036554407024625
-0.9165094339622641    0.9861287095697988
-0.915566037735849    0.9693986884517635
-0.914622641509434    0.9800022229631526
-0.9136792452830189    0.9818872957653131
-0.9127358490566038    0.9415938646214852
-0.9117924528301886    0.9152028453929628
-0.9108490566037736    0.9071912859841638
-0.9099056603773585    0.9156741135934741
-0.9089622641509434    0.8815071690563004
-0.9080188679245282    0.8445126153162664
-0.9070754716981132    0.840742469712077
-0.9061320754716982    0.8327309103034837
-0.905188679245283    0.8075180615760336
-0.9042452830188679    0.8171790596866104
-0.9033018867924528    0.8044548182727104
-0.9023584905660378    0.7969145270646242
-0.9014150943396226    0.8192997665888149
-0.9004716981132075    0.8020984772702486
-0.8995283018867924    0.8072824274757779
-0.8985849056603774    0.8070467933756172
-0.8976415094339623    0.7936156496609517
-0.8966981132075471    0.7808914082472397
-0.8957547169811321    0.7768856285428021
-0.894811320754717    0.7545003890186064
-0.8938679245283019    0.727638101589376
-0.8929245283018867    0.7118506168723328
-0.8919811320754717    0.6934711570523101
-0.8910377358490567    0.709023007669265
-0.8900943396226415    0.6993620095587008
-0.8891509433962264    0.6699077470268262
-0.8882075471698113    0.6748560631321157
-0.8872641509433963    0.6503501167056069
-0.8863207547169811    0.6649594309213792
-0.885377358490566    0.6633099922196679
-0.8844339622641509    0.619010781371532
-0.8834905660377359    0.6404534844948694
-0.8825471698113208    0.6498788485050192
-0.8816037735849056    0.6128842947649579
-0.8806603773584906    0.5937979326441799
-0.8797169811320755    0.5942692008447611
-0.8787735849056604    0.5926197621429018
-0.8778301886792452    0.5754184728243087
-0.8768867924528302    0.5985106146492924
-0.8759433962264151    0.5412515282872389
-0.875    0.5742403023229629
-0.8740566037735849    0.5692919862176617
-0.8731132075471698    0.5516194286984227
-0.8721698113207548    0.5417227964877501
-0.8712264150943396    0.5311192619761831
-0.8702830188679245    0.518630654662696
-0.8693396226415094    0.5193375569634018
-0.8683962264150944    0.5280560186729221
-0.8674528301886792    0.5049638768478085
-0.8665094339622641    0.4974235856396871
-0.8655660377358491    0.5198088251639131
-0.864622641509434    0.5275847504724108
-0.8636792452830189    0.5294698232743937
-0.8627358490566037    0.5228720684672977
-0.8617924528301887    0.5247571412692813
-0.8608490566037736    0.505670779148635
-0.8599056603773585    0.5087340224518986
-0.8589622641509433    0.5214582638657639
-0.8580188679245283    0.5113259975547104
-0.8570754716981133    0.5320617983772683
-0.8561320754716981    0.5174524841613568
-0.855188679245283    0.5066133155496576
-0.8542452830188679    0.49153273313323786
-0.8533018867924529    0.49600978103815313
-0.8523584905660377    0.4729176392130433
-0.8514150943396226    0.4733889074136102
-0.8504716981132076    0.4498254973879919
-0.8495283018867925    0.44040013337781864
-0.8485849056603774    0.43474491497163176
-0.8476415094339622    0.4177792597532758
-0.8466981132075472    0.4001067022340546
-0.8457547169811321    0.39798599533180073
-0.844811320754717    0.37489385350670246
-0.8438679245283018    0.36593975769703174
-0.8429245283018868    0.3609914415916205
-0.8419811320754718    0.3588707346893621
-0.8410377358490566    0.3661753917972443
-0.8400943396226415    0.34119817717018797
-0.8391509433962264    0.33719239746580215
-0.8382075471698114    0.34049127486942105
-0.8372641509433962    0.34826720017781665
-0.8363207547169811    0.34119817717018797
-0.835377358490566    0.3515660775813954
-0.834433962264151    0.32941647215740527
-0.8334905660377359    0.337899299766569
-0.8325471698113207    0.34096254306993234
-0.8316037735849057    0.3426119817716816
-0.8306603773584906    0.34449705457376717
-0.8297169811320755    0.3355429587640128
-0.8287735849056603    0.36169834389242994
-0.8278301886792453    0.3452039568744935
-0.8268867924528303    0.35392241858399337
-0.8259433962264151    0.34991663887960606
-0.825    0.3390774702678871
-0.8240566037735849    0.330359008558389
-0.8231132075471699    0.33601422696456357
-0.8221698113207547    0.31881293764586327
-0.8212264150943396    0.33130154495945047
-0.8202830188679245    0.33200844726017836
-0.8193396226415095    0.30703123263311805
-0.8183962264150944    0.3138646215404951
-0.8174528301886792    0.30019784372566877
-0.816509433962264    0.3032610870290276
-0.8155660377358491    0.2848816272090865
-0.814622641509434    0.2917150161164662
-0.8136792452830188    0.27239301989550474
-0.8127358490566037    0.28441035900857525
-0.8117924528301887    0.28535289540959785
-0.8108490566037736    0.27286428809601604
-0.8099056603773584    0.2759275313993391
-0.8089622641509433    0.2789907747026951
-0.8080188679245284    0.2723930198955368
-0.8070754716981132    0.2851172613093086
-0.8061320754716981    0.2657952650883472
-0.8051886792452829    0.28016894520397345
-0.804245283018868    0.2683872401911907
-0.8033018867924528    0.27286428809601604
-0.8023584905660377    0.26603089918860284
-0.8014150943396225    0.2775769701011612
-0.8004716981132076    0.26320328998556625
-0.7995283018867925    0.2561342669778665
-0.7985849056603773    0.2556629987773552
-0.7976415094339622    0.25636990107815233
-0.7966981132075472    0.24977214627099398
-0.7957547169811321    0.25212848727352083
-0.7948113207547169    0.25778370567965586
-0.7938679245283018    0.24623763476715915
-0.7929245283018869    0.242231855062813
-0.7919811320754717    0.26367455818604657
-0.7910377358490566    0.25943314438144527
-0.7900943396226414    0.26320328998556625
-0.7891509433962265    0.2606113148827541
-0.7882075471698113    0.24930087807045334
-0.7872641509433962    0.2535422918750546
-0.786320754716981    0.2596687784817314
-0.7853773584905661    0.2705079470934916
-0.784433962264151    0.24081805046125074
-0.7834905660377358    0.25825497388016716
-0.7825471698113207    0.24411692786485828
-0.7816037735849057    0.2587262420807088
-0.7806603773584906    0.2641458263865578
-0.7797169811320754    0.24600200066687453
-0.7787735849056603    0.24411692786485828
-0.7778301886792454    0.25047904857176095
-0.7768867924528302    0.245059464265852
-0.7759433962264151    0.2403467822607395
-0.7749999999999999    0.24364565966434695
-0.774056603773585    0.24058241636102345
-0.7731132075471698    0.24246748916304012
-0.7721698113207547    0.24435256196508515
-0.7712264150943395    0.2460020006669035
-0.7702830188679246    0.2323352228520755
-0.7693396226415095    0.25990441258195657
-0.7683962264150943    0.25118595087249834
-0.7674528301886792    0.24435256196511393
-0.7665094339622642    0.262025119484288
-0.7655660377358491    0.23822607535843884
-0.7646226415094339    0.24930087807045334
-0.7636792452830188    0.2528353895743175
-0.7627358490566039    0.2396398799600008
-0.7617924528301887    0.25259975547403213
-0.7608490566037736    0.26862287429141474
-0.7599056603773584    0.2827609203067856
-0.7589622641509435    0.2723930198955368
-0.7580188679245283    0.26555963098809154
-0.7570754716981132    0.26296765588527965
-0.756132075471698    0.2672090696899124
-0.7551886792452831    0.2606113148827541
-0.754245283018868    0.25024341447147586
-0.7533018867924528    0.2530710236745433
-0.7523584905660377    0.25118595087252793
-0.7514150943396227    0.24105368456153475
-0.7504716981132076    0.2507146826719871
-0.7495283018867924    0.23115705235077003
-0.7485849056603773    0.24576636656664783
-0.7476415094339623    0.2391686117594895
-0.7466981132075472    0.23068578415025878
-0.745754716981132    0.24011114816048387
-0.7448113207547169    0.23516283205514335
-0.743867924528302    0.23728353895744428
-0.7429245283018868    0.23657663665664946
-0.7419811320754717    0.23304212515281506
-0.7410377358490565    0.21937534733801453
-0.7400943396226416    0.22126042014005975
-0.7391509433962264    0.23045015005000316
-0.7382075471698113    0.24623763476713018
-0.7372641509433961    0.2262087362454285
-0.7363207547169812    0.2262087362454285
-0.7353773584905661    0.2415249527620176
-0.7344339622641509    0.2332777592530707
-0.7334905660377358    0.2533066577748288
-0.7325471698113208    0.2417605868623017
-0.7316037735849057    0.23916861175946136
-0.7306603773584905    0.25990441258195657
-0.7297169811320754    0.24553073246639218
-0.7287735849056605    0.262732021785055
-0.7278301886792453    0.25142158497275396
-0.7268867924528302    0.25236412137377645
-0.725943396226415    0.24435256196511393
-0.7250000000000001    0.2417605868623017
-0.7240566037735849    0.2530710236745433
-0.7231132075471698    0.26461709458706906
-0.7221698113207546    0.2639101922863332
-0.7212264150943397    0.24458819606536955
-0.7202830188679246    0.2587262420806784
-0.7193396226415094    0.2516572190730096
-0.7183962264150943    0.2540135600755958
-0.7174528301886793    0.24930087807048262
-0.7165094339622642    0.25542736467709964
-0.715566037735849    0.2509503167722427
-0.7146226415094339    0.2391686117594895
-0.713679245283019    0.2507146826720166
-0.7127358490566038    0.22597310214514624
-0.7117924528301887    0.24317439146380704
-0.7108490566037735    0.21560520173392403
-0.7099056603773586    0.23728353895744428
-0.7089622641509434    0.22479493164386813
-0.7080188679245283    0.23374902745358192
-0.7070754716981131    0.21018561742804398
-0.7061320754716982    0.22385239524287195
-0.7051886792452831    0.195811937312426
-0.7042452830188679    0.19887518061574916
-0.7033018867924528    0.2064154718239535
-0.7023584905660378    0.21466266533290143
-0.7014150943396227    0.20335222852060605
-0.7004716981132075    0.2038234967211173
-0.6995283018867924    0.1840302322996663
-0.6985849056603775    0.1934555963098925
-0.6976415094339623    0.195811937312426
-0.6966981132075472    0.18308769589862214
-0.695754716981132    0.19251305990886988
-0.6948113207547171    0.17248416138713923
-0.6938679245283019    0.17601867289095333
-0.6929245283018868    0.18026008669555463
-0.6919811320754716    0.18497276870068893
-0.6910377358490567    0.16353006557742433
-0.6900943396226416    0.1689496498832845
-0.6891509433962264    0.1651795042791945
-0.6882075471698113    0.17083472268534966
-0.6872641509433963    0.1590530176725669
-0.6863207547169812    0.15928865177280382
-0.685377358490566    0.17531177059018646
-0.6844339622641509    0.16140935867512346
-0.683490566037736    0.16093809047461213
-0.6825471698113208    0.16635767478047261
-0.6816037735849056    0.15716794487050317
-0.6806603773584905    0.1607024563743565
-0.6797169811320756    0.14326553295543806
-0.6787735849056604    0.1538690674669244
-0.6778301886792453    0.16730021118149513
-0.6768867924528301    0.1581104812715443
-0.6759433962264152    0.16706457708125916
-0.675    0.16565077247970575
-0.6740566037735849    0.16211626097587134
-0.6731132075471697    0.1611737245748678
-0.6721698113207548    0.16140935867512346
-0.6712264150943397    0.17224852728686332
-0.6702830188679245    0.1750761364899308
-0.6693396226415094    0.17201289318662794
-0.6683962264150944    0.17531177059020708
-0.6674528301886793    0.1783750138935096
-0.6665094339622641    0.17177725908635205
-0.665566037735849    0.1793175502945532
-0.6646226415094341    0.16800711348228178
-0.6636792452830189    0.17107035678558516
-0.6627358490566038    0.17413360008890832
-0.6617924528301886    0.17107035678560528
-0.6608490566037737    0.18850728020452373
-0.6599056603773585    0.16612204068021702
-0.6589622641509434    0.17766811159274273
-0.6580188679245282    0.14703567855952854
-0.6570754716981133    0.16305879737691303
-0.6561320754716982    0.15504723796820255
-0.655188679245283    0.16046682227408196
-0.6542452830188679    0.1533977992664312
-0.6533018867924529    0.16871401578304876
-0.6523584905660378    0.15528287206845814
-0.6514150943396226    0.14892075136155625
-0.6504716981132075    0.1524552628654086
-0.6495283018867926    0.143972435256205
-0.6485849056603774    0.14797821496053373
-0.6476415094339623    0.14727131265976684
-0.6466981132075471    0.13808158274981364
-0.6457547169811322    0.1383172168500693
-0.644811320754717    0.1406735578526093
-0.6438679245283019    0.14185172835388743
-0.6429245283018867    0.14491497165722764
-0.6419811320754718    0.14444370345671634
-0.6410377358490567    0.1406735578526093
-0.6400943396226415    0.13596087584749675
-0.6391509433962264    0.14703567855952854
-0.6382075471698113    0.1486851172613006
-0.6372641509433963    0.1409091919528815
-0.6363207547169811    0.13761031454928613
-0.635377358490566    0.13690341224851926
-0.6344339622641508    0.14797821496055116
-0.6334905660377359    0.13384016894521186
-0.6325471698113208    0.13266199844391796
-0.6316037735849056    0.13949538735133116
-0.6306603773584905    0.13289763254418924
-0.6297169811320755    0.14020228965211454
-0.6287735849056604    0.14373680115593243
-0.6278301886792452    0.13713904634877488
-0.6268867924528301    0.14609314215850588
-0.6259433962264151    0.1524552628654086
-0.625    0.1493920195620675
-0.6240566037735849    0.15975991997331507
-0.6231132075471697    0.176725575191741
-0.6221698113207548    0.16682894298100354
-0.6212264150943396    0.18026008669555463
-0.6202830188679245    0.18520840280092277
-0.6193396226415093    0.16400133377793566
-0.6183962264150944    0.1793175502945532
-0.6174528301886792    0.1783750138935096
-0.6165094339622641    0.17625430699120898
-0.615566037735849    0.16800711348228178
-0.614622641509434    0.1590530176725669
-0.6136792452830189    0.16612204068021702
-0.6127358490566037    0.16989218628430702
-0.6117924528301886    0.1595242858730782
-0.6108490566037736    0.16140935867512346
-0.6099056603773585    0.15598977436922506
-0.6089622641509433    0.15716794487050317
-0.6080188679245282    0.15104145826387466
-0.6070754716981133    0.143972435256205
-0.6061320754716981    0.15622540846948066
-0.605188679245283    0.14373680115593243
-0.6042452830188678    0.1472713126597842
-0.6033018867924529    0.1373746804490467
-0.6023584905660377    0.14656441035899997
-0.6014150943396226    0.15457596976769128
-0.6004716981132074    0.14703567855952854
-0.5995283018867925    0.13761031454930234
-0.5985849056603774    0.1432655329554212
-0.5976415094339622    0.14467933755695495
-0.5966981132075471    0.14161609425364846
-0.5957547169811321    0.1340758030454675
-0.594811320754717    0.1328976325441736
-0.5938679245283018    0.13643214404800802
-0.5929245283018867    0.13313326664444491
-0.5919811320754718    0.14043792375237021
-0.5910377358490566    0.13713904634877488
-0.5900943396226415    0.1366677781482636
-0.5891509433962263    0.13124819384239966
-0.5882075471698114    0.13124819384239966
-0.5872641509433962    0.12629987773701606
-0.5863207547169811    0.13619650994775237
-0.5853773584905659    0.1319550961431666
-0.584433962264151    0.14326553295543806
-0.5834905660377359    0.13949538735133116
-0.5825471698113207    0.1387884850505643
-0.5816037735849056    0.14279426475492674
-0.5806603773584906    0.1498632877625964
-0.5797169811320755    0.1529265310659019
-0.5787735849056603    0.14279426475490994
-0.5778301886792452    0.15410470156719816
-0.5768867924528303    0.15080582416361898
-0.5759433962264151    0.15528287206845814
-0.575    0.1689496498832845
-0.5740566037735848    0.1543403356674538
-0.5731132075471699    0.17154162498611664
-0.5721698113207547    0.15245526286539066
-0.5712264150943396    0.1715416249860964
-0.5702830188679244    0.16023118817384518
-0.5693396226415095    0.1684783816827931
-0.5683962264150944    0.16918528398354016
-0.5674528301886792    0.1703634544848183
-0.566509433962264    0.16211626097589044
-0.5655660377358491    0.1797888184950645
-0.564622641509434    0.16800711348226202
-0.5636792452830188    0.16847838168277326
-0.5627358490566037    0.1762543069912297
-0.5617924528301887    0.17177725908637226
-0.5608490566037736    0.1616449927753601
-0.5599056603773584    0.16494387017893886
-0.5589622641509433    0.16753584528177048
-0.5580188679245284    0.17648994109148536
-0.5570754716981132    0.1616449927753601
-0.5561320754716981    0.18756474380347907
-0.5551886792452829    0.17908191619429756
-0.554245283018868    0.17389796598867316
-0.5533018867924528    0.1689496498832845
-0.5523584905660377    0.1809669889963215
-0.5514150943396225    0.1887429143047794
-0.5504716981132076    0.19863954651551688
-0.5495283018867925    0.18850728020450155
-0.5485849056603773    0.19699010781370413
-0.5476415094339622    0.19439813271091513
-0.5466981132075472    0.19863954651551688
-0.5457547169811321    0.19345559630986975
-0.5448113207547169    0.19463376681114786
-0.5438679245283018    0.19934644881628386
-0.5429245283018869    0.20994998332778833
-0.5419811320754717    0.1932199622096141
-0.5410377358490566    0.19369123041012534
-0.5400943396226414    0.19722574191398298
-0.5391509433962265    0.18968545070580203
-0.5382075471698113    0.18732910970322345
-0.5372641509433962    0.19958208291651602
-0.536320754716981    0.18379459819941063
-0.5353773584905661    0.1882716461042681
-0.534433962264151    0.18285206179836652
-0.5334905660377358    0.17531177059018646
-0.5325471698113207    0.16682894298100354
-0.5316037735849057    0.16989218628432703
-0.5306603773584906    0.1651795042791945
-0.5297169811320754    0.17083472268532954
-0.5287735849056603    0.16447260197844696
-0.5278301886792454    0.17059908858509398
-0.5268867924528302    0.14538623985772184
-0.5259433962264151    0.16824274758251764
-0.5249999999999999    0.1548116038679651
-0.524056603773585    0.16730021118151484
-0.5231132075471698    0.15009892186283438
-0.5221698113207547    0.14208736245414305
-0.5212264150943395    0.1517483605646416
-0.5202830188679246    0.14632877625876156
-0.5193396226415095    0.1512770923641125
-0.5183962264150943    0.14915638546181187
-0.5174528301886792    0.15740357897077734
-0.5165094339622642    0.14703567855952854
-0.5155660377358491    0.1432655329554212
-0.5146226415094339    0.1460931421584887
-0.5136792452830188    0.1435011670556937
-0.5127358490566039    0.1298343892408657
-0.5117924528301887    0.1387884850505643
-0.5108490566037736    0.152219628765135
-0.5099056603773584    0.14632877625876156
-0.5089622641509435    0.14467933755697196
-0.5080188679245283    0.1432655329554212
-0.5070754716981132    0.14703567855951122
-0.506132075471698    0.13902411915083626
-0.5051886792452831    0.1409091919528815
-0.504245283018868    0.14043792375235367
-0.5033018867924528    0.12653551183727166
-0.5023584905660377    0.12064465933089519
-0.5014150943396227    0.1314838279426553
-0.5004716981132076    0.11875958652883599
-0.4995283018867924    0.12535734133599355
-0.49858490566037733    0.12512170723575264
-0.49764150943396224    0.12417917083471541
-0.49669811320754714    0.12017339113038389
-0.49575471698113205    0.11475380682449032
-0.49481132075471695    0.1258286095365196
-0.49386792452830186    0.11828831832832473
-0.49292452830188677    0.11357563632322555
-0.49198113207547167    0.11640324552627972
-0.4910377358490566    0.10839168611760115
-0.4900943396226415    0.120644659330881
-0.4891509433962264    0.11169056352118033
-0.4882075471698113    0.11781705012781347
-0.4872641509433962    0.11616761142603775
-0.4863207547169811    0.10886295431809966
-0.485377358490566    0.11310436812271425
-0.4844339622641509    0.11263309992218969
-0.4834905660377358    0.11451817272424818
-0.48254716981132073    0.11334000222295658
-0.48160377358490564    0.11970212292987258
-0.48066037735849054    0.12912748694008358
-0.47971698113207545    0.1288918528398431
-0.47877358490566035    0.13478270534621864
-0.47783018867924526    0.13761031454930234
-0.47688679245283017    0.12465043903522667
-0.47594339622641507    0.1258286095365196
-0.475    0.120644659330881
-0.4740566037735849    0.1262998777370309
-0.4731132075471698    0.13242636434366234
-0.4721698113207547    0.13289763254418924
-0.4712264150943396    0.14090919195286492
-0.4702830188679245    0.14939201956208506
-0.4693396226415094    0.13572524174724113
-0.4683962264150943    0.14020228965211454
-0.4674528301886792    0.14090919195286492
-0.46650943396226413    0.1451506057574833
-0.46556603773584904    0.12417917083471541
-0.46462264150943394    0.15080582416361898
-0.46367924528301885    0.13784594864954178
-0.46273584905660375    0.14161609425364846
-0.46179245283018866    0.13007002334110607
-0.46084905660377357    0.13713904634879104
-0.45990566037735847    0.1293631210403392
-0.4589622641509434    0.13336890074470054
-0.4580188679245283    0.12700678003778293
-0.4570754716981132    0.1361965099477684
-0.4561320754716981    0.12535734133599355
-0.455188679245283    0.1361965099477684
-0.4542452830188679    0.12512170723573793
-0.4533018867924528    0.12488607313549699
-0.4523584905660377    0.1258286095365048
-0.4514150943396226    0.12300100033345175
-0.45047169811320753    0.12441480493497103
-0.44952830188679244    0.1279493164388205
-0.44858490566037734    0.13478270534621864
-0.44764150943396225    0.12488607313549699
-0.44669811320754715    0.11923085472934725
-0.44575471698113206    0.12064465933089519
-0.44481132075471697    0.12653551183727166
-0.44386792452830187    0.11616761142603775
-0.4429245283018868    0.13690341224851926
-0.4419811320754717    0.1258286095365196
-0.4410377358490566    0.1189952206290916
-0.4400943396226415    0.11381127042348121
-0.4391509433962264    0.12276536623318164
-0.4382075471698113    0.12842058463933181
-0.4372641509433962    0.12417917083471541
-0.4363207547169811    0.12818495053907616
-0.435377358490566    0.1232366344336929
-0.43443396226415093    0.11475380682450384
-0.43349056603773584    0.12111592753139226
-0.43254716981132074    0.12653551183728656
-0.43160377358490565    0.12182282983215914
-0.43066037735849055    0.11145492942092466
-0.42971698113207546    0.13030565744136172
-0.42877358490566037    0.12394353673447436
-0.42783018867924527    0.11993775703011411
-0.4268867924528302    0.11145492942092466
-0.4259433962264151    0.12182282983215914
-0.425    0.11357563632322555
-0.4240566037735849    0.11239746582193406
-0.4231132075471698    0.09425364010226187
-0.4221698113207547    0.11711014782704661
-0.4212264150943396    0.1159319773257821
-0.4202830188679245    0.11286873402244532
-0.4193396226415094    0.10862732021785682
-0.41839622641509433    0.11404690452372344
-0.41745283018867924    0.10839168611760115
-0.41650943396226414    0.10721351561631026
-0.41556603773584905    0.10320773591197675
-0.41462264150943395    0.11734578192730222
-0.41367924528301886    0.11027675891964639
-0.41273584905660377    0.11169056352116717
-0.41179245283018867    0.11687451372680473
-0.4108490566037736    0.11640324552627972
-0.4099056603773585    0.11875958652884996
-0.4089622641509434    0.12300100033343726
-0.4080188679245283    0.11404690452373688
-0.4070754716981132    0.11263309992218969
-0.4061320754716981    0.1237079026342187
-0.405188679245283    0.12088029343113663
-0.4042452830188679    0.11828831832833865
-0.4033018867924528    0.12276536623318164
-0.40235849056603773    0.12064465933089519
-0.40141509433962264    0.11993775703011411
-0.40047169811320754    0.12017339113038389
-0.39952830188679245    0.11121929532065593
-0.39858490566037735    0.1159319773257821
-0.39764150943396226    0.11687451372679096
-0.39669811320754716    0.12276536623319609
-0.39575471698113207    0.10556407691452088
-0.394811320754717    0.10273646771146544
-0.3938679245283019    0.10532844281426525
-0.3929245283018868    0.10579971101478895
-0.3919811320754717    0.10273646771145335
-0.3910377358490566    0.09920195620763063
-0.3900943396226415    0.10085139490940834
-0.3891509433962264    0.11428253862399253
-0.3882075471698113    0.10108702900966396
-0.3872641509433962    0.09920195620763063
-0.38632075471698113    0.10367900411247585
-0.38537735849056604    0.10721351561632288
-0.38443396226415094    0.1057997110147765
-0.38349056603773585    0.10744914971657853
-0.38254716981132075    0.11121929532065593
-0.38160377358490566    0.10462154051351069
-0.38066037735849056    0.1057997110147765
-0.37971698113207547    0.11027675891964639
-0.3787735849056604    0.11216183172167843
-0.3778301886792453    0.11004112481939074
-0.3768867924528302    0.1006157608091527
-0.3759433962264151    0.10956985661887943
-0.375    0.10933422251861091
-0.3740566037735849    0.10697788151606723
-0.3731132075471698    0.10438590641324275
-0.3721698113207547    0.11451817272424818
-0.3712264150943396    0.11404690452372344
-0.37028301886792453    0.11192619762143598
-0.36933962264150944    0.10792041791707714
-0.36839622641509434    0.09613871290430712
-0.36745283018867925    0.106742247415799
-0.36650943396226415    0.1008513949094202
-0.36556603773584906    0.11004112481937778
-0.36462264150943396    0.11004112481939074
-0.36367924528301887    0.11334000222295658
-0.3627358490566038    0.11121929532066901
-0.3617924528301887    0.10792041791707714
-0.3608490566037736    0.1107480271201577
-0.3599056603773585    0.10768478381682152
-0.3589622641509434    0.11216183172169163
-0.3580188679245283    0.12205846393241478
-0.3570754716981132    0.11192619762143598
-0.3561320754716981    0.11993775703011411
-0.355188679245283    0.12182282983217348
-0.35424528301886793    0.11805268422806911
-0.35330188679245284    0.11875958652884996
-0.35235849056603774    0.12488607313548228
-0.35141509433962265    0.12512170723575264
-0.35047169811320755    0.122529732132926
-0.34952830188679246    0.11828831832833865
-0.34858490566037736    0.12606424363676041
-0.34764150943396227    0.12865621873958746
-0.3466981132075472    0.12700678003778293
-0.3457547169811321    0.12865621873958746
-0.344811320754717    0.12394353673445978
-0.3438679245283019    0.12417917083473001
-0.3429245283018868    0.122529732132926
-0.3419811320754717    0.12912748694009876
-0.3410377358490566    0.1197021229298585
-0.3400943396226415    0.12135156163166216
-0.3391509433962264    0.11640324552627972
-0.33820754716981133    0.11357563632322555
-0.33726415094339623    0.10933422251861091
-0.33632075471698114    0.1237079026342187
-0.33537735849056605    0.12818495053906107
-0.33443396226415095    0.10862732021785682
-0.33349056603773586    0.11640324552627972
-0.33254716981132076    0.1081560520173455
-0.33160377358490567    0.11993775703011411
-0.3306603773584906    0.11239746582194729
-0.3297169811320755    0.11993775703011411
-0.3287735849056604    0.1159319773257821
-0.3278301886792453    0.11828831832832473
-0.3268867924528302    0.11475380682450384
-0.3259433962264151    0.11381127042346781
-0.325    0.12559297543626396
-0.3240566037735849    0.12794931643880544
-0.3231132075471698    0.11923085472936126
-0.32216981132075473    0.12465043903522667
-0.32122641509433963    0.10627097921530027
-0.32028301886792454    0.11852395242858037
-0.31933962264150945    0.11286873402245859
-0.31839622641509435    0.122529732132926
-0.31745283018867926    0.12040902523063955
-0.31650943396226416    0.12417917083471541
-0.31556603773584907    0.12276536623319609
-0.314622641509434    0.11381127042346781
-0.3136792452830189    0.12182282983217348
-0.3127358490566038    0.11475380682449032
-0.3117924528301887    0.12135156163166216
-0.3108490566037736    0.11239746582193406
-0.3099056603773585    0.10579971101478895
-0.3089622641509434    0.1083916861175884
-0.3080188679245283    0.11121929532066901
-0.3070754716981132    0.1013226631099196
-0.30613207547169813    0.11616761142603775
-0.30518867924528303    0.10697788151605464
-0.30424528301886794    0.11781705012782735
-0.30330188679245285    0.11640324552627972
-0.30235849056603775    0.11428253862399253
-0.30141509433962266    0.10933422251861091
-0.30047169811320756    0.11687451372680473
-0.29952830188679247    0.11074802712014467
-0.2985849056603774    0.11663887962654906
-0.2976415094339623    0.11852395242858037
-0.2966981132075472    0.11993775703012824
-0.2957547169811321    0.11145492942091155
-0.294811320754717    0.12818495053907616
-0.2938679245283019    0.12182282983215914
-0.2929245283018868    0.11616761142603775
-0.2919811320754717    0.11263309992218969
-0.2910377358490566    0.12252973213294045
-0.29009433962264153    0.11923085472934725
-0.28915094339622643    0.11498944092475949
-0.28820754716981134    0.12276536623318164
-0.28726415094339625    0.12064465933089519
-0.28632075471698115    0.11923085472934725
-0.28537735849056606    0.11805268422808299
-0.28443396226415096    0.120644659330881
-0.28349056603773587    0.1154607091252708
-0.2825471698113208    0.11687451372679096
-0.2816037735849057    0.10438590641325501
-0.2806603773584906    0.10179393131043085
-0.2797169811320755    0.11263309992220294
-0.2787735849056604    0.10415027231298711
-0.2778301886792453    0.10226519951095414
-0.2768867924528302    0.11381127042346781
-0.27594339622641506    0.11569634322551284
-0.27499999999999997    0.1029721018117211
-0.2740566037735849    0.11216183172167843
-0.2731132075471698    0.09849505390686367
-0.2721698113207547    0.11051239301988904
-0.2712264150943396    0.10038012670890889
-0.2702830188679245    0.10627097921528776
-0.2693396226415094    0.11051239301990204
-0.2683962264150943    0.10038012670889708
-0.2674528301886792    0.09873068800711932
-0.2665094339622641    0.0987306880071077
-0.265566037735849    0.10438590641325501
-0.26462264150943393    0.09637434700455141
-0.26367924528301884    0.09213293319996099
-0.26273584905660374    0.09024786039790512
-0.26179245283018865    0.08694898299433658
-0.26084905660377355    0.09543181060352893
-0.25990566037735846    0.08577081249305832
-0.25896226415094337    0.09024786039790512
-0.2580188679245283    0.09778815160609669
-0.2570754716981132    0.08906968989662699
-0.2561320754716981    0.08930532399689313
-0.255188679245283    0.09119039679892764
-0.2542452830188679    0.0883627875958705
-0.2533018867924528    0.09048349449816075
-0.2523584905660377    0.09802378570635234
-0.2514150943396226    0.09448927420250641
-0.2504716981132075    0.08600644659331397
-0.24952830188679243    0.09331110370122828
-0.24858490566037733    0.09590307880405147
-0.24764150943396224    0.09260420140046138
-0.24669811320754714    0.10250083361120979
-0.24575471698113205    0.09566744470378455
-0.24481132075471695    0.09943759030788628
-0.24386792452830186    0.09755251750582956
-0.24292452830188677    0.09590307880405147
-0.24198113207547167    0.10415027231298711
-0.24103773584905658    0.09755251750584104
-0.24009433962264148    0.10155829721017522
-0.2391509433962264    0.10650661331555591
-0.2382075471698113    0.11498944092474596
-0.2372641509433962    0.10273646771146544
-0.2363207547169811    0.1145181727242347
-0.235377358490566    0.12465043903524131
-0.23443396226415092    0.11805268422806911
-0.23349056603773582    0.10862732021785682
-0.23254716981132073    0.11923085472934725
-0.23160377358490564    0.11781705012782735
-0.23066037735849054    0.12606424363676041
-0.22971698113207545    0.11428253862399253
-0.22877358490566035    0.11216183172167843
-0.22783018867924526    0.12205846393242914
-0.22688679245283017    0.11946648882960285
-0.22594339622641507    0.1159319773257821
-0.22499999999999998    0.11357563632321219
-0.22405660377358488    0.11993775703012824
-0.2231132075471698    0.12135156163164788
-0.2221698113207547    0.12182282983217348
-0.2212264150943396    0.11711014782704661
-0.2202830188679245    0.12394353673447436
-0.2193396226415094    0.11993775703011411
-0.21839622641509432    0.10956985661887943
-0.21745283018867922    0.11498944092474596
-0.21650943396226413    0.1133400022229699
-0.21556603773584904    0.10085139490940834
-0.21462264150943394    0.11946648882961694
-0.21367924528301885    0.11145492942091155
-0.21273584905660375    0.10367900411248805
-0.21179245283018866    0.11074802712014467
-0.21084905660377357    0.10320773591197675
-0.20990566037735847    0.11239746582193406
-0.20896226415094338    0.10367900411248805
-0.20801886792452828    0.11404690452372344
-0.2070754716981132    0.10886295431811246
-0.2061320754716981    0.09778815160608519
-0.205188679245283    0.1008513949094202
-0.2042452830188679    0.09543181060352893
-0.2033018867924528    0.0904834944981714
-0.20235849056603772    0.09849505390685206
-0.20141509433962262    0.10179393131044283
-0.20047169811320753    0.0874202511948376
-0.19952830188679244    0.09472490830277318
-0.19858490566037734    0.090954762698672
-0.19764150943396225    0.08977659219740444
-0.19669811320754715    0.09048349449816075
-0.19575471698113206    0.0930754696009836
-0.19481132075471697    0.07940869178614628
-0.19386792452830187    0.08223630098922348
-0.19292452830188678    0.07964432588640191
-0.19198113207547168    0.0883627875958705
-0.1910377358490566    0.08105813048793567
-0.1900943396226415    0.08365010559075742
-0.1891509433962264    0.08624208069355946
-0.1882075471698113    0.08718461709459223
-0.1872641509433962    0.08906968989662699
-0.18632075471698112    0.0805868622874339
-0.18537735849056602    0.08977659219739387
-0.18443396226415093    0.07398910748027558
-0.18349056603773584    0.08412137379125882
-0.18254716981132074    0.0883627875958705
-0.18160377358490565    0.08765588529509323
-0.18066037735849055    0.08718461709459223
-0.17971698113207546    0.07964432588640191
-0.17877358490566037    0.08647771479382527
-0.17783018867924527    0.0864777147938151
-0.17688679245283018    0.08812715349561485
-0.17594339622641508    0.08365010559074756
-0.175    0.08671334889408093
-0.1740566037735849    0.08883405579637137
-0.1731132075471698    0.08341447149050177
-0.1721698113207547    0.08317883739023631
-0.1712264150943396    0.09401800600200622
-0.17028301886792452    0.09236856730020578
-0.16933962264150942    0.08152939868845652
-0.16839622641509433    0.08765588529509323
-0.16745283018867924    0.08671334889408093
-0.16650943396226414    0.07917305768589065
-0.16556603773584905    0.07987995998666694
-0.16462264150943395    0.0864777147938151
-0.16367924528301886    0.09331110370123925
-0.16273584905660377    0.08600644659330384
-0.16179245283018867    0.09213293319996099
-0.16084905660377358    0.08506391019228134
-0.15990566037735848    0.08435700789152438
-0.1589622641509434    0.0874202511948376
-0.1580188679245283    0.08223630098922348
-0.1570754716981132    0.08247193508946943
-0.1561320754716981    0.09283983550072795
-0.155188679245283    0.0838857396910032
-0.15424528301886792    0.08176503278871217
-0.15330188679245282    0.0838857396910032
-0.15235849056603773    0.08105813048794522
-0.15141509433962264    0.08412137379125882
-0.15047169811320754    0.08977659219740444
-0.14952830188679245    0.09001222629764949
-0.14858490566037735    0.09142603089919402
-0.14764150943396226    0.08600644659330384
-0.14669811320754716    0.09425364010226187
-0.14575471698113207    0.08200066688895818
-0.14481132075471698    0.08506391019229134
-0.14386792452830188    0.09448927420250641
-0.1429245283018868    0.08506391019229134
-0.1419811320754717    0.0787017894853794
-0.1410377358490566    0.08459264199178003
-0.1400943396226415    0.07987995998665753
-0.1391509433962264    0.08482827609203568
-0.13820754716981132    0.08906968989662699
-0.13726415094339622    0.08577081249305832
-0.13632075471698113    0.08836278759586011
-0.13537735849056604    0.09401800600200622
-0.13443396226415094    0.09425364010225078
-0.13349056603773585    0.08600644659331397
-0.13254716981132075    0.09119039679892764
-0.13160377358490566    0.1008513949094202
-0.13066037735849056    0.09425364010225078
-0.12971698113207547    0.0930754696009836
-0.12877358490566038    0.09401800600199516
-0.12783018867924528    0.09731688340558538
-0.1268867924528302    0.1013226631099196
-0.1259433962264151    0.10108702900967585
-0.125    0.09472490830276203
-0.1240566037735849    0.09943759030788628
-0.12311320754716981    0.10085139490940834
-0.12216981132075472    0.09967322440814193
-0.12122641509433962    0.10815605201733278
-0.12028301886792453    0.1055640769145333
-0.11933962264150944    0.10273646771145335
-0.11839622641509434    0.09684561520507408
-0.11745283018867925    0.11404690452372344
-0.11650943396226415    0.10391463821274372
-0.11556603773584906    0.11027675891963341
-0.11462264150943396    0.10485717461376634
-0.11367924528301887    0.10462154051349837
-0.11273584905660378    0.10744914971657853
-0.11179245283018868    0.10462154051349837
-0.11084905660377359    0.1076847838168342
-0.1099056603773585    0.1057997110147765
-0.1089622641509434    0.11381127042348121
-0.1080188679245283    0.0987306880071077
-0.10707547169811321    0.1055640769145333
-0.10613207547169812    0.10367900411247585
-0.10518867924528302    0.10933422251862378
-0.10424528301886793    0.12135156163164788
-0.10330188679245284    0.10697788151606723
-0.10235849056603774    0.11522507502500158
-0.10141509433962265    0.10933422251862378
-0.10047169811320755    0.11498944092474596
-0.09952830188679246    0.10839168611760115
-0.09858490566037736    0.11923085472934725
-0.09764150943396227    0.10721351561632288
-0.09669811320754718    0.10792041791707714
-0.09575471698113208    0.10721351561632288
-0.09481132075471699    0.12229409803267038
-0.0938679245283019    0.12040902523063955
-0.0929245283018868    0.1161676114260241
-0.0919811320754717    0.11169056352118033
-0.09103773584905661    0.11169056352116717
-0.09009433962264152    0.11616761142603775
-0.08915094339622642    0.10909858841835528
-0.08820754716981133    0.1159319773257821
-0.08726415094339623    0.11310436812270094
-0.08632075471698114    0.11239746582194729
-0.08537735849056605    0.10438590641324275
-0.08443396226415095    0.10721351561632288
-0.08349056603773586    0.11004112481937778
-0.08254716981132076    0.10697788151606723
-0.08160377358490567    0.10909858841835528
-0.08066037735849058    0.11027675891964639
-0.07971698113207548    0.10627097921528776
-0.07877358490566039    0.10462154051351069
-0.0778301886792453    0.10532844281426525
-0.0768867924528302    0.10792041791708985
-0.0759433962264151    0.1057997110147765
-0.07500000000000001    0.09967322440814193
-0.07405660377358492    0.10250083361119773
-0.07311320754716982    0.09755251750584104
-0.07216981132075473    0.10650661331554338
-0.07122641509433963    0.1034433700122324
-0.07028301886792454    0.10721351561631026
-0.06933962264150945    0.10391463821274372
-0.06839622641509435    0.11027675891963341
-0.06745283018867926    0.10367900411248805
-0.06650943396226416    0.10297210181170899
-0.06556603773584907    0.10250083361120979
-0.06462264150943398    0.10627097921528776
-0.06367924528301888    0.1029721018117211
-0.06273584905660379    0.11074802712014467
-0.06179245283018869    0.11522507502501514
-0.0608490566037736    0.11404690452372344
-0.059905660377358505    0.1133400022229699
-0.05896226415094341    0.11428253862397907
-0.05801886792452832    0.11216183172169163
-0.05707547169811322    0.11663887962653535
-0.05613207547169813    0.11734578192731604
-0.055188679245283034    0.11711014782704661
-0.05424528301886794    0.11027675891964639
-0.053301886792452846    0.11475380682449032
-0.05235849056603775    0.1258286095365196
-0.05141509433962266    0.11758141602755787
-0.050471698113207564    0.1295987551406101
-0.04952830188679247    0.12865621873957234
-0.048584905660377375    0.11121929532066901
-0.04764150943396228    0.11828831832832473
-0.04669811320754719    0.12135156163166216
-0.04575471698113209    0.12088029343113663
-0.044811320754717    0.1159319773257821
-0.043867924528301905    0.12417917083471541
-0.04292452830188681    0.1107480271201577
-0.04198113207547172    0.13478270534621864
-0.04103773584905662    0.1159319773257821
-0.04009433962264153    0.11334000222295658
-0.039150943396226434    0.1055640769145333
-0.03820754716981134    0.1197021229298585
-0.037264150943396246    0.11169056352118033
-0.03632075471698115    0.1145181727242347
-0.03537735849056606    0.11098366122041337
-0.034433962264150964    0.11758141602755787
-0.033490566037735814    0.11169056352116717
-0.03254716981132072    0.11498944092475949
-0.031603773584905626    0.10862732021784403
-0.03066037735849053    0.09825941980660802
-0.029716981132075437    0.1083916861175884
-0.028773584905660343    0.10721351561632288
-0.02783018867924525    0.11169056352116717
-0.026886792452830155    0.11357563632322555
-0.02594339622641506    0.10038012670889708
-0.024999999999999967    0.11616761142603775
-0.024056603773584873    0.11051239301988904
-0.02311320754716978    0.11852395242859431
-0.022169811320754684    0.10862732021784403
-0.02122641509433959    0.10579971101478895
-0.020283018867924496    0.11546070912525722
-0.019339622641509402    0.11805268422808299
-0.018396226415094308    0.11334000222295658
-0.017452830188679214    0.10509280871402199
-0.01650943396226412    0.11404690452372344
-0.015566037735849025    0.12488607313549699
-0.014622641509433931    0.10909858841835528
-0.013679245283018837    0.12017339113038389
-0.012735849056603743    0.11216183172167843
-0.011792452830188649    0.11239746582194729
-0.010849056603773555    0.11145492942091155
-0.00990566037735846    0.11121929532066901
-0.008962264150943366    0.10768478381682152
-0.008018867924528272    0.11428253862399253
-0.007075471698113178    0.10886295431809966
-0.006132075471698084    0.11663887962654906
-0.00518867924528299    0.10226519951094211
-0.004245283018867896    0.10367900411248805
-0.0033018867924528017    0.11334000222295658
-0.0023584905660377076    0.10014449260865324
-0.0014150943396226134    0.10250083361119773
-0.0004716981132075193    0.10933422251862378
0.0004716981132075748    0.11475380682449032
0.0014150943396227245    0.10485717461375399
0.002358490566037763    0.11051239301991506
0.0033018867924528017    0.09755251750582956
0.004245283018867951    0.10179393131043085
0.005188679245283101    0.09920195620761896
0.00613207547169814    0.09566744470380706
0.007075471698113178    0.10603534511503214
0.008018867924528328    0.10556407691452088
0.008962264150943478    0.10532844281426525
0.009905660377358516    0.10085139490943208
0.010849056603773555    0.10226519951094211
0.011792452830188704    0.09896632210736332
0.012735849056603854    0.10344337001222023
0.013679245283018893    0.11640324552630711
0.014622641509433931    0.1032077359119646
0.015566037735849081    0.11004112481937778
0.01650943396226423    0.10886295431809966
0.01745283018867927    0.10697788151607981
0.018396226415094308    0.11522507502500158
0.019339622641509457    0.11051239301988904
0.020283018867924607    0.12441480493497103
0.021226415094339646    0.12158719573193212
0.022169811320754684    0.1232366344336929
0.023113207547169834    0.120644659330881
0.024056603773584984    0.122529732132926
0.025000000000000022    0.11852395242860826
0.02594339622641506    0.12700678003778293
0.02688679245283021    0.1258286095365048
0.02783018867924536    0.13643214404800802
0.0287735849056604    0.1272424141380685
0.029716981132075437    0.12653551183727166
0.030660377358490587    0.12983438924085045
0.03160377358490574    0.12983438924085045
0.032547169811320775    0.12677114593755714
0.033490566037735814    0.12535734133599355
0.034433962264150964    0.13431143714570737
0.03537735849056611    0.12724241413803855
0.03632075471698115    0.13336890074471625
0.03726415094339619    0.1512770923641125
0.03820754716981134    0.13336890074468485
0.03915094339622649    0.12300100033343726
0.04009433962264153    0.1340758030454833
0.04103773584905657    0.13266199844391796
0.04198113207547172    0.13478270534621864
0.042924528301886866    0.12865621873957234
0.043867924528301905    0.135018339446506
0.04481132075471694    0.1449149716572106
0.04575471698113209    0.12629987773701606
0.04669811320754724    0.1354896076469855
0.04764150943396228    0.12912748694011397
0.04858490566037732    0.12135156163164788
0.04952830188679247    0.13101255974212858
0.05047169811320762    0.13124819384238423
0.05141509433962266    0.1314838279426708
0.052358490566037696    0.13384016894519613
0.053301886792452846    0.12983438924085045
0.054245283018867996    0.13077692564187296
0.055188679245283034    0.12771368233857985
0.05613207547169807    0.12394353673445978
0.05707547169811322    0.12700678003778293
0.05801886792452837    0.1354896076469855
0.05896226415094341    0.12276536623321052
0.05990566037735845    0.12983438924085045
0.0608490566037736    0.12465043903522667
0.06179245283018875    0.13148382794263982
0.06273584905660379    0.11451817272426165
0.06367924528301883    0.1258286095365048
0.06462264150943398    0.12653551183727166
0.06556603773584913    0.13431143714570737
0.06650943396226416    0.12394353673448896
0.0674528301886792    0.13077692564187296
0.06839622641509435    0.11640324552627972
0.0693396226415095    0.12794931643880544
0.07028301886792454    0.1303056574413924
0.07122641509433958    0.1197021229298585
0.07216981132075473    0.13266199844391796
0.07311320754716988    0.12700678003778293
0.07405660377358492    0.12276536623321052
0.07499999999999996    0.12135156163164788
0.0759433962264151    0.11781705012781347
0.07688679245283025    0.11923085472934725
0.0778301886792453    0.1152250750250287
0.07877358490566033    0.11381127042346781
0.07971698113207548    0.11475380682449032
0.08066037735849063    0.11593197732576846
0.08160377358490567    0.1138112704234946
0.08254716981132071    0.12017339113036975
0.08349056603773586    0.10886295431809966
0.08443396226415101    0.11334000222295658
0.08537735849056605    0.10909858841838095
0.08632075471698109    0.12347226853394852
0.08726415094339623    0.10933422251861091
0.08820754716981138    0.12135156163164788
0.08915094339622642    0.11357563632323892
0.09009433962264146    0.11805268422806911
0.09103773584905661    0.11051239301988904
0.09198113207547176    0.1189952206290916
0.0929245283018868    0.11946648882963098
0.09386792452830184    0.11286873402244532
0.09481132075471699    0.11216183172167843
0.09575471698113214    0.11522507502500158
0.09669811320754718    0.11074802712017073
0.09764150943396221    0.11428253862397907
0.09858490566037736    0.11216183172167843
0.09952830188679251    0.12276536623318164
0.10047169811320755    0.10933422251863663
0.10141509433962259    0.11640324552627972
0.10235849056603774    0.10485717461375399
0.10330188679245289    0.11074802712014467
0.10424528301886793    0.1140469045237503
0.10518867924528297    0.10744914971656588
0.10613207547169812    0.11098366122040029
0.10707547169811327    0.11475380682449032
0.1080188679245283    0.12088029343116509
0.10896226415094334    0.11145492942091155
0.1099056603773585    0.11475380682449032
0.11084905660377364    0.11498944092474596
0.11179245283018868    0.11569634322554007
0.11273584905660372    0.11828831832832473
0.11367924528301887    0.11310436812270094
0.11462264150943402    0.11569634322551284
0.11556603773584906    0.11899522062911963
0.1165094339622641    0.11663887962653535
0.11745283018867925    0.10344337001222023
0.1183962264150944    0.11027675891963341
0.11933962264150944    0.1072135156163355
0.12028301886792447    0.10202956541068647
0.12122641509433962    0.10768478381682152
0.12216981132075477    0.10367900411247585
0.12311320754716981    0.10697788151607981
0.12405660377358485    0.09660998110480705
0.125    0.09849505390685206
0.12594339622641515    0.10108702900966396
0.1268867924528302    0.10462154051352299
0.12783018867924523    0.09448927420250641
0.12877358490566038    0.0874202511948376
0.12971698113207553    0.09613871290429579
0.13066037735849056    0.08859842169613659
0.1316037735849056    0.08883405579637137
0.13254716981132075    0.08765588529509323
0.1334905660377359    0.090954762698672
0.13443396226415094    0.09990885850840935
0.13537735849056598    0.08765588529509323
0.13632075471698113    0.09024786039790512
0.13726415094339628    0.09189729909969452
0.13820754716981132    0.08388573969102295
0.13915094339622636    0.08906968989662699
0.1400943396226415    0.08435700789151446
0.14103773584905666    0.08459264199177008
0.1419811320754717    0.08812715349562522
0.14292452830188673    0.08624208069355946
0.14386792452830188    0.09048349449816075
0.14481132075471703    0.08859842169611575
0.14575471698113207    0.09755251750585253
0.1466981132075471    0.09001222629764949
0.14764150943396226    0.08200066688895818
0.1485849056603774    0.09731688340557393
0.14952830188679245    0.08883405579639227
0.15047169811320749    0.09189729909969452
0.15141509433962264    0.09048349449816075
0.15235849056603779    0.09448927420250641
0.15330188679245282    0.10061576080917639
0.15424528301886786    0.09213293319995014
0.155188679245283    0.09001222629764949
0.15613207547169816    0.09048349449816075
0.1570754716981132    0.09260420140048319
0.15801886792452824    0.09825941980659644
0.1589622641509434    0.09166166499943888
0.15990566037735854    0.08812715349560449
0.16084905660377358    0.09708124930534115
0.16179245283018862    0.09119039679892764
0.16273584905660377    0.09401800600199516
0.16367924528301891    0.08977659219739387
0.16462264150943395    0.0911903967989491
0.165566037735849    0.09755251750582956
0.16650943396226414    0.08977659219739387
0.1674528301886793    0.09166166499943888
0.16839622641509433    0.08694898299434682
0.16933962264150937    0.08930532399688261
0.17028301886792452    0.08906968989662699
0.17122641509433967    0.09590307880404017
0.1721698113207547    0.0909547626986934
0.17311320754716975    0.09448927420250641
0.1740566037735849    0.08553517839279258
0.17500000000000004    0.09119039679892764
0.17594339622641508    0.10085139490943208
0.17688679245283012    0.08954095809713825
0.17783018867924527    0.09425364010225078
0.17877358490566042    0.08058686228742443
0.17971698113207546    0.08294320329000021
0.1806603773584905    0.08482827609202571
0.18160377358490565    0.09283983550071702
0.1825471698113208    0.09425364010225078
0.18349056603773584    0.08058686228744338
0.18443396226415087    0.09024786039790512
0.18537735849056602    0.08176503278870256
0.18632075471698117    0.08317883739023631
0.1872641509433962    0.07987995998667634
0.18820754716981125    0.08529954429253696
0.1891509433962264    0.08718461709458197
0.19009433962264155    0.07752361898410128
0.1910377358490566    0.08600644659332408
0.19198113207547163    0.08883405579637137
0.19292452830188678    0.07940869178614628
0.19386792452830193    0.08435700789151446
0.19481132075471697    0.07540291208181837
0.195754716981132    0.07823052128486815
0.19669811320754715    0.07964432588640191
0.1976415094339623    0.0787017894853794
0.19858490566037734    0.07634544848284111
0.19952830188679238    0.07493164388128938
0.20047169811320753    0.0874202511948376
0.20141509433962268    0.07634544848282314
0.20235849056603772    0.07799488718463088
0.20330188679245276    0.08317883739023631
0.2042452830188679    0.08082249638768005
0.20518867924528306    0.07233966877847747
0.2061320754716981    0.08506391019230135
0.20707547169811313    0.07634544848282314
0.20801886792452828    0.08553517839279258
0.20896226415094343    0.07516727798154499
0.20990566037735858    0.08529954429253696
0.21084905660377362    0.08671334889409113
0.21179245283018866    0.08435700789151446
0.2127358490566038    0.09283983550071702
0.21367924528301896    0.08812715349560449
0.214622641509434    0.08506391019230135
0.21556603773584904    0.09472490830276203
0.2165094339622642    0.09213293319995014
0.21745283018867934    0.09496054240301767
0.21839622641509437    0.10250083361122185
0.2193396226415094    0.09519617650327329
0.22028301886792456    0.106742247415799
0.2212264150943397    0.09802378570634082
0.22216981132075475    0.10744914971659118
0.2231132075471698    0.09660998110480705
0.22405660377358494    0.10391463821273149
0.2250000000000001    0.10273646771145335
0.22594339622641513    0.10273646771147753
0.22688679245283017    0.10744914971656588
0.22783018867924532    0.11216183172167843
0.22877358490566047    0.10485717461375399
0.2297169811320755    0.1166388796265628
0.23066037735849054    0.10909858841835528
0.2316037735849057    0.11310436812270094
0.23254716981132084    0.11263309992218969
0.23349056603773588    0.1032077359119889
0.23443396226415092    0.10721351561631026
0.23537735849056607    0.1161676114260241
0.23632075471698122    0.10956985661886653
0.23726415094339626    0.10556407691454572
0.2382075471698113    0.1057997110147765
0.23915094339622645    0.11475380682449032
0.2400943396226416    0.11027675891963341
0.24103773584905663    0.10226519951096617
0.24198113207547167    0.11263309992218969
0.24292452830188682    0.10792041791707714
0.24386792452830197    0.10697788151605464
0.244811320754717    0.09590307880406275
0.24575471698113205    0.10344337001222023
0.2466981132075472    0.10155829721017522
0.24764150943396235    0.10462154051349837
0.2485849056603774    0.10909858841838095
0.24952830188679243    0.10980549071912217
0.2504716981132076    0.0970812493053183
0.2514150943396227    0.11004112481937778
0.25235849056603776    0.10768478381684686
0.2533018867924528    0.10556407691452088
0.25424528301886795    0.10815605201733278
0.2551886792452831    0.11121929532065593
0.25613207547169814    0.0992019562076423
0.2570754716981132    0.10485717461375399
0.25801886792452833    0.10509280871400963
0.2589622641509435    0.10603534511503214
0.2599056603773585    0.10886295431812527
0.26084905660377355    0.1161676114260241
0.2617924528301887    0.10462154051349837
0.26273584905660385    0.11546070912525722
0.2636792452830189    0.1126330999222162
0.26462264150943393    0.11498944092474596
0.2655660377358491    0.11640324552627972
0.26650943396226423    0.11334000222295658
0.26745283018867927    0.11145492942093778
0.2683962264150943    0.1267711459375273
0.26933962264150946    0.13148382794263982
0.2702830188679246    0.1197021229298585
0.27122641509433965    0.1258286095365344
0.2721698113207547    0.12394353673445978
0.27311320754716983    0.13242636434366234
0.274056603773585    0.12135156163164788
0.275    0.11758141602758553
0.27594339622641506    0.14302989885516557
0.2768867924528302    0.12488607313548228
0.27783018867924536    0.1390241191508199
0.2787735849056604    0.12794931643883556
0.27971698113207544    0.1197021229298585
0.2806603773584906    0.13761031454928613
0.28160377358490574    0.13054129154161734
0.2825471698113208    0.13219073024343783
0.2834905660377358    0.13124819384238423
0.28443396226415096    0.12771368233854982
0.2853773584905661    0.1232366344336929
0.28632075471698115    0.12700678003781282
0.2872641509433962    0.12983438924085045
0.28820754716981134    0.13384016894519613
0.2891509433962265    0.13148382794263982
0.29009433962264153    0.12865621873960262
0.29103773584905657    0.1284205846393167
0.2919811320754717    0.13101255974212858
0.29292452830188687    0.13054129154161734
0.2938679245283019    0.13831721685008558
0.29481132075471694    0.13148382794263982
0.2957547169811321    0.12300100033343726
0.29669811320754724    0.13761031454928613
0.2976415094339623    0.11805268422809688
0.2985849056603773    0.12983438924085045
0.29952830188679247    0.11946648882960285
0.3004716981132076    0.13572524174724113
0.30141509433962266    0.12535734133602305
0.3023584905660377    0.12512170723573793
0.30330188679245285    0.13336890074468485
0.304245283018868    0.11475380682449032
0.30518867924528303    0.12394353673448896
0.3061320754716981    0.14467933755695495
0.3070754716981132    0.12512170723573793
0.3080188679245284    0.1258286095365048
0.3089622641509434    0.1206446593309094
0.30990566037735845    0.12135156163164788
0.3108490566037736    0.12794931643880544
0.31179245283018875    0.11852395242858037
0.3127358490566038    0.12017339113039804
0.3136792452830188    0.1197021229298585
0.314622641509434    0.13054129154161734
0.3155660377358491    0.12205846393241478
0.31650943396226416    0.12347226853397758
0.3174528301886792    0.10250083361119773
0.31839622641509435    0.11145492942091155
0.3193396226415095    0.11711014782704661
0.32028301886792454    0.12040902523065371
0.3212264150943396    0.11711014782704661
0.32216981132075473    0.12465043903522667
0.3231132075471699    0.11946648882960285
0.3240566037735849    0.12158719573193212
0.32499999999999996    0.11357563632321219
0.3259433962264151    0.1189952206290916
0.32688679245283025    0.11546070912525722
0.3278301886792453    0.12559297543627873
0.32877358490566033    0.11781705012781347
0.3297169811320755    0.11640324552627972
0.33066037735849063    0.11569634322551284
0.33160377358490567    0.11828831832835257
0.3325471698113207    0.11993775703011411
0.33349056603773586    0.11828831832832473
0.334433962264151    0.1189952206290916
0.33537735849056605    0.1152250750250287
0.3363207547169811    0.10155829721017522
0.33726415094339623    0.10933422251861091
0.3382075471698114    0.10980549071912217
0.3391509433962264    0.1072135156163355
0.34009433962264146    0.11074802712014467
0.3410377358490566    0.11121929532065593
0.34198113207547176    0.11593197732576846
0.3429245283018868    0.12441480493500032
0.34386792452830184    0.11805268422806911
0.344811320754717    0.11310436812270094
0.34575471698113214    0.10815605201733278
0.3466981132075472    0.11546070912528439
0.3476415094339622    0.11310436812270094
0.34858490566037736    0.11027675891963341
0.3495283018867925    0.11192619762142281
0.35047169811320755    0.11192619762144915
0.3514150943396226    0.11781705012781347
0.35235849056603774    0.11522507502500158
0.3533018867924529    0.10367900411247585
0.35424528301886793    0.11687451372681847
0.35518867924528297    0.10956985661886653
0.3561320754716981    0.11428253862397907
0.35707547169811327    0.11145492942091155
0.3580188679245283    0.10509280871403437
0.35896226415094334    0.11286873402244532
0.3599056603773585    0.10014449260864146
0.36084905660377364    0.11498944092474596
0.3617924528301887    0.11734578192732983
0.3627358490566037    0.11074802712014467
0.36367924528301887    0.10862732021784403
0.364622641509434    0.11192619762142281
0.36556603773584906    0.12441480493500032
0.3665094339622641    0.11781705012781347
0.36745283018867925    0.10792041791707714
0.3683962264150944    0.11004112481937778
0.36933962264150944    0.10744914971659118
0.3702830188679245    0.11334000222295658
0.3712264150943396    0.11805268422806911
0.3721698113207548    0.11216183172167843
0.3731132075471698    0.10627097921531277
0.37405660377358485    0.106742247415799
0.375    0.10391463821273149
0.37594339622641515    0.10391463821273149
0.3768867924528302    0.1126330999222162
0.3778301886792452    0.11192619762142281
0.3787735849056604    0.10697788151605464
0.3797169811320755    0.11192619762142281
0.38066037735849056    0.11239746582196052
0.3816037735849056    0.122529732132926
0.38254716981132075    0.11263309992218969
0.3834905660377359    0.12771368233854982
0.38443396226415094    0.1138112704234946
0.385377358490566    0.11993775703011411
0.38632075471698113    0.11498944092474596
0.3872641509433963    0.12983438924085045
0.3882075471698113    0.12512170723576738
0.38915094339622636    0.11475380682449032
0.3900943396226415    0.10933422251861091
0.39103773584905666    0.120644659330881
0.3919811320754717    0.12229409803269917
0.39292452830188673    0.11381127042346781
0.3938679245283019    0.12559297543624917
0.39481132075471703    0.13148382794263982
0.39575471698113207    0.12700678003781282
0.3966981132075471    0.12700678003778293
0.39764150943396226    0.12559297543624917
0.3985849056603774    0.12700678003778293
0.39952830188679245    0.11993775703014235
0.4004716981132075    0.12040902523062537
0.40141509433962264    0.11875958652883599
0.4023584905660378    0.10933422251861091
0.4033018867924528    0.13054129154164806
0.40424528301886786    0.11711014782704661
0.405188679245283    0.11758141602755787
0.40613207547169816    0.12017339113036975
0.4070754716981132    0.11169056352119347
0.40801886792452824    0.11522507502500158
0.4089622641509434    0.122529732132926
0.40990566037735854    0.11781705012781347
0.4108490566037736    0.12158719573193212
0.4117924528301886    0.12088029343113663
0.41273584905660377    0.11993775703011411
0.4136792452830189    0.1284205846393167
0.41462264150943395    0.1274780482383242
0.415566037735849    0.12535734133599355
0.41650943396226414    0.12653551183727166
0.4174528301886793    0.12512170723573793
0.41839622641509433    0.12677114593755714
0.41933962264150937    0.12535734133599355
0.4202830188679245    0.13148382794263982
0.42122641509433967    0.11145492942091155
0.4221698113207547    0.11216183172170482
0.42311320754716975    0.122529732132926
0.4240566037735849    0.11828831832832473
0.42500000000000004    0.11263309992218969
0.4259433962264151    0.11899522062911963
0.4268867924528301    0.11734578192730222
0.42783018867924527    0.11758141602755787
0.4287735849056604    0.12040902523062537
0.42971698113207546    0.12017339113039804
0.4306603773584905    0.1189952206290916
0.43160377358490565    0.12088029343113663
0.4325471698113208    0.12417917083471541
0.43349056603773584    0.1274780482383242
0.4344339622641509    0.11169056352116717
0.435377358490566    0.12747804823829417
0.4363207547169812    0.12794931643880544
0.4372641509433962    0.12653551183730144
0.43820754716981125    0.12347226853394852
0.4391509433962264    0.1145181727242347
0.44009433962264155    0.1197021229298585
0.4410377358490566    0.12394353673448896
0.4419811320754716    0.11828831832832473
0.4429245283018868    0.11875958652883599
0.4438679245283019    0.13949538735133116
0.44481132075471697    0.11993775703014235
0.445754716981132    0.13713904634877488
0.44669811320754715    0.11805268422806911
0.4476415094339623    0.1189952206290916
0.44858490566037745    0.12794931643880544
0.4495283018867925    0.11970212292988668
0.45047169811320753    0.122529732132926
0.4514150943396227    0.12629987773701606
0.45235849056603783    0.12771368233854982
0.45330188679245287    0.12771368233857985
0.4542452830188679    0.12040902523062537
0.45518867924528306    0.12465043903522667
0.4561320754716982    0.11522507502500158
0.45707547169811324    0.1192308547293753
0.4580188679245283    0.122529732132926
0.45896226415094343    0.12865621873957234
0.4599056603773586    0.12983438924085045
0.4608490566037736    0.12653551183730144
0.46179245283018866    0.12629987773701606
0.4627358490566038    0.12394353673445978
0.46367924528301896    0.12889185283982793
0.464622641509434    0.1272424141380685
0.46556603773584904    0.13431143714570737
0.4665094339622642    0.12889185283982793
0.46745283018867934    0.13973102145158678
0.4683962264150944    0.13360453484497192
0.4693396226415094    0.13124819384238423
0.47028301886792456    0.1449149716572106
0.4712264150943397    0.15528287206845814
0.47216981132075475    0.14279426475494353
0.4731132075471698    0.13761031454928613
0.47405660377358494    0.1416160942536318
0.4750000000000001    0.1416160942536318
0.4759433962264151    0.15646104256977314
0.47688679245283017    0.14020228965209802
0.4778301886792453    0.14797821496053373
0.47877358490566047    0.1425586306546543
0.4797169811320755    0.15198399466491516
0.48066037735849054    0.14185172835388743
0.4816037735849057    0.122529732132926
0.48254716981132084    0.1451506057574662
0.4834905660377359    0.1512770923641481
0.4844339622641509    0.1416160942536318
0.48537735849056607    0.14680004445925557
0.4863207547169812    0.1475069467600225
0.48726415094339626    0.15716794487054017
0.4882075471698113    0.1475069467600225
0.48915094339622645    0.15952428587305945
0.4900943396226416    0.14656441035899997
0.49103773584905663    0.16235189507616518
0.49198113207547167    0.1574035789707588
0.4929245283018868    0.1486851172613006
0.49386792452830197    0.16140935867510445
0.494811320754717    0.16447260197846633
0.49575471698113205    0.1616449927753601
0.4966981132075472    0.16046682227408196
0.49764150943396235    0.16730021118149513
0.4985849056603774    0.1673002111815345
0.4995283018867924    0.17790374569299836
0.5004716981132076    0.15151272646436814
0.5014150943396227    0.16305879737689385
0.5023584905660378    0.15292653106593787
0.5033018867924528    0.16353006557740513
0.504245283018868    0.15622540846948066
0.5051886792452831    0.1548116038679469
0.5061320754716981    0.15881738357232997
0.5070754716981132    0.1583461153717813
0.5080188679245283    0.15363343336666876
0.5089622641509435    0.15245526286539066
0.5099056603773585    0.14538623985775606
0.5108490566037736    0.14915638546181187
0.5117924528301887    0.1449149716572106
0.5127358490566039    0.14844948316104498
0.5136792452830189    0.15716794487054017
0.5146226415094339    0.14774258086027808
0.5155660377358491    0.1425586306546543
0.5165094339622642    0.13478270534621864
0.5174528301886793    0.14302989885519923
0.5183962264150943    0.15009892186283438
0.5193396226415095    0.15080582416360125
0.5202830188679246    0.1486851172613006
0.5212264150943396    0.14585750805826742
0.5221698113207547    0.14185172835388743
0.5231132075471698    0.14090919195286492
0.524056603773585    0.13949538735133116
0.525    0.13454707124599466
0.5259433962264151    0.13737468044903053
0.5268867924528302    0.1574035789707588
0.5278301886792454    0.12983438924085045
0.5287735849056604    0.15763921307105155
0.5297169811320754    0.14727131265976684
0.5306603773584906    0.1328976325441736
0.5316037735849057    0.13148382794263982
0.5325471698113208    0.13996665555187535
0.5334905660377358    0.13737468044903053
0.534433962264151    0.14302989885516557
0.5353773584905661    0.14114482605312054
0.5363207547169812    0.14892075136159127
0.5372641509433962    0.1442080693564437
0.5382075471698113    0.1442080693564437
0.5391509433962265    0.15763921307101444
0.5400943396226415    0.16117372457488677
0.5410377358490566    0.16023118817382634
0.5419811320754717    0.1449149716572106
0.5429245283018869    0.1442080693564437
0.5438679245283019    0.15575414026900608
0.5448113207547169    0.1458575080582331
0.5457547169811321    0.13973102145158678
0.5466981132075472    0.15009892186283438
0.5476415094339623    0.1515127264644038
0.5485849056603773    0.14844948316104498
0.5495283018867925    0.15104145826385687
0.5504716981132076    0.15787484717127004
0.5514150943396227    0.15622540846951743
0.5523584905660377    0.16188062687561572
0.5533018867924528    0.1703634544848183
0.554245283018868    0.16824274758251764
0.555188679245283    0.16659330888076748
0.5561320754716981    0.17083472268532954
0.5570754716981132    0.1625875291763826
0.5580188679245284    0.1715416249860964
0.5589622641509434    0.17059908858511408
0.5599056603773584    0.18638657330220093
0.5608490566037736    0.18662220740245655
0.5617924528301887    0.20028898521728292
0.5627358490566038    0.18803601200403455
0.5636792452830188    0.2080649105257186
0.564622641509434    0.19651883961319289
0.5655660377358491    0.20594420362341798
0.5665094339622642    0.2019384239191198
0.5674528301886792    0.1913348894075691
0.5683962264150944    0.19604757141268164
0.5693396226415095    0.20405913082137295
0.5702830188679245    0.20476603312218802
0.5712264150943396    0.2026453262198392
0.5721698113207547    0.2035878626208617
0.5731132075471699    0.21701900633543242
0.5740566037735849    0.19463376681119368
0.575    0.19911081471600478
0.5759433962264151    0.20028898521728292
0.5768867924528303    0.18992108480603534
0.5778301886792453    0.20358786262090958
0.5787735849056603    0.19510503501165913
0.5797169811320755    0.1845015005001559
0.5806603773584906    0.20405913082137295
0.5816037735849057    0.19392686451042662
0.5825471698113207    0.19981771701677165
0.5834905660377359    0.1948694009114035
0.584433962264151    0.19699010781370413
0.585377358490566    0.19887518061579595
0.5863207547169811    0.2047660331221398
0.5872641509433962    0.2028809603200948
0.5882075471698114    0.20170278981881667
0.5891509433962264    0.19062798710684709
0.5900943396226415    0.20146715571856105
0.5910377358490566    0.19510503501165913
0.5919811320754718    0.18261642769811087
0.5929245283018868    0.18379459819943228
0.5938679245283018    0.18379459819938904
0.594811320754717    0.16918528398354016
0.5957547169811321    0.1738979659886527
0.5966981132075472    0.15905301767258562
0.5976415094339622    0.15952428587305945
0.5985849056603774    0.16376569967766072
0.5995283018867925    0.17790374569299836
0.6004716981132076    0.1569323107702845
0.6014150943396226    0.16706457708123953
0.6023584905660377    0.16400133377791637
0.6033018867924529    0.17672557519172022
0.6042452830188679    0.17507613648997206
0.605188679245283    0.16918528398354016
0.6061320754716981    0.16235189507612696
0.6070754716981133    0.1715416249860964
0.6080188679245283    0.18473713460045502
0.6089622641509433    0.17601867289095333
0.6099056603773585    0.19463376681114786
0.6108490566037736    0.18308769589862214
0.6117924528301887    0.17366233188843794
0.6127358490566037    0.1913348894075691
0.6136792452830189    0.19180615760808034
0.614622641509434    0.19369123041012534
0.6155660377358491    0.20429476492167664
0.6165094339622641    0.1932199622096141
0.6174528301886792    0.19274869400910283
0.6183962264150944    0.20193842391907232
0.6193396226415094    0.20170278981886416
0.6202830188679245    0.2156052017338987
0.6212264150943396    0.22385239524284561
0.6221698113207548    0.2167833722351768
0.6231132075471698    0.20288096032014258
0.6240566037735849    0.21042125152827487
0.625    0.22126042014003372
0.6259433962264151    0.2264443703456575
0.6268867924528302    0.22408802934315397
0.6278301886792452    0.22078915193952245
0.6287735849056604    0.2203178837390112
0.6297169811320755    0.21254195843057552
0.6306603773584906    0.2252661998444324
0.6316037735849056    0.21984661553849996
0.6325471698113208    0.21395576303210928
0.6334905660377359    0.24176058686227325
0.6344339622641509    0.2212604201400858
0.635377358490566    0.23304212515281506
0.6363207547169811    0.2323352228520482
0.6372641509433963    0.23704790485716074
0.6382075471698113    0.24529509836616542
0.6391509433962264    0.24270312326329577
0.6400943396226415    0.22856507724795813
0.6410377358490567    0.22526619984437937
0.6419811320754717    0.2295076136490347
0.6429245283018867    0.2297432477492363
0.6438679245283019    0.23398466155383757
0.644811320754717    0.22196732244080059
0.6457547169811321    0.23469156385465967
0.6466981132075471    0.22526619984437937
0.6476415094339623    0.21749027453594366
0.6485849056603774    0.2156052017338987
0.6495283018867924    0.21866844503727326
0.6504716981132075    0.20688674002444046
0.6514150943396226    0.21254195843057552
0.6523584905660378    0.2297432477492363
0.6533018867924528    0.214427031232671
0.6542452830188679    0.22856507724795813
0.655188679245283    0.23139268645102568
0.6561320754716982    0.21536956763364304
0.6570754716981132    0.22267422474161988
0.6580188679245282    0.23374902745358192
0.6589622641509434    0.24058241636099514
0.6599056603773585    0.241289318661762
0.6608490566037736    0.21796154273650625
0.6617924528301886    0.23469156385460443
0.6627358490566038    0.22149605424028934
0.6636792452830189    0.22668000444591316
0.664622641509434    0.22008224963880738
0.665566037735849    0.22856507724795813
0.6665094339622641    0.24553073246636328
0.6674528301886793    0.24458819606534077
0.6683962264150943    0.24317439146386424
0.6693396226415094    0.2415249527620176
0.6702830188679245    0.2516572190730096
0.6712264150943397    0.23657663665664946
0.6721698113207547    0.24600200066693245
0.6731132075471697    0.24576636656661893
0.6740566037735849    0.24246748916304012
0.675    0.2438812937645739
0.6759433962264151    0.24482383016565404
0.6768867924528301    0.25660553517837775
0.6778301886792453    0.2403467822607395
0.6787735849056604    0.24223185506278452
0.6797169811320755    0.23822607535849494
0.6806603773584905    0.23822607535843884
0.6816037735849056    0.24694453706789704
0.6825471698113208    0.22220295654105623
0.6834905660377358    0.2384617094587506
0.6844339622641509    0.24223185506278452
0.685377358490566    0.2419962209625289
0.6863207547169812    0.2358697343558826
0.6872641509433962    0.23422029565414834
0.6882075471698113    0.2290363454484694
0.6891509433962264    0.2167833722351768
0.6900943396226416    0.23751917305767198
0.6910377358490567    0.225501833944635
0.6919811320754717    0.2212604201400858
0.6929245283018868    0.20500166722239546
0.6938679245283019    0.2280938090474469
0.6948113207547171    0.22762254084693562
0.6957547169811321    0.22620873624545512
0.6966981132075472    0.23563410025562695
0.6976415094339623    0.225501833944635
0.6985849056603775    0.21984661553849996
0.6995283018867925    0.22031788373906305
0.7004716981132075    0.2377548071579276
0.7014150943396227    0.2379904412581832
0.7023584905660378    0.2384617094586945
0.7033018867924529    0.24882960987000063
0.7042452830188679    0.24011114816048387
0.7051886792452831    0.24529509836610766
0.7061320754716982    0.23422029565409322
0.7070754716981132    0.2575480715794609
0.7080188679245283    0.2429387573635514
0.7089622641509434    0.24670890296764145
0.7099056603773586    0.24176058686227325
0.7108490566037736    0.24718017116821084
0.7117924528301887    0.23987551406022822
0.7127358490566038    0.2429387573635514
0.713679245283019    0.24411692786482955
0.714622641509434    0.24835834166948925
0.715566037735849    0.25236412137377645
0.7165094339622642    0.26367455818604657
0.7174528301886793    0.2544848282760771
0.7183962264150944    0.23586973435593808
0.7193396226415094    0.26037568078246776
0.7202830188679246    0.2542491941758215
0.7212264150943397    0.25236412137377645
0.7221698113207548    0.2500077803712791
0.7231132075471698    0.2542491941758215
0.7240566037735849    0.24529509836610766
0.7250000000000001    0.2648527286873247
0.7259433962264151    0.25566299877741544
0.7268867924528302    0.25990441258195657
0.7278301886792453    0.2669734355896254
0.7287735849056605    0.2801689452039405
0.7297169811320755    0.269329776592245
0.7306603773584905    0.27828387240189545
0.7316037735849057    0.28040457930419604
0.7325471698113208    0.27239301989550474
0.7334905660377359    0.29407135711909166
0.7344339622641509    0.2926575525174887
0.7353773584905661    0.2799333111036848
0.7363207547169812    0.2796976770034292
0.7372641509433963    0.3082094031344326
0.7382075471698113    0.3075025008335932
0.7391509433962264    0.2926575525174887
0.7400943396226416    0.2898299433144212
0.7410377358490566    0.289358675113978
0.7419811320754717    0.28629543181058675
0.7429245283018868    0.2952495276203006
0.743867924528302    0.2971346004223456
0.744811320754717    0.2853528954096314
0.745754716981132    0.27427809269754977
0.7466981132075472    0.27828387240189545
0.7476415094339623    0.2827609203067524
0.7485849056603774    0.2858241636101428
0.7495283018867924    0.288651772813143
0.7504716981132076    0.27569189729908355
0.7514150943396227    0.28040457930419604
0.7523584905660378    0.27451372679787
0.7533018867924528    0.30538179393129256
0.754245283018868    0.2921862843169774
0.7551886792452831    0.28111148160496296
0.7561320754716981    0.29949094142497235
0.7570754716981132    0.30019784372566877
0.7580188679245283    0.3018472824274581
0.7589622641509435    0.3098588418361494
0.7599056603773585    0.3136289874403133
0.7608490566037736    0.2921862843169774
0.7617924528301887    0.31433588974100635
0.7627358490566039    0.31999110814714143
0.7636792452830189    0.314571523841336
0.7646226415094339    0.32376125375123144
0.7655660377358491    0.30538179393129256
0.7665094339622642    0.3079737690341044
0.7674528301886793    0.3004334778259951
0.7683962264150943    0.3077381349338488
0.7693396226415095    0.3060886962320594
0.7702830188679246    0.31433588974100635
0.7712264150943396    0.3044392575303417
0.7721698113207547    0.30019784372566877
0.7731132075471698    0.32140491274867516
0.774056603773585    0.3060886962320594
0.775    0.29831277092369396
0.7759433962264151    0.30938757363563824
0.7768867924528302    0.3171634989440739
0.7778301886792454    0.30090474602643563
0.7787735849056604    0.3060886962321314
0.7797169811320754    0.2898299433144212
0.7806603773584906    0.30278981882848066
0.7816037735849057    0.3103301100366607
0.7825471698113208    0.30491052573085303
0.7834905660377358    0.3056174280315482
0.784433962264151    0.3247037901522539
0.7853773584905661    0.31197954873845013
0.7863207547169812    0.3077381349339212
0.7872641509433962    0.29336445481825557
0.7882075471698113    0.3030254529287363
0.7891509433962265    0.298784039124135
0.7900943396226415    0.29925530732471667
0.7910377358490566    0.3004334778259244
0.7919811320754717    0.30820940313436007
0.7929245283018869    0.3034967211292475
0.7938679245283019    0.2924219184173019
0.7948113207547169    0.30891630543512694
0.7957547169811321    0.3105657441369163
0.7966981132075472    0.3122151828387057
0.7976415094339623    0.2924219184173019
0.7985849056603773    0.3060886962320594
0.7995283018867925    0.31174391463819445
0.8004716981132076    0.316456596643307
0.8014150943396227    0.3164565966433815
0.8023584905660377    0.32211181504944203
0.8033018867924528    0.33507169056350156
0.804245283018868    0.31197954873845013
0.805188679245283    0.33012337445821105
0.8061320754716981    0.3430832499721928
0.8070754716981132    0.33483605646324593
0.8080188679245284    0.3357785928642684
0.8089622641509434    0.34143381127048383
0.8099056603773584    0.3569856618872749
0.8108490566037736    0.3518017116816511
0.8117924528301887    0.37371568300542435
0.8127358490566038    0.35722129598761454
0.8136792452830188    0.37489385350670246
0.814622641509434    0.38149160831386003
0.8155660377358491    0.37536512170721376
0.8165094339622642    0.38408358341676235
0.8174528301886792    0.3746582194064469
0.8183962264150944    0.37230187840389056
0.8193396226415095    0.3706524397021012
0.8202830188679245    0.3706524397021885
0.8212264150943396    0.3765432922084919
0.8221698113207547    0.3812559742136044
0.8231132075471699    0.3996354340335433
0.8240566037735849    0.3760720240080691
0.825    0.39539402022894204
0.8259433962264151    0.39798599533175394
0.8268867924528303    0.38808936312101755
0.8278301886792453    0.4194286984551147
0.8287735849056603    0.4135378459486253
0.8297169811320755    0.42154940535731666
0.8306603773584906    0.4378081582749549
0.8316037735849057    0.44275647438042726
0.8325471698113207    0.4300322329665192
0.8334905660377359    0.43474491497163176
0.834433962264151    0.4462909858841575
0.835377358490566    0.4641991775036943
0.8363207547169811    0.44511281538287933
0.8372641509433962    0.47386017561406585
0.8382075471698114    0.4846993442258247
0.8391509433962264    0.4894120262310524
0.8400943396226415    0.4948316105368166
0.8410377358490566    0.5019006335444854
0.8419811320754718    0.5315905301766944
0.8429245283018868    0.5393664554852571
0.8438679245283018    0.5282916527731156
0.844811320754717    0.5363032121818069
0.8457547169811321    0.5410158941869195
0.8466981132075472    0.5702345226187515
0.8476415094339622    0.5624585973101814
0.8485849056603774    0.5742403023229629
0.8495283018867925    0.564108036011971
0.8504716981132076    0.5721195954207969
0.8514150943396226    0.5796598866288424
0.8523584905660377    0.5723552295209179
0.8533018867924529    0.5721195954206623
0.8542452830188679    0.6079359786596606
0.855188679245283    0.6060509058574726
0.8561320754716981    0.6244303656774114
0.8570754716981133    0.6258441702789452
0.8580188679245283    0.6314993886852288
0.8589622641509433    0.6392753139935159
0.8599056603773585    0.6649594309213792
0.8608490566037736    0.6560053351116655
0.8617924528301887    0.6715571857286949
0.8627358490566037    0.6831032566410625
0.8636792452830189    0.6889941091474533
0.864622641509434    0.6944136934533327
0.8655660377358491    0.7014827164611666
0.8665094339622641    0.702425252862024
0.8674528301886792    0.7111437145714822
0.8683962264150944    0.728345003890143
0.8693396226415094    0.6868734022453142
0.8702830188679245    0.7375347338001124
0.8712264150943396    0.7325864176947442
0.8721698113207548    0.7502589752139163
0.8731132075471698    0.7450750250084678
0.8740566037735849    0.757327998221585
0.875    0.74413248860727
0.8759433962264151    0.8032766477714323
0.8768867924528302    0.7841902856509111
0.8778301886792452    0.8020984772701542
0.8787735849056604    0.8155296209847249
0.8797169811320755    0.8263687895964837
0.8806603773584906    0.8348516172058827
0.8816037735849056    0.8605357341335497
0.8825471698113208    0.8661909525396846
0.8834905660377359    0.854644881627159
0.8844339622641509    0.842863176614576
0.885377358490566    0.8416850061130995
0.8863207547169811    0.869725464043519
0.8872641509433963    0.8815071690563004
0.8882075471698113    0.8595931977327295
0.8891509433962264    0.9229787707012908
0.8900943396226415    0.9126108702900432
0.8910377358490567    0.8923463376680593
0.8919811320754717    0.9121396020897465
0.8929245283018867    0.924156941202569
0.8938679245283019    0.9571457152383567
0.894811320754717    0.9646860064465368
0.8957547169811321    0.9783527842615933
0.8966981132075471    0.980944759364175
0.8976415094339623    0.9800022229631526
0.8985849056603774    0.9981460486828357
0.8995283018867924    0.9851861731690081
0.9004716981132075    1.0089852172945946
0.9014150943396226    0.9901344892741445
0.9023584905660378    1.0419739913303825
0.9033018867924528    1.0226519951096618
0.9042452830188679    1.0688362787595238
0.905188679245283    1.0914571523840642
0.9061320754716982    1.0657730354562007
0.9070754716981132    1.0622385239526164
0.9080188679245282    1.0862732021784403
0.9089622641509434    1.0803823496720495
0.9099056603773585    1.090750250083297
0.9108490566037736    1.0893364454820198
0.9117924528301886    1.1637968211625414
0.9127358490566038    1.12939424252522
0.9136792452830189    1.1513082138489934
0.914622641509434    1.1850038901858269
0.915566037735849    1.1939579859952618
0.9165094339622641    1.215871957319035
0.9174528301886793    1.233073246637696
0.9183962264150943    1.2655907524732701
0.9193396226415094    1.3195509614315108
0.9202830188679245    1.339815494053495
0.9212264150943397    1.3796376569966957
0.9221698113207547    1.3947182394133844
0.9231132075471697    1.4156896743358067
0.9240566037735849    1.4781327109035478
0.925    1.4870868067132617
0.9259433962264151    1.5353917972660267
0.9268867924528301    1.5408113815715447
0.9278301886792453    1.5697943759029869
0.9287735849056604    1.529972212959786
0.9297169811320755    1.5639035233969643
0.9306603773584905    1.5669667666999192
0.9316037735849056    1.551414916083048
0.9325471698113208    1.5054662665332006
0.933490566037736    1.5087651439367795
0.934433962264151    1.5160698010450606
0.935377358490566    1.5738001556073324
0.9363207547169812    1.560133377792506
0.9372641509433963    1.605139490941331
0.9382075471698114    1.6298810714685552
0.9391509433962264    1.6369500944758406
0.9400943396226416    1.6543870178947568
0.9410377358490567    1.7111748360563628
0.9419811320754717    1.7408647326889817
0.9429245283018868    1.8165032788706283
0.9438679245283019    1.9300789151938404
0.9448113207547171    1.9842747582526346
0.9457547169811321    2.0997354673783857
0.9466981132075472    2.2276847838166973
0.9476415094339623    2.253840168945072
0.9485849056603775    2.349271979548601
0.9495283018867925    2.3768411692790687
0.9504716981132075    2.4114793820160862
0.9514150943396227    2.5622852061796872
0.9523584905660378    2.584670445703972
0.9533018867924529    2.6958897410252627
0.9542452830188679    2.77553406691103
0.9551886792452831    2.9298744025784655
0.9561320754716982    3.0594731577190606
0.9570754716981132    3.175640769145832
0.9580188679245283    3.3372857619204446
0.9589622641509434    3.4207002334109364
0.9599056603773586    3.576454373679906
0.9608490566037736    3.6516216516623103
0.9617924528301887    3.9143536734464752
0.9627358490566038    4.079533177725669
0.963679245283019    4.1997065688560395
0.964622641509434    4.347213515617085
0.965566037735849    4.456547738134673
0.9665094339622642    4.693360008891578
0.9674528301886793    4.8868156052014475
0.9683962264150944    5.049167500278763
0.9693396226415094    5.306244303656463
0.9702830188679246    5.586884517060915
0.9712264150943397    5.84466822274057
0.9721698113207548    5.986519951095867
0.9731132075471698    6.137797043458571
0.9740566037735849    6.379557630320844
0.9750000000000001    6.607651439368291
0.9759433962264151    6.815009447594847
0.9768867924528302    7.06572413026523
0.9778301886792453    7.28934089140782
0.9787735849056605    7.499762142936095
0.9797169811320755    7.758017116818088
0.9806603773584905    8.033944648215602
0.9816037735849057    8.289372012892702
0.9825471698113208    8.481178170500781
0.9834905660377359    8.601587195733432
0.9844339622641509    8.616667778147766
0.9853773584905661    8.56742025119434
0.9863207547169812    8.39988440591259
0.9872641509433963    8.174382571969877
0.9882075471698113    7.9276736690003125
0.9891509433962264    7.69298210514571
0.9900943396226416    7.498112704234306
0.9910377358490566    7.346599977771667
0.9919811320754717    7.229018561742379
0.9929245283018868    7.245512948760273
0.993867924528302    7.234202511948003
0.994811320754717    7.299237523620274
0.995754716981132    6.903136601088847
0.9966981132075472    4.662256307657835
0.9976415094339623    1.4208736245414306
0.9985849056603774    0.04901189285318194
0.9995283018867924    0.0