-0.9995283018867924    0.0
-0.9985849056603773    0.0
-0.9976415094339622    0.0
-0.9966981132075472    0.0
-0.995754716981132    0.0
-0.9948113207547169    0.0
-0.9938679245283019    0.0
-0.9929245283018868    0.0
-0.9919811320754717    0.0
-0.9910377358490565    0.0
-0.9900943396226415    0.0
-0.9891509433962264    0.0
-0.9882075471698113    0.0
-0.9872641509433961    0.0
-0.9863207547169811    0.0
-0.9853773584905661    0.0
-0.9844339622641509    0.0
-0.9834905660377358    0.0
-0.9825471698113207    0.0
-0.9816037735849057    0.0
-0.9806603773584905    0.0
-0.9797169811320754    0.0
-0.9787735849056604    0.0
-0.9778301886792453    0.0
-0.9768867924528302    0.0
-0.975943396226415    0.0
-0.975    0.0
-0.9740566037735849    0.0
-0.9731132075471698    0.0
-0.9721698113207546    0.0
-0.9712264150943396    0.0
-0.9702830188679246    0.0
-0.9693396226415094    0.0
-0.9683962264150943    0.0
-0.9674528301886792    0.0
-0.9665094339622642    0.0
-0.965566037735849    0.0
-0.9646226415094339    0.0
-0.9636792452830188    0.0
-0.9627358490566038    0.0
-0.9617924528301887    0.0
-0.9608490566037735    0.0
-0.9599056603773585    0.0
-0.9589622641509434    0.0
-0.9580188679245283    0.0
-0.9570754716981131    0.0
-0.9561320754716981    0.0
-0.9551886792452831    0.0
-0.9542452830188679    0.0
-0.9533018867924528    0.0
-0.9523584905660377    0.0
-0.9514150943396227    0.0
-0.9504716981132075    0.0
-0.9495283018867924    0.0
-0.9485849056603773    0.0
-0.9476415094339623    0.0
-0.9466981132075472    0.0
-0.945754716981132    0.0
-0.944811320754717    0.00023563410025562696
-0.9438679245283019    0.00023563410025565466
-0.9429245283018868    0.0
-0.9419811320754716    0.00023563410025565466
-0.9410377358490566    0.0
-0.9400943396226416    0.0
-0.9391509433962264    0.0004712682005112539
-0.9382075471698113    0.0004712682005113093
-0.9372641509433962    0.0014138046015337617
-0.9363207547169812    0.0023563410025565466
-0.935377358490566    0.0030632433033231507
-0.9344339622641509    0.0025919751028122017
-0.9334905660377358    0.004005779704345658
-0.9325471698113208    0.006362120706902677
-0.9316037735849056    0.006126486606646301
-0.9306603773584905    0.00848282760920357
-0.9297169811320755    0.01531621651661575
-0.9287735849056604    0.016494387017895826
-0.9278301886792453    0.01861509392019453
-0.9268867924528301    0.020028898521730648
-0.9259433962264151    0.02874736023118649
-0.925    0.03322440813604731
-0.9240566037735849    0.0428854062465241
-0.9231132075471697    0.04877625875292052
-0.9221698113207547    0.0603223296654405
-0.9212264150943397    0.0633855729687711
-0.9202830188679245    0.06739135267310932
-0.9193396226415094    0.08930532399689313
-0.9183962264150943    0.09213293319995014
-0.9174528301886793    0.10697788151606723
-0.9165094339622641    0.13171946204289547
-0.915566037735849    0.12818495053907616
-0.914622641509434    0.1406735578526093
-0.9136792452830189    0.1543403356674538
-0.9127358490566038    0.16188062687561572
-0.9117924528301886    0.18544403690120023
-0.9108490566037736    0.20028898521728292
-0.9099056603773585    0.20924308102702138
-0.9089622641509434    0.21701900633543242
-0.9080188679245282    0.2396398799600008
-0.9070754716981132    0.24529509836610766
-0.9061320754716982    0.2509503167722722
-0.905188679245283    0.27522062909857226
-0.9042452830188679    0.268858508391702
-0.9033018867924528    0.2855885295098199
-0.9023584905660378    0.29548516172059097
-0.9014150943396226    0.3105657441369163
-0.9004716981132075    0.3232899855507582
-0.8995283018867924    0.3209336445481639
-0.8985849056603774    0.3287095698566383
-0.8976415094339623    0.34920973657883914
-0.8966981132075471    0.3737156830054683
-0.8957547169811321    0.37088807380235683
-0.894811320754717    0.3748938535067466
-0.8938679245283019    0.3986928976325208
-0.8929245283018867    0.4043481160387034
-0.8919811320754717    0.4227275758585948
-0.8910377358490567    0.4213137712571106
-0.8900943396226415    0.45477381349336005
-0.8891509433962264    0.4526531065911127
-0.8882075471698113    0.4660842503056301
-0.8872641509433963    0.4634922752028728
-0.8863207547169811    0.47386017561406585
-0.885377358490566    0.4948316105368748
-0.8844339622641509    0.4832855396242908
-0.8834905660377359    0.5000155607424992
-0.8825471698113208    0.5363032121818069
-0.8816037735849056    0.5014293653440332
-0.8806603773584906    0.5153317772590561
-0.8797169811320755    0.5259353117706212
-0.8787735849056604    0.5252284094697925
-0.8778301886792452    0.5358319439813588
-0.8768867924528302    0.5466711125930545
-0.8759433962264151    0.544550405690818
-0.875    0.5431366010892201
-0.8740566037735849    0.5542114038012999
-0.8731132075471698    0.5589240858063471
-0.8721698113207548    0.5605735245082025
-0.8712264150943396    0.5398377236856413
-0.8702830188679245    0.5601022563076913
-0.8693396226415094    0.5829587640324211
-0.8683962264150944    0.5791886184283992
-0.8674528301886792    0.5622229632099259
-0.8665094339622641    0.5928553962432271
-0.8655660377358491    0.5605735245081366
-0.864622641509434    0.5634011337112703
-0.8636792452830189    0.5867289096365111
-0.8627358490566037    0.5695276203179174
-0.8617924528301887    0.5841369345336992
-0.8608490566037736    0.5674069134156166
-0.8599056603773585    0.5758897410247523
-0.8589622641509433    0.5782460820273766
-0.8580188679245283    0.5961542736467361
-0.8570754716981133    0.5721195954207295
-0.8561320754716981    0.5813093253306317
-0.855188679245283    0.5655218406135712
-0.8542452830188679    0.5685850839168278
-0.8533018867924529    0.5839013004335123
-0.8523584905660377    0.5544470379014902
-0.8514150943396226    0.5740046682227748
-0.8504716981132076    0.5626942314104372
-0.8495283018867925    0.5667000111148495
-0.8485849056603774    0.5704701567188729
-0.8476415094339622    0.5629298655107591
-0.8466981132075472    0.567878181616061
-0.8457547169811321    0.5638724019117817
-0.844811320754717    0.5572746471045578
-0.8438679245283018    0.5520906968989989
-0.8429245283018868    0.5466711125930545
-0.8419811320754718    0.5542114038012999
-0.8410377358490566    0.5301767255751607
-0.8400943396226415    0.5367744803823814
-0.8391509433962264    0.5297054573746494
-0.8382075471698114    0.5195731910637186
-0.8372641509433962    0.5226364343669806
-0.8363207547169811    0.5160386795598837
-0.835377358490566    0.5146248749582893
-0.834433962264151    0.5195731910637186
-0.8334905660377359    0.4948316105368166
-0.8325471698113207    0.49954429254198796
-0.8316037735849057    0.5077914860508761
-0.8306603773584906    0.5087340224519584
-0.8297169811320755    0.4917683672334935
-0.8287735849056603    0.5023719017450559
-0.8278301886792453    0.511561631654966
-0.8268867924528303    0.5158030454596281
-0.8259433962264151    0.4846993442258247
-0.825    0.4764521507169338
-0.8240566037735849    0.49624541513835035
-0.8231132075471699    0.484463710125626
-0.8221698113207547    0.46749805490716384
-0.8212264150943396    0.46702678670670755
-0.8202830188679245    0.48022229632096775
-0.8193396226415095    0.492004001333807
-0.8183962264150944    0.4953028787373279
-0.8174528301886792    0.4651417139046076
-0.816509433962264    0.4545381793931579
-0.8155660377358491    0.47975102812051296
-0.814622641509434    0.49247526953426035
-0.8136792452830188    0.48140046682224585
-0.8127358490566037    0.4679693231077302
-0.8117924528301887    0.4764521507169338
-0.8108490566037736    0.4677336890074195
-0.8099056603773584    0.4731532733132989
-0.8089622641509433    0.48517061242639303
-0.8080188679245284    0.46561298210517366
-0.8070754716981132    0.4712682005112539
-0.8061320754716981    0.4700900300099758
-0.8051886792452829    0.4726820051128433
-0.804245283018868    0.4679693231077302
-0.8033018867924528    0.4651417139046076
-0.8023584905660377    0.4639635434033295
-0.8014150943396225    0.4816361009225582
-0.8004716981132076    0.4733889074136102
-0.7995283018867925    0.4606646659997507
-0.7985849056603773    0.46113593420026194
-0.7976415094339622    0.4712682005113094
-0.7966981132075472    0.4550094475936692
-0.7957547169811321    0.4486473268867137
-0.7948113207547169    0.4717394687117652
-0.7938679245283018    0.46891185950875286
-0.7929245283018869    0.46514171390466236
-0.7919811320754717    0.45571634989438253
-0.7910377358490566    0.476923418917389
-0.7900943396226414    0.4594864954985266
-0.7891509433962265    0.45571634989443616
-0.7882075471698113    0.44958986328773626
-0.7872641509433962    0.43380237857060927
-0.786320754716981    0.46938312770926416
-0.7853773584905661    0.44204957207960816
-0.784433962264151    0.45076803378901437
-0.7834905660377358    0.45171057019003685
-0.7825471698113207    0.46490607980440674
-0.7816037735849057    0.4533600088918796
-0.7806603773584906    0.4863487829276141
-0.7797169811320754    0.4620784706012845
-0.7787735849056603    0.4422852061798639
-0.7778301886792454    0.47433144381463294
-0.7768867924528302    0.4717394687117652
-0.7759433962264151    0.4700900300099758
-0.7749999999999999    0.45972212959878234
-0.774056603773585    0.4736245415138659
-0.7731132075471698    0.4363943536734211
-0.7721698113207547    0.43686562187393235
-0.7712264150943395    0.4632566411026171
-0.7702830188679246    0.453124374791624
-0.7693396226415095    0.48045793042122337
-0.7683962264150943    0.4660842503056301
-0.7674528301886792    0.44723352228523255
-0.7665094339622642    0.4474691563854883
-0.7655660377358491    0.46184283650102886
-0.7646226415094339    0.4422852061798118
-0.7636792452830188    0.44794042458599953
-0.7627358490566039    0.4686762254084971
-0.7617924528301887    0.452888740691315
-0.7608490566037736    0.4434633766810899
-0.7599056603773584    0.46160720240082753
-0.7589622641509435    0.46891185950875286
-0.7580188679245283    0.4458197176836462
-0.7570754716981132    0.4354518172723986
-0.756132075471698    0.44911859508727786
-0.7551886792452831    0.43969323107705166
-0.754245283018868    0.45524508169387123
-0.7533018867924528    0.46372790930307384
-0.7523584905660377    0.4415783038790969
-0.7514150943396227    0.44534844948318736
-0.7504716981132076    0.4432277425808343
-0.7495283018867924    0.452888740691315
-0.7485849056603773    0.46631988440594063
-0.7476415094339623    0.44487718128267606
-0.7466981132075472    0.4583083249971944
-0.745754716981132    0.4401644992775111
-0.7448113207547169    0.45642325219520313
-0.743867924528302    0.45642325219520313
-0.7429245283018868    0.4535956429920819
-0.7419811320754717    0.46938312770920887
-0.7410377358490565    0.45972212959878234
-0.7400943396226416    0.4759808825164225
-0.7391509433962264    0.45995776369898383
-0.7382075471698113    0.4396932310769999
-0.7372641509433961    0.4543025452929022
-0.7363207547169812    0.4705612982105424
-0.7353773584905661    0.4609003001000063
-0.7344339622641509    0.46137156830051756
-0.7334905660377358    0.47715905301770073
-0.7325471698113208    0.4733889074136102
-0.7316037735849057    0.46184283650102886
-0.7306603773584905    0.4665555185061414
-0.7297169811320754    0.4684405913082415
-0.7287735849056605    0.4696187618095198
-0.7278301886792453    0.45760142269642756
-0.7268867924528302    0.45877959319770567
-0.725943396226415    0.47503834611539986
-0.7250000000000001    0.46584861620542933
-0.7240566037735849    0.45925086139821697
-0.7231132075471698    0.4660842503056301
-0.7221698113207546    0.46914749360900854
-0.7212264150943397    0.47739468711795635
-0.7202830188679246    0.4846993442258247
-0.7193396226415094    0.4823430032232684
-0.7183962264150943    0.4644348116038954
-0.7174528301886793    0.5004868289430106
-0.7165094339622642    0.4884694898299146
-0.715566037735849    0.4894120262309372
-0.7146226415094339    0.4941247082361079
-0.713679245283019    0.48234300322332513
-0.7127358490566038    0.4995442925419291
-0.7117924528301887    0.4879982216294035
-0.7108490566037735    0.5148605090586055
-0.7099056603773586    0.49954429254198796
-0.7089622641509434    0.5174524841613568
-0.7080188679245283    0.5108547293541993
-0.7070754716981131    0.4971879515394314
-0.7061320754716982    0.4884694898299722
-0.7051886792452831    0.49200400133374905
-0.7042452830188679    0.49836612204065106
-0.7033018867924528    0.5009580971435219
-0.7023584905660378    0.49082583083252873
-0.7014150943396227    0.5129754362564999
-0.7004716981132075    0.5007224630432072
-0.6995283018867924    0.510383461153748
-0.6985849056603775    0.5106190952540036
-0.6976415094339623    0.5035500722462748
-0.6966981132075472    0.5044926086472973
-0.695754716981132    0.4953028787373862
-0.6948113207547171    0.5176881182616733
-0.6938679245283019    0.514153606757778
-0.6929245283018868    0.5155674113593117
-0.6919811320754716    0.5066133155496576
-0.6910377358490567    0.505670779148635
-0.6900943396226416    0.4957741469378391
-0.6891509433962264    0.517923752361868
-0.6882075471698113    0.5191019228632072
-0.6872641509433963    0.5224008002667865
-0.6863207547169812    0.5082627542513873
-0.685377358490566    0.5129754362564999
-0.6844339622641509    0.5169812159609064
-0.683490566037736    0.5023719017450559
-0.6825471698113208    0.4957741469378391
-0.6816037735849056    0.5092052906524099
-0.6806603773584905    0.49129709903304
-0.6797169811320756    0.4953028787373862
-0.6787735849056604    0.5110903634544549
-0.6778301886792453    0.49200400133374905
-0.6768867924528301    0.5016649994442888
-0.6759433962264152    0.5014293653440332
-0.675    0.5014293653439742
-0.6740566037735849    0.5120328998554774
-0.6731132075471697    0.5080271201511916
-0.6721698113207548    0.49553851283764183
-0.6712264150943397    0.5092052906524099
-0.6702830188679245    0.5082627542513873
-0.6693396226415094    0.49671668333892005
-0.6683962264150944    0.48776258752920515
-0.6674528301886793    0.49082583083247094
-0.6665094339622641    0.4759808825163664
-0.665566037735849    0.4776303212182121
-0.6646226415094341    0.4832855396243478
-0.6636792452830189    0.4839924419250578
-0.6627358490566038    0.4828142714237797
-0.6617924528301886    0.4811648327220469
-0.6608490566037737    0.4832855396243478
-0.6599056603773585    0.5061420473490866
-0.6589622641509434    0.4715038346115095
-0.6580188679245282    0.5082627542514472
-0.6570754716981133    0.4901189285317618
-0.6561320754716982    0.4828142714237797
-0.655188679245283    0.4839924419250578
-0.6542452830188679    0.47786595531846776
-0.6533018867924529    0.48705568522843823
-0.6523584905660378    0.4665555185061414
-0.6514150943396226    0.4748027120150883
-0.6504716981132075    0.4931821718350852
-0.6495283018867926    0.4785728576192347
-0.6485849056603774    0.4835211737245465
-0.6476415094339623    0.478808491719434
-0.6466981132075471    0.4816361009225582
-0.6457547169811322    0.47692341891744505
-0.644811320754717    0.4781015894186671
-0.6438679245283019    0.48493497832608023
-0.6429245283018867    0.4856418806269043
-0.6419811320754718    0.4679693231077302
-0.6410377358490567    0.4731532733132989
-0.6400943396226415    0.49671668333886165
-0.6391509433962264    0.498130487940454
-0.6382075471698113    0.47268200511278763
-0.6372641509433963    0.4969523174391758
-0.6363207547169811    0.48092919862173467
-0.635377358490566    0.4700900300099758
-0.6344339622641508    0.4809291986217912
-0.6334905660377359    0.48776258752920515
-0.6325471698113208    0.49718795153937284
-0.6316037735849056    0.4863487829276141
-0.6306603773584905    0.5000155607424992
-0.6297169811320755    0.49577414693789745
-0.6287735849056604    0.5016649994442298
-0.6278301886792452    0.5080271201511317
-0.6268867924528301    0.5042569745471011
-0.6259433962264151    0.5011937312437775
-0.625    0.49836612204065106
-0.6240566037735849    0.49153273313323786
-0.6231132075471697    0.5212226297655081
-0.6221698113207548    0.5115616316550263
-0.6212264150943396    0.5000155607424405
-0.6202830188679245    0.5096765588529211
-0.6193396226415093    0.5127398021563047
-0.6183962264150944    0.5101478270534924
-0.6174528301886792    0.517923752361868
-0.6165094339622641    0.4938890741357941
-0.615566037735849    0.5146248749583499
-0.614622641509434    0.5047282427476123
-0.6136792452830189    0.511561631654966
-0.6127358490566037    0.5155674113593117
-0.6117924528301886    0.5087340224519584
-0.6108490566037736    0.506377681449402
-0.6099056603773585    0.5042569745470417
-0.6089622641509433    0.5219295320662136
-0.6080188679245282    0.4941247082361079
-0.6070754716981133    0.5214582638657639
-0.6061320754716981    0.5002511948426961
-0.605188679245283    0.5139179726575224
-0.6042452830188678    0.5231077025675533
-0.6033018867924529    0.5266422140713882
-0.6023584905660377    0.5158030454595675
-0.6014150943396226    0.5040213404467861
-0.6004716981132074    0.5139179726575829
-0.5995283018867925    0.5233433366678091
-0.5985849056603774    0.5240502389685143
-0.5976415094339622    0.5247571412692813
-0.5966981132075471    0.5073202178504245
-0.5957547169811321    0.5224008002667865
-0.594811320754717    0.5092052906524099
-0.5938679245283018    0.5292341891741381
-0.5929245283018867    0.5021362676448002
-0.5919811320754718    0.517216850061162
-0.5910377358490566    0.5226364343669806
-0.5900943396226415    0.5172168500611012
-0.5891509433962263    0.5212226297655081
-0.5882075471698114    0.5235789707680647
-0.5872641509433962    0.5174524841613568
-0.5863207547169811    0.5127398021562443
-0.5853773584905659    0.5330043347782909
-0.584433962264151    0.48705568522843823
-0.5834905660377359    0.5202800933644243
-0.5825471698113207    0.5221651661664694
-0.5816037735849056    0.5205157274647412
-0.5806603773584906    0.5214582638657639
-0.5797169811320755    0.5353606757807845
-0.5787735849056603    0.5367744803823182
-0.5778301886792452    0.5198088251639743
-0.5768867924528303    0.5134467044570715
-0.5759433962264151    0.5191019228631462
-0.575    0.5188662887628905
-0.5740566037735848    0.5379526508836596
-0.5731132075471699    0.5245215071690873
-0.5721698113207547    0.5150961431588005
-0.5712264150943396    0.5134467044570111
-0.5702830188679244    0.5249927753695987
-0.5693396226415095    0.537717016783404
-0.5683962264150944    0.5247571412692813
-0.5674528301886792    0.4953028787373279
-0.566509433962264    0.5026075358453115
-0.5655660377358491    0.5266422140713882
-0.564622641509434    0.5325330665777169
-0.5636792452830188    0.4953028787373279
-0.5627358490566037    0.5212226297655081
-0.5617924528301887    0.5261709458708769
-0.5608490566037736    0.5245215071690256
-0.5599056603773584    0.5238146048682587
-0.5589622641509433    0.5381882849839152
-0.5580188679245284    0.5205157274647412
-0.5570754716981132    0.49789485384013976
-0.5561320754716981    0.508498388351643
-0.5551886792452829    0.5106190952540036
-0.554245283018868    0.5228720684672977
-0.5533018867924528    0.5200444592641688
-0.5523584905660377    0.5129754362564999
-0.5514150943396225    0.5273491163721552
-0.5504716981132076    0.5167455818606508
-0.5495283018867925    0.5200444592641688
-0.5485849056603773    0.5341825052795063
-0.5476415094339622    0.5259353117706212
-0.5466981132075472    0.5092052906524698
-0.5457547169811321    0.5092052906524099
-0.5448113207547169    0.5139179726575224
-0.5438679245283018    0.5070845837501688
-0.5429245283018869    0.5249927753695987
-0.5419811320754717    0.5019006335444854
-0.5410377358490566    0.5070845837501092
-0.5400943396226414    0.5115616316550263
-0.5391509433962265    0.5068489496499132
-0.5382075471698113    0.5332399688784838
-0.5372641509433962    0.5094409247526656
-0.536320754716981    0.5228720684672977
-0.5353773584905661    0.517923752361929
-0.534433962264151    0.5238146048682587
-0.5334905660377358    0.5047282427475529
-0.5325471698113207    0.5289985550739448
-0.5316037735849057    0.5120328998555376
-0.5306603773584906    0.5386595531843632
-0.5297169811320754    0.5351250416805288
-0.5287735849056603    0.5235789707680647
-0.5278301886792454    0.5092052906524698
-0.5268867924528302    0.5254640435700481
-0.5259433962264151    0.5026075358452523
-0.5249999999999999    0.5096765588529811
-0.524056603773585    0.49907302434147666
-0.5231132075471698    0.5096765588529211
-0.5221698113207547    0.4898832944314485
-0.5212264150943395    0.5042569745471011
-0.5202830188679246    0.5082627542514472
-0.5193396226415095    0.4839924419250578
-0.5183962264150943    0.49671668333886165
-0.5174528301886792    0.5054351450483793
-0.5165094339622642    0.524050238968576
-0.5155660377358491    0.5021362676447411
-0.5146226415094339    0.5271134822718374
-0.5136792452830188    0.5167455818606508
-0.5127358490566039    0.5280560186729221
-0.5117924528301887    0.4936534400355384
-0.5108490566037736    0.5092052906524099
-0.5099056603773584    0.49577414693789745
-0.5089622641509435    0.4997799266422436
-0.5080188679245283    0.4997799266421848
-0.5070754716981132    0.5200444592641688
-0.506132075471698    0.5040213404468454
-0.5051886792452831    0.5238146048683204
-0.504245283018868    0.5120328998554774
-0.5033018867924528    0.5059064132488311
-0.5023584905660377    0.5205157274647412
-0.5014150943396227    0.5169812159609064
-0.5004716981132076    0.5000155607424405
-0.4995283018867924    0.5113259975547104
-0.49858490566037733    0.5169812159609064
-0.49764150943396224    0.5092052906524099
-0.49669811320754714    0.5167455818606508
-0.49575471698113205    0.5028431699455079
-0.49481132075471695    0.5110903634545151
-0.49386792452830186    0.5176881182616124
-0.49292452830188677    0.5011937312437775
-0.49198113207547167    0.5047282427475529
-0.4910377358490566    0.4950672446371304
-0.4900943396226415    0.5113259975547104
-0.4891509433962264    0.5322974324775239
-0.4882075471698113    0.508498388351643
-0.4872641509433962    0.4948316105368748
-0.4863207547169811    0.5021362676447411
-0.485377358490566    0.5200444592642299
-0.4844339622641509    0.5268778481715819
-0.4834905660377358    0.5195731910637186
-0.48254716981132073    0.5113259975547104
-0.48160377358490564    0.5150961431588612
-0.48066037735849054    0.5214582638657025
-0.47971698113207545    0.5212226297655081
-0.47877358490566035    0.52805601867286
-0.47783018867924526    0.5033144381460783
-0.47688679245283017    0.5096765588529211
-0.47594339622641507    0.5087340224519584
-0.475    0.5202800933644243
-0.4740566037735849    0.5181593864621847
-0.4731132075471698    0.5398377236856413
-0.4721698113207547    0.5235789707680647
-0.4712264150943396    0.5021362676447411
-0.4702830188679245    0.5066133155496576
-0.4693396226415094    0.5193375569634018
-0.4683962264150943    0.5087340224519584
-0.4674528301886792    0.49742358563962846
-0.46650943396226413    0.5221651661665307
-0.46556603773584904    0.5080271201511317
-0.46462264150943394    0.5143892408580942
-0.46367924528301885    0.4981304879403954
-0.46273584905660375    0.5249927753695987
-0.46179245283018866    0.5233433366677475
-0.46084905660377357    0.5282916527731778
-0.45990566037735847    0.5386595531843632
-0.4589622641509434    0.5337112370790579
-0.4580188679245283    0.5099121929531767
-0.4570754716981132    0.5299410914749674
-0.4561320754716981    0.5459642102922877
-0.455188679245283    0.5264065799711325
-0.4542452830188679    0.5221651661664694
-0.4533018867924528    0.5353606757808475
-0.4523584905660377    0.5249927753695369
-0.4514150943396226    0.537010114482637
-0.45047169811320753    0.5101478270534323
-0.44952830188679244    0.5207513615649968
-0.44858490566037734    0.5388951872846188
-0.44764150943396225    0.5224008002667865
-0.44669811320754715    0.5266422140713263
-0.44575471698113206    0.5198088251639743
-0.44481132075471697    0.5193375569634018
-0.44386792452830187    0.5082627542514472
-0.4429245283018868    0.5096765588529211
-0.4419811320754717    0.5214582638657639
-0.4410377358490566    0.5231077025674918
-0.4400943396226415    0.5245215071690873
-0.4391509433962264    0.5304123596754163
-0.4382075471698113    0.5405446259864718
-0.4372641509433962    0.5348894075802731
-0.4363207547169811    0.5216938979660195
-0.435377358490566    0.5231077025674918
-0.43443396226415093    0.5252284094698543
-0.43349056603773584    0.5226364343669806
-0.43254716981132074    0.5148605090586055
-0.43160377358490565    0.5315905301766944
-0.43066037735849055    0.5132110703568159
-0.42971698113207546    0.5002511948426961
-0.42877358490566037    0.5233433366678091
-0.42783018867924527    0.5377170167833407
-0.4268867924528302    0.5433722351895397
-0.4259433962264151    0.5162743136600787
-0.425    0.5193375569634628
-0.4240566037735849    0.5297054573746494
-0.4231132075471698    0.5499699899966981
-0.4221698113207547    0.5429009669889645
-0.4212264150943396    0.5553895743025781
-0.4202830188679245    0.5238146048682587
-0.4193396226415094    0.5304123596754787
-0.41839622641509433    0.5143892408580337
-0.41745283018867924    0.5353606757808475
-0.41650943396226414    0.526170945870815
-0.41556603773584905    0.5242858730688317
-0.41462264150943395    0.5360675780815513
-0.41367924528301886    0.5313548960765013
-0.41273584905660377    0.5454929420917763
-0.41179245283018867    0.5249927753695987
-0.4108490566037736    0.5294698232743937
-0.4099056603773585    0.5228720684672977
-0.4089622641509434    0.5485561853950995
-0.4080188679245283    0.5344181393798249
-0.4070754716981132    0.5447860397910095
-0.4061320754716981    0.5436078692897953
-0.405188679245283    0.5504412581971445
-0.4042452830188679    0.5605735245082025
-0.4033018867924528    0.5490274535956108
-0.40235849056603773    0.5297054573747118
-0.40141509433962264    0.5558608425030239
-0.40047169811320754    0.5461998443926076
-0.39952830188679245    0.5473780148938214
-0.39858490566037735    0.5275847504724108
-0.39764150943396226    0.5584528176058359
-0.39669811320754716    0.5478492830943972
-0.39575471698113207    0.553975769700979
-0.394811320754717    0.5360675780816144
-0.3938679245283019    0.5386595531843632
-0.3929245283018868    0.5499699899966981
-0.3919811320754717    0.538188284983852
-0.3910377358490566    0.5332399688785465
-0.3900943396226415    0.5299410914749051
-0.3891509433962264    0.5275847504724108
-0.3882075471698113    0.528762920973627
-0.3872641509433962    0.5497343558964424
-0.38632075471698113    0.5497343558963778
-0.38537735849056604    0.5313548960765013
-0.38443396226415094    0.5367744803823182
-0.38349056603773585    0.5374813826831484
-0.38254716981132075    0.5457285761920321
-0.38160377358490566    0.5400733577859606
-0.38066037735849056    0.5478492830943327
-0.37971698113207547    0.5466711125931188
-0.3787735849056604    0.5271134822718374
-0.3778301886792453    0.5485561853951642
-0.3768867924528302    0.5556252084027683
-0.3759433962264151    0.538423919084171
-0.375    0.5480849171945883
-0.3740566037735849    0.545964210292352
-0.3731132075471698    0.5233433366677475
-0.3721698113207547    0.5483205512949084
-0.3712264150943396    0.5398377236856413
-0.37028301886792453    0.5454929420918406
-0.36933962264150944    0.5436078692897314
-0.36839622641509434    0.5476136489941414
-0.36745283018867925    0.5165099477603343
-0.36650943396226415    0.524050238968576
-0.36556603773584906    0.5353606757807845
-0.36462264150943396    0.5353606757808475
-0.36367924528301887    0.5306479937756718
-0.3627358490566038    0.5393664554851936
-0.3617924528301887    0.5391308213848746
-0.3608490566037736    0.52546404357011
-0.3599056603773585    0.5219295320662136
-0.3589622641509434    0.5266422140713882
-0.3580188679245283    0.5360675780815513
-0.3570754716981132    0.5292341891742004
-0.3561320754716981    0.5176881182616124
-0.355188679245283    0.5249927753695987
-0.35424528301886793    0.5153317772590561
-0.35330188679245284    0.5292341891742004
-0.35235849056603774    0.5332399688784838
-0.35141509433962265    0.5424296987885171
-0.35047169811320755    0.5117972657552218
-0.34952830188679246    0.5551539402023224
-0.34858490566037736    0.528762920973627
-0.34764150943396227    0.5579815494053902
-0.3466981132075472    0.5308836278759275
-0.3457547169811321    0.5332399688785465
-0.344811320754717    0.5278203845726044
-0.3438679245283019    0.5292341891742004
-0.3429245283018868    0.5450216738912651
-0.3419811320754717    0.5433722351895397
-0.3410377358490566    0.5346537734800175
-0.3400943396226415    0.5252284094698543
-0.3391509433962264    0.541251528287175
-0.33820754716981133    0.5396020895854492
-0.33726415094339623    0.5440791374902426
-0.33632075471698114    0.5115616316550263
-0.33537735849056605    0.538188284983852
-0.33443396226415095    0.5429009669890285
-0.33349056603773586    0.5386595531843632
-0.33254716981132076    0.5146248749583499
-0.33160377358490567    0.5601022563076253
-0.3306603773584906    0.5454929420918406
-0.3297169811320755    0.5266422140713263
-0.3287735849056604    0.5297054573747118
-0.3278301886792453    0.5139179726575224
-0.3268867924528302    0.5195731910637186
-0.3259433962264151    0.5351250416805288
-0.325    0.5287629209736892
-0.3240566037735849    0.5367744803823182
-0.3231132075471698    0.5278203845726664
-0.32216981132075473    0.5384239190841076
-0.32122641509433963    0.5421940646882614
-0.32028301886792454    0.5367744803823182
-0.31933962264150945    0.5191019228632072
-0.31839622641509435    0.5384239190841076
-0.31745283018867926    0.5348894075803361
-0.31650943396226416    0.5546826720017458
-0.31556603773584907    0.5421940646882614
-0.314622641509434    0.5311192619761831
-0.3136792452830189    0.5388951872846822
-0.3127358490566038    0.5417227964876864
-0.3117924528301887    0.5426653328887728
-0.3108490566037736    0.5464354784927989
-0.3099056603773585    0.5497343558964424
-0.3089622641509434    0.5452573079915207
-0.3080188679245283    0.5544470379015555
-0.3070754716981132    0.5516194286984227
-0.30613207547169813    0.5334756029788021
-0.30518867924528303    0.5464354784927989
-0.30424528301886794    0.5405446259864718
-0.30330188679245285    0.5525619650994452
-0.30235849056603775    0.5483205512949084
-0.30141509433962266    0.5697632544181059
-0.30047169811320756    0.5702345226186843
-0.29952830188679247    0.5469067466933102
-0.2985849056603774    0.5530332333000216
-0.2976415094339623    0.5572746471045578
-0.2966981132075472    0.5461998443926076
-0.2957547169811321    0.5579815494053246
-0.294811320754717    0.557510281204879
-0.2938679245283019    0.559630988107114
-0.2929245283018868    0.5436078692897953
-0.2919811320754717    0.5787173502278198
-0.2910377358490566    0.5504412581972093
-0.29009433962264153    0.5624585973101814
-0.28915094339622643    0.5857863732355575
-0.28820754716981134    0.5497343558963778
-0.28726415094339625    0.5527975991997659
-0.28632075471698115    0.5579815494053246
-0.28537735849056606    0.5676425475158722
-0.28443396226415096    0.5645793042124821
-0.28349056603773587    0.5525619650995102
-0.2825471698113208    0.5499699899966334
-0.2816037735849057    0.556096476603345
-0.2806603773584906    0.533711237078995
-0.2797169811320755    0.5678781816161278
-0.2787735849056604    0.5794242525285866
-0.2778301886792453    0.5398377236857049
-0.2768867924528302    0.5527975991997008
-0.27594339622641506    0.5466711125930545
-0.27499999999999997    0.5645793042125486
-0.2740566037735849    0.5711770590196398
-0.2731132075471698    0.5478492830943972
-0.2721698113207547    0.5751828387239853
-0.2712264150943396    0.558217183505646
-0.2702830188679245    0.5704701567188729
-0.2693396226415094    0.5641080360120373
-0.2683962264150943    0.5699988885183616
-0.2674528301886792    0.576596643325587
-0.2665094339622641    0.557745915305069
-0.265566037735849    0.5676425475158722
-0.26462264150943393    0.5549183061020015
-0.26367924528301884    0.5874358119373471
-0.26273584905660374    0.5737690341224516
-0.26179245283018865    0.5450216738913293
-0.26084905660377355    0.5568033789040465
-0.25990566037735846    0.5754184728243087
-0.25896226415094337    0.5758897410247523
-0.2580188679245283    0.5704701567189401
-0.2570754716981132    0.5648149383127378
-0.2561320754716981    0.5591597199066686
-0.255188679245283    0.5659931088140159
-0.2542452830188679    0.5652862065133156
-0.2533018867924528    0.5560964766032797
-0.2523584905660377    0.5850794709347906
-0.2514150943396226    0.563401133711204
-0.2504716981132075    0.5718839613204739
-0.24952830188679243    0.5775391797265417
-0.24858490566037733    0.5527975991997659
-0.24764150943396224    0.5721195954206623
-0.24669811320754714    0.583430032233001
-0.24575471698113205    0.5810736912303761
-0.24481132075471695    0.5605735245082025
-0.24386792452830186    0.5822518617316542
-0.24292452830188677    0.5417227964877501
-0.24198113207547167    0.5565677448037909
-0.24103773584905658    0.5563321107036007
-0.24009433962264148    0.5509125263976559
-0.2391509433962264    0.5775391797266097
-0.2382075471698113    0.5820162276313985
-0.2372641509433962    0.5930910303434828
-0.2363207547169811    0.5789529843280754
-0.235377358490566    0.5490274535956754
-0.23443396226415092    0.5730621318216848
-0.23349056603773582    0.5558608425030894
-0.23254716981132073    0.5831943981326767
-0.23160377358490564    0.5525619650995102
-0.23066037735849054    0.573533400022196
-0.22971698113207545    0.5735334000222635
-0.22877358490566035    0.5704701567188729
-0.22783018867924526    0.5619873291097365
-0.22688679245283017    0.5740046682227072
-0.22594339622641507    0.5688207180171505
-0.22499999999999998    0.5631654996109484
-0.22405660377358488    0.5820162276314671
-0.2231132075471698    0.5516194286984227
-0.2221698113207547    0.5664643770145938
-0.2212264150943396    0.5664643770145272
-0.2202830188679245    0.5803667889296775
-0.2193396226415094    0.5848438368344662
-0.21839622641509432    0.5577459153051346
-0.21745283018867922    0.5709414249193842
-0.21650943396226413    0.5749472046237974
-0.21556603773584904    0.579188618428331
-0.21462264150943394    0.545964210292352
-0.21367924528301885    0.5702345226186172
-0.21273584905660375    0.5966255418473176
-0.21179245283018866    0.5617516950094147
-0.21084905660377357    0.5846082027342793
-0.20990566037735847    0.5765966433255191
-0.20896226415094338    0.6065221740580552
-0.20801886792452828    0.5780104479270529
-0.2070754716981132    0.5824874958319783
-0.2061320754716981    0.5822518617316542
-0.205188679245283    0.5864932755363246
-0.2042452830188679    0.5737690341224516
-0.2033018867924528    0.5558608425030894
-0.20235849056603772    0.5671712793152941
-0.20141509433962262    0.5707057908191957
-0.20047169811320753    0.5801311548293535
-0.19952830188679244    0.5914415916416932
-0.19858490566037734    0.5775391797265417
-0.19764150943396225    0.6088785150606116
-0.19669811320754715    0.5806024230298648
-0.19575471698113206    0.5754184728243087
-0.19481132075471697    0.563401133711204
-0.19386792452830187    0.5940335667445055
-0.19292452830188678    0.5683494498165722
-0.19198113207547168    0.5914415916416932
-0.1910377358490566    0.5921484939423906
-0.1900943396226415    0.5952117372457838
-0.1891509433962264    0.5999244192508262
-0.1882075471698113    0.5796598866289105
-0.1872641509433962    0.5921484939423906
-0.18632075471698112    0.6091141491608674
-0.18537735849056602    0.5709414249193842
-0.18443396226415093    0.5881427142381142
-0.18349056603773584    0.5643436701122265
-0.18254716981132074    0.5886139824386254
-0.18160377358490565    0.5978037123485256
-0.18066037735849055    0.5820162276314671
-0.17971698113207546    0.5839013004334436
-0.17877358490566037    0.5671712793153608
-0.17783018867924527    0.5857863732354885
-0.17688679245283018    0.5857863732355575
-0.17594339622641508    0.5897921529398342
-0.175    0.6027520284539647
-0.1740566037735849    0.6044014671556832
-0.1731132075471698    0.6093497832611231
-0.1721698113207547    0.5933266644436687
-0.1712264150943396    0.6088785150606116
-0.17028301886792452    0.5765966433255191
-0.16933962264150942    0.6062865399577995
-0.16839622641509433    0.6260798043792007
-0.16745283018867924    0.6263154384795301
-0.16650943396226414    0.5692919862175948
-0.16556603773584905    0.6036945648549873
-0.16462264150943395    0.6166544403689758
-0.16367924528301886    0.5864932755363246
-0.16273584905660377    0.5902634211403456
-0.16179245283018867    0.5808380571301888
-0.16084905660377358    0.6293786817827797
-0.15990566037735848    0.6194820495721162
-0.1589622641509434    0.594976103145458
-0.1580188679245283    0.5999244192508968
-0.1570754716981132    0.6058152717572169
-0.1561320754716981    0.6171257085695596
-0.155188679245283    0.6091141491607956
-0.15424528301886792    0.6003956874514081
-0.15330188679245282    0.6015738579526155
-0.15235849056603773    0.6051083694565212
-0.15141509433962264    0.5982749805490368
-0.15047169811320754    0.6072290763588221
-0.14952830188679245    0.6102923196620738
-0.14858490566037735    0.6284361453818311
-0.14764150943396226    0.6147693675669308
-0.14669811320754716    0.608642880960356
-0.14575471698113207    0.59756807824827
-0.14481132075471698    0.6213671223741615
-0.14386792452830188    0.6102923196620738
-0.1429245283018868    0.6241947315772293
-0.1419811320754717    0.6124130265643745
-0.1410377358490566    0.6282005112815754
-0.1400943396226415    0.5864932755362555
-0.1391509433962264    0.6197176836723719
-0.13820754716981132    0.6117061242636076
-0.13726415094339622    0.5982749805491072
-0.13632075471698113    0.6140624652661638
-0.13537735849056604    0.5954473713460394
-0.13443396226415094    0.6289074135822683
-0.13349056603773585    0.6282005112815754
-0.13254716981132075    0.6128842947648857
-0.13160377358490566    0.5923841280427159
-0.13066037735849056    0.5992175169500594
-0.12971698113207547    0.6140624652662361
-0.12877358490566038    0.6053440035567056
-0.12783018867924528    0.5801311548294218
-0.1268867924528302    0.6201889518728102
-0.1259433962264151    0.6230165610759509
-0.125    0.6121773924641188
-0.1240566037735849    0.5966255418473176
-0.12311320754716981    0.6154762698676975
-0.12216981132075472    0.6258441702790188
-0.12122641509433962    0.6456374347004178
-0.12028301886792453    0.6322062909859215
-0.11933962264150944    0.6175969767699983
-0.11839622641509434    0.6194820495721162
-0.11745283018867925    0.6265510725797121
-0.11650943396226415    0.6197176836723719
-0.11556603773584906    0.6074647104590063
-0.11462264150943396    0.629849949983365
-0.11367924528301887    0.6121773924641188
-0.11273584905660378    0.597803712348596
-0.11179245283018868    0.6060509058574726
-0.11084905660377359    0.6251372679782519
-0.1099056603773585    0.6157119039679532
-0.1089622641509434    0.6062865399577995
-0.1080188679245283    0.60887851506054
-0.10707547169811321    0.6310281204846433
-0.10613207547169812    0.6380971434922378
-0.10518867924528302    0.6239590974769736
-0.10424528301886793    0.6183038790707651
-0.10330188679245284    0.6284361453818311
-0.10235849056603774    0.6213671223740883
-0.10141509433962265    0.6326775591864329
-0.10047169811320755    0.6538846282093649
-0.09952830188679246    0.6284361453818311
-0.09858490566037736    0.6282005112815015
-0.09764150943396227    0.6305568522841319
-0.09669811320754718    0.6324419250861028
-0.09575471698113208    0.6232521951762067
-0.09481132075471699    0.6534133600088535
-0.0938679245283019    0.6109992219629127
-0.0929245283018868    0.644930532399651
-0.0919811320754717    0.6423385572969147
-0.09103773584905661    0.6289074135822683
-0.09009433962264152    0.6326775591864329
-0.08915094339622642    0.6322062909858471
-0.08820754716981133    0.6437523618984485
-0.08726415094339623    0.6378615093919822
-0.08632075471698114    0.6468156052017721
-0.08537735849056605    0.6531777259085979
-0.08443396226415095    0.6508213849061182
-0.08349056603773586    0.6435167277981173
-0.08254716981132076    0.6569478715127652
-0.08160377358490567    0.6303212181838022
-0.08066037735849058    0.6461087029010052
-0.07971698113207548    0.6472868734022073
-0.07877358490566039    0.6626030899189009
-0.0778301886792453    0.662603089918823
-0.0768867924528302    0.642809825497426
-0.0759433962264151    0.6267867066799677
-0.07500000000000001    0.6503501167056069
-0.07405660377358492    0.6760342336333938
-0.07311320754716982    0.6380971434923128
-0.07216981132075473    0.6512926531065529
-0.07122641509433963    0.6479937757030504
-0.07028301886792454    0.6225452928753664
-0.06933962264150945    0.6560053351117426
-0.06839622641509435    0.6397465821940272
-0.06745283018867926    0.6609536512171114
-0.06650943396226416    0.6517639213070642
-0.06556603773584907    0.6651950650217132
-0.06462264150943398    0.6682583083249581
-0.06367924528301888    0.6958274980549483
-0.06273584905660379    0.6571835056129436
-0.06179245283018869    0.6541202623096973
-0.0608490566037736    0.6814538179392732
-0.059905660377358505    0.668022674224781
-0.05896226415094341    0.6724997221295593
-0.05801886792452832    0.6574191397132766
-0.05707547169811322    0.6755629654328824
-0.05613207547169813    0.6517639213071409
-0.055188679245283034    0.6689652106257249
-0.05424528301886794    0.6673157719240141
-0.053301886792452846    0.6371546070912153
-0.05235849056603775    0.6793331110370525
-0.05141509433962266    0.6694364788262362
-0.050471698113207564    0.65506279871072
-0.04952830188679247    0.6882872068466863
-0.048584905660377375    0.6668445037235027
-0.04764150943396228    0.6550627987106429
-0.04669811320754719    0.688522840947023
-0.04575471698113209    0.6706146493275142
-0.044811320754717    0.6736778926309167
-0.043867924528301905    0.6527064577080867
-0.04292452830188681    0.6746204290319394
-0.04198113207547172    0.6887584750471976
-0.04103773584905662    0.6701433811270819
-0.04009433962264153    0.6814538179392732
-0.039150943396226434    0.6911148160498352
-0.03820754716981134    0.675798599533138
-0.037264150943396246    0.687109036345489
-0.03632075471698115    0.6847526953428519
-0.03537735849056606    0.6590685784150662
-0.034433962264150964    0.6680226742247024
-0.033490566037735814    0.7092586417694371
-0.03254716981132072    0.6529420918084192
-0.031603773584905626    0.6786262087362057
-0.03066037735849053    0.6807469156385864
-0.029716981132075437    0.6774480382349275
-0.028773584905660343    0.6833388907413986
-0.02783018867924525    0.7064310325663696
-0.026886792452830155    0.707609203067731
-0.02594339622641506    0.6906435478492426
-0.024999999999999967    0.6633099922196679
-0.024056603773584873    0.6885228409469419
-0.02311320754716978    0.6911148160498352
-0.022169811320754684    0.6911148160497539
-0.02122641509433959    0.6918217183506021
-0.020283018867924496    0.7043103256640689
-0.019339622641509402    0.6805112815383307
-0.018396226415094308    0.692999888851799
-0.017452830188679214    0.6774480382350073
-0.01650943396226412    0.6951205957540995
-0.015566037735849025    0.7033677892631292
-0.014622641509433931    0.6885228409469419
-0.013679245283018837    0.6743847949316837
-0.012735849056603743    0.6948849616538438
-0.011792452830188649    0.7135000555741223
-0.010849056603773555    0.6786262087362057
-0.00990566037735846    0.7189196398800024
-0.008962264150943366    0.7057241302656027
-0.008018867924528272    0.7026608869623623
-0.007075471698113178    0.6873446704456638
-0.006132075471698084    0.7010114482605727
-0.00518867924528299    0.6918217183505208
-0.004245283018867896    0.6819250861398647
-0.0033018867924528017    0.6717928198287925
-0.0023584905660377076    0.6826319884406316
-0.0014150943396226134    0.7066666666666253
-0.0004716981132075193    0.6922929865511135
0.0004716981132075748    0.7092586417694371
0.0014150943396227245    0.692292986551032
0.002358490566037763    0.6901722796488937
0.0033018867924528017    0.6934711570523101
0.004245283018867951    0.6802756474379951
0.005188679245283101    0.6927642547515432
0.00613207547169814    0.6967700344560529
0.007075471698113178    0.6814538179392732
0.008018867924528328    0.6755629654328824
0.008962264150943478    0.6873446704456638
0.009905660377358516    0.6920573524509392
0.010849056603773555    0.6993620095587008
0.011792452830188704    0.7167989329776172
0.012735849056603854    0.6951205957540995
0.013679245283018893    0.6852239635435244
0.014622641509433931    0.6925286206512876
0.015566037735849081    0.6798043792374837
0.01650943396226423    0.7200978103811959
0.01745283018867927    0.6868734022453142
0.018396226415094308    0.6875803045459195
0.019339622641509457    0.7071379348671365
0.020283018867924607    0.6937067911525657
0.021226415094339646    0.6755629654330414
0.022169811320754684    0.6972413026564002
0.023113207547169834    0.7116149827719934
0.024056603773584984    0.6880515727464307
0.025000000000000022    0.6932355229522177
0.02594339622641506    0.7014827164610015
0.02688679245283021    0.6948849616538438
0.02783018867924536    0.6755629654328824
0.0287735849056604    0.6941780593532404
0.029716981132075437    0.6755629654328824
0.030660377358490587    0.6918217183505208
0.03160377358490574    0.6668445037234243
0.032547169811320775    0.7003045459598882
0.033490566037735814    0.6859308658441301
0.034433962264150964    0.7043103256640689
0.03537735849056611    0.67839057463595
0.03632075471698115    0.6790974769368767
0.03726415094339619    0.6868734022451526
0.03820754716981134    0.6550627987106429
0.03915094339622649    0.6484650439034854
0.04009433962264153    0.6962987662555415
0.04103773584905657    0.6873446704456638
0.04198113207547172    0.6788618428364613
0.042924528301886866    0.6958274980548664
0.043867924528301905    0.7012470823609108
0.04481132075471694    0.6831032566410625
0.04575471698113209    0.6769767700344163
0.04669811320754724    0.6911148160497539
0.04764150943396228    0.6892297432478711
0.04858490566037732    0.694178059353077
0.04952830188679247    0.6962987662553777
0.05047169811320762    0.6842814271423406
0.05141509433962266    0.6901722796488937
0.052358490566037696    0.6746204290318599
0.053301886792452846    0.6835745248415738
0.054245283018867996    0.6793331110369725
0.055188679245283034    0.6927642547517063
0.05613207547169807    0.7031321551627908
0.05707547169811322    0.676505501833905
0.05801886792452837    0.6574191397131992
0.05896226415094341    0.6939424252529848
0.05990566037735845    0.6993620095587008
0.0608490566037736    0.6812181838390176
0.06179245283018875    0.6654306991218905
0.06273584905660379    0.7028965210627006
0.06367924528301883    0.6908791819494983
0.06462264150943398    0.662603089918823
0.06556603773584913    0.6642525286206125
0.06650943396226416    0.7045459597644904
0.0674528301886792    0.6699077470267475
0.06839622641509435    0.6793331110369725
0.0693396226415095    0.6595398466154999
0.07028301886792454    0.6475225075026153
0.07122641509433958    0.68216072024004
0.07216981132075473    0.6602467489162667
0.07311320754716988    0.6717928198287925
0.07405660377358492    0.6668445037235813
0.07499999999999996    0.6541202623096205
0.0759433962264151    0.6871090363454082
0.07688679245283025    0.6699077470267475
0.0778301886792453    0.6630743581194903
0.07877358490566033    0.6574191397131992
0.07971698113207548    0.6633099922195899
0.08066037735849063    0.6621318217183118
0.08160377358490567    0.6581260420141211
0.08254716981132071    0.6557697010114099
0.08349056603773586    0.666373235522913
0.08443396226415101    0.6609536512170336
0.08537735849056605    0.6668445037235813
0.08632075471698109    0.6578904079137105
0.08726415094339623    0.662603089918823
0.08820754716981138    0.6628387240190786
0.08915094339622642    0.6626030899189789
0.09009433962264146    0.6637812604201011
0.09103773584905661    0.6680226742247024
0.09198113207547176    0.6623674558185674
0.0929245283018868    0.6487006780038937
0.09386792452830184    0.6359764365899372
0.09481132075471699    0.6317350227853359
0.09575471698113214    0.6576547738134548
0.09669811320754718    0.664016894520513
0.09764150943396221    0.656947871512688
0.09858490566037736    0.6611892853172893
0.09952830188679251    0.6517639213070642
0.10047169811320755    0.6717928198289506
0.10141509433962259    0.6312637545848246
0.10235849056603774    0.6736778926308375
0.10330188679245289    0.6677870401244468
0.10424528301886793    0.6753273313327858
0.10518867924528297    0.6642525286206125
0.10613207547169812    0.6397465821940272
0.10707547169811327    0.6517639213070642
0.1080188679245283    0.6699077470269051
0.10896226415094334    0.6428098254973503
0.1099056603773585    0.6621318217183118
0.11084905660377364    0.6456374347004178
0.11179245283018868    0.6482294098033824
0.11273584905660372    0.6779193064354387
0.11367924528301887    0.6548271646103873
0.11462264150943402    0.6501144826052748
0.11556603773584906    0.6442236300990357
0.1165094339622641    0.6527064577080867
0.11745283018867925    0.67839057463595
0.1183962264150944    0.6446948982993954
0.11933962264150944    0.6550627987107971
0.12028301886792447    0.6564766033121767
0.12122641509433962    0.6604823830165224
0.12216981132075477    0.644930532399651
0.12311320754716981    0.6654306991220471
0.12405660377358485    0.6352695342891702
0.125    0.6451661664999067
0.12594339622641515    0.6501144826052748
0.1268867924528302    0.6635456263200017
0.12783018867924523    0.6583616761142217
0.12877358490566038    0.6637812604201011
0.12971698113207553    0.6564766033121767
0.13066037735849056    0.6505857508059392
0.1316037735849056    0.6498788485050192
0.13254716981132075    0.6696721129264919
0.1334905660377359    0.644930532399651
0.13443396226415094    0.667787040124604
0.13537735849056598    0.6557697010114099
0.13632075471698113    0.6732066244303262
0.13726415094339628    0.629143047682524
0.13820754716981132    0.6512926531067061
0.13915094339622636    0.6616605535178005
0.1400943396226415    0.6517639213070642
0.14103773584905666    0.6496432144047635
0.1419811320754717    0.649171946204405
0.14292452830188673    0.6519995554073198
0.14386792452830188    0.6383327775924935
0.14481132075471703    0.6616605535178005
0.14575471698113207    0.6715571857286949
0.1466981132075471    0.6609536512170336
0.14764150943396226    0.638568411692749
0.1485849056603774    0.6489363121039967
0.14952830188679245    0.6376258752918766
0.15047169811320749    0.6343269978881478
0.15141509433962264    0.6701433811270031
0.15235849056603779    0.6482294098032297
0.15330188679245282    0.6458730688008255
0.15424528301886786    0.6555340669111542
0.155188679245283    0.6439879959986284
0.15613207547169816    0.6482294098032297
0.1570754716981132    0.6435167277982687
0.15801886792452824    0.6694364788262362
0.1589622641509434    0.6567122374124323
0.15990566037735854    0.6515282872068086
0.16084905660377358    0.6286717794821607
0.16179245283018862    0.6510570190062972
0.16273584905660377    0.6618961876180561
0.16367924528301891    0.6519995554073198
0.16462264150943395    0.6371546070913653
0.165566037735849    0.6614249194175448
0.16650943396226414    0.6197176836722988
0.1674528301886793    0.6362120706901928
0.16839622641509433    0.6428098254975017
0.16933962264150937    0.6578904079137105
0.17028301886792452    0.6244303656774114
0.17122641509433967    0.6458730688006734
0.1721698113207547    0.6442236300990357
0.17311320754716975    0.6307924863843134
0.1740566037735849    0.6454018006001623
0.17500000000000004    0.6439879959986284
0.17594339622641508    0.6418672890964789
0.17688679245283012    0.6498788485050192
0.17783018867924527    0.6218383905745996
0.17877358490566042    0.6350339001889146
0.17971698113207546    0.6385684116928994
0.1806603773584905    0.6482294098032297
0.18160377358490565    0.6439879959986284
0.1825471698113208    0.6510570190062972
0.18349056603773584    0.6383327775926437
0.18443396226415087    0.6456374347004178
0.18537735849056602    0.6479937757029741
0.18632075471698117    0.646815605201696
0.1872641509433962    0.6461087029010811
0.18820754716981125    0.6237234633766445
0.1891509433962264    0.6213671223740883
0.19009433962264155    0.6435167277981173
0.1910377358490566    0.6312637545849732
0.19198113207547163    0.6331488273868696
0.19292452830188678    0.6201889518728102
0.19386792452830193    0.643045459597606
0.19481132075471697    0.6392753139936664
0.195754716981132    0.6390396798932603
0.19669811320754715    0.6135911970656527
0.1976415094339623    0.6234878292763889
0.19858490566037734    0.6095854173614504
0.19952830188679238    0.6279648771812458
0.20047169811320753    0.6223096587751108
0.20141509433962268    0.60887851506054
0.20235849056603772    0.634326997888297
0.20330188679245276    0.6331488273868696
0.2042452830188679    0.6159475380682088
0.20518867924528306    0.6260798043792007
0.2061320754716981    0.6102923196622174
0.20707547169811313    0.6406891185950496
0.20801886792452828    0.6564766033121767
0.20896226415094343    0.6131199288651413
0.20990566037735858    0.6343269978881478
0.21084905660377362    0.6385684116928994
0.21179245283018866    0.6183038790707651
0.2127358490566038    0.6109992219628407
0.21367924528301896    0.6154762698676975
0.214622641509434    0.603223296654547
0.21556603773584904    0.6324419250861028
0.2165094339622642    0.6187751472712765
0.21745283018867934    0.6300855840835464
0.21839622641509437    0.6218383905747459
0.2193396226415094    0.6109992219628407
0.22028301886792456    0.6258441702789452
0.2212264150943397    0.6216027564743439
0.22216981132075475    0.6272579748806266
0.2231132075471698    0.6178326108702539
0.22405660377358494    0.6187751472712765
0.2250000000000001    0.6211314882738326
0.22594339622641513    0.6065221740581266
0.22688679245283017    0.6098210514615626
0.22783018867924532    0.606993442258495
0.22877358490566047    0.6157119039679532
0.2297169811320755    0.6107635878627289
0.23066037735849054    0.6201889518728102
0.2316037735849057    0.6072290763587507
0.23254716981132084    0.6112348560630964
0.23349056603773588    0.598746248749689
0.23443396226415092    0.6192464154717876
0.23537735849056607    0.6029876625541495
0.23632075471698122    0.6079359786595175
0.23726415094339626    0.6286717794821607
0.2382075471698113    0.6081716127597732
0.23915094339622645    0.6204245859730658
0.2400943396226416    0.60510836945645
0.24103773584905663    0.6168900744693765
0.24198113207547167    0.609585417361307
0.24292452830188682    0.6109992219628407
0.24386792452830197    0.613355562965397
0.244811320754717    0.6036945648550583
0.24575471698113205    0.6145337334666751
0.2466981132075472    0.6034589307546606
0.24764150943396235    0.6107635878625851
0.2485849056603774    0.5933266644438083
0.24952830188679243    0.5945048349449468
0.2504716981132076    0.6161831721684645
0.2514150943396227    0.6036945648549162
0.25235849056603776    0.6065221740581266
0.2533018867924528    0.6020451261531269
0.25424528301886795    0.5989818828498037
0.2551886792452831    0.6036945648549162
0.25613207547169814    0.5872001778371606
0.2570754716981132    0.624665999777667
0.25801886792452833    0.6270223407802233
0.2589622641509435    0.6086428809602844
0.2599056603773585    0.5994531510504562
0.26084905660377355    0.6079359786595175
0.2617924528301887    0.611470490163352
0.26273584905660385    0.6178326108702539
0.2636792452830189    0.6282005112816493
0.26462264150943393    0.6124130265643745
0.2655660377358491    0.6015738579526155
0.26650943396226423    0.6237234633766445
0.26745283018867927    0.607700344559405
0.2683962264150943    0.5876714460375336
0.26933962264150946    0.6138268311659082
0.2702830188679246    0.6053440035567056
0.27122641509433965    0.6109992219629845
0.2721698113207547    0.6029876625541495
0.27311320754716983    0.6100566855618182
0.274056603773585    0.59756807824827
0.275    0.6001600533512231
0.27594339622641506    0.5869645437367668
0.2768867924528302    0.6220740246748552
0.27783018867924536    0.5864932755362555
0.2787735849056604    0.5996887851507118
0.27971698113207544    0.6067578081582393
0.2806603773584906    0.5937979326441799
0.28160377358490574    0.60510836945645
0.2825471698113208    0.6114704901634959
0.2834905660377358    0.6175969767699983
0.28443396226415096    0.5784817161275642
0.2853773584905661    0.6039301989551719
0.28632075471698115    0.5921484939425299
0.2872641509433962    0.5952117372457137
0.28820754716981134    0.595683005446225
0.2891509433962265    0.5904990552406012
0.29009433962264153    0.5886139824386947
0.29103773584905657    0.5895565188395786
0.2919811320754717    0.6150050016671864
0.29292452830188687    0.609585417361307
0.2938679245283019    0.5926197621430412
0.29481132075471694    0.6154762698676975
0.2957547169811321    0.5982749805490368
0.29669811320754724    0.6102923196620738
0.2976415094339623    0.6036945648550583
0.2985849056603773    0.5989818828498037
0.29952830188679247    0.5996887851505706
0.3004716981132076    0.5942692008446911
0.30141509433962266    0.5930910303435527
0.3023584905660377    0.5824874958319098
0.30330188679245285    0.5916772257418793
0.304245283018868    0.6013382238523599
0.30518867924528303    0.6003956874514788
0.3061320754716981    0.5996887851505706
0.3070754716981132    0.5919128598421349
0.3080188679245284    0.5765966433255191
0.3089622641509434    0.5930910303435527
0.30990566037735845    0.5970968100477587
0.3108490566037736    0.5699988885183616
0.31179245283018875    0.5935622985439243
0.3127358490566038    0.6154762698678424
0.3136792452830188    0.5848438368344662
0.314622641509434    0.5794242525285866
0.3155660377358491    0.5876714460375336
0.31650943396226416    0.5716483272202856
0.3174528301886792    0.6006313215515932
0.31839622641509435    0.5756541069244967
0.3193396226415095    0.5758897410247523
0.32028301886792454    0.5888496165389503
0.3212264150943396    0.5916772257418793
0.32216981132075473    0.6074647104590063
0.3231132075471699    0.5765966433255191
0.3240566037735849    0.579424252528723
0.32499999999999996    0.5926197621429018
0.3259433962264151    0.5784817161275642
0.32688679245283025    0.6055796376569613
0.3278301886792453    0.5895565188397175
0.32877358490566033    0.5813093253306317
0.3297169811320755    0.5820162276313985
0.33066037735849063    0.573533400022196
0.33160377358490567    0.5999244192509674
0.3325471698113207    0.5765966433255191
0.33349056603773586    0.5959186395464806
0.334433962264151    0.5952117372457137
0.33537735849056605    0.5704701567190071
0.3363207547169811    0.5855507391352329
0.33726415094339623    0.5860220073357443
0.3382075471698114    0.5862576414359999
0.3391509433962264    0.5846082027343481
0.34009433962264146    0.5652862065132491
0.3410377358490566    0.573533400022196
0.34198113207547176    0.5749472046237297
0.3429245283018868    0.5577459153052002
0.34386792452830184    0.5652862065132491
0.344811320754717    0.5711770590196398
0.34575471698113214    0.5749472046237297
0.3466981132075472    0.557274647104689
0.3476415094339622    0.567878181616061
0.34858490566037736    0.5740046682227072
0.3495283018867925    0.5782460820273086
0.35047169811320755    0.5725908636213083
0.3514150943396226    0.5763610092252636
0.35235849056603774    0.5619873291096703
0.3533018867924529    0.5775391797265417
0.35424528301886793    0.5598666222075014
0.35518867924528297    0.5532688674002121
0.3561320754716981    0.5657574747137604
0.35707547169811327    0.6062865399577282
0.3580188679245283    0.5669356452151719
0.35896226415094334    0.5643436701122265
0.3599056603773585    0.5601022563076253
0.36084905660377364    0.5570390130043021
0.3617924528301887    0.5634011337113367
0.3627358490566037    0.5424296987884533
0.36367924528301887    0.5648149383127378
0.364622641509434    0.5721195954206623
0.36556603773584906    0.5725908636213083
0.3665094339622641    0.5775391797265417
0.36745283018867925    0.5796598866288424
0.3683962264150944    0.5617516950094147
0.36933962264150944    0.5912059575415072
0.3702830188679245    0.5671712793152941
0.3712264150943396    0.5480849171945883
0.3721698113207548    0.5525619650994452
0.3731132075471698    0.5626942314105696
0.37405660377358485    0.5619873291096703
0.375    0.5841369345336992
0.37594339622641515    0.5692919862175948
0.3768867924528302    0.5652862065133821
0.3778301886792452    0.5692919862175948
0.3787735849056604    0.559630988107114
0.3797169811320755    0.552090696898934
0.38066037735849056    0.5485561853952287
0.3816037735849056    0.5904990552406012
0.38254716981132075    0.538188284983852
0.3834905660377359    0.5558608425030239
0.38443396226415094    0.5596309881072458
0.385377358490566    0.563401133711204
0.38632075471698113    0.5518550627986782
0.3872641509433963    0.5876714460375336
0.3882075471698113    0.5716483272202856
0.38915094339622636    0.573533400022196
0.3900943396226415    0.5638724019117154
0.39103773584905666    0.5681138157163166
0.3919811320754717    0.5949761031455981
0.39292452830188673    0.5737690341224516
0.3938679245283019    0.5721195954206623
0.39481132075471703    0.577303545626286
0.39575471698113207    0.552797599199831
0.3966981132075471    0.5904990552406012
0.39764150943396226    0.5810736912303761
0.3985849056603774    0.5657574747137604
0.39952830188679245    0.5518550627988081
0.4004716981132075    0.5671712793152941
0.40141509433962264    0.5671712793152941
0.4023584905660378    0.5730621318216848
0.4033018867924528    0.5504412581972742
0.40424528301886786    0.5570390130043021
0.405188679245283    0.5589240858063471
0.40613207547169816    0.5744759364232186
0.4070754716981132    0.547613648994206
0.40801886792452824    0.5393664554851302
0.4089622641509434    0.5487918194953552
0.40990566037735854    0.5544470379014902
0.4108490566037736    0.564579304212615
0.4117924528301886    0.544550405690754
0.41273584905660377    0.5450216738912651
0.4136792452830189    0.5443147715904983
0.41462264150943395    0.5940335667445753
0.415566037735849    0.5586884517060916
0.41650943396226414    0.5707057908191285
0.4174528301886793    0.5770679115260304
0.41839622641509433    0.5487918194954844
0.41933962264150937    0.5537401356007233
0.4202830188679245    0.5527975991997008
0.42122641509433967    0.5589240858063471
0.4221698113207547    0.5589240858064787
0.42311320754716975    0.5535045015004678
0.4240566037735849    0.5461998443925433
0.42500000000000004    0.5377170167833407
0.4259433962264151    0.5374813826832117
0.4268867924528301    0.5457285761920321
0.42783018867924527    0.5332399688784838
0.4287735849056604    0.5584528176058359
0.42971698113207546    0.5657574747138935
0.4306603773584905    0.5365388462820626
0.43160377358490565    0.5396020895853857
0.4325471698113208    0.5292341891741381
0.43349056603773584    0.5582171835057116
0.4344339622641509    0.5363032121818069
0.435377358490566    0.553975769700979
0.4363207547169812    0.543843503389987
0.4372641509433962    0.5652862065133821
0.43820754716981125    0.5398377236856413
0.4391509433962264    0.5209869956651912
0.44009433962264155    0.5391308213848746
0.4410377358490566    0.5473780148939503
0.4419811320754716    0.5494987217961221
0.4429245283018868    0.5478492830943327
0.4438679245283019    0.5311192619761831
0.44481132075471697    0.5209869956653139
0.445754716981132    0.5214582638657025
0.44669811320754715    0.5546826720017458
0.4476415094339623    0.5216938979659581
0.44858490566037745    0.5506768922974001
0.4495283018867925    0.5530332333000866
0.45047169811320753    0.5443147715904983
0.4514150943396227    0.5579815494053246
0.45235849056603783    0.5195731910636575
0.45330188679245287    0.537952650883723
0.4542452830188679    0.5297054573746494
0.45518867924528306    0.5240502389685143
0.4561320754716982    0.5504412581971445
0.45707547169811324    0.5212226297655695
0.4580188679245283    0.5301767255751607
0.45896226415094343    0.5325330665777169
0.4599056603773586    0.5172168500611012
0.4608490566037736    0.5438435033901151
0.46179245283018866    0.5365388462820626
0.4627358490566038    0.5221651661664694
0.46367924528301896    0.5417227964876864
0.464622641509434    0.5311192619763082
0.46556603773584904    0.5490274535956108
0.4665094339622642    0.5433722351894757
0.46745283018867934    0.508498388351643
0.4683962264150944    0.5381882849839786
0.4693396226415094    0.5417227964876864
0.47028301886792456    0.5370101144825739
0.4712264150943397    0.541958430587942
0.47216981132075475    0.5049638768479274
0.4731132075471698    0.5221651661664694
0.47405660377358494    0.5169812159608456
0.4750000000000001    0.5393664554851302
0.4759433962264151    0.523107702567615
0.47688679245283017    0.5433722351894757
0.4778301886792453    0.5301767255751607
0.47877358490566047    0.5221651661664694
0.4797169811320755    0.5169812159609672
0.48066037735849054    0.5297054573746494
0.4816037735849057    0.5410158941869195
0.48254716981132084    0.5226364343669806
0.4834905660377359    0.49765921974000127
0.4844339622641509    0.5226364343669806
0.48537735849056607    0.528762920973627
0.4863207547169812    0.5096765588529211
0.48726415094339626    0.5337112370791206
0.4882075471698113    0.5264065799710707
0.48915094339622645    0.5146248749582893
0.4900943396226416    0.5330043347782282
0.49103773584905663    0.5162743136602003
0.49198113207547167    0.5238146048682587
0.4929245283018868    0.5080271201511317
0.49386792452830197    0.5294698232743937
0.494811320754717    0.5518550627988081
0.49575471698113205    0.5443147715904983
0.4966981132075472    0.5174524841613568
0.49764150943396235    0.5374813826830851
0.4985849056603774    0.5153317772591774
0.4995283018867924    0.5198088251639131
0.5004716981132076    0.514153606757778
0.5014150943396227    0.5299410914749051
0.5023584905660378    0.5221651661665923
0.5033018867924528    0.5315905301766944
0.504245283018868    0.5216938979659581
0.5051886792452831    0.5096765588529211
0.5061320754716981    0.5004868289430695
0.5070754716981132    0.5009580971434628
0.5080188679245283    0.5160386795598231
0.5089622641509435    0.5330043347782282
0.5099056603773585    0.5066133155497172
0.5108490566037736    0.5289985550738825
0.5117924528301887    0.511561631654966
0.5127358490566039    0.5101478270534323
0.5136792452830189    0.5176881182617343
0.5146226415094339    0.5148605090585449
0.5155660377358491    0.5299410914749051
0.5165094339622642    0.5219295320662136
0.5174528301886793    0.5233433366678707
0.5183962264150943    0.5099121929531767
0.5193396226415095    0.5117972657552218
0.5202830188679246    0.5353606757807845
0.5212264150943396    0.5615160609092912
0.5221698113207547    0.5297054573746494
0.5231132075471698    0.5327687006779726
0.524056603773585    0.5172168500611012
0.525    0.5019006335446036
0.5259433962264151    0.5391308213848746
0.5268867924528302    0.5365388462820626
0.5278301886792454    0.5073202178503649
0.5287735849056604    0.5077914860509956
0.5297169811320754    0.5198088251639131
0.5306603773584906    0.5188662887628905
0.5316037735849057    0.5365388462820626
0.5325471698113208    0.51792375236199
0.5334905660377358    0.5360675780815513
0.534433962264151    0.5454929420917763
0.5353773584905661    0.4997799266421848
0.5363207547169812    0.5228720684673593
0.5372641509433962    0.547613648994077
0.5382075471698113    0.5155674113593117
0.5391509433962265    0.5289985550738825
0.5400943396226415    0.5226364343671036
0.5410377358490566    0.5396020895853857
0.5419811320754717    0.5318261642769501
0.5429245283018869    0.5353606757807845
0.5438679245283019    0.5306479937757967
0.5448113207547169    0.5181593864621237
0.5457547169811321    0.5433722351894757
0.5466981132075472    0.5160386795598231
0.5476415094339623    0.5256996776704275
0.5485849056603773    0.5285272868733712
0.5495283018867925    0.5436078692897314
0.5504716981132076    0.5358319439812957
0.5514150943396227    0.5259353117706832
0.5523584905660377    0.5301767255751607
0.5533018867924528    0.5457285761920321
0.554245283018868    0.5334756029787394
0.555188679245283    0.5480849171947173
0.5561320754716981    0.5466711125930545
0.5570754716981132    0.5330043347782282
0.5580188679245284    0.541251528287175
0.5589622641509434    0.523107702567615
0.5599056603773584    0.5384239190841076
0.5608490566037736    0.5308836278759275
0.5617924528301887    0.5457285761920321
0.5627358490566038    0.5393664554852571
0.5636792452830188    0.5358319439812957
0.564622641509434    0.5252284094697925
0.5655660377358491    0.5249927753695369
0.5665094339622642    0.5480849171947173
0.5674528301886792    0.5513837945981671
0.5683962264150944    0.543843503389987
0.5693396226415095    0.5398377236856413
0.5702830188679245    0.5233433366678707
0.5712264150943396    0.5530332332999565
0.5721698113207547    0.5457285761920321
0.5731132075471699    0.541251528287175
0.5740566037735849    0.5384239190842343
0.575    0.5372457485828295
0.5759433962264151    0.5285272868733712
0.5768867924528303    0.5282916527731156
0.5778301886792453    0.5610447927087798
0.5787735849056603    0.5396020895853857
0.5797169811320755    0.5202800933644243
0.5806603773584906    0.517923752361868
0.5816037735849057    0.5195731910637797
0.5825471698113207    0.5282916527731156
0.5834905660377359    0.5273491163720931
0.584433962264151    0.52805601867286
0.585377358490566    0.5113259975548309
0.5863207547169811    0.5202800933644243
0.5872641509433962    0.5219295320662136
0.5882075471698114    0.5155674113593117
0.5891509433962264    0.5431366010893479
0.5900943396226415    0.5344181393797619
0.5910377358490566    0.5214582638657025
0.5919811320754718    0.5247571412692813
0.5929245283018868    0.5148605090586661
0.5938679245283018    0.5162743136600787
0.594811320754717    0.5150961431588005
0.5957547169811321    0.5299410914749051
0.5966981132075472    0.5150961431589218
0.5976415094339622    0.5282916527731156
0.5985849056603774    0.49836612204065106
0.5995283018867925    0.5094409247526656
0.6004716981132076    0.5146248749584105
0.6014150943396226    0.506613315549598
0.6023584905660377    0.5056707791485755
0.6033018867924529    0.5146248749582893
0.6042452830188679    0.49907302434153533
0.605188679245283    0.5059064132488311
0.6061320754716981    0.5205157274646799
0.6070754716981133    0.5040213404467861
0.6080188679245283    0.5075558519507399
0.6089622641509433    0.5040213404467861
0.6099056603773585    0.5172168500611012
0.6108490566037736    0.5158030454595675
0.6117924528301887    0.4915327331333535
0.6127358490566037    0.4839924419250578
0.6136792452830189    0.48517061242633586
0.614622641509434    0.5092052906524099
0.6155660377358491    0.4953028787374445
0.6165094339622641    0.4905901967322153
0.6174528301886792    0.5070845837501092
0.6183962264150944    0.4875269534288922
0.6193396226415094    0.49059019673233084
0.6202830188679245    0.48964766033119284
0.6212264150943396    0.48022229632096775
0.6221698113207548    0.4995442925419291
0.6231132075471698    0.5077914860509956
0.6240566037735849    0.48022229632096775
0.625    0.4816361009225015
0.6259433962264151    0.48682005112812526
0.6268867924528302    0.49247526953437626
0.6278301886792452    0.4981304879403954
0.6287735849056604    0.46985439590972017
0.6297169811320755    0.46867622540844206
0.6306603773584906    0.4910614649328421
0.6316037735849056    0.4917683672334935
0.6325471698113208    0.4700900300099758
0.6334905660377359    0.478808491719434
0.6344339622641509    0.4684405913082967
0.635377358490566    0.4755096143158552
0.6363207547169811    0.47221073691227644
0.6372641509433963    0.4894120262309372
0.6382075471698113    0.4632566411026716
0.6391509433962264    0.49153273313323786
0.6400943396226415    0.47268200511278763
0.6410377358490567    0.4898832944314485
0.6419811320754717    0.4752739802157115
0.6429245283018867    0.5035500722462748
0.6438679245283019    0.4938890741357941
0.644811320754717    0.4634922752028182
0.6457547169811321    0.47998666222082514
0.6466981132075471    0.47857285761917834
0.6476415094339623    0.4616072024007732
0.6485849056603774    0.47433144381457704
0.6495283018867924    0.4743314438146887
0.6504716981132075    0.46443481160384076
0.6514150943396226    0.4795153940202008
0.6523584905660378    0.4870556852283809
0.6533018867924528    0.483756807824916
0.6542452830188679    0.4936534400355384
0.655188679245283    0.49082583083247094
0.6561320754716982    0.47621651661662207
0.6570754716981132    0.48705568522849557
0.6580188679245282    0.4811648327219903
0.6589622641509434    0.4993086584416735
0.6599056603773585    0.4707969323107426
0.6608490566037736    0.4879982216295183
0.6617924528301886    0.4837568078248021
0.6627358490566038    0.4818717350227571
0.6636792452830189    0.47857285761917834
0.664622641509434    0.4828142714238932
0.665566037735849    0.4731532733132989
0.6665094339622641    0.4877625875291478
0.6674528301886793    0.5047282427475529
0.6683962264150943    0.4663198844059955
0.6693396226415094    0.4712682005112539
0.6702830188679245    0.4783372235189227
0.6712264150943397    0.5019006335444854
0.6721698113207547    0.4894120262310524
0.6731132075471697    0.49153273313323786
0.6740566037735849    0.4969523174391173
0.675    0.4717394687117652
0.6759433962264151    0.5103834611538081
0.6768867924528301    0.5061420473490866
0.6778301886792453    0.4842280760253134
0.6787735849056604    0.46891185950869757
0.6797169811320755    0.48517061242645004
0.6806603773584905    0.48682005112812526
0.6816037735849056    0.5056707791485755
0.6825471698113208    0.4811648327219903
0.6834905660377358    0.4948316105369331
0.6844339622641509    0.49506724463707225
0.685377358490566    0.5089696565521542
0.6863207547169812    0.48564188062684716
0.6872641509433962    0.4879982216295183
0.6882075471698113    0.4748027120150883
0.6891509433962264    0.4524174724908038
0.6900943396226416    0.48045793042122337
0.6910377358490567    0.4889407580304259
0.6919811320754717    0.4736245415139217
0.6929245283018868    0.49318217183502727
0.6938679245283019    0.4922396354340047
0.6948113207547171    0.4922396354340047
0.6957547169811321    0.47456707791494435
0.6966981132075472    0.47739468711790023
0.6976415094339623    0.47857285761917834
0.6985849056603775    0.4795153940202008
0.6995283018867925    0.4927109036346319
0.7004716981132075    0.48917639213068154
0.7014150943396227    0.4700900300099758
0.7023584905660378    0.482578637323524
0.7033018867924529    0.4806935645215922
0.7042452830188679    0.46914749360895325
0.7051886792452831    0.45312437479157064
0.7061320754716982    0.4715038346115095
0.7070754716981132    0.4658486162054841
0.7080188679245283    0.4639635434033295
0.7089622641509434    0.4455840835833906
0.7099056603773586    0.46702678670665265
0.7108490566037736    0.46396354340343865
0.7117924528301887    0.4594864954984726
0.7127358490566038    0.4755096143158552
0.713679245283019    0.4719751028120208
0.714622641509434    0.4557163498944898
0.715566037735849    0.4533600088918263
0.7165094339622642    0.45171057019003685
0.7174528301886793    0.4429921084805787
0.7183962264150944    0.4590152272980694
0.7193396226415094    0.44511281538287933
0.7202830188679246    0.44393464488160117
0.7212264150943397    0.4502967655885031
0.7221698113207548    0.4460553517840068
0.7231132075471698    0.44275647438032306
0.7240566037735849    0.44794042458594685
0.7250000000000001    0.43215293986881986
0.7259433962264151    0.4359230854730125
0.7268867924528302    0.42461264866063975
0.7278301886792453    0.43450928087137614
0.7287735849056605    0.45053239968875874
0.7297169811320755    0.4446415471824727
0.7306603773584905    0.44699788818492436
0.7316037735849057    0.4375725241746992
0.7325471698113208    0.43215293986881986
0.7334905660377359    0.4425208402801716
0.7344339622641509    0.4198999666555272
0.7353773584905661    0.42673335556294045
0.7363207547169812    0.44652661998441306
0.7372641509433963    0.44110703567863746
0.7382075471698113    0.43191730576856424
0.7391509433962264    0.4406357674780224
0.7400943396226416    0.41660108925194844
0.7410377358490566    0.42649772146278514
0.7419811320754717    0.4413426697787893
0.7429245283018868    0.421313771257061
0.743867924528302    0.4274402578637073
0.744811320754717    0.434038012670967
0.745754716981132    0.4540669111925932
0.7466981132075472    0.4455840835833906
0.7476415094339623    0.42414138046012856
0.7485849056603774    0.41565855285102377
0.7495283018867924    0.4375725241746992
0.7504716981132076    0.4533600088918263
0.7514150943396227    0.42908969656549667
0.7523584905660378    0.4300322329666204
0.7533018867924528    0.4187217961542491
0.754245283018868    0.42367011225961726
0.7551886792452831    0.43285984216958673
0.7561320754716981    0.39350894742698966
0.7570754716981132    0.4083538957430015
0.7580188679245283    0.43710125597418803
0.7589622641509435    0.43215293986881986
0.7599056603773585    0.4248482827609954
0.7608490566037736    0.40694009114146773
0.7617924528301887    0.42154940535731666
0.7627358490566039    0.43333111037009797
0.7636792452830189    0.42555518506176243
0.7646226415094339    0.42343447815936164
0.7655660377358491    0.4380437923752105
0.7665094339622642    0.42202067355782785
0.7674528301886793    0.4262620873625295
0.7683962264150943    0.4187217961542491
0.7693396226415095    0.4022274091363552
0.7702830188679246    0.4224919417583391
0.7712264150943396    0.4394575969768477
0.7721698113207547    0.42767589196396294
0.7731132075471698    0.4422852061798118
0.774056603773585    0.4100033344447909
0.775    0.41895743025460336
0.7759433962264151    0.4295609647660079
0.7768867924528302    0.4401644992775111
0.7778301886792454    0.435216183172143
0.7787735849056604    0.4276758919640636
0.7797169811320754    0.42885406246524105
0.7806603773584906    0.43710125597418803
0.7816037735849057    0.43238857396907543
0.7825471698113208    0.42531955096150675
0.7834905660377358    0.42791152606421856
0.784433962264151    0.4396932310769999
0.7853773584905661    0.41683672335220406
0.7863207547169812    0.42013560075588174
0.7872641509433962    0.4151872846504147
0.7882075471698113    0.4083538957430015
0.7891509433962265    0.42791152606421856
0.7900943396226415    0.42531955096150675
0.7910377358490566    0.4227275758585948
0.7919811320754717    0.4330954762698423
0.7929245283018869    0.43662998777367673
0.7938679245283019    0.42249194175843857
0.7948113207547169    0.43403801267086484
0.7957547169811321    0.423198844059106
0.7966981132075472    0.4163654551516928
0.7976415094339623    0.4274402578638079
0.7985849056603773    0.44275647438032306
0.7995283018867925    0.4307391352672861
0.8004716981132076    0.4248482827608954
0.8014150943396227    0.42814716016457494
0.8023584905660377    0.4455840835833906
0.8033018867924528    0.4095320662442796
0.804245283018868    0.41448038234964785
0.805188679245283    0.41754362565306924
0.8061320754716981    0.4255551850616623
0.8070754716981132    0.41165277314658033
0.8080188679245284    0.4227275758585948
0.8089622641509434    0.41235967544744423
0.8099056603773584    0.43450928087137614
0.8108490566037736    0.43827942647546614
0.8117924528301887    0.42673335556294045
0.8127358490566038    0.4234344781594613
0.8136792452830188    0.44699788818492436
0.814622641509434    0.42107813715680537
0.8155660377358491    0.43851506057572176
0.8165094339622642    0.4502967655886091
0.8174528301886792    0.4406357674780224
0.8183962264150944    0.4590152272979613
0.8193396226415095    0.4354518172723986
0.8202830188679245    0.4583083249973023
0.8212264150943396    0.44817605868620247
0.8221698113207547    0.46561298210511887
0.8231132075471699    0.4568945203956607
0.8240566037735849    0.46019339779934776
0.825    0.4380437923752105
0.8259433962264151    0.4519462042902925
0.8268867924528303    0.4564232521951494
0.8278301886792453    0.4667911526065069
0.8287735849056603    0.4455840835833906
0.8297169811320755    0.4524174724908038
0.8306603773584906    0.47268200511278763
0.8316037735849057    0.4731532733134103
0.8325471698113207    0.4839924419250578
0.8334905660377359    0.4943603423363053
0.834433962264151    0.4757452484161109
0.835377358490566    0.5026075358453705
0.8363207547169811    0.4936534400355384
0.8372641509433962    0.47904412581968964
0.8382075471698114    0.4795153940202008
0.8391509433962264    0.5007224630433251
0.8400943396226415    0.4988373902411623
0.8410377358490566    0.49836612204065106
0.8419811320754718    0.5089696565521542
0.8429245283018868    0.5129754362566207
0.8438679245283018    0.512268533955733
0.844811320754717    0.512268533955733
0.8457547169811321    0.511561631654966
0.8466981132075472    0.5200444592642911
0.8476415094339622    0.5457285761920321
0.8485849056603774    0.5348894075802731
0.8495283018867925    0.5544470379014902
0.8504716981132076    0.5363032121819332
0.8514150943396226    0.541251528287175
0.8523584905660377    0.5424296987884533
0.8533018867924529    0.5367744803823182
0.8542452830188679    0.5447860397911377
0.855188679245283    0.5452573079915207
0.8561320754716981    0.5511481604979115
0.8570754716981133    0.5589240858063471
0.8580188679245283    0.558688451706223
0.8589622641509433    0.5447860397910095
0.8599056603773585    0.553975769700979
0.8608490566037736    0.5523263309991896
0.8617924528301887    0.5770679115261662
0.8627358490566037    0.5775391797265417
0.8636792452830189    0.5584528176058359
0.864622641509434    0.5909703234411123
0.8655660377358491    0.5846082027343481
0.8665094339622641    0.5643436701122265
0.8674528301886792    0.5718839613204066
0.8683962264150944    0.5775391797265417
0.8693396226415094    0.5704701567190071
0.8702830188679245    0.5801311548293535
0.8712264150943396    0.5789529843280754
0.8721698113207548    0.5756541069244967
0.8731132075471698    0.5704701567190071
0.8740566037735849    0.5777748138267973
0.875    0.5718839613204066
0.8759433962264151    0.5824874958319098
0.8768867924528302    0.5608091586085242
0.8778301886792452    0.5732977659219404
0.8787735849056604    0.5558608425030239
0.8797169811320755    0.560337890407881
0.8806603773584906    0.5676425475159389
0.8816037735849056    0.5589240858063471
0.8825471698113208    0.571648327220151
0.8834905660377359    0.5108547293541993
0.8844339622641509    0.5445504056908821
0.885377358490566    0.5311192619761831
0.8863207547169811    0.5285272868733712
0.8872641509433963    0.5087340224518986
0.8882075471698113    0.5059064132489501
0.8891509433962264    0.49671668333886165
0.8900943396226415    0.5033144381460192
0.8910377358490567    0.4839924419250578
0.8919811320754717    0.4887051239302853
0.8929245283018867    0.47904412581968964
0.8938679245283019    0.47904412581968964
0.894811320754717    0.45783705679668313
0.8957547169811321    0.44134266977889314
0.8966981132075471    0.41942869845501596
0.8976415094339623    0.42979659886626354
0.8985849056603774    0.3996354340335433
0.8995283018867924    0.38054907191292714
0.9004716981132075    0.36970990330107867
0.9014150943396226    0.36523285539622175
0.9023584905660378    0.34685339557628286
0.9033018867924528    0.34402578637329634
0.9042452830188679    0.3030254529287363
0.905188679245283    0.312686451039217
0.9061320754716982    0.3023185506279694
0.9070754716981132    0.2900655774147451
0.9080188679245282    0.2622607535845128
0.9089622641509434    0.24953651217070894
0.9099056603773585    0.24411692786482955
0.9108490566037736    0.22573746804494377
0.9117924528301886    0.21843281093696618
0.9127358490566038    0.21631210403466555
0.9136792452830189    0.19534066911191475
0.914622641509434    0.1819095253973868
0.915566037735849    0.1651795042791945
0.9165094339622641    0.1574035789707588
0.9174528301886793    0.15363343336666876
0.9183962264150943    0.13973102145161967
0.9193396226415094    0.13784594864954178
0.9202830188679245    0.12111592753139226
0.9212264150943397    0.13925975325107554
0.9221698113207547    0.10933422251863663
0.9231132075471697    0.10815605201733278
0.9240566037735849    0.09425364010225078
0.925    0.09755251750582956
0.9259433962264151    0.08671334889409113
0.9268867924528301    0.0838857396910032
0.9278301886792453    0.06880515727464306
0.9287735849056604    0.06880515727464306
0.9297169811320755    0.06385684116928993
0.9306603773584905    0.05678781816160609
0.9316037735849056    0.047833722351892274
0.9325471698113208    0.04264977214626848
0.933490566037736    0.04029343114371221
0.934433962264151    0.03369567633656259
0.935377358490566    0.02639101922863022
0.9363207547169812    0.01932199622096141
0.9372641509433963    0.020264532621983918
0.9382075471698114    0.011310436812272756
0.9391509433962264    0.011074802712014468
0.9400943396226416    0.010367900411247586
0.9410377358490567    0.005655218406135047
0.9419811320754717    0.004477047904857966
0.9429245283018868    0.0025919751028118964
0.9438679245283019    0.0023563410025562695
0.9448113207547171    0.0023563410025562695
0.9457547169811321    0.001649438701789777
0.9466981132075472    0.0009425364010225078
0.9476415094339623    0.0004712682005112539
0.9485849056603775    0.0004712682005112539
0.9495283018867925    0.00023563410025568242
0.9504716981132075    0.0004712682005112539
0.9514150943396227    0.0
0.9523584905660378    0.00023563410025562696
0.9533018867924529    0.0
0.9542452830188679    0.0
0.9551886792452831    0.0
0.9561320754716982    0.0
0.9570754716981132    0.0
0.9580188679245283    0.0
0.9589622641509434    0.0
0.9599056603773586    0.0
0.9608490566037736    0.0
0.9617924528301887    0.0
0.9627358490566038    0.0
0.963679245283019    0.0
0.964622641509434    0.0
0.965566037735849    0.0
0.9665094339622642    0.0
0.9674528301886793    0.0
0.9683962264150944    0.0
0.9693396226415094    0.0
0.9702830188679246    0.0
0.9712264150943397    0.0
0.9721698113207548    0.0
0.9731132075471698    0.0
0.9740566037735849    0.0
0.9750000000000001    0.0
0.9759433962264151    0.0
0.9768867924528302    0.0
0.9778301886792453    0.0
0.9787735849056605    0.0
0.9797169811320755    0.0
0.9806603773584905    0.0
0.9816037735849057    0.0
0.9825471698113208    0.0
0.9834905660377359    0.0
0.9844339622641509    0.0
0.9853773584905661    0.0
0.9863207547169812    0.0
0.9872641509433963    0.0
0.9882075471698113    0.0
0.9891509433962264    0.0
0.9900943396226416    0.0
0.9910377358490566    0.0
0.9919811320754717    0.0
0.9929245283018868    0.0
0.993867924528302    0.0
0.994811320754717    0.0
0.995754716981132    0.0
0.9966981132075472    0.0
0.9976415094339623    0.0
0.9985849056603774    0.0
0.9995283018867924    0.0