-0.9995283018867924    0.0
-0.9985849056603773    0.0
-0.9976415094339622    0.0
-0.9966981132075472    0.0
-0.995754716981132    0.0
-0.9948113207547169    0.0
-0.9938679245283019    0.0
-0.9929245283018868    0.0
-0.9919811320754717    0.0
-0.9910377358490565    0.0
-0.9900943396226415    0.0
-0.9891509433962264    0.0
-0.9882075471698113    0.0
-0.9872641509433961    0.0
-0.9863207547169811    0.0
-0.9853773584905661    0.0
-0.9844339622641509    0.0
-0.9834905660377358    0.0
-0.9825471698113207    0.0
-0.9816037735849057    0.0
-0.9806603773584905    0.0
-0.9797169811320754    0.0
-0.9787735849056604    0.0
-0.9778301886792453    0.0
-0.9768867924528302    0.0
-0.975943396226415    0.0
-0.975    0.0
-0.9740566037735849    0.0
-0.9731132075471698    0.0
-0.9721698113207546    0.0
-0.9712264150943396    0.0
-0.9702830188679246    0.0
-0.9693396226415094    0.0
-0.9683962264150943    0.0
-0.9674528301886792    0.0
-0.9665094339622642    0.0
-0.965566037735849    0.0
-0.9646226415094339    0.0
-0.9636792452830188    0.0
-0.9627358490566038    0.0
-0.9617924528301887    0.0
-0.9608490566037735    0.0
-0.9599056603773585    0.0
-0.9589622641509434    0.0
-0.9580188679245283    0.0
-0.9570754716981131    0.0
-0.9561320754716981    0.0
-0.9551886792452831    0.0
-0.9542452830188679    0.0
-0.9533018867924528    0.0
-0.9523584905660377    0.0
-0.9514150943396227    0.0
-0.9504716981132075    0.0
-0.9495283018867924    0.0
-0.9485849056603773    0.0
-0.9476415094339623    0.0
-0.9466981132075472    0.0
-0.945754716981132    0.0
-0.944811320754717    0.0
-0.9438679245283019    0.0
-0.9429245283018868    0.0
-0.9419811320754716    0.0
-0.9410377358490566    0.0
-0.9400943396226416    0.0
-0.9391509433962264    0.0
-0.9382075471698113    0.0
-0.9372641509433962    0.0
-0.9363207547169812    0.0
-0.935377358490566    0.0
-0.9344339622641509    0.0
-0.9334905660377358    0.0
-0.9325471698113208    0.0
-0.9316037735849056    0.0
-0.9306603773584905    0.0
-0.9297169811320755    0.0
-0.9287735849056604    0.0
-0.9278301886792453    0.0
-0.9268867924528301    0.0
-0.9259433962264151    0.0
-0.925    0.0
-0.9240566037735849    0.0
-0.9231132075471697    0.0
-0.9221698113207547    0.0
-0.9212264150943397    0.0
-0.9202830188679245    0.0
-0.9193396226415094    0.0
-0.9183962264150943    0.0
-0.9174528301886793    0.0
-0.9165094339622641    0.0
-0.915566037735849    0.0
-0.914622641509434    0.0
-0.9136792452830189    0.0
-0.9127358490566038    0.0
-0.9117924528301886    0.0
-0.9108490566037736    0.0
-0.9099056603773585    0.0
-0.9089622641509434    0.0
-0.9080188679245282    0.0
-0.9070754716981132    0.0
-0.9061320754716982    0.0
-0.905188679245283    0.0
-0.9042452830188679    0.0
-0.9033018867924528    0.0
-0.9023584905660378    0.0
-0.9014150943396226    0.0
-0.9004716981132075    0.0
-0.8995283018867924    0.0
-0.8985849056603774    0.0
-0.8976415094339623    0.0
-0.8966981132075471    0.0
-0.8957547169811321    0.0
-0.894811320754717    0.0
-0.8938679245283019    0.0
-0.8929245283018867    0.0
-0.8919811320754717    0.0
-0.8910377358490567    0.0
-0.8900943396226415    0.0
-0.8891509433962264    0.0
-0.8882075471698113    0.0
-0.8872641509433963    0.0
-0.8863207547169811    0.0
-0.885377358490566    0.0
-0.8844339622641509    0.0
-0.8834905660377359    0.0
-0.8825471698113208    0.0
-0.8816037735849056    0.0
-0.8806603773584906    0.0
-0.8797169811320755    0.0
-0.8787735849056604    0.0
-0.8778301886792452    0.0
-0.8768867924528302    0.0
-0.8759433962264151    0.0
-0.875    0.0
-0.8740566037735849    0.0
-0.8731132075471698    0.0
-0.8721698113207548    0.0
-0.8712264150943396    0.0
-0.8702830188679245    0.0
-0.8693396226415094    0.0
-0.8683962264150944    0.0
-0.8674528301886792    0.0
-0.8665094339622641    0.0
-0.8655660377358491    0.0
-0.864622641509434    0.0
-0.8636792452830189    0.0
-0.8627358490566037    0.0
-0.8617924528301887    0.0
-0.8608490566037736    0.0
-0.8599056603773585    0.0
-0.8589622641509433    0.0
-0.8580188679245283    0.0
-0.8570754716981133    0.0
-0.8561320754716981    0.0
-0.855188679245283    0.0
-0.8542452830188679    0.0
-0.8533018867924529    0.0
-0.8523584905660377    0.0
-0.8514150943396226    0.0
-0.8504716981132076    0.0
-0.8495283018867925    0.0
-0.8485849056603774    0.0
-0.8476415094339622    0.0
-0.8466981132075472    0.0
-0.8457547169811321    0.0
-0.844811320754717    0.0
-0.8438679245283018    0.0
-0.8429245283018868    0.0
-0.8419811320754718    0.0
-0.8410377358490566    0.0
-0.8400943396226415    0.0
-0.8391509433962264    0.0
-0.8382075471698114    0.0
-0.8372641509433962    0.0
-0.8363207547169811    0.0
-0.835377358490566    0.0
-0.834433962264151    0.0
-0.8334905660377359    0.0
-0.8325471698113207    0.0
-0.8316037735849057    0.0
-0.8306603773584906    0.0
-0.8297169811320755    0.0
-0.8287735849056603    0.0
-0.8278301886792453    0.0
-0.8268867924528303    0.0
-0.8259433962264151    0.0
-0.825    0.0
-0.8240566037735849    0.0
-0.8231132075471699    0.0
-0.8221698113207547    0.0
-0.8212264150943396    0.0
-0.8202830188679245    0.0
-0.8193396226415095    0.0
-0.8183962264150944    0.0
-0.8174528301886792    0.0
-0.816509433962264    0.0
-0.8155660377358491    0.0
-0.814622641509434    0.0
-0.8136792452830188    0.0
-0.8127358490566037    0.0
-0.8117924528301887    0.0
-0.8108490566037736    0.0
-0.8099056603773584    0.0
-0.8089622641509433    0.0
-0.8080188679245284    0.0
-0.8070754716981132    0.0
-0.8061320754716981    0.0
-0.8051886792452829    0.0
-0.804245283018868    0.0
-0.8033018867924528    0.0
-0.8023584905660377    0.0
-0.8014150943396225    0.0
-0.8004716981132076    0.0
-0.7995283018867925    0.0
-0.7985849056603773    0.0
-0.7976415094339622    0.0
-0.7966981132075472    0.0
-0.7957547169811321    0.0
-0.7948113207547169    0.0
-0.7938679245283018    0.0
-0.7929245283018869    0.0
-0.7919811320754717    0.0
-0.7910377358490566    0.0
-0.7900943396226414    0.0
-0.7891509433962265    0.0
-0.7882075471698113    0.0
-0.7872641509433962    0.0
-0.786320754716981    0.0
-0.7853773584905661    0.0
-0.784433962264151    0.0
-0.7834905660377358    0.0
-0.7825471698113207    0.0
-0.7816037735849057    0.0
-0.7806603773584906    0.0
-0.7797169811320754    0.0
-0.7787735849056603    0.0
-0.7778301886792454    0.0
-0.7768867924528302    0.0
-0.7759433962264151    0.0
-0.7749999999999999    0.0
-0.774056603773585    0.0
-0.7731132075471698    0.0
-0.7721698113207547    0.0
-0.7712264150943395    0.0
-0.7702830188679246    0.0
-0.7693396226415095    0.0
-0.7683962264150943    0.0
-0.7674528301886792    0.0
-0.7665094339622642    0.0
-0.7655660377358491    0.0
-0.7646226415094339    0.0
-0.7636792452830188    0.0
-0.7627358490566039    0.0
-0.7617924528301887    0.0
-0.7608490566037736    0.0
-0.7599056603773584    0.0
-0.7589622641509435    0.0
-0.7580188679245283    0.0
-0.7570754716981132    0.0
-0.756132075471698    0.0
-0.7551886792452831    0.0
-0.754245283018868    0.0
-0.7533018867924528    0.0
-0.7523584905660377    0.0
-0.7514150943396227    0.0
-0.7504716981132076    0.0
-0.7495283018867924    0.0
-0.7485849056603773    0.0
-0.7476415094339623    0.0
-0.7466981132075472    0.0
-0.745754716981132    0.0
-0.7448113207547169    0.0
-0.743867924528302    0.0
-0.7429245283018868    0.0
-0.7419811320754717    0.0
-0.7410377358490565    0.0
-0.7400943396226416    0.0
-0.7391509433962264    0.0
-0.7382075471698113    0.0
-0.7372641509433961    0.0
-0.7363207547169812    0.0
-0.7353773584905661    0.0
-0.7344339622641509    0.0
-0.7334905660377358    0.0
-0.7325471698113208    0.0
-0.7316037735849057    0.0
-0.7306603773584905    0.0
-0.7297169811320754    0.0
-0.7287735849056605    0.0
-0.7278301886792453    0.0
-0.7268867924528302    0.0
-0.725943396226415    0.0
-0.7250000000000001    0.0
-0.7240566037735849    0.0
-0.7231132075471698    0.0
-0.7221698113207546    0.0
-0.7212264150943397    0.0
-0.7202830188679246    0.0
-0.7193396226415094    0.0
-0.7183962264150943    0.0
-0.7174528301886793    0.0
-0.7165094339622642    0.0
-0.715566037735849    0.0
-0.7146226415094339    0.0
-0.713679245283019    0.0
-0.7127358490566038    0.0
-0.7117924528301887    0.0
-0.7108490566037735    0.0
-0.7099056603773586    0.0
-0.7089622641509434    0.0
-0.7080188679245283    0.0
-0.7070754716981131    0.0
-0.7061320754716982    0.0
-0.7051886792452831    0.0
-0.7042452830188679    0.0
-0.7033018867924528    0.0
-0.7023584905660378    0.0
-0.7014150943396227    0.0
-0.7004716981132075    0.0
-0.6995283018867924    0.0
-0.6985849056603775    0.0
-0.6976415094339623    0.0
-0.6966981132075472    0.0
-0.695754716981132    0.0
-0.6948113207547171    0.0
-0.6938679245283019    0.0
-0.6929245283018868    0.0
-0.6919811320754716    0.0
-0.6910377358490567    0.0
-0.6900943396226416    0.0
-0.6891509433962264    0.0
-0.6882075471698113    0.0
-0.6872641509433963    0.0
-0.6863207547169812    0.0
-0.685377358490566    0.0
-0.6844339622641509    0.0
-0.683490566037736    0.0
-0.6825471698113208    0.0
-0.6816037735849056    0.0
-0.6806603773584905    0.0
-0.6797169811320756    0.0
-0.6787735849056604    0.0
-0.6778301886792453    0.0
-0.6768867924528301    0.0
-0.6759433962264152    0.0
-0.675    0.0
-0.6740566037735849    0.0
-0.6731132075471697    0.0
-0.6721698113207548    0.0
-0.6712264150943397    0.0
-0.6702830188679245    0.0
-0.6693396226415094    0.0
-0.6683962264150944    0.0
-0.6674528301886793    0.0
-0.6665094339622641    0.0
-0.665566037735849    0.0
-0.6646226415094341    0.0
-0.6636792452830189    0.0
-0.6627358490566038    0.0
-0.6617924528301886    0.0
-0.6608490566037737    0.0
-0.6599056603773585    0.0
-0.6589622641509434    0.0
-0.6580188679245282    0.0
-0.6570754716981133    0.0
-0.6561320754716982    0.0
-0.655188679245283    0.0
-0.6542452830188679    0.0
-0.6533018867924529    0.0
-0.6523584905660378    0.0
-0.6514150943396226    0.0
-0.6504716981132075    0.0
-0.6495283018867926    0.0
-0.6485849056603774    0.0
-0.6476415094339623    0.0
-0.6466981132075471    0.0
-0.6457547169811322    0.0
-0.644811320754717    0.0
-0.6438679245283019    0.0
-0.6429245283018867    0.0
-0.6419811320754718    0.0
-0.6410377358490567    0.0
-0.6400943396226415    0.0
-0.6391509433962264    0.0
-0.6382075471698113    0.0
-0.6372641509433963    0.0
-0.6363207547169811    0.0
-0.635377358490566    0.0
-0.6344339622641508    0.0
-0.6334905660377359    0.0
-0.6325471698113208    0.0
-0.6316037735849056    0.0
-0.6306603773584905    0.0
-0.6297169811320755    0.0
-0.6287735849056604    0.0
-0.6278301886792452    0.0
-0.6268867924528301    0.0
-0.6259433962264151    0.0
-0.625    0.0
-0.6240566037735849    0.0
-0.6231132075471697    0.0
-0.6221698113207548    0.0
-0.6212264150943396    0.0
-0.6202830188679245    0.0
-0.6193396226415093    0.0
-0.6183962264150944    0.0
-0.6174528301886792    0.0
-0.6165094339622641    0.0
-0.615566037735849    0.0
-0.614622641509434    0.0
-0.6136792452830189    0.0
-0.6127358490566037    0.0
-0.6117924528301886    0.0
-0.6108490566037736    0.0
-0.6099056603773585    0.0
-0.6089622641509433    0.0
-0.6080188679245282    0.0
-0.6070754716981133    0.0
-0.6061320754716981    0.0
-0.605188679245283    0.0
-0.6042452830188678    0.0
-0.6033018867924529    0.0
-0.6023584905660377    0.0
-0.6014150943396226    0.0
-0.6004716981132074    0.0
-0.5995283018867925    0.0
-0.5985849056603774    0.0
-0.5976415094339622    0.0
-0.5966981132075471    0.0
-0.5957547169811321    0.0
-0.594811320754717    0.0
-0.5938679245283018    0.0
-0.5929245283018867    0.0
-0.5919811320754718    0.0
-0.5910377358490566    0.0
-0.5900943396226415    0.0
-0.5891509433962263    0.0
-0.5882075471698114    0.0
-0.5872641509433962    0.0
-0.5863207547169811    0.0
-0.5853773584905659    0.0
-0.584433962264151    0.0
-0.5834905660377359    0.0
-0.5825471698113207    0.0
-0.5816037735849056    0.0
-0.5806603773584906    0.0
-0.5797169811320755    0.0
-0.5787735849056603    0.0
-0.5778301886792452    0.0
-0.5768867924528303    0.0
-0.5759433962264151    0.0
-0.575    0.0
-0.5740566037735848    0.0
-0.5731132075471699    0.0
-0.5721698113207547    0.0
-0.5712264150943396    0.0
-0.5702830188679244    0.0
-0.5693396226415095    0.0
-0.5683962264150944    0.0
-0.5674528301886792    0.0
-0.566509433962264    0.0
-0.5655660377358491    0.0
-0.564622641509434    0.0
-0.5636792452830188    0.0
-0.5627358490566037    0.0
-0.5617924528301887    0.0
-0.5608490566037736    0.0
-0.5599056603773584    0.0
-0.5589622641509433    0.0
-0.5580188679245284    0.0
-0.5570754716981132    0.0
-0.5561320754716981    0.0
-0.5551886792452829    0.0
-0.554245283018868    0.0
-0.5533018867924528    0.0
-0.5523584905660377    0.0
-0.5514150943396225    0.0
-0.5504716981132076    0.0
-0.5495283018867925    0.0
-0.5485849056603773    0.0
-0.5476415094339622    0.0
-0.5466981132075472    0.0
-0.5457547169811321    0.0
-0.5448113207547169    0.0
-0.5438679245283018    0.0
-0.5429245283018869    0.0
-0.5419811320754717    0.0
-0.5410377358490566    0.0
-0.5400943396226414    0.0
-0.5391509433962265    0.0
-0.5382075471698113    0.0
-0.5372641509433962    0.0
-0.536320754716981    0.0
-0.5353773584905661    0.0
-0.534433962264151    0.0
-0.5334905660377358    0.0
-0.5325471698113207    0.0
-0.5316037735849057    0.0
-0.5306603773584906    0.0
-0.5297169811320754    0.0
-0.5287735849056603    0.0
-0.5278301886792454    0.0
-0.5268867924528302    0.0
-0.5259433962264151    0.0
-0.5249999999999999    0.0
-0.524056603773585    0.0
-0.5231132075471698    0.0
-0.5221698113207547    0.0
-0.5212264150943395    0.0
-0.5202830188679246    0.0
-0.5193396226415095    0.0
-0.5183962264150943    0.0
-0.5174528301886792    0.0
-0.5165094339622642    0.0
-0.5155660377358491    0.0
-0.5146226415094339    0.0
-0.5136792452830188    0.0
-0.5127358490566039    0.0
-0.5117924528301887    0.0
-0.5108490566037736    0.0
-0.5099056603773584    0.0
-0.5089622641509435    0.0
-0.5080188679245283    0.0
-0.5070754716981132    0.0
-0.506132075471698    0.0
-0.5051886792452831    0.0
-0.504245283018868    0.0
-0.5033018867924528    0.0
-0.5023584905660377    0.0
-0.5014150943396227    0.0
-0.5004716981132076    0.0
-0.4995283018867924    0.0
-0.49858490566037733    0.0
-0.49764150943396224    0.0
-0.49669811320754714    0.0
-0.49575471698113205    0.0
-0.49481132075471695    0.0
-0.49386792452830186    0.0
-0.49292452830188677    0.0
-0.49198113207547167    0.0
-0.4910377358490566    0.0
-0.4900943396226415    0.0
-0.4891509433962264    0.0
-0.4882075471698113    0.0
-0.4872641509433962    0.0
-0.4863207547169811    0.0
-0.485377358490566    0.0
-0.4844339622641509    0.0
-0.4834905660377358    0.0
-0.48254716981132073    0.0
-0.48160377358490564    0.0
-0.48066037735849054    0.0
-0.47971698113207545    0.0
-0.47877358490566035    0.0
-0.47783018867924526    0.0
-0.47688679245283017    0.0
-0.47594339622641507    0.0
-0.475    0.0
-0.4740566037735849    0.0
-0.4731132075471698    0.0
-0.4721698113207547    0.0
-0.4712264150943396    0.0
-0.4702830188679245    0.0
-0.4693396226415094    0.0
-0.4683962264150943    0.0
-0.4674528301886792    0.0
-0.46650943396226413    0.0
-0.46556603773584904    0.0
-0.46462264150943394    0.0
-0.46367924528301885    0.0
-0.46273584905660375    0.0
-0.46179245283018866    0.0
-0.46084905660377357    0.0
-0.45990566037735847    0.0
-0.4589622641509434    0.0
-0.4580188679245283    0.0
-0.4570754716981132    0.0
-0.4561320754716981    0.0
-0.455188679245283    0.0
-0.4542452830188679    0.0
-0.4533018867924528    0.0
-0.4523584905660377    0.0
-0.4514150943396226    0.0
-0.45047169811320753    0.0
-0.44952830188679244    0.0
-0.44858490566037734    0.0
-0.44764150943396225    0.0
-0.44669811320754715    0.0
-0.44575471698113206    0.0
-0.44481132075471697    0.0
-0.44386792452830187    0.0
-0.4429245283018868    0.0
-0.4419811320754717    0.0
-0.4410377358490566    0.0
-0.4400943396226415    0.0
-0.4391509433962264    0.0
-0.4382075471698113    0.0
-0.4372641509433962    0.0
-0.4363207547169811    0.0
-0.435377358490566    0.0
-0.43443396226415093    0.0
-0.43349056603773584    0.0
-0.43254716981132074    0.0
-0.43160377358490565    0.0
-0.43066037735849055    0.0
-0.42971698113207546    0.0
-0.42877358490566037    0.0
-0.42783018867924527    0.0
-0.4268867924528302    0.0
-0.4259433962264151    0.0
-0.425    0.0
-0.4240566037735849    0.0
-0.4231132075471698    0.0
-0.4221698113207547    0.0
-0.4212264150943396    0.0
-0.4202830188679245    0.0
-0.4193396226415094    0.0
-0.41839622641509433    0.0
-0.41745283018867924    0.0
-0.41650943396226414    0.0
-0.41556603773584905    0.0
-0.41462264150943395    0.0
-0.41367924528301886    0.0
-0.41273584905660377    0.0
-0.41179245283018867    0.0
-0.4108490566037736    0.0
-0.4099056603773585    0.0
-0.4089622641509434    0.0
-0.4080188679245283    0.0
-0.4070754716981132    0.0
-0.4061320754716981    0.0
-0.405188679245283    0.0
-0.4042452830188679    0.0
-0.4033018867924528    0.0
-0.40235849056603773    0.0
-0.40141509433962264    0.0
-0.40047169811320754    0.0
-0.39952830188679245    0.0
-0.39858490566037735    0.0
-0.39764150943396226    0.0
-0.39669811320754716    0.0
-0.39575471698113207    0.0
-0.394811320754717    0.0
-0.3938679245283019    0.0
-0.3929245283018868    0.0
-0.3919811320754717    0.0
-0.3910377358490566    0.0
-0.3900943396226415    0.0
-0.3891509433962264    0.0
-0.3882075471698113    0.0
-0.3872641509433962    0.0
-0.38632075471698113    0.0
-0.38537735849056604    0.00023563410025565466
-0.38443396226415094    0.0
-0.38349056603773585    0.0
-0.38254716981132075    0.0
-0.38160377358490566    0.0
-0.38066037735849056    0.00023563410025562696
-0.37971698113207547    0.0
-0.3787735849056604    0.0
-0.3778301886792453    0.0
-0.3768867924528302    0.0
-0.3759433962264151    0.0
-0.375    0.0
-0.3740566037735849    0.0
-0.3731132075471698    0.0
-0.3721698113207547    0.0
-0.3712264150943396    0.0
-0.37028301886792453    0.0
-0.36933962264150944    0.0
-0.36839622641509434    0.0
-0.36745283018867925    0.00023563410025562696
-0.36650943396226415    0.00023563410025565466
-0.36556603773584906    0.0
-0.36462264150943396    0.0
-0.36367924528301887    0.00023563410025562696
-0.3627358490566038    0.0
-0.3617924528301887    0.0
-0.3608490566037736    0.0
-0.3599056603773585    0.00023563410025562696
-0.3589622641509434    0.0
-0.3580188679245283    0.0
-0.3570754716981132    0.0
-0.3561320754716981    0.0
-0.355188679245283    0.0
-0.35424528301886793    0.00023563410025562696
-0.35330188679245284    0.0
-0.35235849056603774    0.00023563410025562696
-0.35141509433962265    0.0
-0.35047169811320755    0.0
-0.34952830188679246    0.00023563410025565466
-0.34858490566037736    0.00023563410025562696
-0.34764150943396227    0.0
-0.3466981132075472    0.0
-0.3457547169811321    0.0
-0.344811320754717    0.0004712682005112539
-0.3438679245283019    0.0
-0.3429245283018868    0.0
-0.3419811320754717    0.00023563410025565466
-0.3410377358490566    0.00023563410025562696
-0.3400943396226415    0.0
-0.3391509433962264    0.0
-0.33820754716981133    0.0
-0.33726415094339623    0.00023563410025562696
-0.33632075471698114    0.0
-0.33537735849056605    0.0004712682005112539
-0.33443396226415095    0.00023563410025565466
-0.33349056603773586    0.0007069023007668808
-0.33254716981132076    0.0
-0.33160377358490567    0.0004712682005112539
-0.3306603773584906    0.0
-0.3297169811320755    0.0007069023007668808
-0.3287735849056604    0.0
-0.3278301886792453    0.0
-0.3268867924528302    0.00023563410025565466
-0.3259433962264151    0.0004712682005112539
-0.325    0.00023563410025565466
-0.3240566037735849    0.00023563410025562696
-0.3231132075471698    0.0004712682005113093
-0.32216981132075473    0.0007069023007668808
-0.32122641509433963    0.0
-0.32028301886792454    0.00023563410025562696
-0.31933962264150945    0.0
-0.31839622641509435    0.0004712682005112539
-0.31745283018867926    0.0007069023007669641
-0.31650943396226416    0.0
-0.31556603773584907    0.0009425364010226187
-0.314622641509434    0.0007069023007668808
-0.3136792452830189    0.0004712682005113093
-0.3127358490566038    0.0007069023007668808
-0.3117924528301887    0.00023563410025565466
-0.3108490566037736    0.0009425364010225078
-0.3099056603773585    0.0011781705012782733
-0.3089622641509434    0.0
-0.3080188679245283    0.0004712682005113093
-0.3070754716981132    0.0007069023007668808
-0.30613207547169813    0.0016494387017895829
-0.30518867924528303    0.0007069023007668808
-0.30424528301886794    0.0
-0.30330188679245285    0.0009425364010225078
-0.30235849056603775    0.0018850728020452373
-0.30141509433962266    0.0014138046015337617
-0.30047169811320756    0.0011781705012782733
-0.29952830188679247    0.0009425364010225078
-0.2985849056603774    0.0018850728020452373
-0.2976415094339623    0.0023563410025562695
-0.2966981132075472    0.0016494387017895829
-0.2957547169811321    0.0004712682005112539
-0.294811320754717    0.0016494387017895829
-0.2938679245283019    0.0018850728020450157
-0.2929245283018868    0.0021207069023008924
-0.2919811320754717    0.0004712682005112539
-0.2910377358490566    0.0023563410025565466
-0.29009433962264153    0.0021207069023006426
-0.28915094339622643    0.0028276092030678564
-0.28820754716981134    0.0011781705012781348
-0.28726415094339625    0.004241413804601785
-0.28632075471698115    0.0018850728020450157
-0.28537735849056606    0.0035345115038348204
-0.28443396226415096    0.0018850728020450157
-0.28349056603773587    0.0021207069023008924
-0.2825471698113208    0.0025919751028118964
-0.2816037735849057    0.0028276092030678564
-0.2806603773584906    0.0028276092030675233
-0.2797169811320755    0.004241413804601785
-0.2787735849056604    0.0035345115038344045
-0.2778301886792453    0.004712682005113093
-0.2768867924528302    0.004005779704345658
-0.27594339622641506    0.004241413804601285
-0.27499999999999997    0.007069023007669641
-0.2740566037735849    0.007540291208180063
-0.2731132075471698    0.006126486606647021
-0.2721698113207547    0.006597754807157555
-0.2712264150943396    0.00400577970434613
-0.2702830188679245    0.005655218406135047
-0.2693396226415094    0.007540291208180949
-0.2683962264150943    0.006597754807157555
-0.2674528301886792    0.007540291208180949
-0.2665094339622641    0.007304657107924435
-0.265566037735849    0.010367900411248807
-0.26462264150943393    0.00848282760920257
-0.26367924528301884    0.006362120706902677
-0.26273584905660374    0.008247193508946944
-0.26179245283018865    0.00848282760920357
-0.26084905660377355    0.008718461709458197
-0.25990566037735846    0.009896632210737496
-0.25896226415094337    0.009189729909969451
-0.2580188679245283    0.01060353451150446
-0.2570754716981132    0.012488607313548228
-0.2561320754716981    0.010367900411248807
-0.255188679245283    0.013431143714570735
-0.2542452830188679    0.013431143714572316
-0.2533018867924528    0.012252973213292603
-0.2523584905660377    0.012724241413805354
-0.2514150943396226    0.01319550961431511
-0.2504716981132075    0.015316216516617557
-0.24952830188679243    0.014373680115593245
-0.24858490566037733    0.016494387017895826
-0.24764150943396224    0.01790819161942765
-0.24669811320754714    0.018379459819941067
-0.24575471698113205    0.01790819161942765
-0.24481132075471695    0.01955763032121934
-0.24386792452830186    0.01861509392019453
-0.24292452830188677    0.019321996220963686
-0.24198113207547167    0.021913971323773308
-0.24103773584905658    0.020971434922753267
-0.24009433962264148    0.02238523952428456
-0.2391509433962264    0.026391019228633326
-0.2382075471698113    0.026626653328885846
-0.2372641509433962    0.027333555629655944
-0.2363207547169811    0.025212848727352084
-0.235377358490566    0.030396798932979457
-0.23443396226415092    0.03463821273757716
-0.23349056603773582    0.032753139935536
-0.23254716981132073    0.03440257863732153
-0.23160377358490564    0.03110370123374642
-0.23066037735849054    0.03181060353450964
-0.22971698113207545    0.034402578637325584
-0.22877358490566035    0.03958652884294533
-0.22783018867924526    0.04288540624652916
-0.22688679245283017    0.04100033344447909
-0.22594339622641507    0.050896965655221414
-0.22499999999999998    0.04641991775035851
-0.22405660377358488    0.04618428365010832
-0.2231132075471698    0.04877625875291478
-0.2221698113207547    0.053488940758033614
-0.2212264150943396    0.05372457485828294
-0.2202830188679245    0.05961542736468063
-0.2193396226415094    0.05773035456262861
-0.21839622641509432    0.05867289096365802
-0.21745283018867922    0.0629143047682524
-0.21650943396226413    0.06385684116928242
-0.21556603773584904    0.06809825497387618
-0.21462264150943394    0.06314993886851546
-0.21367924528301885    0.07233966877847747
-0.21273584905660375    0.0650350116705607
-0.21179245283018866    0.07658108258307876
-0.21084905660377357    0.08553517839280264
-0.20990566037735847    0.07752361898410128
-0.20896226415094338    0.0831788373902461
-0.20801886792452828    0.09378237190173953
-0.2070754716981132    0.0956674447037958
-0.2061320754716981    0.09260420140046138
-0.205188679245283    0.1060353451150446
-0.2042452830188679    0.10485717461375399
-0.2033018867924528    0.10886295431811246
-0.20235849056603772    0.11027675891963341
-0.20141509433962262    0.10956985661887943
-0.20047169811320753    0.12088029343113663
-0.19952830188679244    0.1314838279426553
-0.19858490566037734    0.122529732132926
-0.19764150943396225    0.1366677781482797
-0.19669811320754715    0.13619650994775237
-0.19575471698113206    0.14420806935646066
-0.19481132075471697    0.15928865177280382
-0.19386792452830187    0.14326553295543806
-0.19292452830188678    0.15693231077024755
-0.19198113207547168    0.17861064799378626
-0.1910377358490566    0.16706457708123953
-0.1900943396226415    0.17154162498611664
-0.1891509433962264    0.19298432810935848
-0.1882075471698113    0.17861064799378626
-0.1872641509433962    0.1948694009114035
-0.18632075471698112    0.1991108147160282
-0.18537735849056602    0.211599422029553
-0.18443396226415093    0.21301322663111183
-0.18349056603773584    0.2290363454484694
-0.18254716981132074    0.22785817494721808
-0.18160377358490565    0.23398466155383757
-0.18066037735849055    0.25566299877738535
-0.17971698113207546    0.2610825830832347
-0.17877358490566037    0.255898632877641
-0.17783018867924527    0.27474936089806107
-0.17688679245283018    0.2537779259753401
-0.17594339622641508    0.2839390908080305
-0.175    0.3027898188285163
-0.1740566037735849    0.30443925753027
-0.1731132075471698    0.3126864510392538
-0.1721698113207547    0.32399688785148706
-0.1712264150943396    0.3423763476714663
-0.17028301886792452    0.35486495498497417
-0.16933962264150942    0.3426119817717219
-0.16839622641509433    0.3624052461931543
-0.16745283018867924    0.37937090141160407
-0.16650943396226414    0.39633655662996453
-0.16556603773584905    0.4140091141491853
-0.16462264150943395    0.41565855285092596
-0.16367924528301886    0.44911859508727786
-0.16273584905660377    0.4524174724908038
-0.16179245283018867    0.47409580971437726
-0.16084905660377358    0.4488829609869694
-0.15990566037735848    0.47503834611539986
-0.1589622641509434    0.49200400133374905
-0.1580188679245283    0.49883739024122103
-0.1570754716981132    0.5247571412692813
-0.1561320754716981    0.5278203845726664
-0.155188679245283    0.5537401356007233
-0.15424528301886792    0.5527975991997659
-0.15330188679245282    0.5810736912303761
-0.15235849056603773    0.6124130265644465
-0.15141509433962264    0.6098210514615626
-0.15047169811320754    0.6310281204846433
-0.14952830188679245    0.6609536512170336
-0.14858490566037735    0.6659019673224802
-0.14764150943396226    0.7047815938645803
-0.14669811320754716    0.6861664999444665
-0.14575471698113207    0.7186840057796622
-0.14481132075471698    0.7276381015894616
-0.14386792452830188    0.7582705346226076
-0.1429245283018868    0.7797132377459614
-0.1419811320754717    0.793380015560696
-0.1410377358490566    0.8423919084139655
-0.1400943396226415    0.8518172724240914
-0.1391509433962264    0.8433344448149881
-0.13820754716981132    0.8906968989662699
-0.13726415094339622    0.8939957763699539
-0.13632075471698113    0.9463065466265979
-0.13537735849056604    0.9628009336446051
-0.13443396226415094    0.9821229298654531
-0.13349056603773585    0.9858930754696592
-0.13254716981132075    1.0122840946981733
-0.13160377358490566    1.043387795932039
-0.13066037735849056    1.0704857174613134
-0.12971698113207547    1.1117216850061789
-0.12877358490566038    1.1428253862397906
-0.12783018867924528    1.137641436034301
-0.1268867924528302    1.161676114260241
-0.1259433962264151    1.203618984105884
-0.125    1.2102167389129
-0.1240566037735849    1.2613493386685195
-0.12311320754716981    1.2651194842724611
-0.12216981132075472    1.3209647660332002
-0.12122641509433962    1.334631543847871
-0.12028301886792453    1.4251150383461997
-0.11933962264150944    1.4387818161608583
-0.11839622641509434    1.4743625652996315
-0.11745283018867925    1.4795465155050815
-0.11650943396226415    1.5257307991553641
-0.11556603773584906    1.529265310659019
-0.11462264150943396    1.557070134489366
-0.11367924528301887    1.5959497610313613
-0.11273584905660378    1.6753584528177048
-0.11179245283018868    1.6788929643213422
-0.11084905660377359    1.701042569745571
-0.1099056603773585    1.7658419473156683
-0.1089622641509434    1.7623074358120414
-0.1080188679245283    1.7884628209402087
-0.10707547169811321    1.7726753362232903
-0.10613207547169812    1.8789463154383694
-0.10518867924528302    1.9289007446927893
-0.10424528301886793    1.9696654440367856
-0.10330188679245284    1.9673091030344612
-0.10235849056603774    2.0292808714014594
-0.10141509433962265    2.0938446148717476
-0.10047169811320755    2.1461553851282504
-0.09952830188679246    2.1692475269535567
-0.09858490566037736    2.189747693675541
-0.09764150943396227    2.244414804935111
-0.09669811320754718    2.2298054907189977
-0.09575471698113208    2.3092141825054155
-0.09481132075471699    2.322409692119459
-0.0938679245283019    2.407944870512535
-0.0929245283018868    2.4242036234298903
-0.0919811320754717    2.47981327109051
-0.09103773584905661    2.5267044570410877
-0.09009433962264152    2.5224630432367836
-0.08915094339622642    2.6153028787372037
-0.08820754716981133    2.6520617983773933
-0.08726415094339623    2.6779815494052004
-0.08632075471698114    2.7265221740581804
-0.08537735849056605    2.801453817939149
-0.08443396226415095    2.827137934867345
-0.08349056603773586    2.8294942758695685
-0.08254716981132076    2.909138601756313
-0.08160377358490567    2.918799599866451
-0.08066037735849058    3.0304901633879746
-0.07971698113207548    3.051697232410625
-0.07877358490566039    3.0648927420253003
-0.0778301886792453    3.0752606424361875
-0.0768867924528302    3.1742269645439243
-0.0759433962264151    3.1900144492606777
-0.07500000000000001    3.279319773257946
-0.07405660377358492    3.261882849838644
-0.07311320754716982    3.335636323219048
-0.07216981132075473    3.342234078025813
-0.07122641509433963    3.401849505390887
-0.07028301886792454    3.4209358675111923
-0.06933962264150945    3.4892697565857347
-0.06839622641509435    3.5460575747469303
-0.06745283018867926    3.580931421585184
-0.06650943396226416    3.583523396687575
-0.06556603773584907    3.6355985328444964
-0.06462264150943398    3.6829609869954494
-0.06367924528301888    3.7451683894633754
-0.06273584905660379    3.798657330220962
-0.06179245283018869    3.8460197843727957
-0.0608490566037736    3.901393797932416
-0.059905660377358505    3.8985661887298066
-0.05896226415094341    3.9676069801042466
-0.05801886792452832    4.018503945759935
-0.05707547169811322    4.098855173946631
-0.05613207547169813    4.015440702456611
-0.055188679245283034    4.1431543847946894
-0.05424528301886794    4.17496498832969
-0.053301886792452846    4.274638212737329
-0.05235849056603775    4.271339335334253
-0.05141509433962266    4.335667444703536
-0.050471698113207564    4.3417939313106935
-0.04952830188679247    4.369834389240602
-0.048584905660377375    4.424737134600684
-0.04764150943396228    4.520875847504459
-0.04669811320754719    4.495898632877892
-0.04575471698113209    4.524881627208805
-0.044811320754717    4.576485495165325
-0.043867924528301905    4.57035900855814
-0.04292452830188681    4.625261753918246
-0.04198113207547172    4.69053239968851
-0.04103773584905662    4.700900300100311
-0.04009433962264153    4.745670779148327
-0.039150943396226434    4.760986995665503
-0.03820754716981134    4.825079470934472
-0.037264150943396246    4.801280426809219
-0.03632075471698115    4.900011114815762
-0.03537735849056606    4.920275647438325
-0.034433962264150964    4.946195398465866
-0.033490566037735814    4.996856730020825
-0.03254716981132072    4.969287540291502
-0.031603773584905626    5.0182994331440876
-0.03066037735849053    5.081213737912937
-0.029716981132075437    5.069432032899559
-0.028773584905660343    5.092759808825464
-0.02783018867924525    5.136352117372156
-0.026886792452830155    5.194789374236164
-0.02594339622641506    5.217174613759837
-0.024999999999999967    5.203507835945622
-0.024056603773584873    5.227542514171084
-0.02311320754716978    5.251812826498032
-0.022169811320754684    5.273962431921443
-0.02122641509433959    5.322738690674984
-0.020283018867924496    5.3345203956871385
-0.019339622641509402    5.388716238746567
-0.018396226415094308    5.3547849283091224
-0.017452830188679214    5.359733244415121
-0.01650943396226412    5.384710459041587
-0.015566037735849025    5.416521062576734
-0.014622641509433931    5.383061020339798
-0.013679245283018837    5.340175614093902
-0.012735849056603743    5.469067466933102
-0.011792452830188649    5.4921596087588
-0.010849056603773555    5.499464265866078
-0.00990566037735846    5.49757919306468
-0.008962264150943366    5.465532955429267
-0.008018867924528272    5.520671334889734
-0.007075471698113178    5.523498944092151
-0.006132075471698084    5.553188840725014
-0.00518867924528299    5.573217739246088
-0.004245283018867896    5.518314993887177
-0.0033018867924528017    5.507240191174513
-0.0023584905660377076    5.587120151161828
-0.0014150943396226134    5.516429921084483
-0.0004716981132075193    5.5161942869848755
0.0004716981132075748    5.50794709347528
0.0014150943396227245    5.52137823718985
0.002358490566037763    5.557665888630526
0.0033018867924528017    5.486504390352018
0.004245283018867951    5.527975991997009
0.005188679245283101    5.477550294542304
0.00613207547169814    5.434900522397315
0.007075471698113178    5.521849505390362
0.008018867924528328    5.518786262087039
0.008962264150943478    5.503470045570423
0.009905660377358516    5.4608202734254405
0.010849056603773555    5.453044348115719
0.011792452830188704    5.421469378681465
0.012735849056603854    5.452337445814952
0.013679245283018893    5.420762476381974
0.014622641509433931    5.434900522396036
0.015566037735849081    5.399791041457948
0.01650943396226423    5.373871290429829
0.01745283018867927    5.400026675559475
0.018396226415094308    5.386831165943888
0.019339622641509457    5.244272535289234
0.020283018867924607    5.283623430031923
0.021226415094339646    5.292106257642372
0.022169811320754684    5.265008336111729
0.023113207547169834    5.2560542403020145
0.024056603773584984    5.217174613759837
0.025000000000000022    5.173346671113507
0.02594339622641506    5.15661664999414
0.02688679245283021    5.206571079248333
0.02783018867924536    5.149783261086727
0.0287735849056604    5.112317439147286
0.029716981132075437    5.092052906524099
0.030660377358490587    5.082627542513873
0.03160377358490574    5.077207958207994
0.032547169811320775    4.997327998222513
0.033490566037735814    4.955149494275579
0.034433962264150964    4.906137601422409
0.03537735849056611    4.867493608980486
0.03632075471698115    4.870792486385212
0.03726415094339619    4.866551072579464
0.03820754716981134    4.738130487940147
0.03915094339622649    4.769705457374401
0.04009433962264153    4.724228076026177
0.04103773584905657    4.700900300099757
0.04198113207547172    4.647646993441986
0.042924528301886866    4.666968989662948
0.043867924528301905    4.554100255641574
0.04481132075471694    4.581433811270156
0.04575471698113209    4.561404912748427
0.04669811320754724    4.457490274535695
0.04764150943396228    4.416018672891744
0.04858490566037732    4.3825586306544055
0.04952830188679247    4.345564076914272
0.05047169811320762    4.249425364009976
0.05141509433962266    4.308569523175153
0.052358490566037696    4.172137379126132
0.053301886792452846    4.200884739357318
0.054245283018867996    4.161769478714883
0.055188679245283034    4.150930310104101
0.05613207547169807    4.0571479382013855
0.05707547169811322    4.022980993664319
0.05801886792452837    3.968078248304758
0.05896226415094341    3.944986106480635
0.05990566037735845    3.920951428253632
0.0608490566037736    3.87476714460353
0.06179245283018875    3.8514393686782222
0.06273584905660379    3.854031343781942
0.06367924528301883    3.745875291763702
0.06462264150943398    3.6683516727796004
0.06556603773584913    3.651621651661451
0.06650943396226416    3.6056730021124523
0.0674528301886792    3.5519484272533206
0.06839622641509435    3.532862065132615
0.0693396226415095    3.4913904634876247
0.07028301886792454    3.4218784039130203
0.07122641509433958    3.3384639324217225
0.07216981132075473    3.3196132044012727
0.07311320754716988    3.276492164054493
0.07405660377358492    3.2093364454823945
0.07499999999999996    3.23784817161257
0.0759433962264151    3.1933133266642564
0.07688679245283025    3.1000022229630284
0.0778301886792453    3.0691341558302634
0.07877358490566033    3.0052773146602663
0.07971698113207548    2.9812426364341924
0.08066037735849063    2.942834278092525
0.08160377358490567    2.917385795265604
0.08254716981132071    2.8464599310879737
0.08349056603773586    2.8188907413580653
0.08443396226415101    2.760924752695181
0.08537735849056605    2.732413026564893
0.08632075471698109    2.648527286873247
0.08726415094339623    2.6522974324773374
0.08820754716981138    2.595509614315731
0.08915094339622642    2.50502611981816
0.09009433962264146    2.506439924419104
0.09103773584905661    2.482640880293286
0.09198113207547176    2.4352784261419047
0.0929245283018868    2.389801044793131
0.09386792452830184    2.3419673224406763
0.09481132075471699    2.3063865733020763
0.09575471698113214    2.282823163276514
0.09669811320754718    2.25996665555225
0.09764150943396221    2.2257997110146523
0.09858490566037736    2.1765521840612263
0.09952830188679251    2.092666444370223
0.10047169811320755    2.0542580860290394
0.10141509433962259    2.022447482494046
0.10235849056603774    2.024332555296091
0.10330188679245289    1.9821540513503337
0.10424528301886793    1.9131132599758858
0.10518867924528297    1.8916705568521732
0.10613207547169812    1.8589174169166411
0.10707547169811327    1.8214515949759964
0.1080188679245283    1.7538246082030442
0.10896226415094334    1.7382727575857602
0.1099056603773585    1.732617539179625
0.11084905660377364    1.656978992997569
0.11179245283018868    1.6466110925867088
0.11273584905660372    1.6496743358896444
0.11367924528301887    1.5818117150160238
0.11462264150943402    1.5650816938978742
0.11556603773584906    1.5007535845284412
0.1165094339622641    1.457161275980797
0.11745283018867925    1.495098366121953
0.1183962264150944    1.4133333333332505
0.11933962264150944    1.3951895076138956
0.12028301886792447    1.3746893408913277
0.12122641509433962    1.3393442258529837
0.12216981132075477    1.3117750361230753
0.12311320754716981    1.254044681560742
0.12405660377358485    1.2328376125374403
0.125    1.2340157830387184
0.12594339622641515    1.1925441813937279
0.1268867924528302    1.1539001889520768
0.12783018867924523    1.1444748249415801
0.12877358490566038    1.0973480048904547
0.12971698113207553    1.080853617872561
0.13066037735849056    1.0478648438370197
0.1316037735849056    1.0400889185283375
0.13254716981132075    1.0021518283871813
0.1334905660377359    0.977174613760085
0.13443396226415094    0.9514904968324456
0.13537735849056598    0.9458352784260866
0.13632075471698113    0.9423007669222522
0.13726415094339628    0.9005935311770062
0.13820754716981132    0.8591219295322181
0.13915094339622636    0.8383861287095207
0.1400943396226415    0.8468689563187233
0.14103773584905666    0.8127020117816574
0.1419811320754717    0.7830121151496326
0.14292452830188673    0.7561498277203069
0.14386792452830188    0.7455462932088037
0.14481132075471703    0.7380060020006236
0.14575471698113207    0.7365921973992633
0.1466981132075471    0.6965344003556333
0.14764150943396226    0.6682583083249581
0.1485849056603774    0.6560053351116655
0.14952830188679245    0.6468156052018482
0.15047169811320749    0.6251372679781784
0.15141509433962264    0.6081716127597732
0.15235849056603779    0.5904990552406012
0.15330188679245282    0.5848438368346038
0.15424528301886786    0.5728264977214291
0.155188679245283    0.5450216738912651
0.15613207547169816    0.5191019228631462
0.1570754716981132    0.5259353117706832
0.15801886792452824    0.5117972657552218
0.1589622641509434    0.4842280760253134
0.15990566037735854    0.4755096143158552
0.16084905660377358    0.4788084917195467
0.16179245283018862    0.4524174724908038
0.16273584905660377    0.4295609647660079
0.16367924528301891    0.4029343114371221
0.16462264150943395    0.4114171390464215
0.165566037735849    0.38455485161718317
0.16650943396226414    0.3744225853061912
0.1674528301886793    0.3654684894964774
0.16839622641509433    0.34355451817278493
0.16933962264150937    0.3529798821829292
0.17028301886792452    0.34732466377679416
0.17122641509433967    0.3235256196509758
0.1721698113207547    0.3108013782372451
0.17311320754716975    0.3004334778259244
0.1740566037735849    0.2997265755251575
0.17500000000000004    0.288651772813143
0.17594339622641508    0.28558852950988706
0.17688679245283012    0.27522062909857226
0.17783018867924527    0.27050794709345977
0.17877358490566042    0.24223185506278452
0.17971698113207546    0.23940424585977335
0.1806603773584905    0.2429387573635514
0.18160377358490565    0.23728353895741633
0.1825471698113208    0.225501833944635
0.18349056603773584    0.22880071134826763
0.18443396226415087    0.2064154718239292
0.18537735849056602    0.20782927642546298
0.18632075471698117    0.1896854507057797
0.1872641509433962    0.18850728020454594
0.18820754716981125    0.1748405023896752
0.1891509433962264    0.1748405023896752
0.19009433962264155    0.16989218628430702
0.1910377358490566    0.1675358452817902
0.19198113207547163    0.16023118817382634
0.19292452830188678    0.15151272646436814
0.19386792452830193    0.14185172835388743
0.19481132075471697    0.14255863065468788
0.195754716981132    0.14208736245414305
0.19669811320754715    0.12865621873957234
0.1976415094339623    0.12488607313548228
0.19858490566037734    0.13007002334113668
0.19952830188679238    0.11004112481937778
0.20047169811320753    0.11546070912525722
0.20141509433962268    0.11051239301988904
0.20235849056603772    0.11546070912528439
0.20330188679245276    0.10202956541068647
0.2042452830188679    0.10627097921528776
0.20518867924528306    0.09613871290429579
0.2061320754716981    0.08765588529511385
0.20707547169811313    0.09024786039790512
0.20801886792452828    0.08930532399688261
0.20896226415094343    0.08553517839279258
0.20990566037735858    0.08459264199177008
0.21084905660377362    0.08058686228744338
0.21179245283018866    0.08105813048793567
0.2127358490566038    0.0629143047682524
0.21367924528301896    0.06338557296876365
0.214622641509434    0.0631499388685229
0.21556603773584904    0.06527064577080867
0.2165094339622642    0.06527064577080867
0.21745283018867934    0.06314993886850803
0.21839622641509437    0.05867289096366492
0.2193396226415094    0.055845281760583586
0.22028301886792456    0.05301767255751607
0.2212264150943397    0.0541958430587942
0.22216981132075475    0.04594864954985807
0.2231132075471698    0.05183950205623793
0.22405660377358494    0.04524174724908037
0.2250000000000001    0.0506613315549598
0.22594339622641513    0.04312104034678988
0.22688679245283017    0.040764699344223464
0.22783018867924532    0.03864399244192282
0.22877358490566047    0.03699455374013343
0.2297169811320755    0.035345115038352366
0.23066037735849054    0.03699455374013343
0.2316037735849057    0.03369567633655466
0.23254716981132084    0.03346004223629903
0.23349056603773588    0.02827609203068189
0.23443396226415092    0.032281871735020895
0.23537735849056607    0.02474158052684083
0.23632075471698122    0.026155385128374592
0.23726415094339626    0.027804823830170525
0.2382075471698113    0.023092141825051444
0.23915094339622645    0.02144270312326205
0.2400943396226416    0.02332777592530707
0.24103773584905663    0.021678337223522783
0.24198113207547167    0.018143825719683274
0.24292452830188682    0.018379459819938902
0.24386792452830197    0.01696565521840514
0.244811320754717    0.019793264421477323
0.24575471698113205    0.017672557519172023
0.2466981132075472    0.014138046015337618
0.24764150943396235    0.01861509392019453
0.2485849056603774    0.014844948316107992
0.24952830188679243    0.018379459819938902
0.2504716981132076    0.01531621651661575
0.2514150943396227    0.01531621651661575
0.25235849056603776    0.013431143714573898
0.2533018867924528    0.01319550961431511
0.25424528301886795    0.012724241413803856
0.2551886792452831    0.013431143714570735
0.25613207547169814    0.012017339113039803
0.2570754716981132    0.011074802712014468
0.25801886792452833    0.009660998110480705
0.2589622641509435    0.013431143714570735
0.2599056603773585    0.011781705012784121
0.26084905660377355    0.008247193508946944
0.2617924528301887    0.006597754807157555
0.26273584905660385    0.007540291208180063
0.2636792452830189    0.008011559408693202
0.26462264150943393    0.0058908525063906736
0.2655660377358491    0.008011559408691317
0.26650943396226423    0.00848282760920257
0.26745283018867927    0.006833388907414789
0.2683962264150943    0.006126486606646301
0.26933962264150946    0.007540291208180063
0.2702830188679246    0.006126486606646301
0.27122641509433965    0.004477047904857966
0.2721698113207547    0.004241413804601285
0.27311320754716983    0.004241413804601285
0.274056603773585    0.004241413804601285
0.275    0.0037701456040909187
0.27594339622641506    0.004005779704345658
0.2768867924528302    0.004477047904856912
0.27783018867924536    0.0032988774035787776
0.2787735849056604    0.0035345115038352363
0.27971698113207544    0.0032988774035787776
0.2806603773584906    0.0025919751028118964
0.28160377358490574    0.0025919751028118964
0.2825471698113208    0.0030632433033238714
0.2834905660377358    0.0021207069023006426
0.28443396226415096    0.0037701456040900314
0.2853773584905661    0.0032988774035787776
0.28632075471698115    0.003298877403579554
0.2872641509433962    0.0023563410025562695
0.28820754716981134    0.0023563410025562695
0.2891509433962265    0.0021207069023006426
0.29009433962264153    0.0014138046015340945
0.29103773584905657    0.0021207069023006426
0.2919811320754717    0.0023563410025562695
0.29292452830188687    0.0030632433033231507
0.2938679245283019    0.0009425364010227297
0.29481132075471694    0.0023563410025562695
0.2957547169811321    0.0025919751028118964
0.29669811320754724    0.0016494387017893888
0.2976415094339623    0.0025919751028125066
0.2985849056603773    0.0009425364010225078
0.29952830188679247    0.0011781705012781348
0.3004716981132076    0.0011781705012781348
0.30141509433962266    0.001649438701789777
0.3023584905660377    0.0007069023007668808
0.30330188679245285    0.0011781705012781348
0.304245283018868    0.0014138046015337617
0.30518867924528303    0.00047126820051136484
0.3061320754716981    0.0018850728020450157
0.3070754716981132    0.0014138046015337617
0.3080188679245284    0.0011781705012781348
0.3089622641509434    0.0014138046015340945
0.30990566037735845    0.0007069023007668808
0.3108490566037736    0.00023563410025562696
0.31179245283018875    0.00023563410025562696
0.3127358490566038    0.0
0.3136792452830188    0.0004712682005112539
0.314622641509434    0.0007069023007668808
0.3155660377358491    0.0007069023007668808
0.31650943396226416    0.0009425364010227297
0.3174528301886792    0.00023563410025562696
0.31839622641509435    0.0014138046015337617
0.3193396226415095    0.0004712682005112539
0.32028301886792454    0.00047126820051136484
0.3212264150943396    0.00023563410025562696
0.32216981132075473    0.0
0.3231132075471699    0.00023563410025562696
0.3240566037735849    0.00023563410025568242
0.32499999999999996    0.00023563410025562696
0.3259433962264151    0.0004712682005112539
0.32688679245283025    0.0
0.3278301886792453    0.0007069023007670473
0.32877358490566033    0.0004712682005112539
0.3297169811320755    0.00023563410025562696
0.33066037735849063    0.00023563410025562696
0.33160377358490567    0.00023563410025568242
0.3325471698113207    0.0
0.33349056603773586    0.0004712682005112539
0.334433962264151    0.0
0.33537735849056605    0.00023563410025568242
0.3363207547169811    0.0
0.33726415094339623    0.00023563410025562696
0.3382075471698114    0.0007069023007668808
0.3391509433962264    0.0
0.34009433962264146    0.0007069023007668808
0.3410377358490566    0.0
0.34198113207547176    0.00023563410025562696
0.3429245283018868    0.0
0.34386792452830184    0.0004712682005112539
0.344811320754717    0.0
0.34575471698113214    0.0
0.3466981132075472    0.0
0.3476415094339622    0.0
0.34858490566037736    0.00023563410025562696
0.3495283018867925    0.0
0.35047169811320755    0.0
0.3514150943396226    0.0
0.35235849056603774    0.00023563410025562696
0.3533018867924529    0.0
0.35424528301886793    0.00023563410025568242
0.35518867924528297    0.0
0.3561320754716981    0.0
0.35707547169811327    0.0
0.3580188679245283    0.00023563410025568242
0.35896226415094334    0.0
0.3599056603773585    0.0
0.36084905660377364    0.0
0.3617924528301887    0.0
0.3627358490566037    0.00023563410025562696
0.36367924528301887    0.0
0.364622641509434    0.0
0.36556603773584906    0.00023563410025568242
0.3665094339622641    0.0
0.36745283018867925    0.00023563410025562696
0.3683962264150944    0.0
0.36933962264150944    0.00023563410025568242
0.3702830188679245    0.0
0.3712264150943396    0.0
0.3721698113207548    0.0
0.3731132075471698    0.0
0.37405660377358485    0.00023563410025562696
0.375    0.0
0.37594339622641515    0.00023563410025562696
0.3768867924528302    0.0
0.3778301886792452    0.0
0.3787735849056604    0.0
0.3797169811320755    0.0
0.38066037735849056    0.0
0.3816037735849056    0.0
0.38254716981132075    0.0
0.3834905660377359    0.0
0.38443396226415094    0.0
0.385377358490566    0.0
0.38632075471698113    0.0
0.3872641509433963    0.0
0.3882075471698113    0.0
0.38915094339622636    0.0
0.3900943396226415    0.0
0.39103773584905666    0.0
0.3919811320754717    0.0
0.39292452830188673    0.0
0.3938679245283019    0.0
0.39481132075471703    0.0
0.39575471698113207    0.0
0.3966981132075471    0.0
0.39764150943396226    0.0
0.3985849056603774    0.0
0.39952830188679245    0.0
0.4004716981132075    0.0
0.40141509433962264    0.0
0.4023584905660378    0.0
0.4033018867924528    0.0
0.40424528301886786    0.0
0.405188679245283    0.0
0.40613207547169816    0.0
0.4070754716981132    0.0
0.40801886792452824    0.0
0.4089622641509434    0.0
0.40990566037735854    0.0
0.4108490566037736    0.0
0.4117924528301886    0.0
0.41273584905660377    0.0
0.4136792452830189    0.0
0.41462264150943395    0.0
0.415566037735849    0.0
0.41650943396226414    0.0
0.4174528301886793    0.0
0.41839622641509433    0.0
0.41933962264150937    0.0
0.4202830188679245    0.0
0.42122641509433967    0.0
0.4221698113207547    0.0
0.42311320754716975    0.0
0.4240566037735849    0.0
0.42500000000000004    0.0
0.4259433962264151    0.0
0.4268867924528301    0.0
0.42783018867924527    0.0
0.4287735849056604    0.0
0.42971698113207546    0.0
0.4306603773584905    0.0
0.43160377358490565    0.0
0.4325471698113208    0.0
0.43349056603773584    0.00023563410025568242
0.4344339622641509    0.0
0.435377358490566    0.0
0.4363207547169812    0.0
0.4372641509433962    0.0
0.43820754716981125    0.0
0.4391509433962264    0.0
0.44009433962264155    0.0
0.4410377358490566    0.0
0.4419811320754716    0.0
0.4429245283018868    0.0
0.4438679245283019    0.0
0.44481132075471697    0.0
0.445754716981132    0.0
0.44669811320754715    0.0
0.4476415094339623    0.0
0.44858490566037745    0.0
0.4495283018867925    0.0
0.45047169811320753    0.0
0.4514150943396227    0.0
0.45235849056603783    0.0
0.45330188679245287    0.0
0.4542452830188679    0.0
0.45518867924528306    0.0
0.4561320754716982    0.0
0.45707547169811324    0.0
0.4580188679245283    0.0
0.45896226415094343    0.0
0.4599056603773586    0.0
0.4608490566037736    0.0
0.46179245283018866    0.0
0.4627358490566038    0.0
0.46367924528301896    0.0
0.464622641509434    0.0
0.46556603773584904    0.0
0.4665094339622642    0.0
0.46745283018867934    0.0
0.4683962264150944    0.0
0.4693396226415094    0.0
0.47028301886792456    0.0
0.4712264150943397    0.0
0.47216981132075475    0.0
0.4731132075471698    0.0
0.47405660377358494    0.0
0.4750000000000001    0.0
0.4759433962264151    0.0
0.47688679245283017    0.0
0.4778301886792453    0.0
0.47877358490566047    0.0
0.4797169811320755    0.0
0.48066037735849054    0.0
0.4816037735849057    0.0
0.48254716981132084    0.0
0.4834905660377359    0.0
0.4844339622641509    0.0
0.48537735849056607    0.0
0.4863207547169812    0.0
0.48726415094339626    0.0
0.4882075471698113    0.0
0.48915094339622645    0.0
0.4900943396226416    0.0
0.49103773584905663    0.0
0.49198113207547167    0.0
0.4929245283018868    0.0
0.49386792452830197    0.0
0.494811320754717    0.0
0.49575471698113205    0.0
0.4966981132075472    0.0
0.49764150943396235    0.0
0.4985849056603774    0.0
0.4995283018867924    0.0
0.5004716981132076    0.0
0.5014150943396227    0.0
0.5023584905660378    0.0
0.5033018867924528    0.0
0.504245283018868    0.0
0.5051886792452831    0.0
0.5061320754716981    0.0
0.5070754716981132    0.0
0.5080188679245283    0.0
0.5089622641509435    0.0
0.5099056603773585    0.0
0.5108490566037736    0.0
0.5117924528301887    0.0
0.5127358490566039    0.0
0.5136792452830189    0.0
0.5146226415094339    0.0
0.5155660377358491    0.0
0.5165094339622642    0.0
0.5174528301886793    0.0
0.5183962264150943    0.0
0.5193396226415095    0.0
0.5202830188679246    0.0
0.5212264150943396    0.0
0.5221698113207547    0.0
0.5231132075471698    0.0
0.524056603773585    0.0
0.525    0.0
0.5259433962264151    0.0
0.5268867924528302    0.0
0.5278301886792454    0.0
0.5287735849056604    0.0
0.5297169811320754    0.0
0.5306603773584906    0.0
0.5316037735849057    0.0
0.5325471698113208    0.0
0.5334905660377358    0.0
0.534433962264151    0.0
0.5353773584905661    0.0
0.5363207547169812    0.0
0.5372641509433962    0.0
0.5382075471698113    0.0
0.5391509433962265    0.0
0.5400943396226415    0.0
0.5410377358490566    0.0
0.5419811320754717    0.0
0.5429245283018869    0.0
0.5438679245283019    0.0
0.5448113207547169    0.0
0.5457547169811321    0.0
0.5466981132075472    0.0
0.5476415094339623    0.0
0.5485849056603773    0.0
0.5495283018867925    0.0
0.5504716981132076    0.0
0.5514150943396227    0.0
0.5523584905660377    0.0
0.5533018867924528    0.0
0.554245283018868    0.0
0.555188679245283    0.0
0.5561320754716981    0.0
0.5570754716981132    0.0
0.5580188679245284    0.0
0.5589622641509434    0.0
0.5599056603773584    0.0
0.5608490566037736    0.0
0.5617924528301887    0.0
0.5627358490566038    0.0
0.5636792452830188    0.0
0.564622641509434    0.0
0.5655660377358491    0.0
0.5665094339622642    0.0
0.5674528301886792    0.0
0.5683962264150944    0.0
0.5693396226415095    0.0
0.5702830188679245    0.0
0.5712264150943396    0.0
0.5721698113207547    0.0
0.5731132075471699    0.0
0.5740566037735849    0.0
0.575    0.0
0.5759433962264151    0.0
0.5768867924528303    0.0
0.5778301886792453    0.0
0.5787735849056603    0.0
0.5797169811320755    0.0
0.5806603773584906    0.0
0.5816037735849057    0.0
0.5825471698113207    0.0
0.5834905660377359    0.0
0.584433962264151    0.0
0.585377358490566    0.0
0.5863207547169811    0.0
0.5872641509433962    0.0
0.5882075471698114    0.0
0.5891509433962264    0.0
0.5900943396226415    0.0
0.5910377358490566    0.0
0.5919811320754718    0.0
0.5929245283018868    0.0
0.5938679245283018    0.0
0.594811320754717    0.0
0.5957547169811321    0.0
0.5966981132075472    0.0
0.5976415094339622    0.0
0.5985849056603774    0.0
0.5995283018867925    0.0
0.6004716981132076    0.0
0.6014150943396226    0.0
0.6023584905660377    0.0
0.6033018867924529    0.0
0.6042452830188679    0.0
0.605188679245283    0.0
0.6061320754716981    0.0
0.6070754716981133    0.0
0.6080188679245283    0.0
0.6089622641509433    0.0
0.6099056603773585    0.0
0.6108490566037736    0.0
0.6117924528301887    0.0
0.6127358490566037    0.0
0.6136792452830189    0.0
0.614622641509434    0.0
0.6155660377358491    0.0
0.6165094339622641    0.0
0.6174528301886792    0.0
0.6183962264150944    0.0
0.6193396226415094    0.0
0.6202830188679245    0.0
0.6212264150943396    0.0
0.6221698113207548    0.0
0.6231132075471698    0.0
0.6240566037735849    0.0
0.625    0.0
0.6259433962264151    0.0
0.6268867924528302    0.0
0.6278301886792452    0.0
0.6287735849056604    0.0
0.6297169811320755    0.0
0.6306603773584906    0.0
0.6316037735849056    0.0
0.6325471698113208    0.0
0.6334905660377359    0.0
0.6344339622641509    0.0
0.635377358490566    0.0
0.6363207547169811    0.0
0.6372641509433963    0.0
0.6382075471698113    0.0
0.6391509433962264    0.0
0.6400943396226415    0.0
0.6410377358490567    0.0
0.6419811320754717    0.0
0.6429245283018867    0.0
0.6438679245283019    0.0
0.644811320754717    0.0
0.6457547169811321    0.0
0.6466981132075471    0.0
0.6476415094339623    0.0
0.6485849056603774    0.0
0.6495283018867924    0.0
0.6504716981132075    0.0
0.6514150943396226    0.0
0.6523584905660378    0.0
0.6533018867924528    0.0
0.6542452830188679    0.0
0.655188679245283    0.0
0.6561320754716982    0.0
0.6570754716981132    0.0
0.6580188679245282    0.0
0.6589622641509434    0.0
0.6599056603773585    0.0
0.6608490566037736    0.0
0.6617924528301886    0.0
0.6627358490566038    0.0
0.6636792452830189    0.0
0.664622641509434    0.0
0.665566037735849    0.0
0.6665094339622641    0.0
0.6674528301886793    0.0
0.6683962264150943    0.0
0.6693396226415094    0.0
0.6702830188679245    0.0
0.6712264150943397    0.0
0.6721698113207547    0.0
0.6731132075471697    0.0
0.6740566037735849    0.0
0.675    0.0
0.6759433962264151    0.0
0.6768867924528301    0.0
0.6778301886792453    0.0
0.6787735849056604    0.0
0.6797169811320755    0.0
0.6806603773584905    0.0
0.6816037735849056    0.0
0.6825471698113208    0.0
0.6834905660377358    0.0
0.6844339622641509    0.0
0.685377358490566    0.0
0.6863207547169812    0.0
0.6872641509433962    0.0
0.6882075471698113    0.0
0.6891509433962264    0.0
0.6900943396226416    0.0
0.6910377358490567    0.0
0.6919811320754717    0.0
0.6929245283018868    0.0
0.6938679245283019    0.0
0.6948113207547171    0.0
0.6957547169811321    0.0
0.6966981132075472    0.0
0.6976415094339623    0.0
0.6985849056603775    0.0
0.6995283018867925    0.0
0.7004716981132075    0.0
0.7014150943396227    0.0
0.7023584905660378    0.0
0.7033018867924529    0.0
0.7042452830188679    0.0
0.7051886792452831    0.0
0.7061320754716982    0.0
0.7070754716981132    0.0
0.7080188679245283    0.0
0.7089622641509434    0.0
0.7099056603773586    0.0
0.7108490566037736    0.0
0.7117924528301887    0.0
0.7127358490566038    0.0
0.713679245283019    0.0
0.714622641509434    0.0
0.715566037735849    0.0
0.7165094339622642    0.0
0.7174528301886793    0.0
0.7183962264150944    0.0
0.7193396226415094    0.0
0.7202830188679246    0.0
0.7212264150943397    0.0
0.7221698113207548    0.0
0.7231132075471698    0.0
0.7240566037735849    0.0
0.7250000000000001    0.0
0.7259433962264151    0.0
0.7268867924528302    0.0
0.7278301886792453    0.0
0.7287735849056605    0.0
0.7297169811320755    0.0
0.7306603773584905    0.0
0.7316037735849057    0.0
0.7325471698113208    0.0
0.7334905660377359    0.0
0.7344339622641509    0.0
0.7353773584905661    0.0
0.7363207547169812    0.0
0.7372641509433963    0.0
0.7382075471698113    0.0
0.7391509433962264    0.0
0.7400943396226416    0.0
0.7410377358490566    0.0
0.7419811320754717    0.0
0.7429245283018868    0.0
0.743867924528302    0.0
0.744811320754717    0.0
0.745754716981132    0.0
0.7466981132075472    0.0
0.7476415094339623    0.0
0.7485849056603774    0.0
0.7495283018867924    0.0
0.7504716981132076    0.0
0.7514150943396227    0.0
0.7523584905660378    0.0
0.7533018867924528    0.0
0.754245283018868    0.0
0.7551886792452831    0.0
0.7561320754716981    0.0
0.7570754716981132    0.0
0.7580188679245283    0.0
0.7589622641509435    0.0
0.7599056603773585    0.0
0.7608490566037736    0.0
0.7617924528301887    0.0
0.7627358490566039    0.0
0.7636792452830189    0.0
0.7646226415094339    0.0
0.7655660377358491    0.0
0.7665094339622642    0.0
0.7674528301886793    0.0
0.7683962264150943    0.0
0.7693396226415095    0.0
0.7702830188679246    0.0
0.7712264150943396    0.0
0.7721698113207547    0.0
0.7731132075471698    0.0
0.774056603773585    0.0
0.775    0.0
0.7759433962264151    0.0
0.7768867924528302    0.0
0.7778301886792454    0.0
0.7787735849056604    0.0
0.7797169811320754    0.0
0.7806603773584906    0.0
0.7816037735849057    0.0
0.7825471698113208    0.0
0.7834905660377358    0.0
0.784433962264151    0.0
0.7853773584905661    0.0
0.7863207547169812    0.0
0.7872641509433962    0.0
0.7882075471698113    0.0
0.7891509433962265    0.0
0.7900943396226415    0.0
0.7910377358490566    0.0
0.7919811320754717    0.0
0.7929245283018869    0.0
0.7938679245283019    0.0
0.7948113207547169    0.0
0.7957547169811321    0.0
0.7966981132075472    0.0
0.7976415094339623    0.0
0.7985849056603773    0.0
0.7995283018867925    0.0
0.8004716981132076    0.0
0.8014150943396227    0.0
0.8023584905660377    0.0
0.8033018867924528    0.0
0.804245283018868    0.0
0.805188679245283    0.0
0.8061320754716981    0.0
0.8070754716981132    0.0
0.8080188679245284    0.0
0.8089622641509434    0.0
0.8099056603773584    0.0
0.8108490566037736    0.0
0.8117924528301887    0.0
0.8127358490566038    0.0
0.8136792452830188    0.0
0.814622641509434    0.0
0.8155660377358491    0.0
0.8165094339622642    0.0
0.8174528301886792    0.0
0.8183962264150944    0.0
0.8193396226415095    0.0
0.8202830188679245    0.0
0.8212264150943396    0.0
0.8221698113207547    0.0
0.8231132075471699    0.0
0.8240566037735849    0.0
0.825    0.0
0.8259433962264151    0.0
0.8268867924528303    0.0
0.8278301886792453    0.0
0.8287735849056603    0.0
0.8297169811320755    0.0
0.8306603773584906    0.0
0.8316037735849057    0.0
0.8325471698113207    0.0
0.8334905660377359    0.0
0.834433962264151    0.0
0.835377358490566    0.0
0.8363207547169811    0.0
0.8372641509433962    0.0
0.8382075471698114    0.0
0.8391509433962264    0.0
0.8400943396226415    0.0
0.8410377358490566    0.0
0.8419811320754718    0.0
0.8429245283018868    0.0
0.8438679245283018    0.0
0.844811320754717    0.0
0.8457547169811321    0.0
0.8466981132075472    0.0
0.8476415094339622    0.0
0.8485849056603774    0.0
0.8495283018867925    0.0
0.8504716981132076    0.0
0.8514150943396226    0.0
0.8523584905660377    0.0
0.8533018867924529    0.0
0.8542452830188679    0.0
0.855188679245283    0.0
0.8561320754716981    0.0
0.8570754716981133    0.0
0.8580188679245283    0.0
0.8589622641509433    0.0
0.8599056603773585    0.0
0.8608490566037736    0.0
0.8617924528301887    0.0
0.8627358490566037    0.0
0.8636792452830189    0.0
0.864622641509434    0.0
0.8655660377358491    0.0
0.8665094339622641    0.0
0.8674528301886792    0.0
0.8683962264150944    0.0
0.8693396226415094    0.0
0.8702830188679245    0.0
0.8712264150943396    0.0
0.8721698113207548    0.0
0.8731132075471698    0.0
0.8740566037735849    0.0
0.875    0.0
0.8759433962264151    0.0
0.8768867924528302    0.0
0.8778301886792452    0.0
0.8787735849056604    0.0
0.8797169811320755    0.0
0.8806603773584906    0.0
0.8816037735849056    0.0
0.8825471698113208    0.0
0.8834905660377359    0.0
0.8844339622641509    0.0
0.885377358490566    0.0
0.8863207547169811    0.0
0.8872641509433963    0.0
0.8882075471698113    0.0
0.8891509433962264    0.0
0.8900943396226415    0.0
0.8910377358490567    0.0
0.8919811320754717    0.0
0.8929245283018867    0.0
0.8938679245283019    0.0
0.894811320754717    0.0
0.8957547169811321    0.0
0.8966981132075471    0.0
0.8976415094339623    0.0
0.8985849056603774    0.0
0.8995283018867924    0.0
0.9004716981132075    0.0
0.9014150943396226    0.0
0.9023584905660378    0.0
0.9033018867924528    0.0
0.9042452830188679    0.0
0.905188679245283    0.0
0.9061320754716982    0.0
0.9070754716981132    0.0
0.9080188679245282    0.0
0.9089622641509434    0.0
0.9099056603773585    0.0
0.9108490566037736    0.0
0.9117924528301886    0.0
0.9127358490566038    0.0
0.9136792452830189    0.0
0.914622641509434    0.0
0.915566037735849    0.0
0.9165094339622641    0.0
0.9174528301886793    0.0
0.9183962264150943    0.0
0.9193396226415094    0.0
0.9202830188679245    0.0
0.9212264150943397    0.0
0.9221698113207547    0.0
0.9231132075471697    0.0
0.9240566037735849    0.0
0.925    0.0
0.9259433962264151    0.0
0.9268867924528301    0.0
0.9278301886792453    0.0
0.9287735849056604    0.0
0.9297169811320755    0.0
0.9306603773584905    0.0
0.9316037735849056    0.0
0.9325471698113208    0.0
0.933490566037736    0.0
0.934433962264151    0.0
0.935377358490566    0.0
0.9363207547169812    0.0
0.9372641509433963    0.0
0.9382075471698114    0.0
0.9391509433962264    0.0
0.9400943396226416    0.0
0.9410377358490567    0.0
0.9419811320754717    0.0
0.9429245283018868    0.0
0.9438679245283019    0.0
0.9448113207547171    0.0
0.9457547169811321    0.0
0.9466981132075472    0.0
0.9476415094339623    0.0
0.9485849056603775    0.0
0.9495283018867925    0.0
0.9504716981132075    0.0
0.9514150943396227    0.0
0.9523584905660378    0.0
0.9533018867924529    0.0
0.9542452830188679    0.0
0.9551886792452831    0.0
0.9561320754716982    0.0
0.9570754716981132    0.0
0.9580188679245283    0.0
0.9589622641509434    0.0
0.9599056603773586    0.0
0.9608490566037736    0.0
0.9617924528301887    0.0
0.9627358490566038    0.0
0.963679245283019    0.0
0.964622641509434    0.0
0.965566037735849    0.0
0.9665094339622642    0.0
0.9674528301886793    0.0
0.9683962264150944    0.0
0.9693396226415094    0.0
0.9702830188679246    0.0
0.9712264150943397    0.0
0.9721698113207548    0.0
0.9731132075471698    0.0
0.9740566037735849    0.0
0.9750000000000001    0.0
0.9759433962264151    0.0
0.9768867924528302    0.0
0.9778301886792453    0.0
0.9787735849056605    0.0
0.9797169811320755    0.0
0.9806603773584905    0.0
0.9816037735849057    0.0
0.9825471698113208    0.0
0.9834905660377359    0.0
0.9844339622641509    0.0
0.9853773584905661    0.0
0.9863207547169812    0.0
0.9872641509433963    0.0
0.9882075471698113    0.0
0.9891509433962264    0.0
0.9900943396226416    0.0
0.9910377358490566    0.0
0.9919811320754717    0.0
0.9929245283018868    0.0
0.993867924528302    0.0
0.994811320754717    0.0
0.995754716981132    0.0
0.9966981132075472    0.0
0.9976415094339623    0.0
0.9985849056603774    0.0
0.9995283018867924    0.0