-0.9995283018867924    0.0
-0.9985849056603773    0.0
-0.9976415094339622    0.0
-0.9966981132075472    0.0
-0.995754716981132    0.0
-0.9948113207547169    0.0
-0.9938679245283019    0.0
-0.9929245283018868    0.0
-0.9919811320754717    0.0
-0.9910377358490565    0.0
-0.9900943396226415    0.0
-0.9891509433962264    0.0
-0.9882075471698113    0.0
-0.9872641509433961    0.0
-0.9863207547169811    0.0
-0.9853773584905661    0.0
-0.9844339622641509    0.0
-0.9834905660377358    0.0
-0.9825471698113207    0.0
-0.9816037735849057    0.0
-0.9806603773584905    0.0
-0.9797169811320754    0.0
-0.9787735849056604    0.0
-0.9778301886792453    0.0
-0.9768867924528302    0.0
-0.975943396226415    0.00023563410025565466
-0.975    0.00023563410025562696
-0.9740566037735849    0.00023563410025565466
-0.9731132075471698    0.0014138046015337617
-0.9721698113207546    0.0014138046015339282
-0.9712264150943396    0.0035345115038344045
-0.9702830188679246    0.005419584305880058
-0.9693396226415094    0.006597754807157555
-0.9683962264150943    0.014138046015339282
-0.9674528301886792    0.018379459819938902
-0.9665094339622642    0.039350894742694334
-0.965566037735849    0.04924752695342603
-0.9646226415094339    0.07563854618206516
-0.9636792452830188    0.09731688340557393
-0.9627358490566038    0.12205846393242914
-0.9617924528301887    0.16235189507612696
-0.9608490566037735    0.21489829943315705
-0.9599056603773585    0.2648527286873247
-0.9589622641509434    0.31315771923976504
-0.9580188679245283    0.37018117150158997
-0.9570754716981131    0.453124374791624
-0.9561320754716981    0.5525619650994452
-0.9551886792452831    0.6286717794820867
-0.9542452830188679    0.7083161053684146
-0.9533018867924528    0.8315527398022053
-0.9523584905660377    0.9107257974879982
-0.9514150943396227    1.078261642769876
-0.9504716981132075    1.233073246637696
-0.9495283018867924    1.3494764921641345
-0.9485849056603773    1.4821384906078934
-0.9476415094339623    1.6082027342448433
-0.9466981132075472    1.7304968322773244
-0.945754716981132    1.9164121373792393
-0.944811320754717    2.081120373457697
-0.9438679245283019    2.204828276092161
-0.9429245283018868    2.364116927864705
-0.9419811320754716    2.448945203957019
-0.9410377358490566    2.5841991775034607
-0.9400943396226416    2.7128553962433526
-0.9391509433962264    2.8582416361007548
-0.9382075471698113    2.9428342780928713
-0.9372641509433962    3.0323752361896634
-0.9363207547169812    3.1313415582973954
-0.935377358490566    3.199439813270903
-0.9344339622641509    3.310894742692204
-0.9334905660377358    3.3471823941311807
-0.9325471698113208    3.449447593642529
-0.9316037735849056    3.5022296320993833
-0.9306603773584905    3.432010670223611
-0.9297169811320755    3.5437012337443736
-0.9287735849056604    3.6436100922531884
-0.9278301886792453    3.571977325775049
-0.9268867924528301    3.697099033011222
-0.9259433962264151    3.649029676558639
-0.925    3.668351672780032
-0.9240566037735849    3.726788929642996
-0.9231132075471697    3.692386351006109
-0.9221698113207547    3.6784839390905923
-0.9212264150943397    3.668351672780032
-0.9202830188679245    3.678012670890081
-0.9193396226415094    3.6348916305437293
-0.9183962264150943    3.6360698010445796
-0.9174528301886793    3.580931421585184
-0.9165094339622641    3.594126931199078
-0.915566037735849    3.566322107369334
-0.914622641509434    3.5380460153382387
-0.9136792452830189    3.5286206513284286
-0.9127358490566038    3.5015227297986167
-0.9117924528301886    3.4614649327555673
-0.9108490566037736    3.4023207735909975
-0.9099056603773585    3.3646193175504933
-0.9089622641509434    3.3516594420360377
-0.9080188679245282    3.341291541625184
-0.9070754716981132    3.285210625763951
-0.9061320754716982    3.2941647215740524
-0.905188679245283    3.2628253862396663
-0.9042452830188679    3.211221518284062
-0.9033018867924528    3.23784817161257
-0.9023584905660378    3.1518417250196373
-0.9014150943396226    3.1245081693896135
-0.9004716981132075    3.1289852172948383
-0.8995283018867924    3.0509903301098578
-0.8985849056603774    3.053582305213029
-0.8976415094339623    3.017530287873559
-0.8966981132075471    3.019650994776215
-0.8957547169811321    3.014702678670491
-0.894811320754717    2.92445481827293
-0.8938679245283019    2.9746448816270346
-0.8929245283018867    2.917857063465772
-0.8919811320754717    2.915736356563128
-0.8910377358490567    2.825017227965044
-0.8900943396226415    2.8188907413580653
-0.8891509433962264    2.7880226742249063
-0.8882075471698113    2.752206290985723
-0.8872641509433963    2.7319417583640604
-0.8863207547169811    2.6867000111146586
-0.885377358490566    2.6501767255753483
-0.8844339622641509    2.6494698232742695
-0.8834905660377359    2.5860842503058104
-0.8825471698113208    2.597394687117776
-0.8816037735849056    2.498663999110962
-0.8806603773584906    2.452008447260054
-0.8797169811320755    2.468738468378494
-0.8787735849056604    2.4253817939311686
-0.8778301886792452    2.3933355562966847
-0.8768867924528302    2.3330132266309627
-0.8759433962264151    2.346915638546321
-0.875    2.2832944314770254
-0.8740566037735849    2.2401733911305093
-0.8731132075471698    2.222736467711329
-0.8721698113207548    2.1539313104369393
-0.8712264150943396    2.1807935978658275
-0.8702830188679245    2.111281538290666
-0.8693396226415094    2.1230632433031986
-0.8683962264150944    2.0801778370569197
-0.8674528301886792    2.0474246971211425
-0.8665094339622641    2.0137290207848246
-0.8655660377358491    1.997234633766694
-0.864622641509434    1.9555273980216783
-0.8636792452830189    1.9661309325329515
-0.8627358490566037    1.9359697677004588
-0.8617924528301887    1.9079293097698116
-0.8608490566037736    1.9119350894743823
-0.8599056603773585    1.8744692675335126
-0.8589622641509433    1.8483138824053553
-0.8580188679245283    1.8231010336777858
-0.8570754716981133    1.7879915527399077
-0.8561320754716981    1.7912904301432762
-0.855188679245283    1.744870512393123
-0.8542452830188679    1.754767144603654
-0.8533018867924529    1.699864399244293
-0.8523584905660377    1.6970367900410253
-0.8514150943396226    1.6880826942315104
-0.8504716981132076    1.6496743358896444
-0.8495283018867925    1.62139824385916
-0.8485849056603774    1.5945359564298278
-0.8476415094339622    1.6020762476381962
-0.8466981132075472    1.5839324219183244
-0.8457547169811321    1.5488229409804182
-0.844811320754717    1.5233744581526283
-0.8438679245283018    1.4976903412249412
-0.8429245283018868    1.476718906302014
-0.8419811320754718    1.4892075136157377
-0.8410377358490566    1.4057930421250704
-0.8400943396226415    1.4145115038346951
-0.8391509433962264    1.435718572857535
-0.8382075471698114    1.3937757030121976
-0.8372641509433962    1.363143269978802
-0.8363207547169811    1.3515971990664353
-0.835377358490566    1.3358097143491492
-0.834433962264151    1.3362809825498176
-0.8334905660377359    1.277843725686265
-0.8325471698113207    1.3049416472158155
-0.8316037735849057    1.2559297543624917
-0.8306603773584906    1.2330732466378411
-0.8297169811320755    1.2290674669333501
-0.8287735849056603    1.1699233077693256
-0.8278301886792453    1.164032455262797
-0.8268867924528303    1.168980771368303
-0.8259433962264151    1.1465955318438807
-0.825    1.1039457596977422
-0.8240566037735849    1.1345781927308438
-0.8231132075471699    1.1128998555074572
-0.8221698113207547    1.087687006779974
-0.8212264150943396    1.0504568189397085
-0.8202830188679245    1.035847504723736
-0.8193396226415095    1.018881849505451
-0.8183962264150944    1.002387462487437
-0.8174528301886792    1.0304279204178566
-0.816509433962264    0.9781171501612226
-0.8155660377358491    0.9795309547627564
-0.814622641509434    0.961387129042958
-0.8136792452830188    0.9559675447370785
-0.8127358490566037    0.9104901633878497
-0.8117924528301887    0.9088407246860601
-0.8108490566037736    0.9003578970767506
-0.8099056603773584    0.9206224296987345
-0.8089622641509433    0.9038924085806914
-0.8080188679245284    0.8650127820385084
-0.8070754716981132    0.8628920751361059
-0.8061320754716981    0.8251906190952056
-0.8051886792452829    0.8143514504835426
-0.804245283018868    0.8282538623986263
-0.8033018867924528    0.7931443814604403
-0.8023584905660377    0.8108169389796124
-0.8014150943396225    0.7919662109592555
-0.8004716981132076    0.775943092141871
-0.7995283018867925    0.7634544848282314
-0.7985849056603773    0.7629832166277201
-0.7976415094339622    0.740362343003267
-0.7966981132075472    0.7311726130932965
-0.7957547169811321    0.7328220517949998
-0.7948113207547169    0.7003045459597232
-0.7938679245283018    0.6819250861398647
-0.7929245283018869    0.6944136934534143
-0.7919811320754717    0.6710859175280256
-0.7910377358490566    0.6814538179392732
-0.7900943396226414    0.6673157719240141
-0.7891509433962265    0.65506279871072
-0.7882075471698113    0.6331488273868696
-0.7872641509433962    0.6336200955873809
-0.786320754716981    0.6225452928754397
-0.7853773584905661    0.5994531510503855
-0.784433962264151    0.6164188062687201
-0.7834905660377358    0.6168900744692314
-0.7825471698113207    0.5992175169501299
-0.7816037735849057    0.5933266644437385
-0.7806603773584906    0.6109992219628407
-0.7797169811320754    0.59756807824827
-0.7787735849056603    0.5782460820273766
-0.7778301886792454    0.5798955207291662
-0.7768867924528302    0.567878181616061
-0.7759433962264151    0.5589240858063471
-0.7749999999999999    0.5591597199066686
-0.774056603773585    0.5228720684672977
-0.7731132075471698    0.5304123596754163
-0.7721698113207547    0.5494987217961221
-0.7712264150943395    0.5247571412693429
-0.7702830188679246    0.5304123596754787
-0.7693396226415095    0.5313548960764388
-0.7683962264150943    0.5405446259864083
-0.7674528301886792    0.4976592197399427
-0.7665094339622642    0.5266422140713882
-0.7655660377358491    0.4988373902411623
-0.7646226415094339    0.48446371012556905
-0.7636792452830188    0.49577414693789745
-0.7627358490566039    0.48069356452153555
-0.7617924528301887    0.4632566411025626
-0.7608490566037736    0.4752739802155996
-0.7599056603773584    0.4545381793931579
-0.7589622641509435    0.46891185950875286
-0.7580188679245283    0.44393464488160117
-0.7570754716981132    0.45312437479157064
-0.756132075471698    0.43026786706682546
-0.7551886792452831    0.46490607980440674
-0.754245283018868    0.45713015449591626
-0.7533018867924528    0.4458197176836462
-0.7523584905660377    0.41848616205404277
-0.7514150943396227    0.44911859508727786
-0.7504716981132076    0.4326242080693311
-0.7495283018867924    0.4264977214626848
-0.7485849056603773    0.4191930643548097
-0.7476415094339623    0.4356874513727055
-0.7466981132075472    0.43380237857060927
-0.745754716981132    0.42531955096140667
-0.7448113207547169    0.42060686895634364
-0.743867924528302    0.40128487273537994
-0.7429245283018868    0.4203712348560385
-0.7419811320754717    0.4224919417583391
-0.7410377358490565    0.4392219628765403
-0.7400943396226416    0.4290896965655472
-0.7391509433962264    0.4243770145603841
-0.7382075471698113    0.41825052795373785
-0.7372641509433961    0.41118150494611744
-0.7363207547169812    0.41612982105148616
-0.7353773584905661    0.4300322329665192
-0.7344339622641509    0.41565855285092596
-0.7334905660377358    0.41424474824944096
-0.7325471698113208    0.40222740913640254
-0.7316037735849057    0.41188840724683595
-0.7306603773584905    0.417543625652971
-0.7297169811320754    0.4083538957430496
-0.7287735849056605    0.3838479493164615
-0.7278301886792453    0.4057619206401896
-0.7268867924528302    0.3958652884294533
-0.725943396226415    0.3925664110259207
-0.7250000000000001    0.3753651217072579
-0.7240566037735849    0.3890318995220401
-0.7231132075471698    0.39916416583303205
-0.7221698113207546    0.3791352673113484
-0.7212264150943397    0.3748938535067466
-0.7202830188679246    0.38149160831386003
-0.7193396226415094    0.363819050794688
-0.7183962264150943    0.37512948760700227
-0.7174528301886793    0.36853173279984397
-0.7165094339622642    0.3661753917972443
-0.715566037735849    0.3746582194064469
-0.7146226415094339    0.3826697788151832
-0.713679245283019    0.36947426920086657
-0.7127358490566038    0.34850283427807227
-0.7117924528301887    0.33742803156605783
-0.7108490566037735    0.34920973657888027
-0.7099056603773586    0.33624986106481924
-0.7089622641509434    0.33624986106477966
-0.7080188679245283    0.34190507947091475
-0.7070754716981131    0.34402578637325587
-0.7061320754716982    0.3331866177614957
-0.7051886792452831    0.3487384683783279
-0.7042452830188679    0.32800266755583274
-0.7033018867924528    0.3280026675558713
-0.7023584905660378    0.3228187173502469
-0.7014150943396227    0.32564632655327647
-0.7004716981132075    0.32918083805711085
-0.6995283018867924    0.321404912748713
-0.6985849056603775    0.3433188840724889
-0.6976415094339623    0.32399688785148706
-0.6966981132075472    0.3192842058463745
-0.695754716981132    0.31315771923976504
-0.6948113207547171    0.2936000889185457
-0.6938679245283019    0.3287095698565996
-0.6929245283018868    0.3110370123374276
-0.6919811320754716    0.3051461598310728
-0.6910377358490567    0.3034967211292832
-0.6900943396226416    0.3018472824274581
-0.6891509433962264    0.3032610870289919
-0.6882075471698113    0.30184728242749365
-0.6872641509433963    0.3089163054351633
-0.6863207547169812    0.32658886295429895
-0.685377358490566    0.3060886962320594
-0.6844339622641509    0.29713460042238055
-0.683490566037736    0.2968989663221249
-0.6825471698113208    0.29831277092362374
-0.6816037735849056    0.29407135711902244
-0.6806603773584905    0.2804045793042291
-0.6797169811320756    0.28723796821164305
-0.6787735849056604    0.2851172613093086
-0.6778301886792453    0.2903012115149324
-0.6768867924528301    0.2794620429032065
-0.6759433962264152    0.29077247971547787
-0.675    0.2839390908080305
-0.6740566037735849    0.26862287429141474
-0.6731132075471697    0.2841747249083195
-0.6721698113207548    0.2705079470934916
-0.6712264150943397    0.27427809269754977
-0.6702830188679245    0.2657952650883472
-0.6693396226415094    0.28016894520397345
-0.6683962264150944    0.2832321885072969
-0.6674528301886793    0.2587262420806784
-0.6665094339622641    0.2547204623763328
-0.665566037735849    0.2641458263865889
-0.6646226415094341    0.2641458263865889
-0.6636792452830189    0.2665021673891141
-0.6627358490566038    0.2622607535845128
-0.6617924528301886    0.2636745581860776
-0.6608490566037737    0.24930087807048262
-0.6599056603773585    0.2615538512837459
-0.6589622641509434    0.2544848282760771
-0.6580188679245282    0.2587262420807088
-0.6570754716981133    0.25636990107815233
-0.6561320754716982    0.27239301989550474
-0.655188679245283    0.2403467822607395
-0.6542452830188679    0.2587262420807088
-0.6533018867924529    0.25118595087252793
-0.6523584905660378    0.25636990107812213
-0.6514150943396226    0.255191730576844
-0.6504716981132075    0.24718017116818175
-0.6495283018867926    0.25212848727355053
-0.6485849056603774    0.24623763476713018
-0.6476415094339623    0.2535422918750546
-0.6466981132075471    0.24718017116818175
-0.6457547169811322    0.24034678226076778
-0.644811320754717    0.241289318661762
-0.6438679245283019    0.21725464043568807
-0.6429245283018867    0.2396398799600008
-0.6419811320754718    0.25801933977994185
-0.6410377358490567    0.23610536845613822
-0.6400943396226415    0.23186395465153692
-0.6391509433962264    0.23846170945872253
-0.6382075471698113    0.23115705235077003
-0.6372641509433963    0.229271979548752
-0.6363207547169811    0.2389329776592057
-0.635377358490566    0.23021451594974754
-0.6344339622641508    0.229271979548752
-0.6334905660377359    0.2189040791375032
-0.6325471698113208    0.20924308102699674
-0.6316037735849056    0.23351339335332633
-0.6306603773584905    0.2153695676336684
-0.6297169811320755    0.21136378792932226
-0.6287735849056604    0.2061798377236736
-0.6278301886792452    0.22078915193952245
-0.6268867924528301    0.20547293542293088
-0.6259433962264151    0.20806491052574308
-0.625    0.19793264421472664
-0.6240566037735849    0.19793264421472664
-0.6231132075471697    0.21136378792932226
-0.6221698113207548    0.19486940091142643
-0.6212264150943396    0.20076025341779416
-0.6202830188679245    0.2000533511170273
-0.6193396226415093    0.19557630321219338
-0.6183962264150944    0.1887429143047794
-0.6174528301886792    0.17884628209402087
-0.6165094339622641    0.1906279871068022
-0.615566037735849    0.19015671890631333
-0.614622641509434    0.19369123041014816
-0.6136792452830189    0.1757830387906977
-0.6127358490566037    0.18143825719683276
-0.6117924528301886    0.17436923418918446
-0.6108490566037736    0.17107035678560528
-0.6099056603773585    0.18591530510168966
-0.6089622641509433    0.16753584528175078
-0.6080188679245282    0.17295542958765053
-0.6070754716981133    0.1658864065799809
-0.6061320754716981    0.17601867289095333
-0.605188679245283    0.16588640657996137
-0.6042452830188678    0.17036345448483833
-0.6033018867924529    0.17059908858509398
-0.6023584905660377    0.15787484717127004
-0.6014150943396226    0.17342669778814143
-0.6004716981132074    0.17507613648995143
-0.5995283018867925    0.15975991997333389
-0.5985849056603774    0.16376569967766072
-0.5976415094339622    0.16140935867510445
-0.5966981132075471    0.15528287206847644
-0.5957547169811321    0.14962765366234074
-0.594811320754717    0.15104145826385687
-0.5938679245283018    0.15693231077024755
-0.5929245283018867    0.1435011670556937
-0.5919811320754718    0.15999555407358954
-0.5910377358490566    0.14656441035899997
-0.5900943396226415    0.1574035789707588
-0.5891509433962263    0.15575414026898773
-0.5882075471698114    0.14467933755697196
-0.5872641509433962    0.14915638546181187
-0.5863207547169811    0.1625875291763826
-0.5853773584905659    0.1524552628654086
-0.584433962264151    0.1533977992664312
-0.5834905660377359    0.13973102145158678
-0.5825471698113207    0.15269089696564628
-0.5816037735849056    0.1366677781482797
-0.5806603773584906    0.16447260197844696
-0.5797169811320755    0.16612204068021702
-0.5787735849056603    0.152219628765135
-0.5778301886792452    0.15316216516617556
-0.5768867924528303    0.15575414026898773
-0.5759433962264151    0.15269089696564628
-0.575    0.15339779926641317
-0.5740566037735848    0.14632877625876156
-0.5731132075471699    0.15104145826387466
-0.5721698113207547    0.15881738357229255
-0.5712264150943396    0.1548116038679469
-0.5702830188679244    0.1545759697677095
-0.5693396226415095    0.14821384906080678
-0.5683962264150944    0.1486851172613006
-0.5674528301886792    0.15410470156718004
-0.566509433962264    0.16046682227410083
-0.5655660377358491    0.1366677781482797
-0.564622641509434    0.1731910636878858
-0.5636792452830188    0.1425586306546543
-0.5627358490566037    0.1571679448705217
-0.5617924528301887    0.1658864065799809
-0.5608490566037736    0.16871401578302891
-0.5599056603773584    0.15457596976769128
-0.5589622641509433    0.15763921307103299
-0.5580188679245284    0.15881738357231126
-0.5570754716981132    0.14892075136155625
-0.5561320754716981    0.14844948316104498
-0.5551886792452829    0.15999555407358954
-0.554245283018868    0.1616449927753791
-0.5533018867924528    0.1764899410914646
-0.5523584905660377    0.164236967878172
-0.5514150943396225    0.1543403356674538
-0.5504716981132076    0.1538690674669425
-0.5495283018867925    0.16140935867510445
-0.5485849056603773    0.16753584528175078
-0.5476415094339622    0.16565077247972523
-0.5466981132075472    0.1684783816827931
-0.5457547169811321    0.1625875291763826
-0.5448113207547169    0.17201289318660767
-0.5438679245283018    0.1793175502945532
-0.5429245283018869    0.17012782038458268
-0.5419811320754717    0.17366233188839708
-0.5410377358490566    0.1729554295876302
-0.5400943396226414    0.176725575191741
-0.5391509433962265    0.17342669778816186
-0.5382075471698113    0.17884628209402087
-0.5372641509433962    0.18332332999887777
-0.536320754716981    0.16989218628432703
-0.5353773584905661    0.17130599088586096
-0.534433962264151    0.1748405023896752
-0.5334905660377358    0.1703634544848183
-0.5325471698113207    0.17319106368790618
-0.5316037735849057    0.1762543069912297
-0.5306603773584906    0.1748405023896752
-0.5297169811320754    0.18026008669555463
-0.5287735849056603    0.17107035678560528
-0.5278301886792454    0.17130599088586096
-0.5268867924528302    0.18662220740245655
-0.5259433962264151    0.181909525397344
-0.5249999999999999    0.17130599088586096
-0.524056603773585    0.16682894298100354
-0.5231132075471698    0.18049572079581025
-0.5221698113207547    0.16847838168277326
-0.5212264150943395    0.17696120929199669
-0.5202830188679246    0.1642369678781913
-0.5193396226415095    0.16965655218405143
-0.5183962264150943    0.17248416138711892
-0.5174528301886792    0.16777147938202613
-0.5165094339622642    0.14892075136157376
-0.5155660377358491    0.18143825719683276
-0.5146226415094339    0.15858174947203696
-0.5136792452830188    0.16753584528177048
-0.5127358490566039    0.176725575191741
-0.5117924528301887    0.17554740469044208
-0.5108490566037736    0.16706457708123953
-0.5099056603773584    0.17107035678560528
-0.5089622641509435    0.16989218628432703
-0.5080188679245283    0.16046682227408196
-0.5070754716981132    0.16682894298098389
-0.506132075471698    0.16682894298100354
-0.5051886792452831    0.16211626097589044
-0.504245283018868    0.15080582416360125
-0.5033018867924528    0.1713059908858408
-0.5023584905660377    0.16706457708125916
-0.5014150943396227    0.16777147938202613
-0.5004716981132076    0.15598977436922506
-0.4995283018867924    0.1538690674669244
-0.49858490566037733    0.16093809047461213
-0.49764150943396224    0.16140935867510445
-0.49669811320754714    0.16211626097589044
-0.49575471698113205    0.15269089696564628
-0.49481132075471695    0.14703567855952854
-0.49386792452830186    0.1625875291763826
-0.49292452830188677    0.1519839946648973
-0.49198113207547167    0.1451506057574662
-0.4910377358490566    0.15622540846949906
-0.4900943396226415    0.14680004445925557
-0.4891509433962264    0.1611737245748678
-0.4882075471698113    0.13572524174724113
-0.4872641509433962    0.15528287206847644
-0.4863207547169811    0.1548116038679469
-0.485377358490566    0.15104145826387466
-0.4844339622641509    0.1555185061687138
-0.4834905660377358    0.14680004445927286
-0.48254716981132073    0.1512770923641125
-0.48160377358490564    0.14844948316106246
-0.48066037735849054    0.15033455596308998
-0.47971698113207545    0.1361965099477684
-0.47877358490566035    0.1475069467600225
-0.47783018867924526    0.13784594864955801
-0.47688679245283017    0.15716794487050317
-0.47594339622641507    0.14962765366234074
-0.475    0.1328976325441736
-0.4740566037735849    0.14208736245415976
-0.4731132075471698    0.14680004445925557
-0.4721698113207547    0.14774258086029549
-0.4712264150943396    0.1460931421584887
-0.4702830188679245    0.14373680115594936
-0.4693396226415094    0.1496276536623231
-0.4683962264150943    0.14420806935646066
-0.4674528301886792    0.1432655329554212
-0.46650943396226413    0.14892075136157376
-0.46556603773584904    0.1493920195620675
-0.46462264150943394    0.1543403356674538
-0.46367924528301885    0.14090919195286492
-0.46273584905660375    0.15057019006336336
-0.46179245283018866    0.13925975325107554
-0.46084905660377357    0.14962765366234074
-0.45990566037735847    0.15410470156718004
-0.4589622641509434    0.1383172168500693
-0.4580188679245283    0.14632877625874435
-0.4570754716981132    0.13902411915083626
-0.4561320754716981    0.1406735578526093
-0.455188679245283    0.14680004445927286
-0.4542452830188679    0.1460931421584887
-0.4533018867924528    0.13855285095032496
-0.4523584905660377    0.13431143714570737
-0.4514150943396226    0.14467933755697196
-0.45047169811320753    0.1416160942536318
-0.44952830188679244    0.1392597532510919
-0.44858490566037734    0.14797821496053373
-0.44764150943396225    0.14703567855952854
-0.44669811320754715    0.13266199844391796
-0.44575471698113206    0.15033455596310769
-0.44481132075471697    0.14397243525618808
-0.44386792452830187    0.14821384906080678
-0.4429245283018868    0.1460931421584887
-0.4419811320754717    0.14585750805825026
-0.4410377358490566    0.1458575080582331
-0.4400943396226415    0.15080582416361898
-0.4391509433962264    0.1425586306546543
-0.4382075471698113    0.14703567855952854
-0.4372641509433962    0.1416160942536318
-0.4363207547169811    0.1559897743692434
-0.435377358490566    0.15457596976769128
-0.43443396226415093    0.1425586306546711
-0.43349056603773584    0.13572524174724113
-0.43254716981132074    0.1491563854618294
-0.43160377358490565    0.1366677781482636
-0.43066037735849055    0.14632877625876156
-0.42971698113207546    0.13761031454928613
-0.42877358490566037    0.1517483605646416
-0.42783018867924527    0.15975991997331507
-0.4268867924528302    0.14585750805825026
-0.4259433962264151    0.15999555407357072
-0.425    0.14326553295543806
-0.4240566037735849    0.14892075136155625
-0.4231132075471698    0.14538623985773894
-0.4221698113207547    0.1475069467600225
-0.4212264150943396    0.14114482605313716
-0.4202830188679245    0.14821384906078935
-0.4193396226415094    0.1472713126597842
-0.41839622641509433    0.15057019006334563
-0.41745283018867924    0.1451506057574833
-0.41650943396226414    0.14373680115593243
-0.41556603773584905    0.1451506057574833
-0.41462264150943395    0.1432655329554212
-0.41367924528301886    0.14067355785262584
-0.41273584905660377    0.13949538735133116
-0.41179245283018867    0.14420806935646066
-0.4108490566037736    0.14538623985772184
-0.4099056603773585    0.14373680115594936
-0.4089622641509434    0.1496276536623231
-0.4080188679245283    0.13030565744137704
-0.4070754716981132    0.13713904634877488
-0.4061320754716981    0.1319550961431666
-0.405188679245283    0.1442080693564437
-0.4042452830188679    0.12912748694009876
-0.4033018867924528    0.13501833944647423
-0.40235849056603773    0.1305412915416327
-0.40141509433962264    0.13054129154161734
-0.40047169811320754    0.1267711459375422
-0.39952830188679245    0.13525397354672988
-0.39858490566037735    0.12441480493498568
-0.39764150943396226    0.12441480493497103
-0.39669811320754716    0.11852395242859431
-0.39575471698113207    0.12300100033343726
-0.394811320754717    0.1319550961431666
-0.3938679245283019    0.12276536623318164
-0.3929245283018868    0.12135156163166216
-0.3919811320754717    0.11498944092474596
-0.3910377358490566    0.11805268422808299
-0.3900943396226415    0.11404690452372344
-0.3891509433962264    0.1321907302434223
-0.3882075471698113    0.11828831832832473
-0.3872641509433962    0.10721351561632288
-0.38632075471698113    0.11663887962653535
-0.38537735849056604    0.11522507502501514
-0.38443396226415094    0.10697788151605464
-0.38349056603773585    0.10579971101478895
-0.38254716981132075    0.11216183172167843
-0.38160377358490566    0.11239746582194729
-0.38066037735849056    0.09943759030787458
-0.37971698113207547    0.11051239301990204
-0.3787735849056604    0.11263309992218969
-0.3778301886792453    0.09778815160609669
-0.3768867924528302    0.09920195620761896
-0.3759433962264151    0.10320773591197675
-0.375    0.09849505390685206
-0.3740566037735849    0.09967322440814193
-0.3731132075471698    0.09496054240301767
-0.3721698113207547    0.10792041791708985
-0.3712264150943396    0.10650661331554338
-0.37028301886792453    0.10038012670890889
-0.36933962264150944    0.09755251750582956
-0.36839622641509434    0.10415027231299936
-0.36745283018867925    0.10085139490940834
-0.36650943396226415    0.09990885850839759
-0.36556603773584906    0.09260420140046138
-0.36462264150943396    0.08954095809714878
-0.36367924528301887    0.10792041791707714
-0.3627358490566038    0.09731688340558538
-0.3617924528301887    0.10085139490940834
-0.3608490566037736    0.0883627875958705
-0.3599056603773585    0.09990885850838582
-0.3589622641509434    0.09708124930532973
-0.3580188679245283    0.09684561520506267
-0.3570754716981132    0.09260420140047229
-0.3561320754716981    0.09331110370122828
-0.355188679245283    0.09354673780149492
-0.35424528301886793    0.0987306880071077
-0.35330188679245284    0.09448927420251753
-0.35235849056603774    0.09166166499943888
-0.35141509433962265    0.08977659219740444
-0.35047169811320755    0.10226519951094211
-0.34952830188679246    0.09331110370123925
-0.34858490566037736    0.09825941980659644
-0.34764150943396227    0.09755251750584104
-0.3466981132075472    0.09590307880404017
-0.3457547169811321    0.09378237190175057
-0.344811320754717    0.09590307880404017
-0.3438679245283019    0.10108702900967585
-0.3429245283018868    0.09472490830276203
-0.3419811320754717    0.0904834944981714
-0.3410377358490566    0.08529954429253696
-0.3400943396226415    0.09755251750584104
-0.3391509433962264    0.08694898299432635
-0.33820754716981133    0.09142603089919402
-0.33726415094339623    0.09778815160608519
-0.33632075471698114    0.09943759030788628
-0.33537735849056605    0.09189729909969452
-0.33443396226415095    0.0930754696009836
-0.33349056603773586    0.09425364010225078
-0.33254716981132076    0.09496054240302883
-0.33160377358490567    0.08789151939534885
-0.3306603773584906    0.08859842169612615
-0.3297169811320755    0.08553517839279258
-0.3287735849056604    0.09071912859842705
-0.3278301886792453    0.09990885850838582
-0.3268867924528302    0.09024786039791574
-0.3259433962264151    0.09189729909969452
-0.325    0.0909547626986827
-0.3240566037735849    0.0874202511948376
-0.3231132075471698    0.08954095809714878
-0.32216981132075473    0.08105813048793567
-0.32122641509433963    0.09802378570635234
-0.32028301886792454    0.08341447149049194
-0.31933962264150945    0.09142603089919402
-0.31839622641509435    0.09048349449816075
-0.31745283018867926    0.08930532399689313
-0.31650943396226416    0.08812715349560449
-0.31556603773584907    0.09071912859842705
-0.314622641509434    0.08789151939534885
-0.3136792452830189    0.0956674447037958
-0.3127358490566038    0.090954762698672
-0.3117924528301887    0.08247193508947913
-0.3108490566037736    0.090954762698672
-0.3099056603773585    0.08223630098922348
-0.3089622641509434    0.08553517839279258
-0.3080188679245283    0.08906968989663748
-0.3070754716981132    0.09071912859841638
-0.30613207547169813    0.0909547626986827
-0.30518867924528303    0.08977659219739387
-0.30424528301886794    0.09071912859842705
-0.30330188679245285    0.09378237190173953
-0.30235849056603775    0.09472490830277318
-0.30141509433962266    0.09189729909969452
-0.30047169811320756    0.09166166499944967
-0.29952830188679247    0.08836278759586011
-0.2985849056603774    0.09778815160609669
-0.2976415094339623    0.090954762698672
-0.2966981132075472    0.09001222629766009
-0.2957547169811321    0.08718461709458197
-0.294811320754717    0.08294320328999046
-0.2938679245283019    0.08954095809713825
-0.2929245283018868    0.09331110370123925
-0.2919811320754717    0.08529954429253696
-0.2910377358490566    0.09213293319996099
-0.29009433962264153    0.09660998110480705
-0.28915094339622643    0.08812715349561485
-0.28820754716981134    0.08765588529509323
-0.28726415094339625    0.09849505390686367
-0.28632075471698115    0.09024786039790512
-0.28537735849056606    0.08647771479382527
-0.28443396226415096    0.0864777147938151
-0.28349056603773587    0.09001222629766009
-0.2825471698113208    0.09048349449816075
-0.2816037735849057    0.09213293319996099
-0.2806603773584906    0.08529954429253696
-0.2797169811320755    0.09071912859842705
-0.2787735849056604    0.09189729909969452
-0.2778301886792453    0.08883405579638182
-0.2768867924528302    0.09401800600199516
-0.27594339622641506    0.09637434700455141
-0.27499999999999997    0.09001222629766009
-0.2740566037735849    0.10179393131043085
-0.2731132075471698    0.0909547626986827
-0.2721698113207547    0.08459264199177008
-0.2712264150943396    0.09849505390686367
-0.2702830188679245    0.09825941980659644
-0.2693396226415094    0.09708124930532973
-0.2683962264150943    0.09425364010225078
-0.2674528301886792    0.09260420140047229
-0.2665094339622641    0.09778815160608519
-0.265566037735849    0.09331110370123925
-0.26462264150943393    0.08859842169611575
-0.26367924528301884    0.09236856730021664
-0.26273584905660374    0.09660998110480705
-0.26179245283018865    0.0883627875958705
-0.26084905660377355    0.09496054240301767
-0.25990566037735846    0.08200066688896783
-0.25896226415094337    0.09825941980659644
-0.2580188679245283    0.09071912859842705
-0.2570754716981132    0.09048349449816075
-0.2561320754716981    0.09024786039791574
-0.255188679245283    0.09048349449816075
-0.2542452830188679    0.08883405579638182
-0.2533018867924528    0.09472490830276203
-0.2523584905660377    0.0904834944981714
-0.2514150943396226    0.08435700789151446
-0.2504716981132075    0.08954095809714878
-0.24952830188679243    0.08529954429253696
-0.24858490566037733    0.09331110370123925
-0.24764150943396224    0.08105813048793567
-0.24669811320754714    0.08035122818717826
-0.24575471698113205    0.08600644659330384
-0.24481132075471695    0.08765588529510354
-0.24386792452830186    0.08482827609202571
-0.24292452830188677    0.08859842169612615
-0.24198113207547167    0.0838857396910032
-0.24103773584905658    0.09001222629766009
-0.24009433962264148    0.08624208069355946
-0.2391509433962264    0.09213293319996099
-0.2382075471698113    0.08105813048793567
-0.2372641509433962    0.07893742358564432
-0.2363207547169811    0.090954762698672
-0.235377358490566    0.07728798488385474
-0.23443396226415092    0.08482827609202571
-0.23349056603773582    0.08883405579638182
-0.23254716981132073    0.08906968989662699
-0.23160377358490564    0.08365010559075742
-0.23066037735849054    0.08812715349560449
-0.22971698113207545    0.0796443258864113
-0.22877358490566035    0.07469600978103375
-0.22783018867924526    0.08129376458820087
-0.22688679245283017    0.07799488718461253
-0.22594339622641507    0.07870178948538867
-0.22499999999999998    0.08011559408691317
-0.22405660377358488    0.07304657107925294
-0.2231132075471698    0.08812715349560449
-0.2221698113207547    0.07446037568078688
-0.2212264150943396    0.07917305768589065
-0.2202830188679245    0.0831788373902461
-0.2193396226415094    0.08011559408691317
-0.21839622641509432    0.08600644659331397
-0.21745283018867922    0.07469600978103375
-0.21650943396226413    0.08294320328999046
-0.21556603773584904    0.08459264199177008
-0.21462264150943394    0.0883627875958705
-0.21367924528301885    0.07964432588640191
-0.21273584905660375    0.08930532399689313
-0.21179245283018866    0.08836278759586011
-0.21084905660377357    0.08765588529510354
-0.20990566037735847    0.08011559408691317
-0.20896226415094338    0.08223630098922348
-0.20801886792452828    0.08977659219739387
-0.2070754716981132    0.07775925308436604
-0.2061320754716981    0.07940869178614628
-0.205188679245283    0.08859842169612615
-0.2042452830188679    0.0864777147938151
-0.2033018867924528    0.08906968989663748
-0.20235849056603772    0.08765588529509323
-0.20141509433962262    0.0827075691897348
-0.20047169811320753    0.08482827609202571
-0.19952830188679244    0.08577081249305832
-0.19858490566037734    0.0822363009892138
-0.19764150943396225    0.0831788373902461
-0.19669811320754715    0.09189729909969452
-0.19575471698113206    0.08694898299433658
-0.19481132075471697    0.08011559408691317
-0.19386792452830187    0.09142603089919402
-0.19292452830188678    0.08435700789151446
-0.19198113207547168    0.09401800600200622
-0.1910377358490566    0.09142603089918326
-0.1900943396226415    0.09001222629766009
-0.1891509433962264    0.09260420140046138
-0.1882075471698113    0.08883405579638182
-0.1872641509433962    0.08506391019228134
-0.18632075471698112    0.08388573969101307
-0.18537735849056602    0.08058686228742443
-0.18443396226415093    0.09142603089919402
-0.18349056603773584    0.0970812493053183
-0.18254716981132074    0.07987995998666694
-0.18160377358490565    0.08930532399688261
-0.18066037735849055    0.08553517839280264
-0.17971698113207546    0.0838857396910032
-0.17877358490566037    0.0831788373902461
-0.17783018867924527    0.08529954429253696
-0.17688679245283018    0.08600644659331397
-0.17594339622641508    0.08906968989662699
-0.175    0.08200066688896783
-0.1740566037735849    0.09213293319995014
-0.1731132075471698    0.08129376458820087
-0.1721698113207547    0.08270756918972506
-0.1712264150943396    0.08600644659331397
-0.17028301886792452    0.0864777147938151
-0.16933962264150942    0.08977659219740444
-0.16839622641509433    0.08906968989662699
-0.16745283018867924    0.09213293319996099
-0.16650943396226414    0.08553517839279258
-0.16556603773584905    0.08435700789152438
-0.16462264150943395    0.08435700789151446
-0.16367924528301886    0.07705235078359908
-0.16273584905660377    0.08317883739023631
-0.16179245283018867    0.08577081249305832
-0.16084905660377358    0.08247193508946943
-0.15990566037735848    0.08506391019229134
-0.1589622641509434    0.07917305768589065
-0.1580188679245283    0.08789151939535919
-0.1570754716981132    0.08270756918972506
-0.1561320754716981    0.09142603089919402
-0.155188679245283    0.08529954429253696
-0.15424528301886792    0.08671334889408093
-0.15330188679245282    0.08930532399688261
-0.15235849056603773    0.09024786039791574
-0.15141509433962264    0.07658108258307876
-0.15047169811320754    0.08482827609203568
-0.14952830188679245    0.09189729909969452
-0.14858490566037735    0.09071912859842705
-0.14764150943396226    0.0864777147938151
-0.14669811320754716    0.08105813048794522
-0.14575471698113207    0.07516727798154499
-0.14481132075471698    0.08341447149050177
-0.14386792452830188    0.0864777147938151
-0.1429245283018868    0.08954095809714878
-0.1419811320754717    0.08883405579637137
-0.1410377358490566    0.08577081249305832
-0.1400943396226415    0.08176503278870256
-0.1391509433962264    0.08906968989663748
-0.13820754716981132    0.0838857396910032
-0.13726415094339622    0.08341447149050177
-0.13632075471698113    0.09048349449816075
-0.13537735849056604    0.08859842169612615
-0.13443396226415094    0.08482827609202571
-0.13349056603773585    0.08341447149050177
-0.13254716981132075    0.09590307880404017
-0.13160377358490566    0.0909547626986827
-0.13066037735849056    0.09401800600199516
-0.12971698113207547    0.09448927420251753
-0.12877358490566038    0.08317883739023631
-0.12783018867924528    0.0930754696009836
-0.1268867924528302    0.09378237190173953
-0.1259433962264151    0.09637434700456277
-0.125    0.09920195620761896
-0.1240566037735849    0.09873068800711932
-0.12311320754716981    0.08671334889407072
-0.12216981132075472    0.09425364010226187
-0.12122641509433962    0.09213293319995014
-0.12028301886792453    0.09024786039791574
-0.11933962264150944    0.10108702900966396
-0.11839622641509434    0.09660998110481842
-0.11745283018867925    0.0970812493053183
-0.11650943396226415    0.09613871290430712
-0.11556603773584906    0.09943759030787458
-0.11462264150943396    0.09708124930532973
-0.11367924528301887    0.106742247415799
-0.11273584905660378    0.09236856730021664
-0.11179245283018868    0.09825941980659644
-0.11084905660377359    0.09755251750584104
-0.1099056603773585    0.1013226631099196
-0.1089622641509434    0.09849505390686367
-0.1080188679245283    0.11498944092474596
-0.10707547169811321    0.11004112481939074
-0.10613207547169812    0.10815605201733278
-0.10518867924528302    0.09425364010226187
-0.10424528301886793    0.10367900411247585
-0.10330188679245284    0.10202956541069848
-0.10235849056603774    0.10627097921528776
-0.10141509433962265    0.10839168611760115
-0.10047169811320755    0.09543181060352893
-0.09952830188679246    0.11899522062910563
-0.09858490566037736    0.10108702900966396
-0.09764150943396227    0.11027675891964639
-0.09669811320754718    0.11098366122040029
-0.09575471698113208    0.10721351561632288
-0.09481132075471699    0.11169056352116717
-0.0938679245283019    0.10108702900967585
-0.0929245283018868    0.10744914971656588
-0.0919811320754717    0.12300100033345175
-0.09103773584905661    0.106742247415799
-0.09009433962264152    0.10839168611760115
-0.08915094339622642    0.10650661331554338
-0.08820754716981133    0.11640324552629341
-0.08726415094339623    0.11098366122040029
-0.08632075471698114    0.11805268422808299
-0.08537735849056605    0.12088029343113663
-0.08443396226415095    0.1133400022229699
-0.08349056603773586    0.11993775703011411
-0.08254716981132076    0.11875958652884996
-0.08160377358490567    0.10438590641324275
-0.08066037735849058    0.11192619762143598
-0.07971698113207548    0.11734578192730222
-0.07877358490566039    0.10721351561632288
-0.0778301886792453    0.12394353673445978
-0.0768867924528302    0.12064465933089519
-0.0759433962264151    0.10933422251861091
-0.07500000000000001    0.11027675891964639
-0.07405660377358492    0.11663887962653535
-0.07311320754716982    0.11310436812271425
-0.07216981132075473    0.10627097921528776
-0.07122641509433963    0.10674224741581156
-0.07028301886792454    0.11498944092474596
-0.06933962264150945    0.12088029343115085
-0.06839622641509435    0.11640324552627972
-0.06745283018867926    0.1159319773257821
-0.06650943396226416    0.11027675891963341
-0.06556603773584907    0.11522507502501514
-0.06462264150943398    0.12111592753139226
-0.06367924528301888    0.11381127042348121
-0.06273584905660379    0.11051239301988904
-0.06179245283018869    0.10721351561632288
-0.0608490566037736    0.10744914971656588
-0.059905660377358505    0.11027675891964639
-0.05896226415094341    0.11687451372679096
-0.05801886792452832    0.11734578192731604
-0.05707547169811322    0.11993775703011411
-0.05613207547169813    0.11428253862399253
-0.055188679245283034    0.11428253862397907
-0.05424528301886794    0.10792041791708985
-0.053301886792452846    0.1032077359119646
-0.05235849056603775    0.1081560520173455
-0.05141509433962266    0.10909858841835528
-0.050471698113207564    0.10862732021785682
-0.04952830188679247    0.1013226631099196
-0.048584905660377375    0.09967322440814193
-0.04764150943396228    0.09849505390685206
-0.04669811320754719    0.10415027231299936
-0.04575471698113209    0.11334000222295658
-0.044811320754717    0.11687451372680473
-0.043867924528301905    0.10226519951094211
-0.04292452830188681    0.1060353451150446
-0.04198113207547172    0.10155829721017522
-0.04103773584905662    0.09802378570635234
-0.04009433962264153    0.0987306880071077
-0.039150943396226434    0.10462154051351069
-0.03820754716981134    0.11357563632321219
-0.037264150943396246    0.09213293319996099
-0.03632075471698115    0.10744914971656588
-0.03537735849056606    0.09119039679893837
-0.034433962264150964    0.10155829721017522
-0.033490566037735814    0.09378237190173953
-0.03254716981132072    0.10721351561632288
-0.031603773584905626    0.09849505390685206
-0.03066037735849053    0.09967322440814193
-0.029716981132075437    0.10226519951094211
-0.028773584905660343    0.1034433700122324
-0.02783018867924525    0.10202956541068647
-0.026886792452830155    0.1081560520173455
-0.02594339622641506    0.09825941980659644
-0.024999999999999967    0.10674224741581156
-0.024056603773584873    0.09637434700455141
-0.02311320754716978    0.09684561520507408
-0.022169811320754684    0.09401800600199516
-0.02122641509433959    0.09943759030788628
-0.020283018867924496    0.09401800600199516
-0.019339622641509402    0.09708124930532973
-0.018396226415094308    0.09519617650327329
-0.017452830188679214    0.09448927420251753
-0.01650943396226412    0.10202956541068647
-0.015566037735849025    0.1029721018117211
-0.014622641509433931    0.10250083361119773
-0.013679245283018837    0.0951961765032845
-0.012735849056603743    0.09920195620761896
-0.011792452830188649    0.1034433700122324
-0.010849056603773555    0.08506391019228134
-0.00990566037735846    0.1034433700122324
-0.008962264150943366    0.09943759030787458
-0.008018867924528272    0.10438590641325501
-0.007075471698113178    0.0996732244081302
-0.006132075471698084    0.09236856730021664
-0.00518867924528299    0.09637434700455141
-0.004245283018867896    0.0930754696009836
-0.0033018867924528017    0.1013226631099196
-0.0023584905660377076    0.09967322440814193
-0.0014150943396226134    0.09543181060352893
-0.0004716981132075193    0.09684561520507408
0.0004716981132075748    0.09613871290429579
0.0014150943396227245    0.10155829721017522
0.002358490566037763    0.0992019562076423
0.0033018867924528017    0.09731688340557393
0.004245283018867951    0.0987306880071077
0.005188679245283101    0.09260420140046138
0.00613207547169814    0.09755251750585253
0.007075471698113178    0.1013226631099196
0.008018867924528328    0.10485717461375399
0.008962264150943478    0.09472490830276203
0.009905660377358516    0.09684561520508547
0.010849056603773555    0.10462154051349837
0.011792452830188704    0.09590307880404017
0.012735849056603854    0.10179393131043085
0.013679245283018893    0.10085139490943208
0.014622641509433931    0.10226519951094211
0.015566037735849081    0.090954762698672
0.01650943396226423    0.09731688340557393
0.01745283018867927    0.10155829721019911
0.018396226415094308    0.09849505390685206
0.019339622641509457    0.10603534511503214
0.020283018867924607    0.10367900411247585
0.021226415094339646    0.10462154051352299
0.022169811320754684    0.10650661331554338
0.023113207547169834    0.10202956541068647
0.024056603773584984    0.10226519951094211
0.025000000000000022    0.09613871290431843
0.02594339622641506    0.1032077359119646
0.02688679245283021    0.10627097921528776
0.02783018867924536    0.10391463821273149
0.0287735849056604    0.10438590641326731
0.029716981132075437    0.10297210181170899
0.030660377358490587    0.09425364010225078
0.03160377358490574    0.09283983550071702
0.032547169811320775    0.09967322440815367
0.033490566037735814    0.10297210181170899
0.034433962264150964    0.1032077359119646
0.03537735849056611    0.10344337001222023
0.03632075471698115    0.09943759030789798
0.03726415094339619    0.0987306880071077
0.03820754716981134    0.106742247415799
0.03915094339622649    0.10697788151605464
0.04009433962264153    0.10344337001224459
0.04103773584905657    0.10532844281426525
0.04198113207547172    0.10391463821273149
0.042924528301886866    0.10792041791707714
0.043867924528301905    0.10532844281429005
0.04481132075471694    0.0987306880071077
0.04575471698113209    0.10603534511503214
0.04669811320754724    0.11357563632321219
0.04764150943396228    0.10792041791710255
0.04858490566037732    0.10744914971656588
0.04952830188679247    0.10697788151605464
0.05047169811320762    0.10627097921528776
0.05141509433962266    0.11451817272426165
0.052358490566037696    0.11145492942091155
0.053301886792452846    0.11334000222295658
0.054245283018867996    0.11098366122040029
0.055188679245283034    0.11758141602758553
0.05613207547169807    0.1083916861175884
0.05707547169811322    0.10956985661886653
0.05801886792452837    0.11828831832832473
0.05896226415094341    0.11334000222298324
0.05990566037735845    0.11334000222295658
0.0608490566037736    0.10862732021784403
0.06179245283018875    0.11286873402244532
0.06273584905660379    0.11192619762144915
0.06367924528301883    0.11404690452372344
0.06462264150943398    0.11027675891963341
0.06556603773584913    0.11334000222295658
0.06650943396226416    0.1140469045237503
0.0674528301886792    0.11310436812270094
0.06839622641509435    0.12370790263420416
0.0693396226415095    0.11498944092474596
0.07028301886792454    0.1206446593309094
0.07122641509433958    0.1145181727242347
0.07216981132075473    0.10650661331554338
0.07311320754716988    0.11805268422806911
0.07405660377358492    0.12276536623321052
0.07499999999999996    0.11404690452372344
0.0759433962264151    0.120644659330881
0.07688679245283025    0.11428253862397907
0.0778301886792453    0.10886295431812527
0.07877358490566033    0.11404690452372344
0.07971698113207548    0.11640324552627972
0.08066037735849063    0.12135156163164788
0.08160377358490567    0.11875958652886394
0.08254716981132071    0.11711014782704661
0.08349056603773586    0.10792041791707714
0.08443396226415101    0.11098366122040029
0.08537735849056605    0.12276536623321052
0.08632075471698109    0.11192619762142281
0.08726415094339623    0.122529732132926
0.08820754716981138    0.11074802712014467
0.08915094339622642    0.11498944092477302
0.09009433962264146    0.11404690452372344
0.09103773584905661    0.11192619762142281
0.09198113207547176    0.12040902523062537
0.0929245283018868    0.10933422251863663
0.09386792452830184    0.11428253862397907
0.09481132075471699    0.11357563632321219
0.09575471698113214    0.09755251750582956
0.09669811320754718    0.1140469045237503
0.09764150943396221    0.11286873402244532
0.09858490566037736    0.11428253862397907
0.09952830188679251    0.10462154051349837
0.10047169811320755    0.1086273202178696
0.10141509433962259    0.11169056352116717
0.10235849056603774    0.12088029343113663
0.10330188679245289    0.11334000222295658
0.10424528301886793    0.1140469045237503
0.10518867924528297    0.10650661331554338
0.10613207547169812    0.10744914971656588
0.10707547169811327    0.10367900411247585
0.1080188679245283    0.10179393131045479
0.10896226415094334    0.10627097921528776
0.1099056603773585    0.10886295431809966
0.11084905660377364    0.10509280871400963
0.11179245283018868    0.0992019562076423
0.11273584905660372    0.09566744470378455
0.11367924528301887    0.10627097921528776
0.11462264150943402    0.10980549071912217
0.11556603773584906    0.10509280871403437
0.1165094339622641    0.10650661331554338
0.11745283018867925    0.09825941980659644
0.1183962264150944    0.09236856730020578
0.11933962264150944    0.09896632210738662
0.12028301886792447    0.1032077359119646
0.12122641509433962    0.10038012670889708
0.12216981132075477    0.10697788151605464
0.12311320754716981    0.09472490830278434
0.12405660377358485    0.09166166499943888
0.125    0.10038012670889708
0.12594339622641515    0.09119039679892764
0.1268867924528302    0.0937823719017616
0.12783018867924523    0.09590307880404017
0.12877358490566038    0.09637434700455141
0.12971698113207553    0.09825941980659644
0.13066037735849056    0.08742025119485818
0.1316037735849056    0.08694898299432635
0.13254716981132075    0.09378237190173953
0.1334905660377359    0.09307546960097264
0.13443396226415094    0.0909547626986934
0.13537735849056598    0.09142603089918326
0.13632075471698113    0.09213293319995014
0.13726415094339628    0.09260420140046138
0.13820754716981132    0.09236856730022751
0.13915094339622636    0.09001222629764949
0.1400943396226415    0.09684561520506267
0.14103773584905666    0.08341447149049194
0.1419811320754717    0.08647771479383544
0.14292452830188673    0.08600644659330384
0.14386792452830188    0.08765588529509323
0.14481132075471703    0.09236856730020578
0.14575471698113207    0.08694898299434682
0.1466981132075471    0.08954095809713825
0.14764150943396226    0.0874202511948376
0.1485849056603774    0.0857708124930482
0.14952830188679245    0.08624208069357976
0.15047169811320749    0.08812715349560449
0.15141509433962264    0.08812715349560449
0.15235849056603779    0.08365010559074756
0.15330188679245282    0.0911903967989491
0.15424528301886786    0.09778815160608519
0.155188679245283    0.08600644659330384
0.15613207547169816    0.09519617650327329
0.1570754716981132    0.0817650327887218
0.15801886792452824    0.08977659219739387
0.1589622641509434    0.08341447149049194
0.15990566037735854    0.09001222629764949
0.16084905660377358    0.09401800600201728
0.16179245283018862    0.0987306880071077
0.16273584905660377    0.09001222629764949
0.16367924528301891    0.09024786039790512
0.16462264150943395    0.10532844281429005
0.165566037735849    0.09590307880404017
0.16650943396226414    0.08977659219739387
0.1674528301886793    0.08812715349560449
0.16839622641509433    0.09613871290431843
0.16933962264150937    0.0996732244081302
0.17028301886792452    0.0987306880071077
0.17122641509433967    0.09024786039790512
0.1721698113207547    0.08906968989664796
0.17311320754716975    0.08482827609202571
0.1740566037735849    0.09260420140046138
0.17500000000000004    0.08718461709458197
0.17594339622641508    0.09142603089920479
0.17688679245283012    0.09024786039790512
0.17783018867924527    0.09331110370122828
0.17877358490566042    0.09024786039790512
0.17971698113207546    0.09354673780150592
0.1806603773584905    0.0987306880071077
0.18160377358490565    0.08624208069355946
0.1825471698113208    0.08506391019228134
0.18349056603773584    0.09731688340559684
0.18443396226415087    0.08906968989662699
0.18537735849056602    0.0874202511948376
0.18632075471698117    0.08694898299432635
0.1872641509433962    0.09496054240304001
0.18820754716981125    0.08718461709458197
0.1891509433962264    0.09519617650327329
0.19009433962264155    0.09189729909969452
0.1910377358490566    0.09189729909971614
0.19198113207547163    0.10179393131043085
0.19292452830188678    0.08930532399688261
0.19386792452830193    0.09472490830276203
0.19481132075471697    0.0937823719017616
0.195754716981132    0.09566744470378455
0.19669811320754715    0.10438590641324275
0.1976415094339623    0.09213293319995014
0.19858490566037734    0.09566744470380706
0.19952830188679238    0.0864777147938151
0.20047169811320753    0.09731688340557393
0.20141509433962268    0.09613871290429579
0.20235849056603772    0.08482827609204567
0.20330188679245276    0.09189729909969452
0.2042452830188679    0.09637434700455141
0.20518867924528306    0.09660998110480705
0.2061320754716981    0.09236856730022751
0.20707547169811313    0.09543181060352893
0.20801886792452828    0.08812715349560449
0.20896226415094343    0.09142603089918326
0.20990566037735858    0.08247193508946943
0.21084905660377362    0.08906968989664796
0.21179245283018866    0.07893742358563502
0.2127358490566038    0.09260420140046138
0.21367924528301896    0.09119039679892764
0.214622641509434    0.08694898299434682
0.21556603773584904    0.09024786039790512
0.2165094339622642    0.08859842169611575
0.21745283018867934    0.08529954429253696
0.21839622641509437    0.09236856730022751
0.2193396226415094    0.08270756918972506
0.22028301886792456    0.09213293319995014
0.2212264150943397    0.09166166499943888
0.22216981132075475    0.0871846170946025
0.2231132075471698    0.09519617650327329
0.22405660377358494    0.0857708124930482
0.2250000000000001    0.09401800600199516
0.22594339622641513    0.08341447149051157
0.22688679245283017    0.08082249638768005
0.22783018867924532    0.09213293319995014
0.22877358490566047    0.08506391019228134
0.2297169811320755    0.0911903967989491
0.23066037735849054    0.08317883739023631
0.2316037735849057    0.0935467378014839
0.23254716981132084    0.09896632210736332
0.23349056603773588    0.089776592197415
0.23443396226415092    0.08105813048793567
0.23537735849056607    0.09331110370122828
0.23632075471698122    0.08836278759586011
0.23726415094339626    0.08906968989664796
0.2382075471698113    0.08412137379125882
0.23915094339622645    0.08152939868844693
0.2400943396226416    0.07940869178614628
0.24103773584905663    0.089776592197415
0.24198113207547167    0.09307546960097264
0.24292452830188682    0.08317883739023631
0.24386792452830197    0.08765588529509323
0.244811320754717    0.08883405579639227
0.24575471698113205    0.08859842169611575
0.2466981132075472    0.08365010559074756
0.24764150943396235    0.09401800600199516
0.2485849056603774    0.08459264199179
0.24952830188679243    0.09590307880404017
0.2504716981132076    0.08930532399688261
0.2514150943396227    0.08671334889407072
0.25235849056603776    0.08577081249306841
0.2533018867924528    0.09260420140046138
0.25424528301886795    0.09071912859841638
0.2551886792452831    0.08200066688895818
0.25613207547169814    0.09496054240304001
0.2570754716981132    0.09331110370122828
0.25801886792452833    0.09001222629764949
0.2589622641509435    0.08082249638768005
0.2599056603773585    0.08459264199179
0.26084905660377355    0.0725753028787331
0.2617924528301887    0.08435700789151446
0.26273584905660385    0.09283983550071702
0.2636792452830189    0.08553517839281272
0.26462264150943393    0.09048349449816075
0.2655660377358491    0.08906968989662699
0.26650943396226423    0.09119039679892764
0.26745283018867927    0.08200066688897747
0.2683962264150943    0.08435700789151446
0.26933962264150946    0.08176503278870256
0.2702830188679246    0.0787017894853794
0.27122641509433965    0.07446037568079564
0.2721698113207547    0.0838857396910032
0.27311320754716983    0.08836278759586011
0.274056603773585    0.08529954429253696
0.275    0.08058686228744338
0.27594339622641506    0.08035122818716879
0.2768867924528302    0.08482827609202571
0.27783018867924536    0.08317883739023631
0.2787735849056604    0.08129376458821043
0.27971698113207544    0.07846615538512378
0.2806603773584906    0.07092586417694371
0.28160377358490574    0.08011559408691317
0.2825471698113208    0.08459264199179
0.2834905660377358    0.08105813048793567
0.28443396226415096    0.08694898299432635
0.2853773584905661    0.07964432588640191
0.28632075471698115    0.069747693675682
0.2872641509433962    0.08459264199177008
0.28820754716981134    0.07964432588640191
0.2891509433962265    0.08200066688895818
0.29009433962264153    0.07846615538514225
0.29103773584905657    0.08553517839279258
0.2919811320754717    0.08435700789151446
0.29292452830188687    0.0787017894853794
0.2938679245283019    0.0803512281871877
0.29481132075471694    0.0699833277759212
0.2957547169811321    0.07493164388128938
0.29669811320754724    0.08058686228742443
0.2976415094339623    0.0843570078915343
0.2985849056603773    0.08011559408691317
0.29952830188679247    0.08506391019228134
0.3004716981132076    0.07752361898410128
0.30141509433962266    0.07987995998667634
0.3023584905660377    0.08011559408691317
0.30330188679245285    0.08365010559074756
0.304245283018868    0.07186840057796622
0.30518867924528303    0.08270756918974453
0.3061320754716981    0.07846615538512378
0.3070754716981132    0.08600644659330384
0.3080188679245284    0.07728798488384564
0.3089622641509434    0.07917305768590929
0.30990566037735845    0.06880515727464306
0.3108490566037736    0.08365010559074756
0.31179245283018875    0.07563854618205625
0.3127358490566038    0.08247193508948886
0.3136792452830188    0.07681671668333438
0.314622641509434    0.07728798488384564
0.3155660377358491    0.07681671668333438
0.31650943396226416    0.07563854618207405
0.3174528301886792    0.08011559408691317
0.31839622641509435    0.07728798488384564
0.3193396226415095    0.07233966877847747
0.32028301886792454    0.07752361898411951
0.3212264150943396    0.08435700789151446
0.32216981132075473    0.07375347338001124
0.3231132075471699    0.07705235078359002
0.3240566037735849    0.08412137379127863
0.32499999999999996    0.07964432588640191
0.3259433962264151    0.09071912859841638
0.32688679245283025    0.08317883739023631
0.3278301886792453    0.09354673780150592
0.32877358490566033    0.07893742358563502
0.3297169811320755    0.0864777147938151
0.33066037735849063    0.09566744470378455
0.33160377358490567    0.08247193508948886
0.3325471698113207    0.08977659219739387
0.33349056603773586    0.09425364010225078
0.334433962264151    0.09684561520506267
0.33537735849056605    0.08836278759588091
0.3363207547169811    0.08765588529509323
0.33726415094339623    0.09142603089918326
0.3382075471698114    0.09401800600199516
0.3391509433962264    0.09684561520508547
0.34009433962264146    0.09496054240301767
0.3410377358490566    0.09825941980659644
0.34198113207547176    0.0864777147938151
0.3429245283018868    0.08812715349562522
0.34386792452830184    0.09778815160608519
0.344811320754717    0.09519617650327329
0.34575471698113214    0.0987306880071077
0.3466981132075472    0.09802378570636389
0.3476415094339622    0.0935467378014839
0.34858490566037736    0.10627097921528776
0.3495283018867925    0.10650661331554338
0.35047169811320755    0.09873068800713093
0.3514150943396226    0.10956985661886653
0.35235849056603774    0.10179393131043085
0.3533018867924529    0.09425364010225078
0.35424528301886793    0.09873068800713093
0.35518867924528297    0.11098366122040029
0.3561320754716981    0.0935467378014839
0.35707547169811327    0.09825941980659644
0.3580188679245283    0.10415027231301163
0.35896226415094334    0.09802378570634082
0.3599056603773585    0.10721351561631026
0.36084905660377364    0.10273646771145335
0.3617924528301887    0.10792041791710255
0.3627358490566037    0.10768478381682152
0.36367924528301887    0.11027675891963341
0.364622641509434    0.10226519951094211
0.36556603773584906    0.11616761142605143
0.3665094339622641    0.10862732021784403
0.36745283018867925    0.10367900411247585
0.3683962264150944    0.10815605201733278
0.36933962264150944    0.10768478381684686
0.3702830188679245    0.10415027231298711
0.3712264150943396    0.10509280871400963
0.3721698113207548    0.106742247415799
0.3731132075471698    0.10792041791710255
0.37405660377358485    0.11169056352116717
0.375    0.11428253862397907
0.37594339622641515    0.1083916861175884
0.3768867924528302    0.10744914971659118
0.3778301886792452    0.12205846393241478
0.3787735849056604    0.12771368233854982
0.3797169811320755    0.10815605201733278
0.38066037735849056    0.11758141602758553
0.3816037735849056    0.11334000222295658
0.38254716981132075    0.12229409803267038
0.3834905660377359    0.11852395242858037
0.38443396226415094    0.1206446593309094
0.385377358490566    0.1197021229298585
0.38632075471698113    0.12017339113036975
0.3872641509433963    0.13054129154161734
0.3882075471698113    0.12677114593755714
0.38915094339622636    0.12300100033343726
0.3900943396226415    0.12135156163164788
0.39103773584905666    0.12629987773701606
0.3919811320754717    0.12983438924088103
0.39292452830188673    0.12229409803267038
0.3938679245283019    0.13572524174724113
0.39481132075471703    0.12488607313548228
0.39575471698113207    0.12394353673448896
0.3966981132075471    0.12040902523062537
0.39764150943396226    0.12653551183727166
0.3985849056603774    0.13596087584749675
0.39952830188679245    0.12912748694011397
0.4004716981132075    0.1232366344336929
0.40141509433962264    0.13619650994775237
0.4023584905660378    0.1406735578526093
0.4033018867924528    0.14161609425366511
0.40424528301886786    0.13619650994775237
0.405188679245283    0.13572524174724113
0.40613207547169816    0.1442080693564437
0.4070754716981132    0.13171946204292648
0.40801886792452824    0.13054129154161734
0.4089622641509434    0.1387884850505643
0.40990566037735854    0.13525397354672988
0.4108490566037736    0.13996665555187535
0.4117924528301886    0.13572524174724113
0.41273584905660377    0.1583461153717813
0.4136792452830189    0.14774258086027808
0.41462264150943395    0.14279426475494353
0.415566037735849    0.1366677781482636
0.41650943396226414    0.14703567855951122
0.4174528301886793    0.14915638546181187
0.41839622641509433    0.1378459486495742
0.41933962264150937    0.15693231077024755
0.4202830188679245    0.13925975325107554
0.42122641509433967    0.15198399466487938
0.4221698113207547    0.15174836056465946
0.42311320754716975    0.14208736245414305
0.4240566037735849    0.14632877625874435
0.42500000000000004    0.1435011670556768
0.4259433962264151    0.15316216516619358
0.4268867924528301    0.14774258086027808
0.42783018867924527    0.1423229965543987
0.4287735849056604    0.14279426475490994
0.42971698113207546    0.14915638546184698
0.4306603773584905    0.14656441035899997
0.43160377358490565    0.1432655329554212
0.4325471698113208    0.1432655329554212
0.43349056603773584    0.14986328776261404
0.4344339622641509    0.15269089696564628
0.435377358490566    0.15198399466487938
0.4363207547169812    0.16023118817382634
0.4372641509433962    0.13831721685008558
0.43820754716981125    0.1366677781482636
0.4391509433962264    0.1460931421584887
0.44009433962264155    0.14397243525618808
0.4410377358490566    0.1503345559631254
0.4419811320754716    0.1609380904745932
0.4429245283018868    0.1677714793820064
0.4438679245283019    0.14680004445925557
0.44481132075471697    0.14962765366235833
0.445754716981132    0.15622540846948066
0.44669811320754715    0.14632877625874435
0.4476415094339623    0.15410470156718004
0.44858490566037745    0.15669667666999193
0.4495283018867925    0.16423696787821065
0.45047169811320753    0.16070245637433758
0.4514150943396227    0.1529265310659019
0.45235849056603783    0.15622540846948066
0.45330188679245287    0.1677714793820459
0.4542452830188679    0.15009892186283438
0.45518867924528306    0.15457596976769128
0.4561320754716982    0.1458575080582331
0.45707547169811324    0.16140935867514244
0.4580188679245283    0.15763921307101444
0.45896226415094343    0.15528287206845814
0.4599056603773586    0.15622540846948066
0.4608490566037736    0.15292653106593787
0.46179245283018866    0.16612204068021702
0.4627358490566038    0.16140935867510445
0.46367924528301896    0.15763921307101444
0.464622641509434    0.16305879737693224
0.46556603773584904    0.16023118817382634
0.4665094339622642    0.16329443147714948
0.46745283018867934    0.15528287206845814
0.4683962264150944    0.16565077247974472
0.4693396226415094    0.1538690674669244
0.47028301886792456    0.16046682227408196
0.4712264150943397    0.15975991997331507
0.47216981132075475    0.15363343336670493
0.4731132075471698    0.15975991997331507
0.47405660377358494    0.17271979548737457
0.4750000000000001    0.15198399466487938
0.4759433962264151    0.16164499277539815
0.47688679245283017    0.16353006557740513
0.4778301886792453    0.1703634544848183
0.47877358490566047    0.16800711348226202
0.4797169811320755    0.16188062687565383
0.48066037735849054    0.1574035789707588
0.4816037735849057    0.15033455596308998
0.48254716981132084    0.15245526286539066
0.4834905660377359    0.16329443147718792
0.4844339622641509    0.16117372457484885
0.48537735849056607    0.15198399466487938
0.4863207547169812    0.1677714793820064
0.48726415094339626    0.1741336000889493
0.4882075471698113    0.16305879737689385
0.48915094339622645    0.1625875291763826
0.4900943396226416    0.16824274758251764
0.49103773584905663    0.17083472268536976
0.49198113207547167    0.16305879737689385
0.4929245283018868    0.17813937979325398
0.49386792452830197    0.1689496498832845
0.494811320754717    0.16140935867514244
0.49575471698113205    0.16706457708123953
0.4966981132075472    0.16400133377791637
0.49764150943396235    0.17107035678558516
0.4985849056603774    0.16942091808383566
0.4995283018867924    0.15763921307101444
0.5004716981132076    0.17813937979325398
0.5014150943396227    0.18544403690117842
0.5023584905660378    0.1755474046904834
0.5033018867924528    0.19086362120705785
0.504245283018868    0.18944981660552407
0.5051886792452831    0.17884628209402087
0.5061320754716981    0.18379459819943228
0.5070754716981132    0.17224852728686332
0.5080188679245283    0.1757830387906977
0.5089622641509435    0.1807313548960659
0.5099056603773585    0.17813937979329592
0.5108490566037736    0.18638657330220093
0.5117924528301887    0.1948694009114035
0.5127358490566039    0.1750761364899308
0.5136792452830189    0.1835589640991766
0.5146226415094339    0.18992108480603534
0.5155660377358491    0.19604757141268164
0.5165094339622642    0.1793175502945321
0.5174528301886793    0.18685784150275614
0.5183962264150943    0.18591530510168966
0.5193396226415095    0.18638657330220093
0.5202830188679246    0.19604757141268164
0.5212264150943396    0.19911081471605163
0.5221698113207547    0.195811937312426
0.5231132075471698    0.18615093920194528
0.524056603773585    0.18662220740245655
0.525    0.19392686451042662
0.5259433962264151    0.19274869400910283
0.5268867924528302    0.19887518061574916
0.5278301886792454    0.19840391241523792
0.5287735849056604    0.19133488940761412
0.5297169811320754    0.1986395465154935
0.5306603773584906    0.19086362120705785
0.5316037735849057    0.19958208291651602
0.5325471698113208    0.18261642769815387
0.5334905660377358    0.18615093920194528
0.534433962264151    0.19557630321217037
0.5353773584905661    0.1790819161942765
0.5363207547169812    0.19604757141272777
0.5372641509433962    0.18732910970322345
0.5382075471698113    0.20782927642546298
0.5391509433962265    0.19958208291651602
0.5400943396226415    0.2064154718239778
0.5410377358490566    0.19534066911191475
0.5419811320754717    0.19369123041012534
0.5429245283018869    0.20146715571856105
0.5438679245283019    0.2050016672224437
0.5448113207547169    0.2064154718239292
0.5457547169811321    0.19769701011447102
0.5466981132075472    0.19157052350782472
0.5476415094339623    0.19699010781375048
0.5485849056603773    0.2061798377236736
0.5495283018867925    0.19345559630986975
0.5504716981132076    0.18403023229964466
0.5514150943396227    0.1901567189063357
0.5523584905660377    0.18002445259529898
0.5533018867924528    0.1793175502945321
0.554245283018868    0.17978881849504338
0.555188679245283    0.19510503501170506
0.5561320754716981    0.18403023229964466
0.5570754716981132    0.18567967100143404
0.5580188679245284    0.1731910636878858
0.5589622641509434    0.19651883961323913
0.5599056603773584    0.18120262309657714
0.5608490566037736    0.18285206179836652
0.5617924528301887    0.18615093920194528
0.5627358490566038    0.1819095253973868
0.5636792452830188    0.18049572079581025
0.564622641509434    0.1729554295876302
0.5655660377358491    0.17413360008890832
0.5665094339622642    0.16565077247974472
0.5674528301886792    0.17554740469044208
0.5683962264150944    0.1738979659886527
0.5693396226415095    0.16353006557740513
0.5702830188679245    0.17813937979329592
0.5712264150943396    0.17696120929197584
0.5721698113207547    0.17342669778814143
0.5731132075471699    0.18049572079581025
0.5740566037735849    0.17601867289099477
0.575    0.1790819161942765
0.5759433962264151    0.1689496498832845
0.5768867924528303    0.18332332999887777
0.5778301886792453    0.17366233188843794
0.5787735849056603    0.16942091808379578
0.5797169811320755    0.16847838168277326
0.5806603773584906    0.17601867289095333
0.5816037735849057    0.17625430699125044
0.5825471698113207    0.181909525397344
0.5834905660377359    0.17460486828941957
0.584433962264151    0.18120262309657714
0.585377358490566    0.17719684339227318
0.5863207547169811    0.16871401578302891
0.5872641509433962    0.18473713460041155
0.5882075471698114    0.1807313548960659
0.5891509433962264    0.18803601200403455
0.5900943396226415    0.19274869400910283
0.5910377358490566    0.1880360120039903
0.5919811320754718    0.18261642769811087
0.5929245283018868    0.1819095253973868
0.5938679245283018    0.18685784150271217
0.594811320754717    0.2000533511170273
0.5957547169811321    0.19604757141268164
0.5966981132075472    0.1932199622096596
0.5976415094339622    0.1878003779037347
0.5985849056603774    0.19557630321217037
0.5995283018867925    0.19769701011447102
0.6004716981132076    0.20523730132269938
0.6014150943396226    0.1967544737134485
0.6023584905660377    0.20453039902188422
0.6033018867924529    0.20429476492162857
0.6042452830188679    0.20971434922755736
0.605188679245283    0.22055351783926683
0.6061320754716981    0.21607646993440993
0.6070754716981133    0.22196732244080059
0.6080188679245283    0.21513393353343804
0.6089622641509433    0.20971434922750798
0.6099056603773585    0.22008224963875556
0.6108490566037736    0.21961098143824434
0.6117924528301887    0.2172546404357392
0.6127358490566037    0.20924308102699674
0.6136792452830189    0.22738690674668002
0.614622641509434    0.2332777592530707
0.6155660377358491    0.23586973435593808
0.6165094339622641    0.22762254084693562
0.6174528301886792    0.22196732244080059
0.6183962264150944    0.23657663665664946
0.6193396226415094    0.23492719795491535
0.6202830188679245    0.23822607535843884
0.6212264150943396    0.23445592975434879
0.6221698113207548    0.241289318661762
0.6231132075471698    0.24741580526846654
0.6240566037735849    0.24058241636099514
0.625    0.24223185506278452
0.6259433962264151    0.25919751028118965
0.6268867924528302    0.2606113148827848
0.6278301886792452    0.24977214627096456
0.6287735849056604    0.2547204623763328
0.6297169811320755    0.26014004668221213
0.6306603773584906    0.2655596309881541
0.6316037735849056    0.26249638768476846
0.6325471698113208    0.26555963098809154
0.6334905660377359    0.27145048349448225
0.6344339622641509    0.27145048349454615
0.635377358490566    0.2693297765921816
0.6363207547169811    0.2839390908080305
0.6372641509433963    0.2716861175947379
0.6382075471698113    0.27687006780042683
0.6391509433962264    0.26980104479269285
0.6400943396226415    0.286766700011098
0.6410377358490567    0.2789907747026623
0.6419811320754717    0.2903012115150007
0.6429245283018867    0.2964276981215787
0.6438679245283019    0.30915193953538256
0.644811320754717    0.29689896632208995
0.6457547169811321    0.2919506502167905
0.6466981132075471    0.3070312326330819
0.6476415094339623    0.3176347671445851
0.6485849056603774    0.33436478826273464
0.6495283018867924    0.31433588974108034
0.6504716981132075    0.31857730354560765
0.6514150943396226    0.33672112926529096
0.6523584905660378    0.3223474491496977
0.6533018867924528    0.3263532288541201
0.6542452830188679    0.3155140602422845
0.655188679245283    0.3251750583527652
0.6561320754716982    0.31834166944535197
0.6570754716981132    0.32918083805718834
0.6580188679245282    0.3433188840724485
0.6589622641509434    0.35109480938088417
0.6599056603773585    0.3569856618872749
0.6608490566037736    0.34873846837841
0.6617924528301886    0.3400200066688697
0.6627358490566038    0.3532155162831848
0.6636792452830189    0.35368678448369606
0.664622641509434    0.33295098366127923
0.665566037735849    0.3692386351005674
0.6665094339622641    0.35368678448369606
0.6674528301886793    0.3501522729798616
0.6683962264150943    0.3574569300878702
0.6693396226415094    0.34732466377679416
0.6702830188679245    0.35792819828829736
0.6712264150943397    0.3569856618872749
0.6721698113207547    0.3508591752807111
0.6731132075471697    0.36264088029340985
0.6740566037735849    0.3694742692008231
0.675    0.3817272424141157
0.6759433962264151    0.38078470601318276
0.6768867924528301    0.36523285539622175
0.6778301886792453    0.35533622318548547
0.6787735849056604    0.35533622318548547
0.6797169811320755    0.37442258530627937
0.6806603773584905    0.3784283650105369
0.6816037735849056    0.39303767922638577
0.6825471698113208    0.3567500277870192
0.6834905660377358    0.38290541291548397
0.6844339622641509    0.38455485161718317
0.685377358490566    0.3918595087251076
0.6863207547169812    0.39138824052459636
0.6872641509433962    0.3928020451262226
0.6882075471698113    0.39138824052459636
0.6891509433962264    0.38031343781258187
0.6900943396226416    0.3906813382238295
0.6910377358490567    0.3949227520284308
0.6919811320754717    0.40246304323670556
0.6929245283018868    0.40434811603865584
0.6938679245283019    0.3909169723240851
0.6948113207547171    0.4286184283649855
0.6957547169811321    0.42437701456048404
0.6966981132075472    0.42343447815936164
0.6976415094339623    0.4100033344447909
0.6985849056603775    0.4248482827608954
0.6995283018867925    0.4262620873625295
0.7004716981132075    0.40364121373788897
0.7014150943396227    0.42720462376345164
0.7023584905660378    0.4206068689562941
0.7033018867924529    0.4229632099589499
0.7042452830188679    0.4257908191619179
0.7051886792452831    0.42626208736242915
0.7061320754716982    0.43992886517725555
0.7070754716981132    0.43050350116713176
0.7080188679245283    0.45477381349336005
0.7089622641509434    0.4415783038790449
0.7099056603773586    0.43945759697674425
0.7108490566037736    0.45147493608988754
0.7117924528301887    0.4514749360897813
0.7127358490566038    0.4502967655885031
0.713679245283019    0.46867622540844206
0.714622641509434    0.4566588862955125
0.715566037735849    0.4590152272979613
0.7165094339622642    0.44911859508722496
0.7174528301886793    0.4651417139046076
0.7183962264150944    0.4858775147272172
0.7193396226415094    0.46985439590972017
0.7202830188679246    0.4715038346115095
0.7212264150943397    0.48045793042122337
0.7221698113207548    0.49011892853181943
0.7231132075471698    0.5146248749582893
0.7240566037735849    0.49836612204065106
0.7250000000000001    0.5016649994442298
0.7259433962264151    0.5051995109481832
0.7268867924528302    0.48564188062684716
0.7278301886792453    0.4752739802155996
0.7287735849056605    0.5047282427475529
0.7297169811320755    0.5103834611538081
0.7306603773584905    0.5117972657552218
0.7316037735849057    0.5238146048682587
0.7325471698113208    0.5384239190841076
0.7334905660377359    0.5308836278760525
0.7344339622641509    0.5320617983772057
0.7353773584905661    0.5417227964876864
0.7363207547169812    0.5240502389685143
0.7372641509433963    0.5657574747138935
0.7382075471698113    0.5721195954206623
0.7391509433962264    0.5551539402022572
0.7400943396226416    0.5648149383127378
0.7410377358490566    0.5763610092253992
0.7419811320754717    0.5775391797265417
0.7429245283018868    0.6053440035567056
0.743867924528302    0.6046371012559388
0.744811320754717    0.6100566855619618
0.745754716981132    0.6211314882738326
0.7466981132075472    0.6185395131710207
0.7476415094339623    0.6107635878625851
0.7485849056603774    0.6164188062688652
0.7495283018867924    0.6362120706901928
0.7504716981132076    0.6194820495720432
0.7514150943396227    0.6597754807157554
0.7523584905660378    0.6571835056130982
0.7533018867924528    0.6510570190062972
0.754245283018868    0.6611892853172893
0.7551886792452831    0.694178059353077
0.7561320754716981    0.6847526953430131
0.7570754716981132    0.6988907413581895
0.7580188679245283    0.6786262087362057
0.7589622641509435    0.6934711570523101
0.7599056603773585    0.6960631321552859
0.7608490566037736    0.7203334444814516
0.7617924528301887    0.7274024674891204
0.7627358490566039    0.7533222185172394
0.7636792452830189    0.7420117817051439
0.7646226415094339    0.7660464599310433
0.7655660377358491    0.7410692453039467
0.7665094339622642    0.7721729465376895
0.7674528301886793    0.7952650883629282
0.7683962264150943    0.7688740691341108
0.7693396226415095    0.7900811381571172
0.7702830188679246    0.8058686228742442
0.7712264150943396    0.8082249638769907
0.7721698113207547    0.8244837167944387
0.7731132075471698    0.8628920751361059
0.774056603773585    0.8720818050460754
0.775    0.8751450483496045
0.7759433962264151    0.8598288318327828
0.7768867924528302    0.886219851061413
0.7778301886792454    0.8916394353672924
0.7787735849056604    0.898472824274917
0.7797169811320754    0.9328754029120272
0.7806603773584906    0.9170879181949001
0.7816037735849057    0.9239213071023133
0.7825471698113208    0.9481916194288661
0.7834905660377358    0.9595020562409129
0.784433962264151    0.9821229298654531
0.7853773584905661    1.0108702900966398
0.7863207547169812    0.992019562076423
0.7872641509433962    1.0165255085027747
0.7882075471698113    1.0497499166388182
0.7891509433962265    1.0490430143380511
0.7900943396226415    1.064594864955173
0.7910377358490566    1.0481004779370287
0.7919811320754717    1.0815605201733278
0.7929245283018869    1.0909858841835527
0.7938679245283019    1.1063021007004288
0.7948113207547169    1.097819273090966
0.7957547169811321    1.1230321218183181
0.7966981132075472    1.1423541180392796
0.7976415094339623    1.1524863843505426
0.7985849056603773    1.1416472157385127
0.7995283018867925    1.2106880071134112
0.8004716981132076    1.1916016449927056
0.8014150943396227    1.2238835167280144
0.8023584905660377    1.207624763810088
0.8033018867924528    1.2257685895297714
0.804245283018868    1.2528665110591686
0.805188679245283    1.254044681560742
0.8061320754716981    1.2926886740023695
0.8070754716981132    1.3426431032565624
0.8080188679245284    1.3369878848504273
0.8089622641509434    1.3482983216630147
0.8099056603773584    1.34170056685554
0.8108490566037736    1.3546604423695994
0.8117924528301887    1.3862354118038533
0.8127358490566038    1.402258530621566
0.8136792452830188    1.402258530621236
0.814622641509434    1.44514393686776
0.8155660377358491    1.434540402356257
0.8165094339622642    1.4524485939760263
0.8174528301886792    1.4599888851838647
0.8183962264150944    1.5080582416360124
0.8193396226415095    1.4875580749137731
0.8202830188679245    1.5641391574972199
0.8212264150943396    1.5796910081137232
0.8221698113207547    1.580869178615001
0.8231132075471699    1.5622540846948068
0.8240566037735849    1.6291741691677883
0.825    1.6312948760697055
0.8259433962264151    1.6579215293985914
0.8268867924528303    1.6598066022006364
0.8278301886792453    1.6977436923421918
0.8287735849056603    1.732617539179625
0.8297169811320755    1.7184794931642873
0.8306603773584906    1.7121173724573855
0.8316037735849057    1.7863421140383284
0.8325471698113207    1.7967100144491555
0.8334905660377359    1.8000088918527342
0.834433962264151    1.785635211737141
0.835377358490566    1.816974547071567
0.8363207547169811    1.8817739246414371
0.8372641509433962    1.8869578748470608
0.8382075471698114    1.8916705568521732
0.8391509433962264    1.915705235078698
0.8400943396226415    1.9371479382015093
0.8410377358490566    1.934084694898186
0.8419811320754718    1.9887518061574914
0.8429245283018868    2.008309436479181
0.8438679245283018    1.9887518061574914
0.844811320754717    2.0071312659774305
0.8457547169811321    2.043418917416797
0.8466981132075472    2.042005112815744
0.8476415094339622    2.068631766144149
0.8485849056603774    2.1084539290873496
0.8495283018867925    2.1169367566965525
0.8504716981132076    2.1336667778152045
0.8514150943396226    2.153931310436686
0.8523584905660377    2.196345448482699
0.8533018867924529    2.243472268533824
0.8542452830188679    2.263736801156341
0.855188679245283    2.274104701567056
0.8561320754716981    2.314869400911279
0.8570754716981133    2.3181682783148583
0.8580188679245283    2.3330132266315116
0.8589622641509433    2.320524619317414
0.8599056603773585    2.3530421251526907
0.8608490566037736    2.429151939535258
0.8617924528301887    2.412893186618188
0.8627358490566037    2.4220829165275894
0.8636792452830189    2.5054973880180813
0.864622641509434    2.487589196398654
0.8655660377358491    2.5439057463603474
0.8665094339622641    2.572888740691191
0.8674528301886792    2.58749805490704
0.8683962264150944    2.5962165166164977
0.8693396226415094    2.627084583750603
0.8702830188679245    2.580900300099882
0.8712264150943396    2.653475602978615
0.8721698113207548    2.70979215293971
0.8731132075471698    2.659602089585887
0.8740566037735849    2.7010736912302518
0.875    2.694947204623605
0.8759433962264151    2.7335911970655284
0.8768867924528302    2.7404245859735865
0.8778301886792452    2.757154607091091
0.8787735849056604    2.720395687451213
0.8797169811320755    2.779775480715631
0.8806603773584906    2.763752361898899
0.8816037735849056    2.8174769367565315
0.8825471698113208    2.7854306991217666
0.8834905660377359    2.7540913637877678
0.8844339622641509    2.8205401800605183
0.885377358490566    2.795798599533014
0.8863207547169811    2.8591841725017773
0.8872641509433963    2.796976770034292
0.8882075471698113    2.779304212515774
0.8891509433962264    2.778126042013842
0.8900943396226415    2.792735356229691
0.8910377358490567    2.816063132154998
0.8919811320754717    2.8014538179398083
0.8929245283018867    2.8429254195841396
0.8938679245283019    2.8261953984659898
0.894811320754717    2.844810492386184
0.8957547169811321    2.778597310215007
0.8966981132075471    2.821011448260366
0.8976415094339623    2.7967411359340364
0.8985849056603774    2.7854306991217666
0.8995283018867924    2.7701144826058024
0.9004716981132075    2.7302923196619493
0.9014150943396226    2.771057019006173
0.9023584905660378    2.7569189729908357
0.9033018867924528    2.7559764365904615
0.9042452830188679    2.7069645437366425
0.905188679245283    2.6989529843279514
0.9061320754716982    2.6563032121816827
0.9070754716981132    2.6473491163725917
0.9080188679245282    2.601164832721866
0.9089622641509434    2.5948027120149644
0.9099056603773585    2.516100922529585
0.9108490566037736    2.508089363121484
0.9117924528301886    2.413364454818131
0.9127358490566038    2.4654395909746247
0.9136792452830189    2.4161920640211987
0.914622641509434    2.3412604201404603
0.915566037735849    2.343145492941954
0.9165094339622641    2.2774035789706346
0.9174528301886793    2.2646793375568306
0.9183962264150943    2.1758452817609717
0.9193396226415094    2.151339335333874
0.9202830188679245    2.1169367566965525
0.9212264150943397    2.074758252750795
0.9221698113207547    2.0215049460934993
0.9231132075471697    1.9920506835610703
0.9240566037735849    1.9347915971989529
0.925    1.8775325108368355
0.9259433962264151    1.8567967100147773
0.9268867924528301    1.8000088918527342
0.9278301886792453    1.823572301878297
0.9287735849056604    1.7356807824829483
0.9297169811320755    1.6923241080363112
0.9306603773584905    1.6581571634988468
0.9316037735849056    1.6362431921750737
0.9325471698113208    1.5770990330109111
0.933490566037736    1.5938290541290607
0.934433962264151    1.5643747915974757
0.935377358490566    1.5028742914303885
0.9363207547169812    1.452212959875429
0.9372641509433963    1.4147471379347842
0.9382075471698114    1.4352473046573615
0.9391509433962264    1.4286495498498661
0.9400943396226416    1.4500922529731282
0.9410377358490567    1.4213448927419419
0.9419811320754717    1.43642547515864
0.9429245283018868    1.4284139157496107
0.9438679245283019    1.4588107146825866
0.9448113207547171    1.455276203178752
0.9457547169811321    1.4887362454154016
0.9466981132075472    1.4611670556851426
0.9476415094339623    1.5144203623429144
0.9485849056603775    1.5327998221628534
0.9495283018867925    1.639070801378527
0.9504716981132075    1.6268178281648484
0.9514150943396227    1.6982149605423034
0.9523584905660378    1.722485272868633
0.9533018867924529    1.7804512615319363
0.9542452830188679    1.8332332999887777
0.9551886792452831    1.8551472713125512
0.9561320754716982    1.9046304323662326
0.9570754716981132    1.8874291430480163
0.9580188679245283    1.886015338446038
0.9589622641509434    1.930314549294096
0.9599056603773586    1.9406824497053434
0.9608490566037736    1.837945981994323
0.9617924528301887    1.8358252750915895
0.9627358490566038    1.7745604090251268
0.963679245283019    1.6755940869177635
0.964622641509434    1.5266733355565663
0.965566037735849    1.4187529176391298
0.9665094339622642    1.2929243081026252
0.9674528301886793    1.1364632655328888
0.9683962264150944    1.0059219739915082
0.9693396226415094    0.8386217628097763
0.9702830188679246    0.708787373568926
0.9712264150943397    0.5850794709347218
0.9721698113207548    0.4441702789819614
0.9731132075471698    0.33601422696452404
0.9740566037735849    0.25000778037122023
0.9750000000000001    0.1738979659886527
0.9759433962264151    0.11004112481940369
0.9768867924528302    0.07021896187617684
0.9778301886792453    0.04241413804601286
0.9787735849056605    0.025684116927863338
0.9797169811320755    0.013666777814829579
0.9806603773584905    0.008011559408691317
0.9816037735849057    0.004712682005112539
0.9825471698113208    0.0014138046015337617
0.9834905660377359    0.00023563410025568242
0.9844339622641509    0.0004712682005112539
0.9853773584905661    0.0
0.9863207547169812    0.0
0.9872641509433963    0.0
0.9882075471698113    0.0
0.9891509433962264    0.0
0.9900943396226416    0.0
0.9910377358490566    0.0
0.9919811320754717    0.0
0.9929245283018868    0.0
0.993867924528302    0.0
0.994811320754717    0.0
0.995754716981132    0.0
0.9966981132075472    0.0
0.9976415094339623    0.0
0.9985849056603774    0.0
0.9995283018867924    0.0