-0.9995278564683664    0.0
-0.9985835694050992    0.0
-0.9976392823418319    0.0
-0.9966949952785646    0.0
-0.9957507082152974    0.0
-0.9948064211520302    0.0
-0.993862134088763    0.0
-0.9929178470254958    0.0
-0.9919735599622286    0.0
-0.9910292728989613    0.0
-0.990084985835694    0.0
-0.9891406987724268    0.0
-0.9881964117091596    0.0
-0.9872521246458923    0.0
-0.9863078375826251    0.001179416804562308
-0.9853635505193579    0.0016511835263872314
-0.9844192634560907    0.006604734105548926
-0.9834749763928234    0.009435334436498464
-0.9825306893295562    0.02429598617398069
-0.9815864022662889    0.03302367052774463
-0.9806421152030217    0.06156555719815248
-0.9796978281397545    0.10119396183144604
-0.9787535410764873    0.1448323836002514
-0.97780925401322    0.22102270917497654
-0.9768649669499527    0.294146551057805
-0.9759206798866855    0.39769934649841027
-0.9749763928234183    0.5231892945038399
-0.9740321057601511    0.6635398942467545
-0.9730878186968839    0.838565348043801
-0.9721435316336167    1.0256208532472624
-0.9711992445703493    1.170689120208547
-0.9702549575070821    1.3008967354322258
-0.9693106704438149    1.4315761173777297
-0.9683663833805477    1.5785314512261932
-0.9674220963172805    1.7049649326752725
-0.9664778092540132    1.7556798552712454
-0.965533522190746    1.8141789287777421
-0.9645892351274787    1.8898974876306425
-0.9636449480642115    1.913721707082801
-0.9627006610009443    1.9545295285206568
-0.9617563739376771    1.9710413637842976
-0.9608120868744098    2.0349657545918065
-0.9598677998111426    2.0111415351396476
-0.9589235127478754    2.054544073547541
-0.9579792256846081    2.0543081901866285
-0.9570349386213409    2.0804912432479115
-0.9560906515580736    2.129083215595628
-0.9551463644948064    2.137339133227815
-0.9542020774315392    2.102900162534595
-0.953257790368272    2.1654092531763975
-0.9523135033050047    2.1106843134447066
-0.9513692162417375    2.1703628037553044
-0.9504249291784702    2.182156971801182
-0.949480642115203    2.1724857540037714
-0.9485363550519358    2.190648772794031
-0.9475920679886686    2.161399236040886
-0.9466477809254014    2.1519639016043874
-0.945703493862134    2.13120616584384
-0.9447592067988668    2.080727126608824
-0.9438149197355996    2.065630591510426
-0.9428706326723324    2.073178859059625
-0.9419263456090652    1.995337349958513
-0.940982058545798    2.032842804343355
-0.9400377714825306    1.9986397170112873
-0.9390934844192634    2.0012344339813244
-0.9381491973559962    1.9767025644464284
-0.937204910292729    2.017510385884284
-0.9362606232294618    1.9708054804236166
-0.9353163361661945    2.004536801033863
-0.9343720491029273    1.9625495627916807
-0.93342776203966    1.9703337137017918
-0.9324834749763928    1.947924794415108
-0.9315391879131256    1.9861378988829268
-0.9305949008498584    1.9446224273621049
-0.9296506137865911    1.929054125542111
-0.9287063267233239    1.9198546744665252
-0.9277620396600567    1.9285823588202862
-0.9268177525967894    1.9108911067518515
-0.9258734655335222    1.9163164240528379
-0.9249291784702549    1.8974457551796182
-0.9239848914069877    1.846730832583662
-0.9230406043437205    1.8960304550143663
-0.9220963172804533    1.8679603350657836
-0.9211520302171861    1.8946151548488916
-0.9202077431539188    1.9134858237216636
-0.9192634560906515    1.9087681565036394
-0.9183191690273843    1.8990969387062286
-0.9173748819641171    1.915372890609188
-0.9164305949008499    1.9009840055935283
-0.9154863078375827    1.9333000260385353
-0.9145420207743153    1.9149011238871383
-0.9135977337110481    1.920798207910175
-0.9126534466477809    1.9205623245492627
-0.9117091595845137    1.9818919983865024
-0.9107648725212465    1.938725343339294
-0.9098205854579792    1.9401406435049968
-0.908876298394712    1.936130626369485
-0.9079320113314447    1.971513130506354
-0.9069877242681775    1.958067778934344
-0.9060434372049103    2.0033573842295365
-0.9050991501416431    2.002413850785887
-0.9041548630783758    1.9927426329882416
-0.9032105760151086    1.9514630448287948
-0.9022662889518414    1.95004774466332
-0.9013220018885741    1.9790613980555531
-0.9003777148253069    1.990383799379117
-0.8994334277620396    1.9790613980555531
-0.8984891406987724    1.9481606777760205
-0.8975448536355052    1.961134262626206
-0.896600566572238    2.0012344339813244
-0.8956562795089708    1.955473061964307
-0.8947119924457035    1.9722207805890914
-0.8937677053824362    2.018925686049522
-0.892823418319169    1.9939220497930383
-0.8918791312559018    1.93754592653496
-0.8909348441926346    1.9677389967317547
-0.8899905571293674    1.996752650123753
-0.8890462700661    1.9514630448287948
-0.8881019830028328    2.0139721354705973
-0.8871576959395656    1.9993473670940247
-0.8862134088762984    2.003121500868624
-0.8852691218130312    1.9932143997103005
-0.8843248347497639    1.9774102145289332
-0.8833805476864967    2.0090185848914355
-0.8824362606232294    1.9833072985519773
-0.8814919735599622    1.9868455489656642
-0.880547686496695    1.9951014665976006
-0.8796033994334278    1.9623136794305376
-0.8786591123701605    1.9686825301754045
-0.8777148253068933    1.93660239309131
-0.876770538243626    1.9231570415192996
-0.8758262511803588    1.9533501117160945
-0.8748819641170916    1.8889539541869926
-0.8739376770538244    1.8969739884580161
-0.8729933899905571    1.9061734395333783
-0.8720491029272899    1.8795186197504943
-0.8711048158640227    1.8684321017876084
-0.8701605288007555    1.8549867502155983
-0.8692162417374882    1.8547508668544674
-0.8682719546742209    1.806866544589456
-0.8673276676109537    1.7738428740617114
-0.8663833805476865    1.802856527453944
-0.8654390934844193    1.7922417762128833
-0.8644948064211521    1.7396397867294044
-0.8635505193578848    1.7368091863984547
-0.8626062322946175    1.709682599893321
-0.8616619452313503    1.716994984081808
-0.8607176581680831    1.675479512561215
-0.8597733711048159    1.675479512561215
-0.8588290840415487    1.66793124501182
-0.8578847969782813    1.6853866137195384
-0.8569405099150141    1.6518911764699689
-0.8559962228517469    1.6634494611546793
-0.8550519357884797    1.6339640410406218
-0.8541076487252125    1.5933921029636782
-0.8531633616619452    1.6023556706781634
-0.852219074598678    1.5742855507297688
-0.8512747875354107    1.5832491184444424
-0.8503305004721435    1.5818338182789675
-0.8493862134088763    1.5610760825184873
-0.848441926345609    1.5459795474202735
-0.8474976392823418    1.5037564258169427
-0.8465533522190746    1.5101252765615794
-0.8456090651558074    1.5037564258169427
-0.8446647780925401    1.4789886729211343
-0.8437204910292729    1.4924340244931447
-0.8427762039660056    1.4820551566128222
-0.8418319169027384    1.5004540587641684
-0.8408876298394712    1.4799322063647842
-0.839943342776204    1.450210902889814
-0.8389990557129368    1.4261508000765752
-0.8380547686496694    1.4065724811210085
-0.8371104815864022    1.42874551704678
-0.836166194523135    1.4153001654747697
-0.8352219074598678    1.3931271295489984
-0.8342776203966006    1.3855788619997995
-0.8333333333333334    1.3615187591867284
-0.832389046270066    1.370482326901241
-0.8314447592067988    1.338873956539132
-0.8305004721435316    1.3089167697032495
-0.8295561850802644    1.3131626701996737
-0.8286118980169972    1.3058502860112338
-0.8276676109537299    1.324956838245297
-0.8267233238904627    1.2579659637461578
-0.8257790368271954    1.2619759808816697
-0.8248347497639282    1.2490023960314842
-0.823890462700661    1.2464076790614471
-0.8229461756373938    1.1883803722769815
-0.8220018885741265    1.2055998576234497
-0.8210576015108593    1.1919186226906686
-0.8201133144475921    1.149223734365513
-0.8191690273843248    1.174699137344059
-0.8182247403210576    1.1277583485223464
-0.8172804532577903    1.1539414015837623
-0.8163361661945231    1.1053494292357953
-0.8153918791312559    1.1112465132586067
-0.8144475920679887    1.0805816763399867
-0.8135033050047215    1.078694609452687
-0.8125590179414542    1.0768075425653874
-0.8116147308781869    1.020431419307189
-0.8106704438149197    1.0444915221203799
-0.8097261567516525    1.0334050041574943
-0.8087818696883853    0.9914177659150761
-0.8078375826251181    0.9850489151703239
-0.8068932955618507    0.9779724143430659
-0.8059490084985835    0.9657064795756178
-0.8050047214353163    0.9454205105371462
-0.8040604343720491    0.9867000986968268
-0.8031161473087819    0.9539123115299948
-0.8021718602455147    0.9381081263488598
-0.8012275731822474    0.9175862739493678
-0.8002832861189801    0.8895161540008928
-0.7993389990557129    0.8715890185715457
-0.7983947119924457    0.8826755365344313
-0.7974504249291785    0.8831473032561524
-0.7965061378659112    0.8583795503604478
-0.795561850802644    0.8376218146001512
-0.7946175637393768    0.8501236327285117
-0.7936732766761095    0.8527183496985488
-0.7927289896128423    0.8428112485402254
-0.7917847025495751    0.8126181783434303
-0.7908404154863078    0.7918604425830406
-0.7898961284230406    0.7751127239583488
-0.7889518413597734    0.7972857598841203
-0.7880075542965062    0.7498732043407155
-0.7870632672332389    0.7345407858813191
-0.7861189801699716    0.7416172867087794
-0.7851746931067044    0.7477502540925033
-0.7842304060434372    0.740437869904217
-0.78328611898017    0.7387866863778297
-0.7823418319169028    0.7265207516103818
-0.7813975448536356    0.7118959832338092
-0.7804532577903682    0.7052912491281773
-0.779508970727101    0.6736828787659904
-0.7785646836638338    0.6920817809171624
-0.7776203966005666    0.6920817809171624
-0.7766761095372994    0.6609451772766397
-0.775731822474032    0.6850052800897886
-0.7747875354107648    0.6640116609685794
-0.7738432483474976    0.645376875456495
-0.7728989612842304    0.6640116609685794
-0.7719546742209632    0.6470280589828822
-0.771010387157696    0.6519816095620439
-0.7700661000944287    0.6635398942466766
-0.7691218130311614    0.6555198599757308
-0.7681775259678942    0.617778522229737
-0.767233238904627    0.6352338909372591
-0.7662889518413598    0.6038614039358308
-0.7653446647780925    0.6059843541841139
-0.7644003777148253    0.6196655891170367
-0.7634560906515581    0.6149479218987874
-0.7625118035882908    0.6064561209059388
-0.7615675165250236    0.5982002032740026
-0.7606232294617563    0.6081073044322546
-0.7596789423984891    0.6045690540186391
-0.7587346553352219    0.5654124161071704
-0.7577903682719547    0.5944260694994032
-0.7568460812086875    0.5795654177619182
-0.7559017941454202    0.5703659666862652
-0.7549575070821529    0.581452484649218
-0.7540132200188857    0.5642329993026082
-0.7530689329556185    0.5404087798504495
-0.7521246458923513    0.555505314948847
-0.7511803588290841    0.5366346460758501
-0.7502360717658169    0.532388745579426
-0.7492917847025495    0.5198869274510043
-0.7483474976392823    0.5121027765409542
-0.7474032105760151    0.5293222618875639
-0.7464589235127479    0.5149333768718432
-0.7455146364494806    0.5146974935109913
-0.7445703493862134    0.5132821933455165
-0.7436260623229461    0.4941756411116071
-0.7426817752596789    0.4941756411116071
-0.7417374881964117    0.47601262232134756
-0.7407932011331445    0.49134504078065755
-0.7398489140698773    0.48521207339693356
-0.73890462700661    0.47105907174213046
-0.7379603399433428    0.48403265659237127
-0.7370160528800755    0.4845044233141962
-0.7360717658168083    0.4842685399532268
-0.735127478753541    0.4623313873884248
-0.7341831916902738    0.46987965493762357
-0.7332389046270066    0.4628031541102497
-0.7322946175637394    0.4750690888776977
-0.7313503305004722    0.457849603531088
-0.7304060434372049    0.46846435477214876
-0.7294617563739377    0.4448760186809026
-0.7285174693106704    0.449593685899099
-0.7275731822474032    0.4559625366437883
-0.726628895184136    0.46586963780211166
-0.7256846081208688    0.4613878539447207
-0.7247403210576014    0.44581955212455243
-0.7237960339943342    0.45053721934280166
-0.722851746931067    0.46586963780211166
-0.7219074598677998    0.4418095349890406
-0.7209631728045326    0.4465272022072898
-0.7200188857412654    0.43638421768805397
-0.7190745986779982    0.4344971508007543
-0.7181303116147308    0.4415736516280762
-0.7171860245514636    0.43095890038706736
-0.7162417374881964    0.42954360022154214
-0.7152974504249291    0.4432248351545154
-0.7143531633616619    0.42812830005611785
-0.7134088762983947    0.45148075278645156
-0.7124645892351275    0.4328459672743671
-0.7115203021718602    0.4344971508007543
-0.710576015108593    0.43803540121444123
-0.7096317280453258    0.4215235659505689
-0.7086874409820586    0.43473303416166675
-0.7077431539187913    0.4132676483185842
-0.7067988668555241    0.4198723824241817
-0.7058545797922569    0.4215235659505193
-0.7049102927289895    0.43166655046980473
-0.7039660056657223    0.41940061570235676
-0.7030217186024551    0.4196364990632692
-0.7020774315391879    0.41515471520593245
-0.7011331444759207    0.43355361735710446
-0.7001888574126535    0.424118282920606
-0.6992445703493863    0.4137394150404577
-0.6983002832861189    0.41539059856679605
-0.6973559962228517    0.4120882315140704
-0.6964117091595845    0.4116164647922455
-0.6954674220963173    0.4132676483185842
-0.69452313503305    0.40100171355118475
-0.6935788479697828    0.4043040806039592
-0.6926345609065155    0.41020116462677075
-0.6916902738432483    0.39982229674662245
-0.6907459867799811    0.4073705642958212
-0.6898016997167139    0.39982229674662245
-0.6888574126534467    0.39557639625019814
-0.6879131255901794    0.4024170137166122
-0.6869688385269122    0.3908587290319489
-0.6860245514636449    0.40902174782220846
-0.6850802644003777    0.40642703085212356
-0.6841359773371104    0.3969916964156729
-0.6831916902738432    0.39109461239286136
-0.682247403210576    0.38448987828731246
-0.6813031161473088    0.3875563619791744
-0.6803588290840415    0.39486874616746076
-0.6794145420207743    0.3925099125583361
-0.6784702549575071    0.3946328628065483
-0.6775259678942398    0.3724598268807331
-0.6765816808309726    0.390386962310124
-0.6756373937677054    0.37269571024168935
-0.6746931067044382    0.37269571024164555
-0.6737488196411708    0.38566929509187475
-0.6728045325779036    0.3736392436853392
-0.6718602455146364    0.36113742555697875
-0.6709159584513692    0.37269571024168935
-0.669971671388102    0.3609015421960663
-0.6690273843248348    0.3679780430234401
-0.6680830972615676    0.36113742555697875
-0.6671388101983002    0.36396802588788546
-0.666194523135033    0.3502867909550055
-0.6652502360717658    0.34155910660124444
-0.6643059490084986    0.3363696726611307
-0.6633616619452313    0.34297440676671914
-0.6624173748819641    0.3382567395484699
-0.6614730878186968    0.35807094186511673
-0.6605288007554296    0.3384926229093824
-0.6595845136921624    0.33283142224748336
-0.6586402266288952    0.3382567395484699
-0.657695939565628    0.328585521751059
-0.6567516525023607    0.3219807876454723
-0.6558073654390935    0.332123772164746
-0.6548630783758262    0.34580500709766876
-0.653918791312559    0.3302367052774074
-0.6529745042492917    0.3358979059393454
-0.6520302171860245    0.31325310329174905
-0.6510859301227573    0.31820665387091074
-0.6501416430594901    0.3113660364044493
-0.6491973559962229    0.33070847199927117
-0.6482530689329556    0.30428953557707544
-0.6473087818696884    0.316319586983611
-0.6463644948064211    0.3193860706754355
-0.6454202077431539    0.30995073623897457
-0.6444759206798867    0.3146684034572238
-0.6435316336166195    0.31490428681809923
-0.6425873465533521    0.30995073623897457
-0.6416430594900849    0.3113660364044493
-0.6406987724268177    0.31207368648718675
-0.6397544853635505    0.2889571171177655
-0.6388101983002833    0.3073560192689375
-0.6378659112370161    0.28942888383959037
-0.6369216241737489    0.29862833491517643
-0.6359773371104815    0.28164473292944603
-0.6350330500472143    0.2790500159594421
-0.6340887629839471    0.2962695013060518
-0.6331444759206799    0.2849470999822201
-0.6322001888574126    0.2932030176141898
-0.6312559017941454    0.2790500159594421
-0.6303116147308782    0.2679634979965564
-0.6293673276676109    0.27787059915487977
-0.6284230406043437    0.2717376317711558
-0.6274787535410765    0.27197351513206824
-0.6265344664778093    0.27126586504933087
-0.625590179414542    0.25805639683820264
-0.6246458923512748    0.2630099474173947
-0.6237016052880076    0.2582922801991151
-0.6227573182247402    0.26489701430469437
-0.621813031161473    0.2630099474173947
-0.6208687440982058    0.26418936422195705
-0.6199244570349386    0.2623022973346573
-0.6189801699716714    0.27244528185389316
-0.6180358829084042    0.2686711480792938
-0.617091595845137    0.26466113094378196
-0.6161473087818697    0.25498991314637104
-0.6152030217186024    0.2573487467554653
-0.6142587346553352    0.24744164559717224
-0.613314447592068    0.2778705991548471
-0.6123701605288007    0.2594716970037078
-0.6114258734655335    0.26489701430469437
-0.6104815864022662    0.2814088495685667
-0.609537299338999    0.27386058201936797
-0.6085930122757318    0.2809370828467418
-0.6076487252124646    0.2594716970037078
-0.6067044381491974    0.28329591645586644
-0.6057601510859302    0.28188061629039163
-0.6048158640226629    0.2646611309437508
-0.6038715769593956    0.2743323487411929
-0.6029272898961284    0.2615946472518892
-0.6019830028328611    0.2858906334259035
-0.6010387157695939    0.26418936422195705
-0.6000944287063267    0.2651328976656068
-0.5991501416430595    0.2587640469209704
-0.5982058545797923    0.2792858993203546
-0.597261567516525    0.2844753332604287
-0.5963172804532578    0.27126586504933087
-0.5953729933899905    0.27480411546298544
-0.5944287063267233    0.26017934708644513
-0.5934844192634561    0.2658405477483442
-0.5925401322001889    0.2752758821848103
-0.5915958451369215    0.2858906334259035
-0.5906515580736543    0.26654819783108163
-0.5897072710103871    0.26489701430469437
-0.5887629839471199    0.26277406405648224
-0.5878186968838527    0.27197351513206824
-0.5868744098205855    0.26206641397374486
-0.5859301227573183    0.258056396838233
-0.5849858356940509    0.26135876389097673
-0.5840415486307837    0.267255847913819
-0.5830972615675165    0.2585281635600579
-0.5821529745042493    0.24838517904079288
-0.581208687440982    0.2658405477483442
-0.5802644003777148    0.2623022973346573
-0.5793201133144475    0.2613587638910075
-0.5783758262511803    0.2625381806955698
-0.5774315391879131    0.2505081292890342
-0.5764872521246459    0.25829228019914546
-0.5755429650613787    0.2547540297854586
-0.5745986779981114    0.25428226306360374
-0.5736543909348442    0.24791341231899716
-0.572710103871577    0.26560466438743174
-0.5717658168083097    0.253338729619954
-0.5708215297450424    0.2587640469209704
-0.5698772426817752    0.2521593128154215
-0.568932955618508    0.23800631116067378
-0.5679886685552408    0.23918572796523607
-0.5670443814919736    0.24508281198804763
-0.5661000944287063    0.245790462070785
-0.5651558073654391    0.2422522116570981
-0.5642115203021718    0.2523951961763043
-0.5632672332389046    0.2384780778824987
-0.5623229461756374    0.25664109667275825
-0.5613786591123702    0.23965749468703282
-0.5604343720491028    0.2384780778824987
-0.5594900849858356    0.24319574510074793
-0.5585457979225684    0.23470394410789927
-0.5576015108593012    0.2255044930323133
-0.556657223796034    0.23140157705512485
-0.5557129367327668    0.23777042779976132
-0.5547686496694996    0.23045804361147498
-0.5538243626062322    0.22951451016779817
-0.552880075542965    0.2389498446043236
-0.5519357884796978    0.22078682581406406
-0.5509915014164306    0.22526860967137435
-0.5500472143531633    0.22644802647596315
-0.5491029272898961    0.22998627688965007
-0.5481586402266289    0.2318733437769498
-0.5472143531633616    0.21465385843034007
-0.5462700661000944    0.19837790652738022
-0.5453257790368272    0.22762744328052545
-0.54438149197356    0.2224380093404513
-0.5434372049102927    0.23635512763425873
-0.5424929178470255    0.21842799220493944
-0.5415486307837583    0.22173035925771392
-0.540604343720491    0.20993619121206614
-0.5396600566572237    0.212059141460303
-0.5387157695939565    0.21253090818212791
-0.5377714825306893    0.20757735760296622
-0.5368271954674221    0.21276679154304037
-0.5358829084041549    0.20238792366289207
-0.5349386213408877    0.208992657768441
-0.5339943342776204    0.21984329237041422
-0.5330500472143531    0.2066338241592921
-0.5321057601510859    0.21135149137756562
-0.5311614730878187    0.19814202316646776
-0.5302171860245515    0.20144439021921853
-0.5292728989612842    0.20002909005376746
-0.5283286118980169    0.20403910718927928
-0.5273843248347497    0.20569029071566652
-0.5264400377714825    0.1979061398055553
-0.5254957507082153    0.1941320060309559
-0.5245514636449481    0.18823492200814437
-0.5236071765816809    0.19861378988829267
-0.5226628895184136    0.18847080536903468
-0.5217186024551463    0.202859690384717
-0.5207743153918791    0.19719848972279475
-0.5198300283286118    0.1868196218426696
-0.5188857412653446    0.19271670586548115
-0.5179414542020774    0.19955732333194254
-0.5169971671388102    0.19082963897818145
-0.516052880075543    0.1750254537970465
-0.5151085930122757    0.19200905578274374
-0.5141643059490085    0.19082963897818145
-0.5132200188857413    0.18280960470715776
-0.512275731822474    0.1795072376543622
-0.5113314447592068    0.17714840404525867
-0.5103871576959396    0.17903547093253733
-0.5094428706326722    0.17974312101529574
-0.508498583569405    0.18469667159445743
-0.5075542965061378    0.17903547093255837
-0.5066100094428706    0.1806866544589456
-0.5056657223796034    0.1802148877371207
-0.5047214353163362    0.17974312101529574
-0.503777148253069    0.17431780371430913
-0.5028328611898016    0.19483965611367038
-0.5018885741265344    0.17974312101529574
-0.5009442870632672    0.18163018790259544
-0.5    0.1811584211807705
-0.4990557129367328    0.17007190321788482
-0.4981114258734655    0.18469667159443573
-0.49716713881019825    0.18210195462442036
-0.49622285174693104    0.1787995875716459
-0.4952785646836638    0.16629776944328545
-0.4943342776203966    0.18729138856449454
-0.49338999055712934    0.17125132002242702
-0.4924457034938621    0.1750254537970465
-0.49150141643059486    0.1818660712635079
-0.49055712936732765    0.18705550520358205
-0.48961284230406044    0.17219485346609698
-0.48866855524079317    0.1726666201879016
-0.4877242681775259    0.1837531381508076
-0.4867799811142587    0.1898861055345316
-0.4858356940509915    0.18398902151172006
-0.48489140698772426    0.17714840404525867
-0.48394711992445705    0.1802148877371207
-0.4830028328611898    0.1754972205188508
-0.4820585457979225    0.1762048706016088
-0.4811142587346553    0.17054366993970976
-0.4801699716713881    0.1726666201879219
-0.47922568460812087    0.16700541952602282
-0.4782813975448536    0.17502545379702594
-0.47733711048158634    0.18233783798533282
-0.4763928234183191    0.16912836977423495
-0.4754485363550519    0.17054366993970976
-0.4745042492917847    0.18233783798533282
-0.4735599622285175    0.17927135429347082
-0.4726156751652502    0.17313838690972647
-0.47167138810198295    0.17974312101529574
-0.47072710103871573    0.17125132002244714
-0.4697828139754485    0.1677130696087602
-0.4688385269121813    0.16323128575142345
-0.46789423984891404    0.18752727192538493
-0.46694995278564677    0.17478957043613405
-0.46600566572237956    0.18634785512084467
-0.46506137865911235    0.1802148877371207
-0.46411709159584513    0.17549722051887146
-0.4631728045325779    0.1764407539625213
-0.46222851746931065    0.17313838690972647
-0.4612842304060434    0.178327820849821
-0.46033994334277617    0.1776201707670836
-0.45939565627950896    0.1887066887299693
-0.45845136921624174    0.17596898724069637
-0.4575070821529745    0.17856370421071247
-0.4565627950897072    0.17549722051887146
-0.45561850802644    0.1825737213462453
-0.4546742209631728    0.18398902151172006
-0.45372993389990557    0.17030778657879728
-0.45278564683663836    0.18493255495536992
-0.4518413597733711    0.17361015363155133
-0.4508970727101038    0.17903547093255837
-0.4499527856468366    0.1745536870752216
-0.4490084985835694    0.17007190321788482
-0.4480642115203022    0.1750254537970465
-0.4471199244570349    0.1651183526387037
-0.44617563739376764    0.17054366993970976
-0.44523135033050043    0.17974312101529574
-0.4442870632672332    0.17313838690974684
-0.443342776203966    0.17077955330062222
-0.44239848914069874    0.16158010222501723
-0.44145420207743147    0.1733742702706593
-0.44050991501416425    0.16441070255598575
-0.43956562795089704    0.1684207196914976
-0.43862134088762983    0.15757008508952436
-0.4376770538243626    0.17101543666153468
-0.43673276676109535    0.16181598558592966
-0.4357884796978281    0.16252363566868605
-0.43484419263456087    0.15922126861591157
-0.43389990557129365    0.16676953616511037
-0.43295561850802644    0.16535423599963558
-0.4320113314447592    0.15969303533771775
-0.4310670443814919    0.16323128575142345
-0.4301227573182247    0.15214476778853772
-0.4291784702549575    0.15757008508952436
-0.42823418319169027    0.15214476778853772
-0.42728989612842305    0.1554471348413122
-0.4263456090651558    0.15780596845041828
-0.4254013220018885    0.153795951314925
-0.4244570349386213    0.16511835263872313
-0.4235127478753541    0.15308830123218758
-0.4225684608120869    0.14035059974291467
-0.4216241737488196    0.1523806511494323
-0.42067988668555234    0.16252363566868605
-0.4197355996222851    0.16205186894686113
-0.4187913125590179    0.14601180040481374
-0.4178470254957507    0.15473948475857482
-0.4169027384324835    0.16087245214229884
-0.4159584513692162    0.14459650023932197
-0.41501416430594895    0.15874950189408668
-0.41406987724268174    0.15332418459310004
-0.4131255901794145    0.15167300106671283
-0.4121813031161473    0.14082236646473958
-0.41123701605288004    0.14955005081848308
-0.4102927289896128    0.14341708343477666
-0.40934844192634556    0.15096535098397543
-0.40840415486307835    0.15308830123218758
-0.40745986779981114    0.14294531671295174
-0.4065155807365439    0.14035059974291467
-0.40557129367327666    0.1441247335174971
-0.4046270066100094    0.1438888501566016
-0.4036827195467422    0.14436061687842652
-0.40273843248347496    0.13704823269014021
-0.40179414542020775    0.14365296679568912
-0.4008498583569405    0.13940706629924843
-0.3999055712936732    0.14341708343477666
-0.398961284230406    0.1438888501566016
-0.3980169971671388    0.14766298393120098
-0.3970727101038716    0.1358688158855779
-0.3961284230406043    0.1363405826073868
-0.39518413597733704    0.14648356712663868
-0.3942398489140698    0.14011471638200218
-0.3932955618508026    0.14294531671295174
-0.3923512747875354    0.14931416745758821
-0.3914069877242682    0.1412941331865645
-0.3904627006610009    0.14601180040479655
-0.38951841359773365    0.1431812000738642
-0.38857412653446644    0.1486065173748508
-0.3876298394711992    0.1438888501566016
-0.386685552407932    0.1462476837657262
-0.38574126534466474    0.1398788330210733
-0.3847969782813975    0.15332418459310004
-0.38385269121813026    0.14530415032207636
-0.38290840415486305    0.15025770090123805
-0.38196411709159583    0.14671945048755114
-0.3810198300283286    0.14601180040481374
-0.38007554296506135    0.1523806511494323
-0.3791312559017941    0.13917118293835237
-0.37818696883852687    0.15473948475857482
-0.37724268177525966    0.14719121720937603
-0.37629839471199245    0.14648356712663868
-0.3753541076487252    0.1509653509839577
-0.3744098205854579    0.15898538525499914
-0.3734655335221907    0.14601180040481374
-0.3725212464589235    0.15426771803674988
-0.37157695939565627    0.1474271005702885
-0.37063267233238906    0.14766298393120098
-0.3696883852691218    0.14860651737483335
-0.3687440982058545    0.13445351572010314
-0.3677998111425873    0.14270943335203928
-0.3668555240793201    0.13940706629926483
-0.3659112370160529    0.14789886729211343
-0.3649669499527856    0.15167300106669498
-0.36402266288951834    0.13869941621652743
-0.36307837582625113    0.15285241787127513
-0.3621340887629839    0.1486065173748508
-0.3611898016997167    0.15308830123218758
-0.3602455146364495    0.14789886729211343
-0.3593012275731822    0.14671945048753388
-0.35835694050991496    0.1488424007357633
-0.35741265344664774    0.14436061687842652
-0.35646836638338053    0.14766298393120098
-0.3555240793201133    0.15426771803674988
-0.35457979225684605    0.1455400336829717
-0.3536355051935788    0.15591890156313715
-0.35269121813031157    0.15591890156313715
-0.35174693106704435    0.14223766663021434
-0.35080264400377714    0.15945715197682403
-0.34985835694050993    0.14082236646473958
-0.34891406987724266    0.1554471348412939
-0.3479697828139754    0.15639066828496206
-0.3470254957507082    0.14436061687842652
-0.34608120868744097    0.15591890156313715
-0.34513692162417375    0.15591890156313715
-0.3441926345609065    0.1476629839311836
-0.3432483474976392    0.15261653451036267
-0.342304060434372    0.1634671691123359
-0.3413597733711048    0.1474271005702885
-0.3404154863078376    0.15591890156313715
-0.3394711992445703    0.1559189015631188
-0.33852691218130304    0.15639066828496206
-0.33758262511803583    0.14436061687842652
-0.3366383380547686    0.14931416745758821
-0.3356940509915014    0.13657646596831527
-0.3347497639282342    0.15662655164587452
-0.3338054768649669    0.15450360139764419
-0.33286118980169965    0.1488424007357633
-0.33191690273843244    0.1523806511494502
-0.3309726156751652    0.1474271005702885
-0.330028328611898    0.15473948475857482
-0.32908404154863075    0.14931416745757065
-0.3281397544853635    0.16087245214229884
-0.32719546742209626    0.1488424007357633
-0.32625118035882905    0.15473948475857482
-0.32530689329556184    0.15686243500678695
-0.3243626062322946    0.14436061687842652
-0.32341831916902736    0.15190888442760742
-0.3224740321057601    0.15167300106671283
-0.3215297450424929    0.16181598558594865
-0.32058545797922566    0.15757008508952436
-0.31964117091595845    0.15072946762306297
-0.3186968838526912    0.1594571519768053
-0.3177525967894239    0.15662655164587452
-0.3168083097261567    0.15356006795401253
-0.3158640226628895    0.1679489529696727
-0.3149197355996223    0.16535423599963558
-0.31397544853635506    0.15473948475857482
-0.3130311614730878    0.15639066828494366
-0.3120868744098205    0.1554471348413122
-0.3111425873465533    0.1573342017286119
-0.3101983002832861    0.15757008508952436
-0.3092540132200189    0.15639066828496206
-0.3083097261567516    0.16323128575140422
-0.30736543909348435    0.17077955330062222
-0.30642115203021714    0.15662655164587452
-0.3054768649669499    0.15804185181134928
-0.3045325779036827    0.16488246927781067
-0.3035882908404155    0.15190888442762526
-0.30264400377714823    0.16417481919505397
-0.30169971671388096    0.16983601985697236
-0.30075542965061375    0.1622877523077736
-0.29981114258734654    0.1611083355032113
-0.2988668555240793    0.16747718624784774
-0.29792256846081205    0.15568301820220634
-0.2969782813975448    0.1622877523077736
-0.2960339943342776    0.16299540239051097
-0.29508970727101036    0.15780596845043682
-0.29414542020774315    0.1745536870752216
-0.2932011331444759    0.16724130288691563
-0.2922568460812086    0.17195897010518452
-0.2913125590179414    0.17478957043613405
-0.2903682719546742    0.16205186894686113
-0.28942398489140697    0.16676953616511037
-0.28847969782813976    0.16629776944328545
-0.2875354107648725    0.17596898724067567
-0.2865911237016052    0.16370305247324837
-0.285646836638338    0.16323128575142345
-0.2847025495750708    0.17927135429347082
-0.2837582625118036    0.17054366993970976
-0.2828139754485363    0.17195897010516428
-0.28186968838526905    0.17361015363157176
-0.28092540132200183    0.16299540239051097
-0.2799811142587346    0.16629776944328545
-0.2790368271954674    0.1684207196914976
-0.2780925401322002    0.1688924864133225
-0.2771482530689329    0.16960013649603997
-0.27620396600566566    0.1570983183676994
-0.27525967894239844    0.16370305247324837
-0.27431539187913123    0.15167300106671283
-0.273371104815864    0.1634671691123359
-0.27242681775259675    0.15898538525498043
-0.2714825306893295    0.16629776944328545
-0.27053824362606227    0.15568301820222466
-0.26959395656279506    0.1611083355032113
-0.26864966949952784    0.1615801022250362
-0.26770538243626063    0.16629776944328545
-0.26676109537299336    0.15639066828494366
-0.2658168083097261    0.15945715197682403
-0.2648725212464589    0.15874950189408668
-0.26392823418319167    0.16535423599963558
-0.26298394711992445    0.1462476837657262
-0.2620396600566572    0.14483238360023443
-0.2610953729933899    0.1500218175403256
-0.2601510859301227    0.1615801022250362
-0.2592067988668555    0.15167300106671283
-0.2582625118035883    0.1424735499911268
-0.25731822474032107    0.15992891869864898
-0.2563739376770538    0.14058648310381058
-0.25542965061378653    0.15591890156313715
-0.2544853635505193    0.1573342017286119
-0.2535410764872521    0.15261653451036267
-0.2525967894239849    0.1469553338484636
-0.2516525023607176    0.1523806511494323
-0.25070821529745035    0.15780596845043682
-0.24976392823418314    0.16370305247324837
-0.24881964117091593    0.15827773517226174
-0.24787535410764872    0.15757008508952436
-0.24693106704438145    0.14813475065300846
-0.24598677998111418    0.15521125148039974
-0.24504249291784697    0.15639066828496206
-0.24409820585457975    0.14223766663021434
-0.24315391879131254    0.1481347506530259
-0.24220963172804533    0.14907828409667576
-0.24126534466477806    0.14648356712662142
-0.2403210576015108    0.14105824982565204
-0.23937677053824358    0.14837063401393835
-0.23843248347497636    0.14766298393120098
-0.23748819641170915    0.1431812000738642
-0.23654390934844188    0.14671945048753388
-0.23559962228517461    0.14577591704390128
-0.2346553352219074    0.1570983183676994
-0.2337110481586402    0.15285241787127513
-0.23276676109537298    0.1500218175403256
-0.23182247403210576    0.14577591704390128
-0.2308781869688385    0.14907828409665821
-0.22993389990557123    0.1504935842621505
-0.228989612842304    0.1448323836002514
-0.2280453257790368    0.15426771803674988
-0.2271010387157696    0.14459650023933895
-0.22615675165250232    0.15072946762304526
-0.22521246458923505    0.14719121720937603
-0.22426817752596784    0.15025770090123805
-0.22332389046270062    0.15072946762306297
-0.2223796033994334    0.15426771803674988
-0.2214353163361662    0.15190888442762526
-0.22049102927289893    0.16063656878136748
-0.21954674220963166    0.1448323836002514
-0.21860245514636445    0.15521125148039974
-0.21765816808309724    0.13657646596831527
-0.21671388101983002    0.15780596845043682
-0.21576959395656276    0.15190888442760742
-0.2148253068932955    0.16087245214229884
-0.21388101983002827    0.14365296679568912
-0.21293673276676106    0.14530415032207636
-0.21199244570349385    0.1448323836002514
-0.21104815864022664    0.1396429496601773
-0.21010387157695937    0.14223766663019763
-0.2091595845136921    0.15639066828496206
-0.20821529745042489    0.153795951314925
-0.20727101038715767    0.14058648310382713
-0.20632672332389046    0.1486065173748508
-0.2053824362606232    0.14931416745757065
-0.20443814919735592    0.15757008508952436
-0.2034938621340887    0.14648356712663868
-0.2025495750708215    0.1424735499911268
-0.20160528800755428    0.14789886729211343
-0.20066100094428702    0.14577591704388412
-0.19971671388101975    0.15568301820222466
-0.19877242681775253    0.14837063401393835
-0.19782813975448532    0.14530415032207636
-0.1968838526912181    0.1431812000738642
-0.1959395656279509    0.15568301820222466
-0.19499527856468363    0.14176589990837277
-0.19405099150141636    0.15332418459310004
-0.19310670443814915    0.14459650023933895
-0.19216241737488193    0.141530016547477
-0.19121813031161472    0.13869941621652743
-0.19027384324834745    0.13209468211096298
-0.18932955618508018    0.13775588277287756
-0.18838526912181297    0.14648356712663868
-0.18744098205854576    0.14648356712663868
-0.18649669499527854    0.14671945048755114
-0.18555240793201133    0.1424735499911268
-0.18460812086874406    0.15190888442760742
-0.1836638338054768    0.1486065173748508
-0.18271954674220958    0.1412941331865645
-0.18177525967894237    0.14058648310382713
-0.18083097261567516    0.13350998227645328
-0.1798866855524079    0.1441247335174971
-0.17894239848914062    0.13704823269014021
-0.1779981114258734    0.13350998227645328
-0.1770538243626062    0.1412941331865645
-0.17610953729933898    0.1346893990810156
-0.17516525023607177    0.13657646596831527
-0.1742209631728045    0.13280233219370027
-0.17327667610953723    0.13869941621652743
-0.17233238904627002    0.13162291538915358
-0.1713881019830028    0.12879231505820404
-0.1704438149197356    0.1290281984191165
-0.16949952785646832    0.1420017832692852
-0.16855524079320106    0.12548994800542956
-0.16761095372993384    0.13492528244192803
-0.16666666666666663    0.13893529957743989
-0.16572237960339942    0.13657646596831527
-0.1647780925401322    0.12690524817090434
-0.16383380547686494    0.12289523103537806
-0.16288951841359767    0.14412473351751406
-0.16194523135033045    0.1290281984191165
-0.16100094428706324    0.14412473351751406
-0.16005665722379603    0.13846353285561497
-0.15911237016052876    0.14907828409665821
-0.1581680830972615    0.1424735499911268
-0.15722379603399428    0.13681234932922776
-0.15627950897072707    0.14011471638200218
-0.15533522190745985    0.13327409891554082
-0.15439093484419264    0.14365296679568912
-0.15344664778092537    0.14294531671293495
-0.1525023607176581    0.13445351572010314
-0.1515580736543909    0.1412941331865645
-0.15061378659112368    0.13539704916375295
-0.14966949952785646    0.1351611658028405
-0.1487252124645892    0.14176589990837277
-0.14778092540132193    0.1339817489982782
-0.14683663833805471    0.1339817489982782
-0.1458923512747875    0.14341708343477666
-0.1449480642115203    0.12926408178002896
-0.14400377714825302    0.13398174899826246
-0.14305949008498575    0.13445351572010314
-0.14211520302171854    0.13681234932922776
-0.14117091595845133    0.1346893990810156
-0.1402266288951841    0.1351611658028405
-0.1392823418319169    0.12855643169729158
-0.13833805476864963    0.13539704916373707
-0.13739376770538236    0.12784878161455418
-0.13644948064211515    0.13987883302108972
-0.13550519357884794    0.1346893990810156
-0.13456090651558072    0.14270943335203928
-0.13361661945231346    0.13822764949468624
-0.1326723323890462    0.14176589990838945
-0.13172804532577898    0.13610469924649035
-0.13078375826251176    0.1302076152236788
-0.12983947119924455    0.1363405826074028
-0.12889518413597734    0.14176589990838945
-0.12795089707271007    0.14176589990837277
-0.1270066100094428    0.13563293252466543
-0.1260623229461756    0.14011471638200218
-0.12511803588290837    0.13539704916375295
-0.12417374881964116    0.1339817489982782
-0.12322946175637389    0.13610469924647436
-0.12228517469310662    0.14294531671295174
-0.12134088762983941    0.12926408178002896
-0.1203966005665722    0.12548994800542956
-0.11945231350330499    0.13657646596831527
-0.11850802644003777    0.1500218175403256
-0.1175637393767705    0.1259617147272397
-0.11661945231350324    0.13303821555462836
-0.11567516525023602    0.13681234932922776
-0.11473087818696881    0.12572583136634202
-0.1137865911237016    0.1325664488328034
-0.11284230406043433    0.1351611658028246
-0.11189801699716706    0.1309152653064162
-0.11095372993389985    0.1309152653064162
-0.11000944287063263    0.12997173186276634
-0.10906515580736542    0.12832054833637913
-0.10812086874409821    0.12431053120086727
-0.10717658168083094    0.12714113153180187
-0.10623229461756367    0.12926408178002896
-0.10528800755429646    0.1247822979226922
-0.10434372049102925    0.1309152653064162
-0.10339943342776203    0.12195169759174265
-0.10245514636449476    0.1245464145617651
-0.1015108593012275    0.13421763235919065
-0.10056657223796028    0.12548994800542956
-0.09962228517469307    0.12242346431356758
-0.09867799811142586    0.13138703202824112
-0.09773371104815859    0.12147993086990344
-0.09678942398489132    0.12313111439630496
-0.09584513692162411    0.10921399610246972
-0.0949008498583569    0.11959286398261804
-0.09395656279508968    0.1167622636516685
-0.09301227573182247    0.1247822979226922
-0.0920679886685552    0.13185879875005055
-0.09112370160528793    0.13162291538915358
-0.09017941454202072    0.1302076152236788
-0.0892351274787535    0.13233056547189098
-0.0882908404154863    0.1297358485018539
-0.08734655335221903    0.12572583136632726
-0.08640226628895176    0.12100816414809282
-0.08545797922568454    0.12666936480999189
-0.08451369216241733    0.12077228078718034
-0.08356940509915012    0.1186493305389682
-0.0826251180358829    0.12313111439630496
-0.08168083097261564    0.12855643169727646
-0.08073654390934837    0.1309152653064162
-0.07979225684608116    0.12761289825364172
-0.07884796978281394    0.1290281984191165
-0.07790368271954673    0.1186493305389682
-0.07695939565627946    0.11935698062169155
-0.07601510859301219    0.12383876447904235
-0.07507082152974498    0.12666936480999189
-0.07412653446647777    0.1346893990810156
-0.07318224740321055    0.12431053120086727
-0.07223796033994334    0.13704823269014021
-0.07129367327667607    0.12690524817088944
-0.0703493862134088    0.13115114866732866
-0.06940509915014159    0.12761289825364172
-0.06846081208687438    0.13421763235919065
-0.06751652502360717    0.13138703202824112
-0.0665722379603399    0.1342176323591749
-0.06562795089707263    0.14035059974291467
-0.06468366383380542    0.13303821555462836
-0.0637393767705382    0.13280233219371587
-0.06279508970727099    0.12926408178002896
-0.06185080264400378    0.13280233219371587
-0.06090651558073651    0.13445351572008732
-0.05996222851746924    0.13209468211097852
-0.05901794145420203    0.14223766663021434
-0.058073654390934815    0.14105824982565204
-0.0571293673276676    0.14176589990838945
-0.05618508026440033    0.13964294966016086
-0.055240793201133065    0.14530415032207636
-0.05429650613786585    0.12926408178002896
-0.05335221907459864    0.13327409891554082
-0.052407932011331426    0.14530415032207636
-0.05146364494806416    0.14153001654746034
-0.05051935788479689    0.1351611658028405
-0.049575070821529676    0.13775588277287756
-0.048630783758262464    0.13162291538915358
-0.04768649669499525    0.14459650023933895
-0.04674220963172804    0.1325664488328034
-0.04579792256846077    0.13964294966016086
-0.0448536355051935    0.13327409891554082
-0.04390934844192629    0.13728411605105265
-0.042965061378659075    0.14577591704390128
-0.04202077431539186    0.13987883302108972
-0.041076487252124594    0.1580418518113307
-0.040132200188857325    0.14671945048755114
-0.03918791312559011    0.16134421886412376
-0.0382436260623229    0.15025770090123805
-0.03729933899905569    0.14459650023933895
-0.036355051935788474    0.14601180040481374
-0.035410764872521205    0.14860651737483335
-0.03446647780925394    0.15025770090123805
-0.033522190745986724    0.15497536811948728
-0.03257790368271951    0.14601180040481374
-0.0316336166194523    0.14341708343477666
-0.03068932955618503    0.15002181754030794
-0.02974504249291776    0.1412941331865645
-0.02880075542965055    0.1523806511494502
-0.027856468366383336    0.13539704916375295
-0.026912181303116123    0.14719121720937603
-0.02596789423984891    0.14082236646473958
-0.02502360717658164    0.14294531671293495
-0.024079320113314373    0.14105824982565204
-0.02313503305004716    0.15308830123218758
-0.022190745986779947    0.14223766663021434
-0.021246458923512734    0.15426771803674988
-0.020302171860245466    0.14459650023932197
-0.019357884796978198    0.14766298393120098
-0.018413597733710985    0.14436061687842652
-0.01746931067044377    0.1420017832693019
-0.01652502360717656    0.14459650023933895
-0.015580736543909346    0.15851361853317422
-0.014636449480642078    0.15261653451034474
-0.013692162417374809    0.15356006795401253
-0.012747875354107596    0.15403183467583745
-0.011803588290840383    0.14436061687842652
-0.01085930122757317    0.1420017832693019
-0.009915014164305902    0.14247354999111006
-0.008970727101038634    0.15308830123218758
-0.00802644003777142    0.12997173186276634
-0.007082152974504208    0.1500218175403256
-0.006137865911236995    0.1554471348413122
-0.0051935788479697265    0.14577591704388412
-0.004249291784702458    0.15332418459310004
-0.003305004721435245    0.1346893990810156
-0.0023607176581680323    0.13681234932922776
-0.0014164305949008194    0.15285241787127513
-0.00047214353163360645    0.14907828409667576
0.00047214353163360645    0.15403183467583745
0.0014164305949008194    0.15214476778853772
0.0023607176581680323    0.16016480205956143
0.003305004721435356    0.1535600679539764
0.00424929178470268    0.14931416745758821
0.005193578847969893    0.14530415032207636
0.006137865911237106    0.1481347506530259
0.007082152974504319    0.15308830123218758
0.008026440037771532    0.15285241787127513
0.008970727101038745    0.15072946762306297
0.009915014164305958    0.15143711770580037
0.01085930122757317    0.1438888501566016
0.011803588290840383    0.15992891869864898
0.012747875354107596    0.15521125148039974
0.01369216241737492    0.14412473351748017
0.014636449480642244    0.1634671691123359
0.015580736543909457    0.16063656878138635
0.01652502360717667    0.15072946762306297
0.017469310670443883    0.1622877523077736
0.018413597733711096    0.15072946762306297
0.01935788479697831    0.15591890156313715
0.02030217186024552    0.15214476778853772
0.021246458923512734    0.15521125148039974
0.022190745986779947    0.15992891869864898
0.02313503305004727    0.15969303533769896
0.024079320113314595    0.15992891869864898
0.025023607176581808    0.1488424007357633
0.02596789423984902    0.15686243500678695
0.026912181303116234    0.15450360139766234
0.027856468366383447    0.15922126861591157
0.02880075542965066    0.1611083355032113
0.029745042492917873    0.15521125148039974
0.030689329556185085    0.16441070255598575
0.0316336166194523    0.14907828409667576
0.03257790368271951    0.15214476778853772
0.033522190745986835    0.16771306960872076
0.03446647780925416    0.14955005081850065
0.03541076487252137    0.15686243500678695
0.036355051935788585    0.15686243500678695
0.0372993389990558    0.16559011936054807
0.03824362606232301    0.15874950189408668
0.039187913125590224    0.15285241787127513
0.040132200188857436    0.15025770090123805
0.04107648725212465    0.1523806511494502
0.04202077431539186    0.15922126861591157
0.042965061378659075    0.14035059974291467
0.0439093484419264    0.15851361853313692
0.04485363550519372    0.1469553338484636
0.045797922568460936    0.1474271005702885
0.04674220963172815    0.15167300106671283
0.04768649669499536    0.14955005081850065
0.048630783758262575    0.153795951314925
0.04957507082152979    0.16370305247324837
0.050519357884797    0.14648356712663868
0.05146364494806421    0.1512012343448879
0.052407932011331426    0.16205186894686113
0.05335221907459864    0.15308830123218758
0.05429650613786596    0.1497859341793779
0.05524079320113329    0.15568301820222466
0.0561850802644005    0.15143711770580037
0.05712936732766771    0.15945715197682403
0.058073654390934926    0.15214476778853772
0.05901794145420214    0.15261653451036267
0.05996222851746935    0.1497859341794131
0.060906515580736564    0.14294531671295174
0.06185080264400378    0.15072946762306297
0.06279508970727099    0.15214476778853772
0.0637393767705382    0.15167300106671283
0.06468366383380553    0.1429453167129181
0.06562795089707285    0.1611083355032113
0.06657223796034006    0.15473948475857482
0.06751652502360728    0.1474271005702885
0.06846081208687449    0.16747718624784774
0.0694050991501417    0.14648356712663868
0.07034938621340892    0.1500218175403256
0.07129367327667613    0.141530016547477
0.07223796033994334    0.1412941331865645
0.07318224740321055    0.1420017832693019
0.07412653446647777    0.14058648310382713
0.07507082152974509    0.153324184593064
0.07601510859301241    0.1486065173748508
0.07695939565627963    0.1554471348413122
0.07790368271954684    0.1474271005702885
0.07884796978281405    0.13799176613379005
0.07979225684608127    0.14766298393120098
0.08073654390934848    0.1486065173748508
0.08168083097261569    0.14530415032207636
0.0826251180358829    0.14412473351751406
0.08356940509915012    0.15568301820222466
0.08451369216241733    0.15308830123218758
0.08545797922568465    0.15002181754029031
0.08640226628895198    0.14341708343477666
0.08734655335221919    0.15025770090123805
0.0882908404154864    0.1462476837657262
0.08923512747875362    0.1412941331865645
0.09017941454202083    0.14436061687842652
0.09112370160528804    0.14082236646473958
0.09206798866855526    0.14766298393120098
0.09301227573182247    0.14554003368298882
0.09395656279508968    0.1474271005702885
0.0949008498583569    0.14789886729211343
0.09584513692162422    0.1453041503220422
0.09678942398489154    0.13987883302108972
0.09773371104815876    0.1420017832693019
0.09867799811142597    0.1431812000738642
0.09962228517469318    0.14105824982565204
0.1005665722379604    0.14931416745758821
0.10151085930122761    0.14412473351751406
0.10245514636449482    0.15025770090123805
0.10339943342776203    0.13728411605105265
0.10434372049102925    0.13869941621652743
0.10528800755429646    0.14035059974291467
0.10623229461756378    0.14789886729207866
0.1071765816808311    0.14671945048755114
0.10812086874409832    0.1486065173748508
0.10906515580736553    0.1486065173748508
0.11000944287063275    0.15190888442762526
0.11095372993389996    0.14412473351751406
0.11189801699716717    0.15190888442762526
0.11284230406043438    0.14436061687842652
0.1137865911237016    0.13893529957743989
0.11473087818696881    0.15450360139766234
0.11567516525023613    0.14341708343474294
0.11661945231350346    0.13374586563736574
0.11756373937677067    0.13987883302108972
0.11850802644003788    0.13067938194550374
0.1194523135033051    0.14341708343477666
0.12039660056657231    0.14601180040481374
0.12134088762983952    0.14365296679568912
0.12228517469310674    0.14577591704390128
0.12322946175637395    0.13940706629926483
0.12417374881964116    0.14459650023933895
0.12511803588290837    0.141530016547477
0.1260623229461757    0.1429453167129181
0.12700661000944302    0.14412473351751406
0.12795089707271023    0.1448323836002514
0.12889518413597745    0.1382276494947025
0.12983947119924466    0.14035059974291467
0.13078375826251187    0.13233056547189098
0.1317280453257791    0.13280233219371587
0.1326723323890463    0.141530016547477
0.1336166194523135    0.13728411605105265
0.13456090651558072    0.14058648310382713
0.13550519357884794    0.1469553338484636
0.13644948064211526    0.14483238360021738
0.13739376770538259    0.14459650023933895
0.1383380547686498    0.14931416745758821
0.139282341831917    0.15167300106671283
0.14022662889518422    0.14011471638200218
0.14117091595845144    0.13704823269014021
0.14211520302171865    0.153795951314925
0.14305949008498586    0.15190888442762526
0.14400377714825308    0.1469553338484636
0.1449480642115203    0.14577591704390128
0.1458923512747875    0.15143711770580037
0.14683663833805483    0.14789886729207866
0.14778092540132215    0.15827773517226174
0.14872521246458936    0.13893529957743989
0.14966949952785658    0.1615801022250362
0.1506137865911238    0.13940706629926483
0.151558073654391    0.15851361853317422
0.15250236071765821    0.16134421886412376
0.15344664778092543    0.14530415032207636
0.15439093484419264    0.1431812000738642
0.15533522190745985    0.15143711770580037
0.15627950897072707    0.15072946762306297
0.1572237960339944    0.15473948475853844
0.1581680830972617    0.16252363566868605
0.15911237016052893    0.1497859341794131
0.16005665722379614    0.1573342017286119
0.16100094428706335    0.16087245214229884
0.16194523135033057    0.1504935842621505
0.16288951841359778    0.15025770090123805
0.163833805476865    0.1554471348413122
0.1647780925401322    0.1622877523077736
0.16572237960339942    0.14577591704390128
0.16666666666666663    0.14955005081850065
0.16761095372993395    0.1460118004047794
0.16855524079320128    0.14459650023933895
0.1694995278564685    0.14223766663021434
0.1704438149197357    0.15426771803674988
0.17138810198300292    0.14955005081850065
0.17233238904627013    0.1420017832693019
0.17327667610953734    0.141530016547477
0.17422096317280455    0.14648356712663868
0.17516525023607177    0.15450360139766234
0.17610953729933898    0.1504935842621505
0.1770538243626062    0.14789886729211343
0.17799811142587352    0.14789886729207866
0.17894239848914084    0.1488424007357633
0.17988668555240805    0.14601180040481374
0.18083097261567527    0.1438888501566016
0.18177525967894248    0.14766298393120098
0.1827195467422097    0.14577591704390128
0.1836638338054769    0.14105824982565204
0.18460812086874412    0.14789886729211343
0.18555240793201133    0.15403183467583745
0.18649669499527854    0.1396429496601773
0.18744098205854576    0.14082236646473958
0.18838526912181308    0.14459650023930498
0.1893295561850804    0.14223766663021434
0.19027384324834762    0.1554471348413122
0.19121813031161483    0.15285241787127513
0.19216241737488204    0.14365296679568912
0.19310670443814926    0.1486065173748508
0.19405099150141647    0.14601180040481374
0.19499527856468368    0.14530415032207636
0.1959395656279509    0.15403183467583745
0.1968838526912181    0.1497859341794131
0.19782813975448532    0.153795951314925
0.19877242681775265    0.14860651737481587
0.19971671388101997    0.141530016547477
0.20066100094428718    0.13846353285561497
0.2016052880075544    0.14907828409667576
0.2025495750708216    0.15167300106671283
0.20349386213408882    0.15214476778853772
0.20443814919735603    0.15190888442762526
0.20538243626062325    0.15308830123218758
0.20632672332389046    0.1573342017286119
0.20727101038715767    0.1438888501566016
0.208215297450425    0.16275951902956023
0.20915958451369232    0.14671945048755114
0.21010387157695953    0.1424735499911268
0.21104815864022675    0.15426771803674988
0.21199244570349396    0.15639066828496206
0.21293673276676117    0.1570983183676994
0.21388101983002838    0.1474271005702885
0.2148253068932956    0.1561547849240496
0.2157695939565628    0.15639066828496206
0.21671388101983002    0.15308830123218758
0.21765816808309724    0.153795951314925
0.21860245514636456    0.1566265516458377
0.21954674220963188    0.16724130288693528
0.2204910292728991    0.1474271005702885
0.2214353163361663    0.1726666201879219
0.22237960339943352    0.153795951314925
0.22332389046270074    0.15874950189408668
0.22426817752596795    0.15851361853317422
0.22521246458923516    0.16511835263872313
0.22615675165250237    0.16205186894686113
0.2271010387157696    0.15143711770580037
0.2280453257790368    0.1679489529696727
0.22898961284230412    0.15898538525496173
0.22993389990557145    0.16535423599963558
0.23087818696883866    0.16299540239051097
0.23182247403210587    0.14719121720937603
0.2327667610953731    0.16724130288693528
0.2337110481586403    0.1750254537970465
0.2346553352219075    0.16936425313514744
0.23559962228517473    0.1696001364960599
0.23654390934844194    0.17667663732343375
0.23748819641170915    0.17030778657879728
0.23843248347497636    0.15568301820222466
0.2393767705382437    0.17738428740612944
0.240321057601511    0.16087245214229884
0.24126534466477823    0.16252363566868605
0.24220963172804544    0.17596898724069637
0.24315391879131265    0.15992891869864898
0.24409820585457986    0.17596898724069637
0.24504249291784708    0.1554471348413122
0.2459867799811143    0.16488246927781067
0.2469310670443815    0.1573342017286119
0.24787535410764872    0.17408192035339667
0.24881964117091593    0.1627595190295985
0.24976392823418325    0.16134421886408581
0.2507082152974506    0.15804185181134928
0.2516525023607178    0.17290250354883438
0.252596789423985    0.1733742702706593
0.2535410764872522    0.17148720338335957
0.25448536355051943    0.16441070255598575
0.25542965061378664    0.166061886082373
0.25637393767705385    0.16370305247324837
0.25731822474032107    0.16370305247324837
0.2582625118035883    0.17714840404525867
0.2592067988668555    0.1523806511494502
0.2601510859301228    0.17337427027061852
0.26109537299339014    0.166061886082373
0.26203966005665735    0.17478957043613405
0.26298394711992457    0.17054366993970976
0.2639282341831918    0.15969303533773652
0.264872521246459    0.16488246927781067
0.2658168083097262    0.1750254537970465
0.2667610953729934    0.1684207196914976
0.26770538243626063    0.1573342017286119
0.26864966949952784    0.1677130696087602
0.26959395656279506    0.16441070255598575
0.2705382436260624    0.16724130288689595
0.2714825306893297    0.17431780371430913
0.2724268177525969    0.17313838690974684
0.27337110481586413    0.17077955330062222
0.27431539187913134    0.15662655164587452
0.27525967894239856    0.15922126861591157
0.27620396600566577    0.16535423599963558
0.277148253068933    0.16535423599963558
0.2780925401322002    0.1745536870752216
0.2790368271954674    0.1604006854204739
0.2799811142587346    0.16983601985697236
0.28092540132200194    0.1691283697741952
0.28186968838526927    0.1738460369924842
0.2828139754485365    0.1762048706016088
0.2837582625118037    0.17243073682700943
0.2847025495750709    0.1627595190295985
0.2856468366383381    0.1684207196914976
0.28659112370160533    0.16393893583416083
0.28753541076487255    0.17195897010518452
0.28847969782813976    0.17549722051887146
0.28942398489140697    0.17219485346609698
0.2903682719546742    0.17361015363157176
0.2913125590179415    0.16134421886408581
0.29225684608120883    0.17431780371430913
0.29320113314447604    0.1733742702706593
0.29414542020774326    0.17667663732343375
0.29508970727101047    0.16134421886412376
0.2960339943342777    0.16488246927781067
0.2969782813975449    0.16087245214229884
0.2979225684608121    0.16912836977423495
0.2988668555240793    0.1799790043762082
0.29981114258734654    0.15898538525499914
0.30075542965061375    0.1646465859168982
0.30169971671388107    0.1646465859168595
0.3026440037771484    0.15662655164587452
0.3035882908404156    0.17714840404525867
0.3045325779036828    0.175261337157959
0.30547686496695003    0.16747718624784774
0.30642115203021725    0.18210195462442036
0.30736543909348446    0.16865660305241006
0.3083097261567517    0.175261337157959
0.3092540132200189    0.1764407539625213
0.3101983002832861    0.17054366993970976
0.3111425873465534    0.18564020503806364
0.31208687440982075    0.17714840404525867
0.31303116147308796    0.16724130288693528
0.3139754485363552    0.1762048706016088
0.3149197355996224    0.17809193748890853
0.3158640226628896    0.15780596845043682
0.3168083097261568    0.1688924864133225
0.317752596789424    0.17148720338335957
0.31869688385269124    0.17290250354883438
0.31964117091595845    0.1677130696087602
0.32058545797922566    0.17172308674427206
0.321529745042493    0.16252363566864783
0.3224740321057603    0.18280960470715776
0.3234183191690275    0.17054366993970976
0.32436260623229474    0.16393893583416083
0.32530689329556195    0.16865660305241006
0.32625118035882916    0.15827773517226174
0.3271954674220964    0.17030778657879728
0.3281397544853636    0.17125132002244714
0.3290840415486308    0.17950723765438328
0.330028328611898    0.18516843831628238
0.3309726156751652    0.17714840404525867
0.33191690273843255    0.17384603699244333
0.3328611898016999    0.17219485346609698
0.3338054768649671    0.18422490487263252
0.3347497639282343    0.18280960470715776
0.3356940509915015    0.18446078823354498
0.3366383380547687    0.1787995875716459
0.33758262511803594    0.18092253781985806
0.33852691218130315    0.18139430454168298
0.33947119924457037    0.1811584211807705
0.3404154863078376    0.18776315528631946
0.3413597733711048    0.18799903864723191
0.3423040604343721    0.17785605412795424
0.34324834749763944    0.19177317242183128
0.34419263456090665    0.18611197175993222
0.34513692162417386    0.17927135429347082
0.3460812086874411    0.18469667159445743
0.3470254957507083    0.18823492200814437
0.3479697828139755    0.1799790043762082
0.3489140698772427    0.1924808225045687
0.34985835694050993    0.19200905578274374
0.35080264400377714    0.18139430454168298
0.35174693106704435    0.19366023930913098
0.3526912181303117    0.20498264063288094
0.353635505193579    0.1887066887299693
0.3545797922568462    0.19814202316646776
0.35552407932011343    0.18210195462442036
0.35646836638338064    0.18304548806807022
0.35741265344664785    0.187527271925407
0.35835694050991507    0.19649083964008052
0.3593012275731823    0.20380322382836683
0.3602455146364495    0.202859690384717
0.3611898016997167    0.1898861055345316
0.3621340887629839    0.18776315528631946
0.36307837582625124    0.19790613980550878
0.36402266288951857    0.19366023930913098
0.3649669499527858    0.19389612267004344
0.365911237016053    0.2016802735801547
0.3668555240793202    0.20238792366289207
0.3677998111425874    0.19366023930913098
0.36874409820585463    0.20734147424205376
0.36968838526912184    0.21158737473847808
0.37063267233238906    0.1948396561136933
0.37157695939565627    0.20569029071566652
0.3725212464589235    0.21182325809939054
0.3734655335221908    0.2080491243247422
0.37440982058545813    0.20356734046745437
0.37535410764872534    0.199793206692855
0.37629839471199256    0.19861378988829267
0.37724268177525977    0.1960190729182556
0.378186968838527    0.19200905578274374
0.3791312559017942    0.199793206692855
0.3800755429650614    0.20781324096387868
0.3810198300283286    0.19696260636190546
0.38196411709159583    0.19625495627916806
0.38290840415486305    0.20002909005376746
0.38385269121813037    0.19790613980550878
0.3847969782813977    0.21182325809939054
0.3857412653446649    0.1898861055345316
0.3866855524079321    0.2071055908811413
0.38762983947119933    0.19814202316646776
0.38857412653446655    0.2016802735801547
0.38951841359773376    0.20238792366289207
0.39046270066100097    0.22149447589680146
0.3914069877242682    0.21488974179125253
0.3923512747875354    0.20120850685832975
0.3932955618508026    0.20545440735475407
0.39423984891406993    0.21559739187393923
0.39518413597733726    0.215125625152165
0.39612842304060447    0.20686970752022885
0.3970727101038717    0.21182325809939054
0.3980169971671389    0.21465385843034007
0.3989612842304061    0.19767025644464284
0.3999055712936733    0.2101720745730033
0.40084985835694054    0.20427499055019177
0.40179414542020775    0.20451087391110423
0.40273843248347496    0.2188997589267644
0.4036827195467423    0.21960740900945014
0.4046270066100096    0.21724857540037715
0.4055712936732768    0.2063979407984039
0.40651558073654404    0.21087972465574067
0.40745986779981125    0.21182325809939054
0.40840415486307846    0.21724857540037715
0.4093484419263457    0.21371032498669024
0.4102927289896129    0.21276679154304037
0.4112370160528801    0.21371032498669024
0.4121813031161473    0.22526860967140083
0.4131255901794145    0.2052185239938416
0.41406987724268185    0.20875677440747945
0.4150141643059492    0.2174844587612896
0.4159584513692164    0.21795622548311452
0.4169027384324836    0.22031505909223914
0.4178470254957508    0.22644802647596315
0.418791312559018    0.21371032498669024
0.41973559962228524    0.2205509424531516
0.42067988668555245    0.2205509424531516
0.42162417374881966    0.2311656936942124
0.4225684608120869    0.21229502482121546
0.4235127478753541    0.22951451016782515
0.4244570349386214    0.21677680867850124
0.42540132200188874    0.22644802647596315
0.42634560906515595    0.22149447589680146
0.42728989612842316    0.23611924427337408
0.4282341831916904    0.2589999302818829
0.4291784702549576    0.22526860967140083
0.4301227573182248    0.23517571082972424
0.431067044381492    0.227391559919613
0.43201133144475923    0.22196624261862638
0.43295561850802644    0.21677680867855223
0.43389990557129365    0.2278633266414379
0.434844192634561    0.23092981033324564
0.4357884796978283    0.2266839098368756
0.4367327667610955    0.23611924427337408
0.4376770538243627    0.24838517904082208
0.43862134088762994    0.2292786268069127
0.43956562795089715    0.22951451016782515
0.44050991501416437    0.23470394410789927
0.4414542020774316    0.22904274344600023
0.4423984891406988    0.24555457870987255
0.443342776203966    0.2384780778824987
0.4442870632672332    0.2538104963418087
0.44523135033050054    0.23753454443879302
0.44617563739376787    0.23989337804797348
0.4471199244570351    0.23777042779976132
0.4480642115203023    0.25498991314637104
0.4490084985835695    0.23493982746881178
0.4499527856468367    0.24626222879260992
0.45089707271010393    0.24744164559717224
0.45184135977337114    0.2512157793717716
0.45278564683663836    0.2439033951834853
0.45372993389990557    0.2476775289580847
0.4546742209631728    0.2439033951834853
0.4556185080264401    0.26135876389094603
0.45656279508970743    0.24696987887534733
0.45750708215297464    0.24626222879260992
0.45845136921624186    0.2589999302818829
0.45939565627950907    0.2512157793717716
0.4603399433427763    0.2521593128154215
0.4612842304060435    0.2594716970037078
0.4622285174693107    0.2625381806955698
0.4631728045325779    0.24862106240173454
0.46411709159584513    0.27055821496659344
0.46506137865911235    0.27197351513206824
0.46600566572237967    0.2733888152974787
0.466949952785647    0.26206641397374486
0.4678942398489142    0.26985056488385606
0.4688385269121814    0.2750399988239302
0.46978281397544863    0.26159464725191994
0.47072710103871584    0.27244528185389316
0.47167138810198306    0.2651328976656068
0.47261567516525027    0.27739883243305485
0.4735599622285175    0.285654750064991
0.4745042492917847    0.2693787981620312
0.4754485363550519    0.2639534808610446
0.47639282341831923    0.2719735151320043
0.47733711048158656    0.27692706571122994
0.47828139754485377    0.27739883243305485
0.479225684608121    0.28070119948582933
0.4801699716713882    0.2842394498995162
0.4811142587346554    0.28801358367411567
0.4820585457979226    0.2689070314402063
0.48300283286118983    0.27692706571122994
0.48394711992445705    0.26914291480111874
0.48489140698772426    0.2726811652148056
0.4858356940509915    0.29013653392232774
0.4867799811142588    0.2712658650492671
0.4877242681775261    0.2863624001477284
0.48866855524079333    0.2776347157939673
0.48961284230406055    0.2840035665386038
0.49055712936732776    0.2849470999822536
0.491501416430595    0.2899006505614153
0.4924457034938622    0.28329591645586644
0.4933899905571294    0.2967412680278767
0.4943342776203966    0.28070119948582933
0.4952785646836638    0.2889571171177655
0.49622285174693104    0.29037241728324026
0.49716713881019836    0.28919300047860996
0.4981114258734657    0.2941465510578396
0.4990557129367329    0.285654750064991
0.5000000000000001    0.2924953675314524
0.5009442870632673    0.2962695013060518
0.5018885741265345    0.29367478433601474
0.5028328611898017    0.2804653161249168
0.503777148253069    0.29697715138878916
0.5047214353163362    0.30924308615623713
0.5056657223796034    0.29296713425327736
0.5066100094428707    0.30027951844149303
0.507554296506138    0.28376768317769135
0.5084985835694052    0.2840035665386038
0.5094428706326725    0.29013653392232774
0.5103871576959397    0.2950900845014895
0.5113314447592069    0.31113015304353686
0.5122757318224741    0.28801358367411567
0.5132200188857413    0.2889571171177655
0.5141643059490085    0.29296713425327736
0.5151085930122757    0.31325310329174905
0.516052880075543    0.29037241728324026
0.5169971671388103    0.3028742354115295
0.5179414542020776    0.29744891811061414
0.5188857412653448    0.3035818854943381
0.519830028328612    0.30145893524612594
0.5207743153918792    0.30641248582528763
0.5217186024551465    0.29367478433601474
0.5226628895184137    0.30193070196795085
0.5236071765816809    0.2955618512233144
0.5245514636449481    0.29886421827608883
0.5254957507082153    0.3191501873145606
0.5264400377714825    0.3012230518852135
0.5273843248347498    0.30782778599069
0.5283286118980172    0.32481138797645964
0.5292728989612844    0.3243396212546347
0.5302171860245516    0.3217449042845977
0.5311614730878188    0.3146684034572238
0.532105760151086    0.3196219540363855
0.5330500472143532    0.3158478202617861
0.5339943342776204    0.3116019197653618
0.5349386213408877    0.325519038059197
0.5358829084041549    0.3264625715028469
0.5368271954674221    0.3300008219165338
0.5377714825306894    0.3274061049464197
0.5387157695939567    0.3215090209236852
0.5396600566572239    0.3292931718337964
0.5406043437204912    0.32905728847288396
0.5415486307837584    0.3304725886383587
0.5424929178470256    0.31065838632171194
0.5434372049102928    0.34321029012763166
0.54438149197356    0.3292931718337964
0.5453257790368272    0.3269343382246718
0.5462700661000944    0.3533532746468675
0.5472143531633616    0.3358979059393454
0.548158640226629    0.34792795734579907
0.5491029272898963    0.33165200544292106
0.5500472143531635    0.35075855767683045
0.5509915014164307    0.3425026400448943
0.5519357884796979    0.34816384070679335
0.5528800755429651    0.35476857481234225
0.5538243626062324    0.3705727599934772
0.5547686496694996    0.3533532746468675
0.5557129367327668    0.3552403415341672
0.556657223796034    0.350050907594093
0.5576015108593012    0.35618387497781706
0.5585457979225685    0.36019389211324415
0.5594900849858359    0.3609015421960663
0.5604343720491031    0.3446255902931064
0.5613786591123703    0.3686856931061775
0.5623229461756375    0.3736392436853392
0.5632672332389047    0.3613733089178912
0.5642115203021719    0.3719880601589519
0.5651558073654391    0.37670572737720115
0.5661000944287063    0.3630244924442784
0.5670443814919736    0.38991519558829907
0.5679886685552408    0.37222394351986443
0.5689329556185081    0.3802439777907987
0.5698772426817754    0.3859051784527872
0.5708215297450426    0.3859051784527872
0.5717658168083098    0.4132676483186328
0.5727101038715771    0.3705727599934772
0.5736543909348443    0.37953632770815077
0.5745986779981115    0.4000581801075349
0.5755429650613787    0.4033605471603094
0.5764872521246459    0.4068987975739963
0.5774315391879131    0.3863769451746121
0.5783758262511803    0.3941610960847234
0.5793201133144477    0.38401811156539717
0.580264400377715    0.38802812870099934
0.5812086874409822    0.3927457959192486
0.5821529745042494    0.4007658301902723
0.5830972615675166    0.40713468093490873
0.5840415486307838    0.3915663791146863
0.584985835694051    0.424118282920606
0.5859301227573183    0.41020116462677075
0.5868744098205855    0.3988787633029726
0.5878186968838527    0.42270298275513124
0.5887629839471199    0.4130317649577203
0.5897072710103872    0.4229388661159442
0.5906515580736545    0.40902174782220846
0.5915958451369218    0.4172776654541446
0.592540132200189    0.4043040806039592
0.5934844192634562    0.4215235659505689
0.5944287063267234    0.4142111817622826
0.5953729933899906    0.4224670993942187
0.5963172804532578    0.4132676483186328
0.597261567516525    0.4368559844098789
0.5982058545797923    0.42977948358250506
0.5991501416430596    0.45289605295181984
0.6000944287063269    0.42388239955969353
0.6010387157695941    0.41138058143133305
0.6019830028328613    0.42553358308608075
0.6029272898961285    0.43544068424440413
0.6038715769593958    0.4130317649577203
0.604815864022663    0.4399224681017409
0.6057601510859302    0.44393248523725276
0.6067044381491974    0.4436966018763403
0.6076487252124646    0.4290718334997677
0.6085930122757318    0.4665772878848491
0.6095372993389991    0.4354406842443017
0.6104815864022665    0.44770661901185216
0.6114258734655337    0.4311947837479798
0.6123701605288009    0.45053721934280166
0.6133144475920681    0.44464013531999014
0.6142587346553353    0.454783119839226
0.6152030217186025    0.45266016959101385
0.6161473087818697    0.44346071851542784
0.617091595845137    0.4571419534483506
0.6180358829084042    0.4665772878848491
0.6189801699716714    0.46185962066659986
0.6199244570349387    0.4458195521244476
0.620868744098206    0.45643430336561325
0.6218130311614732    0.4479425023727646
0.6227573182247405    0.4781355725695597
0.6237016052880077    0.451716636147364
0.6246458923512749    0.4651619877193743
0.6255901794145421    0.4691720048548861
0.6265344664778093    0.457849603531088
0.6274787535410765    0.49511917455525695
0.6284230406043437    0.473182021990398
0.6293673276676109    0.48403265659237127
0.6303116147308783    0.4703514216593378
0.6312559017941456    0.4965344747207317
0.6322001888574128    0.49087327405883263
0.63314447592068    0.4837967732314587
0.6340887629839472    0.49747800816438154
0.6350330500472144    0.5118668931800416
0.6359773371104817    0.49252445758521984
0.6369216241737489    0.4965344747207317
0.6378659112370161    0.5059698091572301
0.6388101983002833    0.5045545089917555
0.6397544853635505    0.4920526908633949
0.6406987724268178    0.4996009584124762
0.6416430594900852    0.5097439429318296
0.6425873465533524    0.5305016786921262
0.6435316336166196    0.5257840114738769
0.6444759206798868    0.5201228108119779
0.645420207743154    0.5198869274510654
0.6463644948064212    0.5179998605637658
0.6473087818696884    0.5078568760445298
0.6482530689329556    0.5276710783611767
0.6491973559962229    0.5279069617220892
0.6501416430594901    0.5338040457449007
0.6510859301227574    0.5338040457447751
0.6520302171860247    0.5220098776992775
0.6529745042492919    0.5116310098191292
0.6539187913125591    0.5512594144524228
0.6548630783758264    0.5281428450830016
0.6558073654390936    0.5229534111429275
0.6567516525023608    0.5210663442556277
0.657695939565628    0.5205945775338028
0.6586402266288952    0.528850495165739
0.6595845136921624    0.5269634282784392
0.6605288007554296    0.5326246289403384
0.661473087818697    0.5132821933453958
0.6624173748819643    0.5592794487234465
0.6633616619452315    0.5295581452484763
0.6643059490084987    0.5432393801813992
0.6652502360717659    0.547249397316911
0.6661945231350331    0.5512594144524228
0.6671388101983003    0.5361628793540252
0.6680830972615676    0.531445212135776
0.6690273843248348    0.5460699805123486
0.669971671388102    0.5547976648661097
0.6709159584513692    0.5430034968204867
0.6718602455146365    0.5271993116392277
0.6728045325779038    0.5637612325807833
0.6737488196411711    0.5573923818361468
0.6746931067044383    0.5460699805123486
0.6756373937677055    0.5578641485579717
0.6765816808309727    0.5727248002954568
0.6775259678942399    0.5861701518674671
0.6784702549575071    0.55291059797881
0.6794145420207743    0.5748477505436689
0.6803588290840415    0.5812166012883054
0.6813031161473088    0.5698941999645072
0.6822474032105761    0.5826319014536432
0.6831916902738434    0.5958413696648781
0.6841359773371106    0.5786218843182683
0.6850802644003778    0.5668277162726453
0.686024551463645    0.6052767041013766
0.6869688385269123    0.5970207864694403
0.6879131255901795    0.5750836339045814
0.6888574126534467    0.5864060352283796
0.6898016997167139    0.6026819871313394
0.6907459867799811    0.5930107693339285
0.6916902738432483    0.5861701518674671
0.6926345609065157    0.5974925531911248
0.693578847969783    0.5937184194166658
0.6945231350330502    0.6073996543495886
0.6954674220963174    0.5918313525293663
0.6964117091595846    0.6111737881241881
0.6973559962228518    0.6168349887860871
0.698300283286119    0.6010308036049522
0.6992445703493863    0.6210808892825115
0.7001888574126535    0.5772065841527936
0.7011331444759207    0.6175426388688244
0.702077431539188    0.6340544741325477
0.7030217186024553    0.6045690540186391
0.7039660056657225    0.611645554846013
0.7049102927289898    0.6163632220642622
0.705854579792257    0.5925390026121036
0.7067988668555242    0.6090508378759758
0.7077431539187914    0.6149479218987874
0.7086874409820586    0.6286291568317103
0.7096317280453258    0.5982002032740026
0.710576015108593    0.6375927245463837
0.7115203021718602    0.6439615752910203
0.7124645892351276    0.6180144055905041
0.7134088762983949    0.6246191396961984
0.7143531633616621    0.6406592082382457
0.7152974504249293    0.6210808892825115
0.7162417374881965    0.6130608550114877
0.7171860245514637    0.6373568411854712
0.718130311614731    0.6142402718160501
0.7190745986779982    0.6302803403580974
0.7200188857412654    0.6557557433366433
0.7209631728045326    0.6302803403580974
0.7219074598677998    0.6420745084037205
0.7228517469310671    0.6342903574934602
0.7237960339943345    0.623911489613461
0.7247403210576017    0.6458486421783199
0.7256846081208689    0.6569351601412056
0.7266288951841361    0.6385362579900337
0.7275731822474033    0.6432539252082828
0.7285174693106705    0.6739187621269028
0.7294617563739377    0.6420745084037205
0.7304060434372049    0.6279215067489727
0.7313503305004722    0.6302803403580974
0.7322946175637394    0.6644834276904044
0.7332389046270067    0.6762775957358684
0.734183191690274    0.6798158461497144
0.7351274787535412    0.6732111120441655
0.7360717658168084    0.6670781446604415
0.7370160528800757    0.6543404431711686
0.7379603399433429    0.6630681275249296
0.7389046270066101    0.6906664807516876
0.7398489140698773    0.6465562922610573
0.7407932011331445    0.6531610263666062
0.7417374881964117    0.6597657604721552
0.7426817752596789    0.6786364293451521
0.7436260623229463    0.6788723127059049
0.7445703493862136    0.6916100141953375
0.7455146364494808    0.7078859660982973
0.746458923512748    0.6937329644435496
0.7474032105760152    0.6741546454878153
0.7483474976392824    0.6920817809171624
0.7492917847025496    0.6541045598102561
0.7502360717658169    0.6590581103894178
0.7511803588290841    0.6918458975562499
0.7521246458923513    0.6628322441640172
0.7530689329556185    0.7104806830683345
0.7540132200188858    0.6854770468114523
0.7549575070821531    0.7137830501211089
0.7559017941454204    0.6875999970598257
0.7568460812086876    0.7227466178357824
0.7577903682719548    0.6859488135334383
0.758734655335222    0.694440614526287
0.7596789423984892    0.6385362579900337
0.7606232294617564    0.7064706659328226
0.7615675165250236    0.6923176642780748
0.7625118035882908    0.7083577328201223
0.7634560906515581    0.6842976300070511
0.7644003777148254    0.6793440794277297
0.7653446647780927    0.7081218494592098
0.7662889518413599    0.7170854171738833
0.7672332389046271    0.700573581910011
0.7681775259678943    0.7255772181667319
0.7691218130311616    0.7123677499556341
0.7700661000944288    0.7236901512794323
0.771010387157696    0.7154342336474961
0.7719546742209632    0.7267566349712943
0.7728989612842304    0.725105451444907
0.7738432483474976    0.7081218494592098
0.774787535410765    0.7413814033476925
0.7757318224740323    0.7368996194905301
0.7766761095372995    0.7300590020240687
0.7776203966005667    0.7324178356331933
0.7785646836638339    0.7564779384462644
0.7795089707271011    0.7694515232964498
0.7804532577903683    0.7647338560782005
0.7813975448536356    0.7503449710625404
0.7823418319169028    0.7621391391081634
0.78328611898017    0.7876145420867093
0.7842304060434372    0.7760562574019987
0.7851746931067045    0.784076291672838
0.7861189801699718    0.7826609915075476
0.787063267233239    0.7949269262749956
0.7880075542965063    0.8161564287571171
0.7889518413597735    0.8100234613733932
0.7898961284230407    0.8168640788398546
0.7908404154863079    0.8277147134418278
0.7917847025495751    0.8126181783434303
0.7927289896128423    0.8135617117870801
0.7936732766761095    0.8305453137727773
0.7946175637393769    0.8350270976299178
0.7955618508026442    0.8345553309082892
0.7965061378659114    0.8310170804946023
0.7974504249291786    0.8531901164203737
0.7983947119924458    0.8626254508568721
0.799338999055713    0.8215817460581039
0.8002832861189803    0.8741837355415828
0.8012275731822475    0.8572001335558855
0.8021718602455147    0.8255917631936156
0.8031161473087819    0.8463494989539123
0.8040604343720491    0.854841299946761
0.8050047214353164    0.8409241816527279
0.8059490084985838    0.8640407510223469
0.806893295561851    0.8680507681578588
0.8078375826251182    0.8534259997812861
0.8087818696883854    0.8413959483747506
0.8097261567516526    0.8647484011050843
0.8106704438149198    0.8496518660066867
0.811614730878187    0.8489442159239493
0.8125590179414542    0.8649842844659967
0.8135033050047215    0.8562566001122357
0.8144475920679887    0.8574360169167979
0.815391879131256    0.8701737184058663
0.8163361661945233    0.8536618831421986
0.8172804532577905    0.8682866515187712
0.8182247403210577    0.885034370143556
0.819169027384325    0.8470571490366496
0.8201133144475922    0.8579077836386229
0.8210576015108594    0.854841299946761
0.8220018885741266    0.8701737184060709
0.8229461756373938    0.8873932037526806
0.823890462700661    0.8630972175786971
0.8248347497639282    0.8621536841350472
0.8257790368271956    0.8645125177439685
0.8267233238904629    0.8755990357070575
0.8276676109537301    0.8704096017669833
0.8286118980169973    0.8468212656757372
0.8295561850802645    0.8529542330594612
0.8305004721435317    0.8626254508568721
0.831444759206799    0.8789014027598321
0.8323890462700662    0.8534259997812861
0.8333333333333334    0.8640407510223469
0.8342776203966006    0.8553130666685859
0.8352219074598678    0.8656919345487342
0.8361661945231351    0.8524824663374357
0.8371104815864024    0.8836190699780812
0.8380547686496697    0.8725325520151955
0.8389990557129369    0.8505953994503366
0.8399433427762041    0.8765425691507074
0.8408876298394713    0.8864496703090308
0.8418319169027385    0.89116733752728
0.8427762039660057    0.9121609566484891
0.8437204910292729    0.8607383839695725
0.8446647780925401    0.8781937526770945
0.8456090651558074    0.8984797217155663
0.8465533522190747    0.8765425691505012
0.847497639282342    0.8656919345487342
0.8484419263456092    0.8730043187370204
0.8493862134088764    0.9031973889338156
0.8503305004721436    0.8932902877754921
0.8512747875354109    0.885034370143556
0.8522190745986781    0.9159350904230884
0.8531633616619453    0.9013103220465158
0.8541076487252125    0.8949414713018794
0.8550519357884797    0.9119250732875765
0.8559962228517469    0.903905039016553
0.8569405099150142    0.9355134093786028
0.8578847969782816    0.9126327233703141
0.8588290840415488    0.9258421915814118
0.859773371104816    0.8998950218810411
0.8607176581680832    0.9298522087169236
0.8616619452313504    0.9182939240322131
0.8626062322946176    0.9265498416641492
0.8635505193578848    0.9548558449736446
0.8644948064211521    0.918765690754038
0.8654390934844193    0.9303239754387486
0.8663833805476865    0.9303239754387486
0.8673276676109538    0.9046126890990775
0.8682719546742211    0.9319751589651359
0.8692162417374883    0.921360407724075
0.8701605288007556    0.9435334436498465
0.8711048158640228    0.949902294394483
0.87204910292729    0.9100380064002769
0.8729933899905572    0.9234833579722872
0.8739376770538244    0.9440052103716714
0.8748819641170916    0.9286727919123614
0.8758262511803588    0.9383440097097722
0.876770538243626    0.9317392756042233
0.8777148253068934    0.9520252446424713
0.8786591123701607    0.9220680578068124
0.8796033994334279    0.9215962910849875
0.8805476864966951    0.9727829804029917
0.8814919735599623    0.9215962910849875
0.8824362606232296    0.9628758792446683
0.8833805476864968    0.9598093955528064
0.884324834749764    0.9581582120264189
0.8852691218130312    0.9581582120264189
0.8862134088762984    0.9581582120264189
0.8871576959395657    0.9635835293271792
0.888101983002833    0.9824541982004026
0.8890462700661003    0.9543840782518197
0.8899905571293675    0.96877296326748
0.8909348441926347    0.9685370799065675
0.8918791312559019    0.9579223286655065
0.8928234183191691    0.9862283319750019
0.8937677053824363    0.98316184828314
0.8947119924457035    0.9838694983658773
0.8956562795089708    0.9661782462974428
0.896600566572238    1.0135908018408475
0.8975448536355053    0.9753776973727994
0.8984891406987726    0.995427783050588
0.8994334277620398    1.0114678515926354
0.900377714825307    0.9947201329678506
0.9013220018885743    1.0206673026682214
0.9022662889518415    1.0126472683971977
0.9032105760151087    1.0560498068050908
0.9041548630783759    1.0409532717066932
0.9050991501416431    1.0003813336297498
0.9060434372049103    1.0334050041574943
0.9069877242681775    1.0635980743542894
0.9079320113314449    1.0310461705481273
0.9088762983947122    1.0334050041574943
0.9098205854579794    1.0268002700519454
0.9107648725212466    1.0709104585425757
0.9117091595845138    1.0461427056467674
0.912653446647781    1.0220826028336962
0.9135977337110482    1.0315179372701946
0.9145420207743155    1.029630870382895
0.9154863078375827    1.0197237692245715
0.9164305949008499    1.04354798867673
0.9173748819641171    1.022554369555521
0.9183191690273844    1.026800270051704
0.9192634560906517    1.0237337863600833
0.920207743153919    1.0067501843743862
0.9211520302171862    1.0461427056467674
0.9220963172804534    1.0385944380975685
0.9230406043437206    1.035763837766619
0.9239848914069878    1.047558005812242
0.924929178470255    1.059352173857865
0.9258734655335222    1.0881299438891854
0.9268177525967894    1.0796381428963369
0.9277620396600567    1.0862428770018857
0.928706326723324    1.095442328077214
0.9296506137865913    1.1195024308905428
0.9305949008498585    1.1013394121002833
0.9315391879131257    1.1228047979433173
0.932483474976393    1.1011035287393707
0.9334277620396602    1.1369577995980649
0.9343720491029274    1.139552516568102
0.9353163361661946    1.166679103073035
0.9362606232294618    1.1586590688020113
0.937204910292729    1.1704532368476346
0.9381491973559962    1.1949851063825305
0.9390934844192635    1.211496941646118
0.9400377714825309    1.2027692572926418
0.9409820585457981    1.1831909383369075
0.9419263456090653    1.2452282622568849
0.9428706326723325    1.2612683307989323
0.9438149197355997    1.2737701489272926
0.9447592067988669    1.2961790682139767
0.9457034938621341    1.2987737851840138
0.9466477809254014    1.3358074728472702
0.9475920679886686    1.3381663064563947
0.9485363550519358    1.3825123783079376
0.9494806421152031    1.4278019836027944
0.9504249291784704    1.4778092561165719
0.9513692162417376    1.498095225155044
0.9523135033050049    1.5344212627355627
0.9532577903682721    1.576880267699806
0.9542020774315393    1.6238210565213858
0.9551463644948065    1.6738283290348277
0.9560906515580737    1.6721771455084404
0.9570349386213409    1.727137968601044
0.9579792256846081    1.7495468878877278
0.9589235127478754    1.7929494262956207
0.9598677998111427    1.8052153610626442
0.96081208687441    1.8691397518703459
0.9617563739376772    1.9278747087375487
0.9627006610009444    1.9790613980555531
0.9636449480642116    2.037324588200931
0.9645892351274789    2.124837315099454
0.9655335221907461    2.217775359298964
0.9664778092540133    2.2496196130221464
0.9674220963172805    2.482908256964571
0.9683663833805477    2.5706568672240064
0.9693106704438149    2.6284482906475595
0.9702549575070822    2.747097621185882
0.9711992445703496    2.8383844818596504
0.9721435316336168    2.9084418400506515
0.973087818696884    3.0405365221616303
0.9740321057601512    3.1245109986464663
0.9749763928234184    3.2952905519470885
0.9759206798866856    3.4179498996215685
0.9768649669499528    3.5066420433246543
0.97780925401322    3.735448903409742
0.9787535410764873    3.9184943914778128
0.9796978281397545    4.158387769525786
0.9806421152030218    4.449939603612542
0.9815864022662891    4.601140837958476
0.9825306893295563    4.943171711281545
0.9834749763928236    5.168440320952946
0.9844192634560908    5.439942069363189
0.985363550519358    5.402672498339021
0.9863078375826252    5.32789747292977
0.9872521246458924    4.941992294476983
0.9881964117091596    4.219009793280289
0.9891406987724268    3.2879781677588027
0.9900849858356942    2.197725273620888
0.9910292728989615    1.1287018819661288
0.9919735599622287    0.39062284567103644
0.9929178470254959    0.11204459643341927
0.9938621340887631    0.06109379047632755
0.9948064211520303    0.03325955388865709
0.9957507082152975    0.02311656936942124
0.9966949952785648    0.014153001654747697
0.997639282341832    0.004010017135511848
0.9985835694050992    0.0002358833609124616
0.9995278564683664    0.0002358833609124616