-0.9995283018867924    0.0
-0.9985849056603773    0.0
-0.9976415094339622    0.0
-0.9966981132075472    0.0
-0.995754716981132    0.0
-0.9948113207547169    0.0
-0.9938679245283019    0.0
-0.9929245283018868    0.0
-0.9919811320754717    0.0
-0.9910377358490565    0.0
-0.9900943396226415    0.0
-0.9891509433962264    0.0
-0.9882075471698113    0.0
-0.9872641509433961    0.0
-0.9863207547169811    0.0
-0.9853773584905661    0.0
-0.9844339622641509    0.0
-0.9834905660377358    0.0
-0.9825471698113207    0.0
-0.9816037735849057    0.0
-0.9806603773584905    0.0
-0.9797169811320754    0.0
-0.9787735849056604    0.0
-0.9778301886792453    0.0
-0.9768867924528302    0.0
-0.975943396226415    0.0
-0.975    0.0
-0.9740566037735849    0.0
-0.9731132075471698    0.0
-0.9721698113207546    0.0
-0.9712264150943396    0.0
-0.9702830188679246    0.0
-0.9693396226415094    0.0
-0.9683962264150943    0.0
-0.9674528301886792    0.0
-0.9665094339622642    0.0
-0.965566037735849    0.0
-0.9646226415094339    0.0
-0.9636792452830188    0.0
-0.9627358490566038    0.0
-0.9617924528301887    0.0
-0.9608490566037735    0.0
-0.9599056603773585    0.0
-0.9589622641509434    0.0
-0.9580188679245283    0.0
-0.9570754716981131    0.0
-0.9561320754716981    0.0
-0.9551886792452831    0.0
-0.9542452830188679    0.0
-0.9533018867924528    0.0
-0.9523584905660377    0.0
-0.9514150943396227    0.0
-0.9504716981132075    0.0
-0.9495283018867924    0.0
-0.9485849056603773    0.0
-0.9476415094339623    0.0
-0.9466981132075472    0.0
-0.945754716981132    0.0
-0.944811320754717    0.0
-0.9438679245283019    0.0
-0.9429245283018868    0.0
-0.9419811320754716    0.0
-0.9410377358490566    0.0
-0.9400943396226416    0.0
-0.9391509433962264    0.0
-0.9382075471698113    0.0
-0.9372641509433962    0.0
-0.9363207547169812    0.0
-0.935377358490566    0.0
-0.9344339622641509    0.0
-0.9334905660377358    0.0
-0.9325471698113208    0.0
-0.9316037735849056    0.0
-0.9306603773584905    0.0
-0.9297169811320755    0.0
-0.9287735849056604    0.0
-0.9278301886792453    0.0
-0.9268867924528301    0.0
-0.9259433962264151    0.0
-0.925    0.0
-0.9240566037735849    0.0
-0.9231132075471697    0.0
-0.9221698113207547    0.0
-0.9212264150943397    0.0
-0.9202830188679245    0.00023563410025562696
-0.9193396226415094    0.0
-0.9183962264150943    0.00023563410025562696
-0.9174528301886793    0.00023563410025565466
-0.9165094339622641    0.00023563410025562696
-0.915566037735849    0.0
-0.914622641509434    0.0
-0.9136792452830189    0.0
-0.9127358490566038    0.0
-0.9117924528301886    0.0
-0.9108490566037736    0.0
-0.9099056603773585    0.0
-0.9089622641509434    0.0
-0.9080188679245282    0.0
-0.9070754716981132    0.0
-0.9061320754716982    0.00023563410025565466
-0.905188679245283    0.0
-0.9042452830188679    0.0
-0.9033018867924528    0.00023563410025562696
-0.9023584905660378    0.0
-0.9014150943396226    0.0
-0.9004716981132075    0.00023563410025565466
-0.8995283018867924    0.00023563410025562696
-0.8985849056603774    0.00023563410025565466
-0.8976415094339623    0.00023563410025562696
-0.8966981132075471    0.0
-0.8957547169811321    0.0
-0.894811320754717    0.0
-0.8938679245283019    0.00023563410025562696
-0.8929245283018867    0.00023563410025565466
-0.8919811320754717    0.00023563410025562696
-0.8910377358490567    0.0004712682005113093
-0.8900943396226415    0.00023563410025562696
-0.8891509433962264    0.00023563410025565466
-0.8882075471698113    0.0007069023007668808
-0.8872641509433963    0.0004712682005113093
-0.8863207547169811    0.0
-0.885377358490566    0.0
-0.8844339622641509    0.0004712682005112539
-0.8834905660377359    0.0004712682005113093
-0.8825471698113208    0.0007069023007668808
-0.8816037735849056    0.0004712682005113093
-0.8806603773584906    0.00023563410025562696
-0.8797169811320755    0.0016494387017895829
-0.8787735849056604    0.0011781705012781348
-0.8778301886792452    0.0011781705012782733
-0.8768867924528302    0.0007069023007668808
-0.8759433962264151    0.0004712682005113093
-0.875    0.0007069023007668808
-0.8740566037735849    0.0004712682005113093
-0.8731132075471698    0.00023563410025562696
-0.8721698113207548    0.0009425364010226187
-0.8712264150943396    0.0004712682005112539
-0.8702830188679245    0.0007069023007669641
-0.8693396226415094    0.00023563410025562696
-0.8683962264150944    0.0
-0.8674528301886792    0.0007069023007668808
-0.8665094339622641    0.0009425364010226187
-0.8655660377358491    0.00023563410025562696
-0.864622641509434    0.0007069023007669641
-0.8636792452830189    0.00023563410025562696
-0.8627358490566037    0.0018850728020452373
-0.8617924528301887    0.0009425364010225078
-0.8608490566037736    0.0011781705012782733
-0.8599056603773585    0.0014138046015337617
-0.8589622641509433    0.0011781705012782733
-0.8580188679245283    0.00023563410025562696
-0.8570754716981133    0.0007069023007669641
-0.8561320754716981    0.0004712682005112539
-0.855188679245283    0.00023563410025565466
-0.8542452830188679    0.0011781705012781348
-0.8533018867924529    0.0007069023007669641
-0.8523584905660377    0.0007069023007668808
-0.8514150943396226    0.00023563410025565466
-0.8504716981132076    0.0011781705012781348
-0.8495283018867925    0.00023563410025565466
-0.8485849056603774    0.00023563410025562696
-0.8476415094339622    0.0009425364010226187
-0.8466981132075472    0.0011781705012781348
-0.8457547169811321    0.0007069023007669641
-0.844811320754717    0.0009425364010225078
-0.8438679245283018    0.00023563410025565466
-0.8429245283018868    0.0
-0.8419811320754718    0.0011781705012782733
-0.8410377358490566    0.0014138046015337617
-0.8400943396226415    0.0016494387017895829
-0.8391509433962264    0.0016494387017893888
-0.8382075471698114    0.0018850728020452373
-0.8372641509433962    0.0011781705012781348
-0.8363207547169811    0.0009425364010226187
-0.835377358490566    0.0007069023007668808
-0.834433962264151    0.0007069023007669641
-0.8334905660377359    0.0009425364010225078
-0.8325471698113207    0.0011781705012782733
-0.8316037735849057    0.0014138046015337617
-0.8306603773584906    0.0014138046015339282
-0.8297169811320755    0.0011781705012781348
-0.8287735849056603    0.0032988774035791657
-0.8278301886792453    0.0023563410025562695
-0.8268867924528303    0.0009425364010226187
-0.8259433962264151    0.0018850728020450157
-0.825    0.0011781705012782733
-0.8240566037735849    0.0011781705012781348
-0.8231132075471699    0.0023563410025565466
-0.8221698113207547    0.0007069023007668808
-0.8212264150943396    0.0023563410025565466
-0.8202830188679245    0.0016494387017893888
-0.8193396226415095    0.0007069023007669641
-0.8183962264150944    0.0025919751028118964
-0.8174528301886792    0.0014138046015337617
-0.816509433962264    0.0023563410025565466
-0.8155660377358491    0.0011781705012782733
-0.814622641509434    0.0018850728020450157
-0.8136792452830188    0.0021207069023006426
-0.8127358490566037    0.0037701456040904746
-0.8117924528301887    0.0009425364010226187
-0.8108490566037736    0.0014138046015337617
-0.8099056603773584    0.0021207069023006426
-0.8089622641509433    0.0021207069023008924
-0.8080188679245284    0.0023563410025565466
-0.8070754716981132    0.0032988774035787776
-0.8061320754716981    0.0018850728020450157
-0.8051886792452829    0.0028276092030678564
-0.804245283018868    0.0011781705012782733
-0.8033018867924528    0.0018850728020450157
-0.8023584905660377    0.0028276092030675233
-0.8014150943396225    0.0032988774035791657
-0.8004716981132076    0.0030632433033235106
-0.7995283018867925    0.0037701456040900314
-0.7985849056603773    0.0025919751028118964
-0.7976415094339622    0.0028276092030678564
-0.7966981132075472    0.00400577970434613
-0.7957547169811321    0.004005779704345658
-0.7948113207547169    0.0025919751028118964
-0.7938679245283018    0.0032988774035791657
-0.7929245283018869    0.0025919751028122017
-0.7919811320754717    0.0018850728020450157
-0.7910377358490566    0.0025919751028118964
-0.7900943396226414    0.004712682005113093
-0.7891509433962265    0.00400577970434613
-0.7882075471698113    0.004241413804601285
-0.7872641509433962    0.00541958430587942
-0.786320754716981    0.005419584305880058
-0.7853773584905661    0.0023563410025565466
-0.784433962264151    0.004477047904856912
-0.7834905660377358    0.004005779704345658
-0.7825471698113207    0.0035345115038348204
-0.7816037735849057    0.0051839502056244035
-0.7806603773584906    0.0037701456040900314
-0.7797169811320754    0.0028276092030675233
-0.7787735849056603    0.005890852506391367
-0.7778301886792454    0.005655218406135713
-0.7768867924528302    0.0035345115038344045
-0.7759433962264151    0.004241413804601285
-0.7749999999999999    0.0028276092030678564
-0.774056603773585    0.0030632433033235106
-0.7731132075471698    0.004712682005112539
-0.7721698113207547    0.005655218406135047
-0.7712264150943395    0.004948316105368748
-0.7702830188679246    0.005890852506391367
-0.7693396226415095    0.005655218406135047
-0.7683962264150943    0.005655218406135047
-0.7674528301886792    0.00400577970434613
-0.7665094339622642    0.004712682005113093
-0.7655660377358491    0.005655218406135047
-0.7646226415094339    0.005655218406135047
-0.7636792452830188    0.004948316105368748
-0.7627358490566039    0.004948316105368748
-0.7617924528301887    0.006126486606646301
-0.7608490566037736    0.00541958430587942
-0.7599056603773584    0.0065977548071583314
-0.7589622641509435    0.007775925308436605
-0.7580188679245283    0.005655218406135047
-0.7570754716981132    0.004241413804601285
-0.756132075471698    0.005890852506391367
-0.7551886792452831    0.004712682005113093
-0.754245283018868    0.007304657107924435
-0.7533018867924528    0.008718461709458197
-0.7523584905660377    0.007540291208180949
-0.7514150943396227    0.006126486606647021
-0.7504716981132076    0.00777592530843569
-0.7495283018867924    0.00777592530843569
-0.7485849056603773    0.009660998110481843
-0.7476415094339623    0.0065977548071583314
-0.7466981132075472    0.007304657107924435
-0.745754716981132    0.007069023007668809
-0.7448113207547169    0.007069023007669641
-0.743867924528302    0.007540291208180949
-0.7429245283018868    0.010132266310991959
-0.7419811320754717    0.008247193508946944
-0.7410377358490565    0.009425364010226187
-0.7400943396226416    0.009660998110481843
-0.7391509433962264    0.010132266310991959
-0.7382075471698113    0.006597754807157555
-0.7372641509433961    0.00848282760920357
-0.7363207547169812    0.007304657107925295
-0.7353773584905661    0.008954095809713824
-0.7344339622641509    0.009425364010225078
-0.7334905660377358    0.011781705012782733
-0.7325471698113208    0.010367900411248807
-0.7316037735849057    0.01083916861175884
-0.7306603773584905    0.009660998110480705
-0.7297169811320754    0.01107480271201577
-0.7287735849056605    0.011310436812271426
-0.7278301886792453    0.008954095809713824
-0.7268867924528302    0.010367900411247586
-0.725943396226415    0.01060353451150446
-0.7250000000000001    0.01201733911303839
-0.7240566037735849    0.009189729909969451
-0.7231132075471698    0.012959875514059482
-0.7221698113207546    0.009189729909970534
-0.7212264150943397    0.00801155940869226
-0.7202830188679246    0.013666777814826364
-0.7193396226415094    0.012017339113036974
-0.7183962264150943    0.009896632210737496
-0.7174528301886793    0.013195509614316663
-0.7165094339622642    0.014373680115593245
-0.715566037735849    0.010603534511503214
-0.7146226415094339    0.01201733911303839
-0.713679245283019    0.012252973213294042
-0.7127358490566038    0.013431143714570735
-0.7117924528301887    0.014373680115593245
-0.7108490566037735    0.01602311881738452
-0.7099056603773586    0.01460931421585059
-0.7089622641509434    0.011781705012781347
-0.7080188679245283    0.011781705012781347
-0.7070754716981131    0.013902411915083627
-0.7061320754716982    0.012959875514061006
-0.7051886792452831    0.015080582416360126
-0.7042452830188679    0.012017339113036974
-0.7033018867924528    0.011781705012782733
-0.7023584905660378    0.015316216516617557
-0.7014150943396227    0.01696565521840514
-0.7004716981132075    0.012488607313548228
-0.6995283018867924    0.014373680115594936
-0.6985849056603775    0.014138046015339282
-0.6976415094339623    0.015787484717127008
-0.6966981132075472    0.01625875291763826
-0.695754716981132    0.020264532621986305
-0.6948113207547171    0.0176725575191741
-0.6938679245283019    0.016023118817382633
-0.6929245283018868    0.01555185061687138
-0.6919811320754716    0.01814382571968541
-0.6910377358490567    0.017201289318662792
-0.6900943396226416    0.023092141825051444
-0.6891509433962264    0.01555185061687138
-0.6882075471698113    0.01814382571968541
-0.6872641509433963    0.01908636212070803
-0.6863207547169812    0.02073580082249517
-0.685377358490566    0.018379459819938902
-0.6844339622641509    0.017436923418918445
-0.683490566037736    0.01979326442147499
-0.6825471698113208    0.020264532621983918
-0.6816037735849056    0.01932199622096141
-0.6806603773584905    0.02144270312326458
-0.6797169811320756    0.020028898521730648
-0.6787735849056604    0.024270312326329577
-0.6778301886792453    0.02167833722351768
-0.6768867924528301    0.01979326442147499
-0.6759433962264152    0.020028898521730648
-0.675    0.024270312326329577
-0.6740566037735849    0.02238523952428456
-0.6731132075471697    0.023799044125821126
-0.6721698113207548    0.02474158052684374
-0.6712264150943397    0.02686228742914147
-0.6702830188679245    0.019793264421472664
-0.6693396226415094    0.025919751028122013
-0.6683962264150944    0.019321996220963686
-0.6674528301886793    0.027569189729908353
-0.6665094339622641    0.02851172613093086
-0.665566037735849    0.027097921529400288
-0.6646226415094341    0.02474158052684374
-0.6636792452830189    0.02686228742914147
-0.6627358490566038    0.027804823830163982
-0.6617924528301886    0.022856507724798504
-0.6608490566037737    0.028040457930422907
-0.6599056603773585    0.023799044125818323
-0.6589622641509434    0.022620873624540187
-0.6580188679245282    0.028982994331445525
-0.6570754716981133    0.027804823830167254
-0.6561320754716982    0.028982994331442115
-0.655188679245283    0.028982994331442115
-0.6542452830188679    0.02521284872735505
-0.6533018867924529    0.025448482827610707
-0.6523584905660378    0.03086806713348713
-0.6514150943396226    0.027333555629652728
-0.6504716981132075    0.03157496943425773
-0.6495283018867926    0.030161164832723797
-0.6485849056603774    0.03463821273757716
-0.6476415094339623    0.02921862843169774
-0.6466981132075471    0.03251750583528035
-0.6457547169811322    0.03204623763476904
-0.644811320754717    0.03510948093808842
-0.6438679245283019    0.032046237634765266
-0.6429245283018867    0.03416694453706993
-0.6419811320754718    0.030632433033235113
-0.6410377358490567    0.03628765143936655
-0.6400943396226415    0.032046237634765266
-0.6391509433962264    0.03887962654218302
-0.6382075471698113    0.03746582194064469
-0.6372641509433963    0.03463821273758124
-0.6363207547169811    0.032753139935532145
-0.635377358490566    0.03699455374013343
-0.6344339622641508    0.0353451150383482
-0.6334905660377359    0.03958652884294998
-0.6325471698113208    0.041235967544734714
-0.6316037735849056    0.0428854062465241
-0.6306603773584905    0.036052017339115165
-0.6297169811320755    0.04312104034678481
-0.6287735849056604    0.03887962654217845
-0.6278301886792452    0.0419428698455016
-0.6268867924528301    0.03887962654218302
-0.6259433962264151    0.03699455374013779
-0.625    0.040764699344223464
-0.6240566037735849    0.04264977214626848
-0.6231132075471697    0.041942869845506534
-0.6221698113207548    0.041707235745250884
-0.6212264150943396    0.048069356452147896
-0.6202830188679245    0.04524174724908037
-0.6193396226415093    0.04618428365010832
-0.6183962264150944    0.04382794264755177
-0.6174528301886792    0.04524174724908037
-0.6165094339622641    0.045006113148824745
-0.615566037735849    0.04877625875292052
-0.614622641509434    0.04147160164499523
-0.6136792452830189    0.04594864954984726
-0.6127358490566037    0.04312104034677973
-0.6117924528301886    0.051603867955988376
-0.6108490566037736    0.05207513615649968
-0.6099056603773585    0.04971879515393729
-0.6089622641509433    0.04100033344447909
-0.6080188679245282    0.0478337223518979
-0.6070754716981133    0.05136823385573272
-0.6061320754716981    0.044534844948313494
-0.605188679245283    0.04641991775035851
-0.6042452830188678    0.05796598866289105
-0.6033018867924529    0.05443147715905623
-0.6023584905660377    0.05796598866288423
-0.6014150943396226    0.05513837945981671
-0.6004716981132074    0.05443147715905623
-0.5995283018867925    0.05372457485828926
-0.5985849056603774    0.05513837945981671
-0.5976415094339622    0.06456374347004179
-0.5966981132075471    0.05278203845726665
-0.5957547169811321    0.06267867066800414
-0.594811320754717    0.06079359786595176
-0.5938679245283018    0.05749472046237298
-0.5929245283018867    0.06197176836723718
-0.5919811320754718    0.05985106146493629
-0.5910377358490566    0.06267867066799677
-0.5900943396226415    0.055845281760583586
-0.5891509433962263    0.06527064577081634
-0.5882075471698114    0.05867289096365802
-0.5872641509433962    0.06197176836722989
-0.5863207547169811    0.06527064577080867
-0.5853773584905659    0.06786262087362856
-0.584433962264151    0.06880515727465117
-0.5834905660377359    0.06338557296876365
-0.5825471698113207    0.06456374347004179
-0.5816037735849056    0.06904079137490682
-0.5806603773584906    0.06974769367567378
-0.5797169811320755    0.0629143047682524
-0.5787735849056603    0.07092586417694371
-0.5778301886792452    0.0706902300766964
-0.5768867924528303    0.07233966877848598
-0.5759433962264151    0.07375347338001124
-0.575    0.07375347338001124
-0.5740566037735848    0.07422474158053123
-0.5731132075471699    0.07021896187618511
-0.5721698113207547    0.07398910748026687
-0.5712264150943396    0.06503501167055303
-0.5702830188679244    0.08035122818717826
-0.5693396226415095    0.07422474158053123
-0.5683962264150944    0.07092586417694371
-0.5674528301886792    0.0812937645881913
-0.566509433962264    0.07257530287874164
-0.5655660377358491    0.07823052128487736
-0.564622641509434    0.07752361898410128
-0.5636792452830188    0.07422474158052249
-0.5627358490566037    0.07634544848283212
-0.5617924528301887    0.08200066688896783
-0.5608490566037736    0.08671334889407072
-0.5599056603773584    0.07823052128486815
-0.5589622641509433    0.07540291208180949
-0.5580188679245284    0.08435700789152438
-0.5570754716981132    0.08412137379125882
-0.5561320754716981    0.0864777147938151
-0.5551886792452829    0.0831788373902461
-0.554245283018868    0.08647771479382527
-0.5533018867924528    0.08954095809713825
-0.5523584905660377    0.08412137379125882
-0.5514150943396225    0.09731688340558538
-0.5504716981132076    0.08742025119484789
-0.5495283018867925    0.09236856730020578
-0.5485849056603773    0.09543181060352893
-0.5476415094339622    0.09684561520507408
-0.5466981132075472    0.09283983550072795
-0.5457547169811321    0.09802378570634082
-0.5448113207547169    0.09307546960097264
-0.5438679245283018    0.08553517839280264
-0.5429245283018869    0.09496054240302883
-0.5419811320754717    0.09778815160608519
-0.5410377358490566    0.09283983550071702
-0.5400943396226414    0.10014449260865324
-0.5391509433962265    0.09236856730021664
-0.5382075471698113    0.10485717461375399
-0.5372641509433962    0.10438590641324275
-0.536320754716981    0.10650661331555591
-0.5353773584905661    0.11263309992220294
-0.534433962264151    0.10627097921528776
-0.5334905660377358    0.10697788151605464
-0.5325471698113207    0.10721351561632288
-0.5316037735849057    0.12017339113038389
-0.5306603773584906    0.10485717461375399
-0.5297169811320754    0.11239746582193406
-0.5287735849056603    0.10697788151606723
-0.5278301886792454    0.12017339113038389
-0.5268867924528302    0.11781705012781347
-0.5259433962264151    0.11923085472934725
-0.5249999999999999    0.11098366122041337
-0.524056603773585    0.11640324552629341
-0.5231132075471698    0.11004112481937778
-0.5221698113207547    0.11098366122040029
-0.5212264150943395    0.1258286095365196
-0.5202830188679246    0.11475380682450384
-0.5193396226415095    0.12559297543624917
-0.5183962264150943    0.12629987773701606
-0.5174528301886792    0.12465043903524131
-0.5165094339622642    0.12559297543626396
-0.5155660377358491    0.12747804823829417
-0.5146226415094339    0.12889185283982793
-0.5136792452830188    0.13124819384239966
-0.5127358490566039    0.1298343892408657
-0.5117924528301887    0.13336890074468485
-0.5108490566037736    0.1189952206290916
-0.5099056603773584    0.12865621873958746
-0.5089622641509435    0.12512170723575264
-0.5080188679245283    0.13525397354672988
-0.5070754716981132    0.1319550961431511
-0.506132075471698    0.14020228965211454
-0.5051886792452831    0.13784594864955801
-0.504245283018868    0.1319550961431511
-0.5033018867924528    0.14185172835388743
-0.5023584905660377    0.13124819384239966
-0.5014150943396227    0.1347827053462345
-0.5004716981132076    0.13101255974212858
-0.4995283018867924    0.14114482605312054
-0.49858490566037733    0.14609314215850588
-0.49764150943396224    0.1399666555518424
-0.49669811320754714    0.1491563854618294
-0.49575471698113205    0.1493920195620675
-0.49481132075471695    0.15151272646438596
-0.49386792452830186    0.1442080693564437
-0.49292452830188677    0.15504723796822079
-0.49198113207547167    0.16470823607868323
-0.4910377358490566    0.15080582416361898
-0.4900943396226415    0.1548116038679469
-0.4891509433962264    0.1548116038679651
-0.4882075471698113    0.15410470156718004
-0.4872641509433962    0.16400133377793566
-0.4863207547169811    0.16541513837945013
-0.485377358490566    0.17484050238969578
-0.4844339622641509    0.15269089696564628
-0.4834905660377358    0.16517950427921393
-0.48254716981132073    0.15952428587305945
-0.48160377358490564    0.15009892186285204
-0.48066037735849054    0.15787484717127004
-0.47971698113207545    0.1684783816827931
-0.47877358490566035    0.17271979548737457
-0.47783018867924526    0.17154162498611664
-0.47688679245283017    0.1783750138935096
-0.47594339622641507    0.1616449927753791
-0.475    0.1713059908858408
-0.4740566037735849    0.17224852728688358
-0.4731132075471698    0.1689496498832845
-0.4721698113207547    0.17813937979327496
-0.4712264150943396    0.18049572079581025
-0.4702830188679245    0.18473713460043328
-0.4693396226415094    0.17790374569299836
-0.4683962264150943    0.1934555963098925
-0.4674528301886792    0.18026008669555463
-0.46650943396226413    0.19321996220963683
-0.46556603773584904    0.17955318439478773
-0.46462264150943394    0.19863954651551688
-0.46367924528301885    0.18874291430475718
-0.46273584905660375    0.19628320551296036
-0.46179245283018866    0.193926864510381
-0.46084905660377357    0.1845015005001776
-0.45990566037735847    0.19510503501165913
-0.4589622641509434    0.18285206179838803
-0.4580188679245283    0.20193842391907232
-0.4570754716981132    0.2064154718239535
-0.4561320754716981    0.19345559630986975
-0.455188679245283    0.20500166722241958
-0.4542452830188679    0.20523730132265108
-0.4533018867924528    0.20924308102702138
-0.4523584905660377    0.21489829943313177
-0.4514150943396226    0.2068867400244648
-0.45047169811320753    0.20759364232520736
-0.44952830188679244    0.20994998332778833
-0.44858490566037734    0.213484494831598
-0.44764150943396225    0.21348449483162313
-0.44669811320754715    0.20523730132265108
-0.44575471698113206    0.22479493164389458
-0.44481132075471697    0.20947871512725236
-0.44386792452830187    0.22361676114261628
-0.4429245283018868    0.23068578415025878
-0.4419811320754717    0.22762254084696243
-0.4410377358490566    0.23021451594974754
-0.4400943396226415    0.21937534733801453
-0.4391509433962264    0.23704790485716074
-0.4382075471698113    0.22432366344338325
-0.4372641509433962    0.22220295654105623
-0.4363207547169811    0.2309214182505416
-0.435377358490566    0.23398466155383757
-0.43443396226415093    0.2356341002556547
-0.43349056603773584    0.24812270756917518
-0.43254716981132074    0.2535422918750844
-0.43160377358490565    0.2639101922863022
-0.43066037735849055    0.2391686117594895
-0.42971698113207546    0.2490652439701977
-0.42877358490566037    0.24670890296767048
-0.42783018867924527    0.25024341447147586
-0.4268867924528302    0.25636990107815233
-0.4259433962264151    0.2415249527620176
-0.425    0.255898632877641
-0.4240566037735849    0.25801933977991154
-0.4231132075471698    0.2533066577748288
-0.4221698113207547    0.26084694898297905
-0.4212264150943396    0.2747493608980934
-0.4202830188679245    0.2615538512837459
-0.4193396226415094    0.2629676558853106
-0.41839622641509433    0.27003667889294847
-0.41745283018867924    0.28794487051241
-0.41650943396226414    0.2610825830832347
-0.41556603773584905    0.2700366788929803
-0.41462264150943395    0.28299655440700794
-0.41367924528301886    0.2721573857952812
-0.41273584905660377    0.26720906968988095
-0.41179245283018867    0.268858508391702
-0.4108490566037736    0.288651772813143
-0.4099056603773585    0.2771057019006499
-0.4089622641509434    0.28794487051237616
-0.4080188679245283    0.2789907747026951
-0.4070754716981132    0.2884161387128874
-0.4061320754716981    0.2978415027231475
-0.405188679245283    0.3004334778259244
-0.4042452830188679    0.28770923641215435
-0.4033018867924528    0.2881805046126318
-0.40235849056603773    0.29124374791598917
-0.40141509433962264    0.30373235522950315
-0.40047169811320754    0.31080137823720855
-0.39952830188679245    0.3049105257307813
-0.39858490566037735    0.3011403801267267
-0.39764150943396226    0.3032610870289919
-0.39669811320754716    0.3176347671446225
-0.39575471698113207    0.3138646215404951
-0.394811320754717    0.2983127709236588
-0.3938679245283019    0.3070312326330819
-0.3929245283018868    0.3228187173502469
-0.3919811320754717    0.3251750583527652
-0.3910377358490566    0.31127264643771985
-0.3900943396226415    0.3272957652550658
-0.3891509433962264    0.3254106924530591
-0.3882075471698113    0.3249394242525096
-0.3872641509433962    0.32258308324999124
-0.38632075471698113    0.32305435145046457
-0.38537735849056604    0.3329509836612401
-0.38443396226415094    0.32635322885404333
-0.38349056603773585    0.3468533955763237
-0.38254716981132075    0.32941647215736647
-0.38160377358490566    0.32776703345561564
-0.38066037735849056    0.3437901522729597
-0.37971698113207547    0.33247971546072874
-0.3787735849056604    0.3456752250750047
-0.3778301886792453    0.34072690896967667
-0.3768867924528302    0.3518017116816511
-0.3759433962264151    0.35675002778706116
-0.375    0.3272957652550658
-0.3740566037735849    0.36075580749140734
-0.3731132075471698    0.3555718572857411
-0.3721698113207547    0.37159497610316744
-0.3712264150943396    0.3770145604090031
-0.37028301886792453    0.37112370790265614
-0.36933962264150944    0.3513304434811398
-0.36839622641509434    0.36546848949652044
-0.36745283018867925    0.3607558074913648
-0.36650943396226415    0.3723018784039344
-0.36556603773584906    0.36782483049903364
-0.36462264150943396    0.37112370790265614
-0.36367924528301887    0.37889963321104814
-0.3627358490566038    0.4008136045348686
-0.3617924528301887    0.39798599533175394
-0.3608490566037736    0.36641102589754304
-0.3599056603773585    0.39021007002331826
-0.3589622641509434    0.39280204512617634
-0.3580188679245283    0.3984572635322652
-0.3570754716981132    0.39445148382796597
-0.3561320754716981    0.4045837501389115
-0.355188679245283    0.4036412137379365
-0.35424528301886793    0.4026986773368665
-0.35330188679245284    0.41495165055020794
-0.35235849056603774    0.40057797043456583
-0.35141509433962265    0.4019917750361469
-0.35047169811320755    0.397279093030987
-0.34952830188679246    0.40057797043461296
-0.34858490566037736    0.4163654551516928
-0.34764150943396227    0.41165277314662874
-0.3466981132075472    0.4100033344447909
-0.3457547169811321    0.3788996332110927
-0.344811320754717    0.4309747693675417
-0.3438679245283019    0.4283827942647802
-0.3429245283018868    0.4413426697787893
-0.3419811320754717    0.43191730576861503
-0.3410377358490566    0.42720462376345164
-0.3400943396226415    0.43615871957321684
-0.3391509433962264    0.4498254973879919
-0.33820754716981133    0.44393464488165346
-0.33726415094339623    0.44204957207955614
-0.33632075471698114    0.43851506057577333
-0.33537735849056605    0.4502967655885031
-0.33443396226415095    0.45171057019009003
-0.33349056603773586    0.4441702789818568
-0.33254716981132076    0.4679693231077302
-0.33160377358490567    0.4752739802155996
-0.3306603773584906    0.47197510281207633
-0.3297169811320755    0.4731532733132989
-0.3287735849056604    0.46584861620542933
-0.3278301886792453    0.4870556852283809
-0.3268867924528302    0.4837568078248591
-0.3259433962264151    0.47268200511278763
-0.325    0.46891185950875286
-0.3240566037735849    0.47409580971432147
-0.3231132075471698    0.4839924419251147
-0.32216981132075473    0.48493497832608023
-0.32122641509433963    0.5066133155496576
-0.32028301886792454    0.5011937312437185
-0.31933962264150945    0.4863487829276713
-0.31839622641509435    0.5016649994442298
-0.31745283018867926    0.5099121929532368
-0.31650943396226416    0.5077914860508761
-0.31556603773584907    0.5106190952540036
-0.314622641509434    0.5108547293541993
-0.3136792452830189    0.5334756029788021
-0.3127358490566038    0.5092052906524099
-0.3117924528301887    0.5304123596754787
-0.3108490566037736    0.5372457485828295
-0.3099056603773585    0.52546404357011
-0.3089622641509434    0.528762920973627
-0.3080188679245283    0.544550405690818
-0.3070754716981132    0.5348894075802731
-0.30613207547169813    0.5414871623874945
-0.30518867924528303    0.5351250416805288
-0.30424528301886794    0.5450216738913293
-0.30330188679245285    0.5506768922974001
-0.30235849056603775    0.5626942314105033
-0.30141509433962266    0.5447860397910095
-0.30047169811320756    0.5721195954207295
-0.29952830188679247    0.573533400022196
-0.2985849056603774    0.5461998443926076
-0.2976415094339623    0.6015738579526155
-0.2966981132075472    0.597096810047829
-0.2957547169811321    0.5695276203178503
-0.294811320754717    0.5551539402023224
-0.2938679245283019    0.5784817161275642
-0.2929245283018868    0.6046371012560099
-0.2919811320754717    0.5806024230298648
-0.2910377358490566    0.5999244192508968
-0.29009433962264153    0.5725908636211735
-0.28915094339622643    0.5869645437368358
-0.28820754716981134    0.5916772257418793
-0.28726415094339625    0.6079359786595891
-0.28632075471698115    0.5768322774257748
-0.28537735849056606    0.6312637545848989
-0.28443396226415096    0.6258441702789452
-0.28349056603773587    0.6044014671557543
-0.2825471698113208    0.631028120484569
-0.2816037735849057    0.6286717794820867
-0.2806603773584906    0.6347982660886591
-0.2797169811320755    0.6232521951762067
-0.2787735849056604    0.6444592641991397
-0.2778301886792453    0.6527064577081635
-0.2768867924528302    0.6512926531065529
-0.27594339622641506    0.6621318217183118
-0.27499999999999997    0.6673157719240141
-0.2740566037735849    0.6574191397131992
-0.2731132075471698    0.6640168945204349
-0.2721698113207547    0.6529420918083423
-0.2712264150943396    0.6508213849061182
-0.2702830188679245    0.6908791819494983
-0.2693396226415094    0.6781549405357742
-0.2683962264150943    0.6991263754584451
-0.2674528301886792    0.7031321551628735
-0.2665094339622641    0.6937067911525657
-0.265566037735849    0.6939424252529031
-0.26462264150943393    0.6840457930420851
-0.26367924528301884    0.6868734022452334
-0.26273584905660374    0.7153851283760835
-0.26179245283018865    0.6981838390575048
-0.26084905660377355    0.7076092030676477
-0.25990566037735846    0.7372990996999436
-0.25896226415094337    0.7229254195842636
-0.2580188679245283    0.728109369789973
-0.2570754716981132    0.732115149494233
-0.2561320754716981    0.7483739024119593
-0.255188679245283    0.7274024674891204
-0.2542452830188679    0.7832477492497962
-0.2533018867924528    0.7606268756251637
-0.2523584905660377    0.7804201400467283
-0.2514150943396226    0.7665177281315545
-0.2504716981132075    0.7764143603423822
-0.24952830188679243    0.779477603645614
-0.24858490566037733    0.7750005557408483
-0.24764150943396224    0.7486095365121268
-0.24669811320754714    0.8089318661776626
-0.24575471698113205    0.7811270423474034
-0.24481132075471695    0.8070467933756172
-0.24386792452830186    0.7912593086583953
-0.24292452830188677    0.7964432588641128
-0.24198113207547167    0.7926731132599291
-0.24103773584905658    0.8192997665889113
-0.24009433962264148    0.8176503278870255
-0.2391509433962264    0.8357941536068072
-0.2382075471698113    0.8442769812159114
-0.2372641509433962    0.8553517839280265
-0.2363207547169811    0.8270756918972506
-0.235377358490566    0.8518172724241917
-0.23443396226415092    0.8412137379125882
-0.23349056603773582    0.8539379793264925
-0.23254716981132073    0.8664265866399403
-0.23160377358490564    0.8539379793264925
-0.23066037735849054    0.872317439146331
-0.22971698113207545    0.8685472935423432
-0.22877358490566035    0.8685472935422409
-0.22783018867924526    0.8711392686451553
-0.22688679245283017    0.8855129487606461
-0.22594339622641507    0.8916394353673973
-0.22499999999999998    0.8744381460486317
-0.22405660377358488    0.8935245081694426
-0.2231132075471698    0.8951739468711268
-0.2221698113207547    0.8961164832722548
-0.2212264150943396    0.939237523618929
-0.2202830188679245    0.885041680560239
-0.2193396226415094    0.9067200177836526
-0.21839622641509432    0.9345248416139266
-0.21745283018867922    0.9660998110480704
-0.21650943396226413    0.9590307880405147
-0.21556603773584904    0.9357030121150947
-0.21462264150943394    0.9767033455596887
-0.21367924528301885    0.9698699566521605
-0.21273584905660375    0.9545537401356571
-0.21179245283018866    0.9795309547626413
-0.21084905660377357    0.9628009336446051
-0.20990566037735847    0.9981460486828357
-0.20896226415094338    0.975053906857899
-0.20801886792452828    0.9983816827830914
-0.2070754716981132    0.9927264643770731
-0.2061320754716981    1.0089852172945946
-0.205188679245283    1.0341980660220684
-0.2042452830188679    1.0155829721017522
-0.2033018867924528    1.0349049683228353
-0.20235849056603772    1.0184105813048199
-0.20141509433962262    1.0337267978215572
-0.20047169811320753    1.0297210181170897
-0.19952830188679244    1.057054573746867
-0.19858490566037734    1.0584683783482762
-0.19764150943396225    1.063181060353514
-0.19669811320754715    1.083916861175884
-0.19575471698113206    1.0697788151606722
-0.19481132075471697    1.107244637101191
-0.19386792452830187    1.1133711237079684
-0.19292452830188678    1.0926353228853423
-0.19198113207547168    1.1008825163944187
-0.1910377358490566    1.127509169723175
-0.1900943396226415    1.1001756140936518
-0.1891509433962264    1.1077159053017023
-0.1882075471698113    1.1001756140936518
-0.1872641509433962    1.1173769034121832
-0.18632075471698112    1.1414115816383914
-0.18537735849056602    1.1138423919083487
-0.18443396226415093    1.1708658441703481
-0.18349056603773584    1.1211470490162732
-0.18254716981132074    1.1758141602757168
-0.18160377358490565    1.181233744581458
-0.18066037735849055    1.1612048460598663
-0.17971698113207546    1.1720440146714886
-0.17877358490566037    1.2019695454040946
-0.17783018867924527    1.1840613537845255
-0.17688679245283018    1.2069178615094633
-0.17594339622641508    1.2118661776146895
-0.175    1.2073891297099746
-0.1740566037735849    1.2036189841057425
-0.1731132075471698    1.2090385684117642
-0.1721698113207547    1.2394353673445977
-0.1712264150943396    1.2462687562521577
-0.17028301886792452    1.2601711681670928
-0.16933962264150942    1.2721885072802797
-0.16839622641509433    1.2460331221517553
-0.16745283018867924    1.2608780704680083
-0.16650943396226414    1.3174302545292103
-0.16556603773584905    1.2816138712905059
-0.16462264150943395    1.2509814382571236
-0.16367924528301886    1.291039235300732
-0.16273584905660377    1.289154162498535
-0.16179245283018867    1.2962231855063564
-0.16084905660377358    1.275251750583453
-0.15990566037735848    1.3266199844393358
-0.1589622641509434    1.3247349116371347
-0.1580188679245283    1.3457063465600438
-0.1570754716981132    1.3570167833721556
-0.1561320754716981    1.3563098810715484
-0.155188679245283    1.374453706791072
-0.15424528301886792    1.405086139824469
-0.15330188679245282    1.3622007335777793
-0.15235849056603773    1.364085806379985
-0.15141509433962264    1.4119195287317168
-0.15047169811320754    1.415925308436229
-0.14952830188679245    1.4114482605312053
-0.14858490566037735    1.415925308436229
-0.14764150943396226    1.4460864732687828
-0.14669811320754716    1.4225230632433874
-0.14575471698113207    1.4201667222406638
-0.14481132075471698    1.4635233966878713
-0.14386792452830188    1.449149716572106
-0.1429245283018868    1.4656441035901722
-0.1419811320754717    1.4753051017004803
-0.1410377358490566    1.4510347893743216
-0.1400943396226415    1.4936845615204193
-0.1391509433962264    1.4670579081917061
-0.13820754716981132    1.5111214849393357
-0.13726415094339622    1.4913282205180385
-0.13632075471698113    1.5221962876513502
-0.13537735849056604    1.507351339335423
-0.13443396226415094    1.5245526286539064
-0.13349056603773585    1.572386351005984
-0.13254716981132075    1.5478804045792136
-0.13160377358490566    1.4967478048239187
-0.13066037735849056    1.56908747360222
-0.12971698113207547    1.5973635656330831
-0.12877358490566038    1.5521218183838148
-0.12783018867924528    1.5841680560187665
-0.1268867924528302    1.5695587418027312
-0.1259433962264151    1.6018406135379406
-0.125    1.5796910081137232
-0.1240566037735849    1.6011337112371737
-0.12311320754716981    1.5917083472267601
-0.12216981132075472    1.6091452706458658
-0.12122641509433962    1.6374213626763516
-0.12028301886792453    1.6395420695788454
-0.11933962264150944    1.658628431699358
-0.11839622641509434    1.653444481493929
-0.11745283018867925    1.6374213626763516
-0.11650943396226415    1.6503812381906056
-0.11556603773584906    1.6892608647325897
-0.11462264150943396    1.7064621540514513
-0.11367924528301887    1.7236634433699112
-0.11273584905660378    1.6626342114038994
-0.11179245283018868    1.6890252306323341
-0.11084905660377359    1.7253128820719035
-0.1099056603773585    1.7260197843724674
-0.1089622641509434    1.7043414471491503
-0.1080188679245283    1.7121173724573855
-0.10707547169811321    1.710703567856053
-0.10613207547169812    1.7488762920972634
-0.10518867924528302    1.7109392019563086
-0.10424528301886793    1.7552384128041651
-0.10330188679245284    1.778330554629426
-0.10235849056603774    1.783750138935096
-0.10141509433962265    1.7443992441926117
-0.10047169811320755    1.7750316772256378
-0.09952830188679246    1.742749805490822
-0.09858490566037736    1.7757385795264047
-0.09764150943396227    1.7948249416473216
-0.09669811320754718    1.8174458152716506
-0.09575471698113208    1.844543736801265
-0.09481132075471699    1.8169745470711396
-0.0938679245283019    1.8469000778038214
-0.0929245283018868    1.8223941313770189
-0.0919811320754717    1.8624519284206946
-0.09103773584905661    1.865279537623543
-0.09009433962264152    1.8414804934979414
-0.08915094339622642    1.8650439035232873
-0.08820754716981133    1.8469000778038214
-0.08726415094339623    1.8737623652327458
-0.08632075471698114    1.8504345893076564
-0.08537735849056605    1.8704634878291666
-0.08443396226415095    1.8718772924309208
-0.08349056603773586    1.894498166055241
-0.08254716981132076    1.9178259419807737
-0.08160377358490567    1.938797376903299
-0.08066037735849058    1.901095920862622
-0.07971698113207548    1.8862509725462937
-0.07877358490566039    1.9135845281761716
-0.0778301886792453    1.920182282983104
-0.0768867924528302    1.9321996220963686
-0.0759433962264151    1.917119039679781
-0.07500000000000001    1.972728687340341
-0.07405660377358492    1.9312570856951188
-0.07311320754716982    1.955763032121934
-0.07216981132075473    1.9699010781370414
-0.07122641509433963    1.9670734689342055
-0.07028301886792454    1.9710792486383195
-0.06933962264150945    1.9835678559521013
-0.06839622641509435    2.007366900077686
-0.06745283018867926    1.9581193731244904
-0.06650943396226416    2.011843947982543
-0.06556603773584907    2.0156140935868705
-0.06462264150943398    2.0045392908746185
-0.06367924528301888    2.032815382905533
-0.06273584905660379    2.0106657774812646
-0.06179245283018869    2.027160164499397
-0.0608490566037736    2.081120373457697
-0.059905660377358505    2.0794709347561526
-0.05896226415094341    2.0026542180725735
-0.05801886792452832    2.0412982105147366
-0.05707547169811322    2.001947315771807
-0.05613207547169813    2.0321084806047662
-0.055188679245283034    2.060855840835713
-0.05424528301886794    1.9882805379572144
-0.053301886792452846    2.048367233522165
-0.05235849056603775    2.0884250305658676
-0.05141509433962266    2.099735467377892
-0.050471698113207564    2.059442036234422
-0.04952830188679247    2.1221207069021766
-0.048584905660377375    2.10185617428044
-0.04764150943396228    2.0848905190617875
-0.04669811320754719    2.099735467378139
-0.04575471698113209    2.098321662776358
-0.044811320754717    2.0999711014783946
-0.043867924528301905    2.1108102700899063
-0.04292452830188681    2.1539313104369393
-0.04198113207547172    2.148982994331318
-0.04103773584905662    2.1258908525065165
-0.04009433962264153    2.1258908525062665
-0.039150943396226434    2.1362587529177657
-0.03820754716981134    2.1461553851282504
-0.037264150943396246    2.1320173391131636
-0.03632075471698115    2.1369656552182805
-0.03537735849056606    2.177494720462505
-0.034433962264150964    2.149454262531829
-0.033490566037735814    2.169718795153813
-0.03254716981132072    2.1169367566968016
-0.031603773584905626    2.1534600422361745
-0.03066037735849053    2.1539313104369393
-0.029716981132075437    2.1631210403466556
-0.028773584905660343    2.173488940758159
-0.02783018867924525    2.18173613426685
-0.026886792452830155    2.132488607313675
-0.02594339622641506    2.173253306657647
-0.024999999999999967    2.1525175058354056
-0.024056603773584873    2.2055351783926684
-0.02311320754716978    2.173253306657903
-0.022169811320754684    2.169011892853046
-0.02122641509433959    2.142149605424157
-0.020283018867924496    2.201765032788578
-0.019339622641509402    2.1763165499612267
-0.018396226415094308    2.158879626542054
-0.017452830188679214    2.197994887184747
-0.01650943396226412    2.1972879848837215
-0.015566037735849025    2.153460042236428
-0.014622641509433931    2.161707235745122
-0.013679245283018837    2.1852706457709417
-0.012735849056603743    2.2257997110146523
-0.011792452830188649    2.188805157274776
-0.010849056603773555    2.1675980882515122
-0.00990566037735846    2.1878626208737537
-0.008962264150943366    2.1602934311435877
-0.008018867924528272    2.200822496387815
-0.007075471698113178    2.2097765921972696
-0.006132075471698084    2.1836212070691516
-0.00518867924528299    2.2111903967988034
-0.004245283018867896    2.1690118928533013
-0.0033018867924528017    2.193753473379887
-0.0023584905660377076    2.1996443258865366
-0.0014150943396226134    2.169011892853046
-0.0004716981132075193    2.2057708124931836
0.0004716981132075748    2.190690230076564
0.0014150943396227245    2.220380126708773
0.002358490566037763    2.2333400022233576
0.0033018867924528017    2.2439435367343354
0.004245283018867951    2.213311103701104
0.005188679245283101    2.1767878181614817
0.00613207547169814    2.2090696898970226
0.007075471698113178    2.2109547626985475
0.008018867924528328    2.1701900633543243
0.008962264150943478    2.169954429254069
0.009905660377358516    2.1798510614653184
0.010849056603773555    2.190690230076564
0.011792452830188704    2.1770234522617375
0.012735849056603854    2.204592641991646
0.013679245283018893    2.1558163832392383
0.014622641509433931    2.1930465710791203
0.015566037735849081    2.167126820051001
0.01650943396226423    2.198466155385
0.01745283018867927    2.2097765921977897
0.018396226415094308    2.1751383794596926
0.019339622641509457    2.1624141380458886
0.020283018867924607    2.179144159164038
0.021226415094339646    2.1631210403471646
0.022169811320754684    2.207184617094458
0.023113207547169834    2.217081249305194
0.024056603773584984    2.1720751361563693
0.025000000000000022    2.1668911859512554
0.02594339622641506    2.163356674446911
0.02688679245283021    2.1741958430586696
0.02783018867924536    2.166419917750234
0.0287735849056604    2.12353451150421
0.029716981132075437    2.167833722351768
0.030660377358490587    2.118586195398342
0.03160377358490574    2.1579370901410315
0.032547169811320775    2.144034678226454
0.033490566037735814    2.1536956763364303
0.034433962264150964    2.1056263198842826
0.03537735849056611    2.1661842836499785
0.03632075471698115    2.1529887740361704
0.03726415094339619    2.1162298543957854
0.03820754716981134    2.1395576303210926
0.03915094339622649    2.1209425364008982
0.04009433962264153    2.179144159164551
0.04103773584905657    2.1376725575190476
0.04198113207547172    2.1661842836499785
0.042924528301886866    2.106568856285305
0.043867924528301905    2.1065688562858007
0.04481132075471694    2.1605290652438436
0.04575471698113209    2.0698099366454272
0.04669811320754724    2.153224408135919
0.04764150943396228    2.120000000000375
0.04858490566037732    2.111517172390673
0.04952830188679247    2.114816049794252
0.05047169811320762    2.112930976992207
0.05141509433962266    2.0695743025456586
0.052358490566037696    2.084419250861276
0.053301886792452846    2.075465155051562
0.054245283018867996    2.0759364232520734
0.055188679245283034    2.0658041569415677
0.05613207547169807    2.0620340113369915
0.05707547169811322    2.0867755918638324
0.05801886792452837    2.019855507391234
0.05896226415094341    2.0236256529958006
0.05990566037735845    2.0771145937533517
0.0608490566037736    2.0203267755917453
0.06179245283018875    2.0184417027897004
0.06273584905660379    1.9986484383686982
0.06367924528301883    2.0052461931753855
0.06462264150943398    2.022447482494046
0.06556603773584913    2.011608313882287
0.06650943396226416    1.967073468934437
0.0674528301886792    1.9684872735355075
0.06839622641509435    1.9939357563631155
0.0693396226415095    1.974378126041898
0.07028301886792454    1.972257419140062
0.07122641509433958    1.9845103923528902
0.07216981132075473    1.9592975436255382
0.07311320754716988    1.9529354229186364
0.07405660377358492    1.9345559630991527
0.07499999999999996    1.9541135934199143
0.0759433962264151    1.9333777925974192
0.07688679245283025    1.9164121373790142
0.0778301886792453    1.9477514727134706
0.07877358490566033    1.9461020340112227
0.07971698113207548    1.9178259419805477
0.08066037735849063    1.9206535511836154
0.08160377358490567    1.9237167944873912
0.08254716981132071    1.898032677559075
0.08349056603773586    1.8631588307212423
0.08443396226415101    1.8706991219294224
0.08537735849056605    1.870699121929863
0.08632075471698109    1.917119039679781
0.08726415094339623    1.8846015338445044
0.08820754716981138    1.8525552962097391
0.08915094339622642    1.8933199955544082
0.09009433962264146    1.8490207847059046
0.09103773584905661    1.8223941313770189
0.09198113207547176    1.8756474380347903
0.0929245283018868    1.8106124263646637
0.09386792452830184    1.8480782483048823
0.09481132075471699    1.818623985772929
0.09575471698113214    1.7872846504389304
0.09669811320754718    1.779273091030658
0.09764150943396221    1.7955318439478776
0.09858490566037736    1.7943536734465992
0.09952830188679251    1.7771523841279386
0.10047169811320755    1.7872846504393511
0.10141509433962259    1.765370679115157
0.10235849056603774    1.7858708458373966
0.10330188679245289    1.7425141713903614
0.10424528301886793    1.7370945870848908
0.10518867924528297    1.739450928087038
0.10613207547169812    1.7076403245525285
0.10707547169811327    1.6810136712236428
0.1080188679245283    1.7111748360567658
0.10896226415094334    1.7340313437811588
0.1099056603773585    1.705990885850739
0.11084905660377364    1.7033989107479273
0.11179245283018868    1.679128598421993
0.11273584905660372    1.6942091808379578
0.11367924528301887    1.6711170390129064
0.11462264150943402    1.6689963321106056
0.11556603773584906    1.6727664777150895
0.1165094339622641    1.658628431699358
0.11745283018867925    1.6383638990773741
0.1183962264150944    1.6030187840390302
0.11933962264150944    1.6621629432035838
0.12028301886792447    1.6228120484605029
0.12122641509433962    1.6303523396686828
0.12216981132075477    1.6463754584860655
0.12311320754716981    1.5888807380240664
0.12405660377358485    1.5834611537178132
0.125    1.6188062687561573
0.12594339622641515    1.6110303434477216
0.1268867924528302    1.544817161276254
0.12783018867924523    1.5862887629208806
0.12877358490566038    1.559426475491739
0.12971698113207553    1.5365699677669433
0.13066037735849056    1.5377481382685836
0.1316037735849056    1.5148916305434257
0.13254716981132075    1.5353917972656652
0.1334905660377359    1.5339779926641315
0.13443396226415094    1.5132421918419925
0.13537735849056598    1.4967478048237424
0.13632075471698113    1.5005179504278325
0.13726415094339628    1.4738912970989466
0.13820754716981132    1.4903856841171912
0.13915094339622636    1.4993397799265542
0.1400943396226415    1.4611670556851426
0.14103773584905666    1.4248794042457762
0.1419811320754717    1.4302989885519923
0.14292452830188673    1.4670579081915336
0.14386792452830188    1.381522729798741
0.14481132075471703    1.3994309214181686
0.14575471698113207    1.4138046015340946
0.1466981132075471    1.4234655996442425
0.14764150943396226    1.4149827720350399
0.1485849056603774    1.4119195287317168
0.14952830188679245    1.3803445592977874
0.15047169811320749    1.409091919528649
0.15141509433962264    1.3871779482048758
0.15235849056603779    1.3758675113926058
0.15330188679245282    1.3789307546962535
0.15424528301886786    1.3591374902744562
0.155188679245283    1.338401689451961
0.15613207547169816    1.3492408580637199
0.1570754716981132    1.3523041013673616
0.15801886792452824    1.323321107035601
0.1589622641509434    1.3129532066243534
0.15990566037735854    1.306826720017707
0.16084905660377358    1.3190796932313102
0.16179245283018862    1.3155451817271655
0.16273584905660377    1.313895743025376
0.16367924528301891    1.2731310436811525
0.16462264150943395    1.2905679671003727
0.165566037735849    1.2917461376013468
0.16650943396226414    1.2917461376013468
0.1674528301886793    1.2879759919972569
0.16839622641509433    1.275487384684009
0.16933962264150937    1.255694120262236
0.17028301886792452    1.2446193175502216
0.17122641509433967    1.2135156163164786
0.1721698113207547    1.2285961987331282
0.17311320754716975    1.2434411470489435
0.1740566037735849    1.2408491719461316
0.17500000000000004    1.2427342447481766
0.17594339622641508    1.205739691008327
0.17688679245283012    1.19890630210063
0.17783018867924527    1.1637968211625414
0.17877358490566042    1.1923085472934722
0.17971698113207546    1.166388796265628
0.1806603773584905    1.1581416027564064
0.18160377358490565    1.1527220184505271
0.1825471698113208    1.1703945759696992
0.18349056603773584    1.1539001889520768
0.18443396226415087    1.1494231410469484
0.18537735849056602    1.1503656774479707
0.18632075471698117    1.1430610203400462
0.1872641509433962    1.1190263421142357
0.18820754716981125    1.1194976103144836
0.1891509433962264    1.1006468822940334
0.19009433962264155    1.1055951983994017
0.1910377358490566    1.0949916638881563
0.19198113207547163    1.1011181504945446
0.19292452830188678    1.0881582749804852
0.19386792452830193    1.107951539401958
0.19481132075471697    1.0374969434257697
0.195754716981132    1.0735489607646365
0.19669811320754715    1.066244303656712
0.1976415094339623    1.0471579415360064
0.19858490566037734    1.0707213515618208
0.19952830188679238    1.0615316216515993
0.20047169811320753    1.0106346559963841
0.20141509433962268    1.038439479826548
0.20235849056603772    1.0311348227188661
0.20330188679245276    0.9783527842613631
0.2042452830188679    1.0278359453150447
0.20518867924528306    1.0221807269089098
0.2061320754716981    1.028307213515798
0.20707547169811313    1.0007380237856478
0.20801886792452828    0.9962609758807908
0.20896226415094343    0.9618583972434693
0.20990566037735858    0.9679848838501156
0.21084905660377362    0.9755251750585252
0.21179245283018866    0.9830654662664757
0.2127358490566038    0.9580882516393793
0.21367924528301896    0.9472490830276205
0.214622641509434    0.9427720351229854
0.21556603773584904    0.9472490830276205
0.2165094339622642    0.9142603089918325
0.21745283018867934    0.9722262976547169
0.21839622641509437    0.9241569412027865
0.2193396226415094    0.9081338223851864
0.22028301886792456    0.9298121596087039
0.2212264150943397    0.8949383127708712
0.22216981132075475    0.8937601422698034
0.2231132075471698    0.9168522840946445
0.22405660377358494    0.892581971768315
0.2250000000000001    0.907662554184675
0.22594339622641513    0.8958808491721045
0.22688679245283017    0.8984728242747055
0.22783018867924532    0.8711392686450529
0.22877358490566047    0.8765588529509323
0.2297169811320755    0.8815071690565079
0.23066037735849054    0.8482827609202571
0.2316037735849057    0.8430988107146333
0.23254716981132084    0.8570012226297152
0.23349056603773588    0.8671334889409114
0.23443396226415092    0.8369723241079869
0.23537735849056607    0.8233055462931607
0.23632075471698122    0.8593575636322714
0.23726415094339626    0.8129376458821044
0.2382075471698113    0.8061042569744998
0.23915094339622645    0.8122307435811461
0.2400943396226416    0.7966788929642747
0.24103773584905663    0.7806557741470759
0.24198113207547167    0.783247749249704
0.24292452830188682    0.8225986439923937
0.24386792452830197    0.7985639657663198
0.244811320754717    0.8065755251752009
0.24575471698113205    0.7486095365121268
0.2466981132075472    0.7790063354451028
0.24764150943396235    0.7691097032343663
0.2485849056603774    0.7747649216406838
0.24952830188679243    0.7735867511392233
0.2504716981132076    0.7349427586973005
0.2514150943396227    0.7660464599310433
0.25235849056603776    0.7203334444816212
0.2533018867924528    0.778770701344847
0.25424528301886795    0.7438968545070144
0.2551886792452831    0.7585061687228631
0.25613207547169814    0.7396554407025872
0.2570754716981132    0.7391841725019017
0.25801886792452833    0.7332933199955111
0.2589622641509435    0.7264599310880979
0.2599056603773585    0.7045459597644904
0.26084905660377355    0.6970056685561445
0.2617924528301887    0.7113793486717378
0.26273584905660385    0.7120862509725047
0.2636792452830189    0.7146782260754847
0.26462264150943393    0.7007758141602346
0.2655660377358491    0.686637768144897
0.26650943396226423    0.6838101589418295
0.26745283018867927    0.6845170612427575
0.2683962264150943    0.6760342336333938
0.26933962264150946    0.6739135267310931
0.2702830188679246    0.6845170612425963
0.27122641509433965    0.6772124041348312
0.2721698113207547    0.6753273313326269
0.27311320754716983    0.6661376014226574
0.274056603773585    0.6734422585305819
0.275    0.6425741913972459
0.27594339622641506    0.6642525286206125
0.2768867924528302    0.6331488273868696
0.27783018867924536    0.632913193286614
0.2787735849056604    0.6451661665000585
0.27971698113207544    0.6659019673224018
0.2806603773584906    0.6225452928753664
0.28160377358490574    0.6256085361786896
0.2825471698113208    0.6138268311660526
0.2834905660377358    0.5937979326441799
0.28443396226415096    0.6279648771812458
0.2853773584905661    0.6065221740579838
0.28632075471698115    0.6124130265645187
0.2872641509433962    0.6157119039679532
0.28820754716981134    0.6022807602533825
0.2891509433962265    0.5867289096365111
0.29009433962264153    0.5947404690453424
0.29103773584905657    0.6013382238523599
0.2919811320754717    0.5784817161275642
0.29292452830188687    0.5714126931198953
0.2938679245283019    0.5707057908192628
0.29481132075471694    0.5674069134155497
0.2957547169811321    0.5707057908191285
0.29669811320754724    0.5813093253306317
0.2976415094339623    0.5763610092253992
0.2985849056603773    0.5843725686339548
0.29952830188679247    0.5556252084027683
0.3004716981132076    0.5692919862175948
0.30141509433962266    0.5372457485829559
0.3023584905660377    0.5572746471045578
0.30330188679245285    0.5487918194953552
0.304245283018868    0.5655218406135047
0.30518867924528303    0.537952650883723
0.3061320754716981    0.5325330665777169
0.3070754716981132    0.5391308213848746
0.3080188679245284    0.5174524841613568
0.3089622641509434    0.5450216738913934
0.30990566037735845    0.5351250416805288
0.3108490566037736    0.5322974324774613
0.31179245283018875    0.5219295320662136
0.3127358490566038    0.5205157274648025
0.3136792452830188    0.5431366010892201
0.314622641509434    0.5219295320662136
0.3155660377358491    0.5054351450483199
0.31650943396226416    0.5103834611538081
0.3174528301886792    0.5061420473490866
0.31839622641509435    0.4934178059352829
0.3193396226415095    0.5033144381460192
0.32028301886792454    0.4943603423364217
0.3212264150943396    0.49624541513835035
0.32216981132075473    0.47739468711790023
0.3231132075471699    0.4776303212181559
0.3240566037735849    0.48163610092261483
0.32499999999999996    0.47409580971432147
0.3259433962264151    0.4641991775035851
0.32688679245283025    0.46914749360895325
0.3278301886792453    0.45783705679679093
0.32877358490566033    0.4707969323107426
0.3297169811320755    0.48022229632096775
0.33066037735849063    0.47032566411023147
0.33160377358490567    0.4502967655886091
0.3325471698113207    0.47998666222071207
0.33349056603773586    0.46372790930307384
0.334433962264151    0.44652661998441306
0.33537735849056605    0.44723352228528523
0.3363207547169811    0.4616072024007732
0.33726415094339623    0.4418139379793006
0.3382075471698114    0.4561876180948938
0.3391509433962264    0.4583083249973023
0.34009433962264146    0.42720462376345164
0.3410377358490566    0.4154229187506703
0.34198113207547176    0.42791152606421856
0.3429245283018868    0.4234344781594613
0.34386792452830184    0.43427364677112046
0.344811320754717    0.4224919417583391
0.34575471698113214    0.42932533066575235
0.3466981132075472    0.43073913526738744
0.3476415094339622    0.3918595087251076
0.34858490566037736    0.41966433255527164
0.3495283018867925    0.4128309436478584
0.35047169811320755    0.4083538957430976
0.3514150943396226    0.40128487273533275
0.35235849056603774    0.4076469934422346
0.3533018867924529    0.39633655662996453
0.35424528301886793    0.39398021562750096
0.35518867924528297    0.40599755474044524
0.3561320754716981    0.40694009114146773
0.35707547169811327    0.39021007002331826
0.3580188679245283    0.39091697232417716
0.35896226415094334    0.3690030010003118
0.3599056603773585    0.3824341447148826
0.36084905660377364    0.3852617539179501
0.3617924528301887    0.37183061020346686
0.3627358490566037    0.3821985106146269
0.36367924528301887    0.38290541291539376
0.364622641509434    0.3760720240079806
0.36556603773584906    0.35792819828838157
0.3665094339622641    0.3798421696120707
0.36745283018867925    0.3793709014115594
0.3683962264150944    0.34732466377679416
0.36933962264150944    0.3536867844837793
0.3702830188679245    0.3633477825941767
0.3712264150943396    0.35910636878957547
0.3721698113207548    0.36052017339110926
0.3731132075471698    0.3416694453707395
0.37405660377358485    0.3452039568744935
0.375    0.348031566077561
0.37594339622641515    0.35345115038344044
0.3768867924528302    0.34803156607764296
0.3778301886792452    0.34143381127040345
0.3787735849056604    0.34732466377679416
0.3797169811320755    0.3313015449594115
0.38066037735849056    0.3320084472602565
0.3816037735849056    0.34237634767142594
0.38254716981132075    0.33719239746580215
0.3834905660377359    0.31339335333998386
0.38443396226415094    0.3376636656663929
0.385377358490566    0.33719239746580215
0.38632075471698113    0.33365788596196777
0.3872641509433963    0.3235256196509758
0.3882075471698113    0.32046237634772806
0.38915094339622636    0.3155140602422845
0.3900943396226415    0.3162209625430514
0.39103773584905666    0.3254106924530208
0.3919811320754717    0.30891630543519966
0.39292452830188673    0.3150427920417732
0.3938679245283019    0.3277670334555771
0.39481132075471703    0.3136289874402395
0.39575471698113207    0.308680671334944
0.3966981132075471    0.3100944759364051
0.39764150943396226    0.31174391463819445
0.3985849056603774    0.2976058686228569
0.39952830188679245    0.3060886962321314
0.4004716981132075    0.2822896521062411
0.40141509433962264    0.2961920640213231
0.4023584905660378    0.30208291652771374
0.4033018867924528    0.2799333111037507
0.40424528301886786    0.29336445481825557
0.405188679245283    0.2898299433144212
0.40613207547169816    0.2921862843169774
0.4070754716981132    0.29312882071806895
0.40801886792452824    0.28888740691339865
0.4089622641509434    0.26603089918860284
0.40990566037735854    0.2822896521062411
0.4108490566037736    0.2747493608981257
0.4117924528301886    0.27404245859729415
0.41273584905660377    0.2801689452039405
0.4136792452830189    0.2761631654995948
0.41462264150943395    0.2782838724019609
0.415566037735849    0.26626653328885846
0.41650943396226414    0.26791597199064787
0.4174528301886793    0.27262865399576036
0.41839622641509433    0.2636745581861086
0.41933962264150937    0.2615538512837459
0.4202830188679245    0.253306657774799
0.42122641509433967    0.2615538512837459
0.4221698113207547    0.2542491941758813
0.42311320754716975    0.2556629987773552
0.4240566037735849    0.25825497388016716
0.42500000000000004    0.2558986328776109
0.4259433962264151    0.2518928531733245
0.4268867924528301    0.23657663665664946
0.42783018867924527    0.25377792597531024
0.4287735849056604    0.23280649105255943
0.42971698113207546    0.23469156385465967
0.4306603773584905    0.25212848727352083
0.43160377358490565    0.2547204623763328
0.4325471698113208    0.24576636656661893
0.43349056603773584    0.23728353895747217
0.4344339622641509    0.23728353895741633
0.435377358490566    0.24058241636099514
0.4363207547169812    0.21984661553849996
0.4372641509433962    0.2280938090475006
0.43820754716981125    0.23422029565409322
0.4391509433962264    0.2389329776592057
0.44009433962264155    0.2316283205512813
0.4410377358490566    0.21772590863625055
0.4419811320754716    0.21749027453594366
0.4429245283018868    0.2113637879292974
0.4438679245283019    0.21890407913747745
0.44481132075471697    0.2141913971324153
0.445754716981132    0.21819717683671055
0.44669811320754715    0.21254195843057552
0.4476415094339623    0.21018561742801925
0.44858490566037745    0.22055351783926683
0.4495283018867925    0.21536956763369372
0.45047169811320753    0.22149605424028934
0.4514150943396227    0.21018561742801925
0.45235849056603783    0.20853617872622987
0.45330188679245287    0.1972257419140062
0.4542452830188679    0.1986395465154935
0.45518867924528306    0.19722574191395975
0.4561320754716982    0.19769701011447102
0.45707547169811324    0.19793264421477325
0.4580188679245283    0.19439813271089224
0.45896226415094343    0.18615093920194528
0.4599056603773586    0.18567967100143404
0.4608490566037736    0.19392686451042662
0.46179245283018866    0.19345559630986975
0.4627358490566038    0.19251305990884723
0.46367924528301896    0.18827164610424596
0.464622641509434    0.19581193731247207
0.46556603773584904    0.18921418250526845
0.4665094339622642    0.18473713460041155
0.46745283018867934    0.18143825719683276
0.4683962264150944    0.17460486828946067
0.4693396226415094    0.17531177059018646
0.47028301886792456    0.17366233188839708
0.4712264150943397    0.18662220740245655
0.47216981132075475    0.1755474046904834
0.4731132075471698    0.17224852728686332
0.47405660377358494    0.1750761364899308
0.4750000000000001    0.18261642769811087
0.4759433962264151    0.16706457708127884
0.47688679245283017    0.17790374569299836
0.4778301886792453    0.17696120929197584
0.47877358490566047    0.1783750138935096
0.4797169811320755    0.16329443147718792
0.48066037735849054    0.16329443147714948
0.4816037735849057    0.17012782038456267
0.48254716981132084    0.16871401578302891
0.4834905660377359    0.1515127264644038
0.4844339622641509    0.16989218628430702
0.48537735849056607    0.15763921307101444
0.4863207547169812    0.16046682227408196
0.48726415094339626    0.14892075136159127
0.4882075471698113    0.16376569967766072
0.48915094339622645    0.1651795042791945
0.4900943396226416    0.15598977436922506
0.49103773584905663    0.15646104256977314
0.49198113207547167    0.14397243525618808
0.4929245283018868    0.14680004445925557
0.49386792452830197    0.15504723796820255
0.494811320754717    0.14892075136159127
0.49575471698113205    0.15410470156718004
0.4966981132075472    0.1435011670556768
0.49764150943396235    0.14444370345669932
0.4985849056603774    0.14420806935647765
0.4995283018867924    0.14632877625874435
0.5004716981132076    0.14279426475490994
0.5014150943396227    0.14020228965209802
0.5023584905660378    0.13878848505059693
0.5033018867924528    0.13266199844391796
0.504245283018868    0.13407580304545172
0.5051886792452831    0.13784594864954178
0.5061320754716981    0.13878848505059693
0.5070754716981132    0.13784594864954178
0.5080188679245283    0.12912748694008358
0.5089622641509435    0.13973102145158678
0.5099056603773585    0.13054129154164806
0.5108490566037736    0.13101255974212858
0.5117924528301887    0.12889185283982793
0.5127358490566039    0.12158719573190352
0.5136792452830189    0.12606424363679009
0.5146226415094339    0.11781705012781347
0.5155660377358491    0.13077692564187296
0.5165094339622642    0.12135156163164788
0.5174528301886793    0.11852395242860826
0.5183962264150943    0.12488607313548228
0.5193396226415095    0.12465043903522667
0.5202830188679246    0.12629987773701606
0.5212264150943396    0.11334000222298324
0.5221698113207547    0.11310436812270094
0.5231132075471698    0.11310436812270094
0.524056603773585    0.09755251750582956
0.525    0.1140469045237503
0.5259433962264151    0.11239746582193406
0.5268867924528302    0.120644659330881
0.5278301886792454    0.11239746582193406
0.5287735849056604    0.1057997110148014
0.5297169811320754    0.11145492942091155
0.5306603773584906    0.10108702900966396
0.5316037735849057    0.11711014782704661
0.5325471698113208    0.10674224741582414
0.5334905660377358    0.10744914971656588
0.534433962264151    0.10179393131043085
0.5353773584905661    0.10155829721017522
0.5363207547169812    0.10108702900968776
0.5372641509433962    0.1013226631099196
0.5382075471698113    0.09142603089918326
0.5391509433962265    0.10014449260864146
0.5400943396226415    0.1020295654107105
0.5410377358490566    0.106742247415799
0.5419811320754717    0.10085139490940834
0.5429245283018869    0.0987306880071077
0.5438679245283019    0.09496054240304001
0.5448113207547169    0.10108702900966396
0.5457547169811321    0.08435700789151446
0.5466981132075472    0.09990885850838582
0.5476415094339623    0.08624208069357976
0.5485849056603773    0.08529954429253696
0.5495283018867925    0.08718461709458197
0.5504716981132076    0.09213293319995014
0.5514150943396227    0.09283983550073888
0.5523584905660377    0.09448927420250641
0.5533018867924528    0.09378237190173953
0.554245283018868    0.08200066688895818
0.555188679245283    0.09071912859843773
0.5561320754716981    0.08977659219739387
0.5570754716981132    0.08270756918972506
0.5580188679245284    0.08058686228742443
0.5589622641509434    0.08388573969102295
0.5599056603773584    0.08152939868844693
0.5608490566037736    0.08930532399688261
0.5617924528301887    0.08176503278870256
0.5627358490566038    0.07987995998667634
0.5636792452830188    0.07728798488384564
0.564622641509434    0.07658108258307876
0.5655660377358491    0.08152939868844693
0.5665094339622642    0.07304657107926155
0.5674528301886792    0.07823052128486815
0.5683962264150944    0.06927642547515432
0.5693396226415095    0.07823052128486815
0.5702830188679245    0.07917305768590929
0.5712264150943396    0.07021896187617684
0.5721698113207547    0.06856952317438744
0.5731132075471699    0.06597754807157555
0.5740566037735849    0.06786262087363654
0.575    0.06951205957540996
0.5759433962264151    0.06856952317438744
0.5768867924528303    0.06574191397131991
0.5778301886792453    0.06809825497389221
0.5787735849056603    0.06150050016671863
0.5797169811320755    0.06267867066799677
0.5806603773584906    0.0706902300766881
0.5816037735849057    0.06739135267312518
0.5825471698113207    0.06550627987106429
0.5834905660377359    0.07304657107924435
0.584433962264151    0.06527064577080867
0.585377358490566    0.05985106146494334
0.5863207547169811    0.06220740246748552
0.5872641509433962    0.06173613426697426
0.5882075471698114    0.05843725686339548
0.5891509433962264    0.05843725686340923
0.5900943396226415    0.059144159164162366
0.5910377358490566    0.047833722351892274
0.5919811320754718    0.05631654996109484
0.5929245283018868    0.06197176836724448
0.5938679245283018    0.059379793264417995
0.594811320754717    0.060086695565184874
0.5957547169811321    0.04641991775035851
0.5966981132075472    0.05867289096366492
0.5976415094339622    0.056080915860839214
0.5985849056603774    0.05278203845726044
0.5995283018867925    0.0506613315549598
0.6004716981132076    0.05183950205625013
0.6014150943396226    0.051132599755471055
0.6023584905660377    0.04712682005112539
0.6033018867924529    0.05325330665777169
0.6042452830188679    0.05183950205625013
0.605188679245283    0.0506613315549598
0.6061320754716981    0.04641991775035851
0.6070754716981133    0.05396020895853857
0.6080188679245283    0.046184283650113754
0.6089622641509433    0.04571301544959163
0.6099056603773585    0.044534844948313494
0.6108490566037736    0.0516038679559823
0.6117924528301887    0.05042569745471604
0.6127358490566037    0.047833722351892274
0.6136792452830189    0.04995442925419291
0.614622641509434    0.04217850394575723
0.6155660377358491    0.048540624652670575
0.6165094339622641    0.044063576747802244
0.6174528301886792    0.04524174724908037
0.6183962264150944    0.04241413804601286
0.6193396226415094    0.04100033344448874
0.6202830188679245    0.04641991775035851
0.6212264150943396    0.044063576747802244
0.6221698113207548    0.04264977214626848
0.6231132075471698    0.045241747249091024
0.6240566037735849    0.045006113148824745
0.625    0.04524174724908037
0.6259433962264151    0.03958652884294533
0.6268867924528302    0.04123596754474443
0.6278301886792452    0.04335667444703536
0.6287735849056604    0.03840835834166719
0.6297169811320755    0.03864399244192282
0.6306603773584906    0.03840835834167623
0.6316037735849056    0.03487384683783279
0.6325471698113208    0.04100033344447909
0.6334905660377359    0.032046237634765266
0.6344339622641509    0.03440257863732964
0.635377358490566    0.03911526064243408
0.6363207547169811    0.039822162943200956
0.6372641509433963    0.03911526064243408
0.6382075471698113    0.034873846837841
0.6391509433962264    0.032753139935532145
0.6400943396226415    0.032753139935532145
0.6410377358490567    0.03110370123374276
0.6419811320754717    0.03864399244193192
0.6429245283018867    0.0270979215293971
0.6438679245283019    0.03840835834166719
0.644811320754717    0.03251750583527652
0.6457547169811321    0.034638212737585314
0.6466981132075471    0.027804823830163982
0.6476415094339623    0.03133933533399839
0.6485849056603774    0.03086806713348713
0.6495283018867924    0.028511726130937574
0.6504716981132075    0.032281871735020895
0.6514150943396226    0.03039679893297588
0.6523584905660378    0.03016116483272025
0.6533018867924528    0.028040457930426206
0.6542452830188679    0.0306324330332315
0.655188679245283    0.03086806713348713
0.6561320754716982    0.03016116483272025
0.6570754716981132    0.02992553073247167
0.6580188679245282    0.025684116927863338
0.6589622641509434    0.02474158052684083
0.6599056603773585    0.023092141825051444
0.6608490566037736    0.02332777592531256
0.6617924528301886    0.022856507724795815
0.6627358490566038    0.028040457930419607
0.6636792452830189    0.025448482827607713
0.664622641509434    0.03393131043681827
0.665566037735849    0.026626653328885846
0.6665094339622641    0.027804823830163982
0.6674528301886793    0.02332777592530707
0.6683962264150943    0.025448482827613698
0.6693396226415094    0.026626653328885846
0.6702830188679245    0.021913971323773308
0.6712264150943397    0.02474158052684083
0.6721698113207547    0.022620873624545512
0.6731132075471697    0.023799044125818323
0.6740566037735849    0.02120706902300643
0.675    0.019086362120705785
0.6759433962264151    0.02332777592531256
0.6768867924528301    0.022620873624540187
0.6778301886792453    0.018379459819938902
0.6787735849056604    0.020028898521728292
0.6797169811320755    0.018850728020454594
0.6806603773584905    0.023092141825051444
0.6816037735849056    0.019086362120705785
0.6825471698113208    0.024034678226073948
0.6834905660377358    0.02050016672224437
0.6844339622641509    0.02120706902300643
0.685377358490566    0.02144270312326205
0.6863207547169812    0.01790819161942765
0.6872641509433962    0.016258752917642085
0.6882075471698113    0.016494387017893887
0.6891509433962264    0.01696565521840514
0.6900943396226416    0.016730021118149516
0.6910377358490567    0.016494387017893887
0.6919811320754717    0.02050016672224437
0.6929245283018868    0.01696565521840514
0.6938679245283019    0.01625875291763826
0.6948113207547171    0.01625875291763826
0.6957547169811321    0.01649438701789777
0.6966981132075472    0.016023118817382633
0.6976415094339623    0.01555185061687138
0.6985849056603775    0.01861509392019453
0.6995283018867925    0.01673002111815345
0.7004716981132075    0.018850728020450156
0.7014150943396227    0.01531621651661575
0.7023584905660378    0.01790819161942765
0.7033018867924529    0.01720128931866482
0.7042452830188679    0.01083916861175884
0.7051886792452831    0.016023118817382633
0.7061320754716982    0.01460931421584887
0.7070754716981132    0.014609314215852308
0.7080188679245283    0.011310436812270093
0.7089622641509434    0.014138046015337618
0.7099056603773586    0.009896632210736332
0.7108490566037736    0.014609314215852308
0.7117924528301887    0.015080582416360126
0.7127358490566038    0.011074802712014468
0.713679245283019    0.011781705012781347
0.714622641509434    0.010367900411250026
0.715566037735849    0.014138046015337618
0.7165094339622642    0.009660998110480705
0.7174528301886793    0.012488607313548228
0.7183962264150944    0.014609314215852308
0.7193396226415094    0.012488607313548228
0.7202830188679246    0.009425364010225078
0.7212264150943397    0.01319550961431511
0.7221698113207548    0.015080582416363675
0.7231132075471698    0.010603534511503214
0.7240566037735849    0.009425364010225078
0.7250000000000001    0.012017339113036974
0.7259433962264151    0.00966099811048298
0.7268867924528302    0.011074802712014468
0.7278301886792453    0.011781705012781347
0.7287735849056605    0.01083916861175884
0.7297169811320755    0.011310436812272756
0.7306603773584905    0.01083916861175884
0.7316037735849057    0.008954095809713824
0.7325471698113208    0.008011559408691317
0.7334905660377359    0.008954095809715932
0.7344339622641509    0.011781705012781347
0.7353773584905661    0.00777592530843569
0.7363207547169812    0.01083916861175884
0.7372641509433963    0.007540291208181837
0.7382075471698113    0.008011559408691317
0.7391509433962264    0.00848282760920257
0.7400943396226416    0.009425364010225078
0.7410377358490566    0.008954095809715932
0.7419811320754717    0.008247193508946944
0.7429245283018868    0.00848282760920257
0.743867924528302    0.009660998110480705
0.744811320754717    0.009189729909971614
0.745754716981132    0.009896632210736332
0.7466981132075472    0.004712682005112539
0.7476415094339623    0.005655218406135047
0.7485849056603774    0.005419584305880696
0.7495283018867924    0.008011559408691317
0.7504716981132076    0.008718461709458197
0.7514150943396227    0.007304657107924435
0.7523584905660378    0.00777592530843752
0.7533018867924528    0.008247193508946944
0.754245283018868    0.00848282760920257
0.7551886792452831    0.00541958430587942
0.7561320754716981    0.006126486606647743
0.7570754716981132    0.008247193508946944
0.7580188679245283    0.0058908525063906736
0.7589622641509435    0.007540291208180063
0.7599056603773585    0.007540291208181837
0.7608490566037736    0.006362120706901928
0.7617924528301887    0.00541958430587942
0.7627358490566039    0.0058908525063906736
0.7636792452830189    0.006126486606647743
0.7646226415094339    0.00541958430587942
0.7655660377358491    0.005183950205623793
0.7665094339622642    0.005183950205623793
0.7674528301886793    0.0042414138046022835
0.7683962264150943    0.007304657107924435
0.7693396226415095    0.0030632433033231507
0.7702830188679246    0.0035345115038344045
0.7712264150943396    0.0042414138046022835
0.7721698113207547    0.005183950205623793
0.7731132075471698    0.006126486606646301
0.774056603773585    0.004241413804601285
0.775    0.0063621207069034244
0.7759433962264151    0.004005779704345658
0.7768867924528302    0.004241413804601285
0.7778301886792454    0.0023563410025562695
0.7787735849056604    0.0035345115038352363
0.7797169811320754    0.004477047904856912
0.7806603773584906    0.0025919751028118964
0.7816037735849057    0.004241413804601285
0.7825471698113208    0.0030632433033238714
0.7834905660377358    0.004477047904856912
0.784433962264151    0.0035345115038344045
0.7853773584905661    0.004712682005112539
0.7863207547169812    0.005419584305880696
0.7872641509433962    0.0030632433033231507
0.7882075471698113    0.0023563410025562695
0.7891509433962265    0.00541958430587942
0.7900943396226415    0.0042414138046022835
0.7910377358490566    0.0023563410025562695
0.7919811320754717    0.0035345115038344045
0.7929245283018869    0.0023563410025562695
0.7938679245283019    0.0025919751028125066
0.7948113207547169    0.0032988774035787776
0.7957547169811321    0.0011781705012781348
0.7966981132075472    0.0030632433033231507
0.7976415094339623    0.002356341002556824
0.7985849056603773    0.004241413804601285
0.7995283018867925    0.0018850728020450157
0.8004716981132076    0.004005779704345658
0.8014150943396227    0.002356341002556824
0.8023584905660377    0.004712682005112539
0.8033018867924528    0.0016494387017893888
0.804245283018868    0.0021207069023006426
0.805188679245283    0.001649438701789777
0.8061320754716981    0.0018850728020450157
0.8070754716981132    0.0014138046015337617
0.8080188679245284    0.0023563410025562695
0.8089622641509434    0.0030632433033238714
0.8099056603773584    0.0025919751028118964
0.8108490566037736    0.0030632433033231507
0.8117924528301887    0.0035345115038344045
0.8127358490566038    0.001649438701789777
0.8136792452830188    0.0018850728020450157
0.814622641509434    0.0021207069023006426
0.8155660377358491    0.0025919751028118964
0.8165094339622642    0.0025919751028125066
0.8174528301886792    0.0023563410025562695
0.8183962264150944    0.0025919751028118964
0.8193396226415095    0.0009425364010225078
0.8202830188679245    0.0018850728020454594
0.8212264150943396    0.0014138046015337617
0.8221698113207547    0.0032988774035787776
0.8231132075471699    0.0016494387017893888
0.8240566037735849    0.001178170501278412
0.825    0.0028276092030675233
0.8259433962264151    0.0011781705012781348
0.8268867924528303    0.0016494387017893888
0.8278301886792453    0.0018850728020454594
0.8287735849056603    0.0016494387017893888
0.8297169811320755    0.0018850728020450157
0.8306603773584906    0.0018850728020450157
0.8316037735849057    0.001178170501278412
0.8325471698113207    0.0023563410025562695
0.8334905660377359    0.0011781705012781348
0.834433962264151    0.0011781705012781348
0.835377358490566    0.00023563410025568242
0.8363207547169811    0.0014138046015337617
0.8372641509433962    0.0014138046015337617
0.8382075471698114    0.0009425364010225078
0.8391509433962264    0.0007069023007670473
0.8400943396226415    0.0011781705012781348
0.8410377358490566    0.0004712682005112539
0.8419811320754718    0.00023563410025562696
0.8429245283018868    0.001649438701789777
0.8438679245283018    0.00023563410025562696
0.844811320754717    0.0011781705012781348
0.8457547169811321    0.0004712682005112539
0.8466981132075472    0.0007069023007670473
0.8476415094339622    0.0004712682005112539
0.8485849056603774    0.0014138046015337617
0.8495283018867925    0.0004712682005112539
0.8504716981132076    0.001178170501278412
0.8514150943396226    0.0011781705012781348
0.8523584905660377    0.0011781705012781348
0.8533018867924529    0.0009425364010225078
0.8542452830188679    0.0007069023007670473
0.855188679245283    0.0011781705012781348
0.8561320754716981    0.0007069023007668808
0.8570754716981133    0.0009425364010225078
0.8580188679245283    0.00047126820051136484
0.8589622641509433    0.0009425364010225078
0.8599056603773585    0.0009425364010225078
0.8608490566037736    0.0004712682005112539
0.8617924528301887    0.00023563410025568242
0.8627358490566037    0.0009425364010225078
0.8636792452830189    0.0009425364010225078
0.864622641509434    0.0011781705012781348
0.8655660377358491    0.0007069023007670473
0.8665094339622641    0.0007069023007668808
0.8674528301886792    0.0009425364010225078
0.8683962264150944    0.0004712682005112539
0.8693396226415094    0.00047126820051136484
0.8702830188679245    0.00023563410025562696
0.8712264150943396    0.0007069023007668808
0.8721698113207548    0.0004712682005112539
0.8731132075471698    0.0007069023007670473
0.8740566037735849    0.00023563410025562696
0.875    0.0011781705012781348
0.8759433962264151    0.0011781705012781348
0.8768867924528302    0.0007069023007670473
0.8778301886792452    0.0
0.8787735849056604    0.00023563410025562696
0.8797169811320755    0.0
0.8806603773584906    0.00023563410025568242
0.8816037735849056    0.00023563410025562696
0.8825471698113208    0.0004712682005112539
0.8834905660377359    0.0014138046015337617
0.8844339622641509    0.00047126820051136484
0.885377358490566    0.0004712682005112539
0.8863207547169811    0.0
0.8872641509433963    0.00023563410025562696
0.8882075471698113    0.0
0.8891509433962264    0.0
0.8900943396226415    0.0004712682005112539
0.8910377358490567    0.0009425364010225078
0.8919811320754717    0.00047126820051136484
0.8929245283018867    0.0
0.8938679245283019    0.00023563410025562696
0.894811320754717    0.0004712682005112539
0.8957547169811321    0.0
0.8966981132075471    0.00023563410025562696
0.8976415094339623    0.00023563410025562696
0.8985849056603774    0.00023563410025562696
0.8995283018867924    0.00023563410025568242
0.9004716981132075    0.0
0.9014150943396226    0.00023563410025562696
0.9023584905660378    0.0
0.9033018867924528    0.0
0.9042452830188679    0.0
0.905188679245283    0.0
0.9061320754716982    0.00023563410025562696
0.9070754716981132    0.00023563410025568242
0.9080188679245282    0.0004712682005112539
0.9089622641509434    0.0
0.9099056603773585    0.0
0.9108490566037736    0.0
0.9117924528301886    0.0
0.9127358490566038    0.0
0.9136792452830189    0.0
0.914622641509434    0.0
0.915566037735849    0.0
0.9165094339622641    0.00023563410025562696
0.9174528301886793    0.0
0.9183962264150943    0.0
0.9193396226415094    0.0
0.9202830188679245    0.0
0.9212264150943397    0.00023563410025562696
0.9221698113207547    0.0
0.9231132075471697    0.0
0.9240566037735849    0.0
0.925    0.0
0.9259433962264151    0.0
0.9268867924528301    0.0
0.9278301886792453    0.0
0.9287735849056604    0.0
0.9297169811320755    0.0
0.9306603773584905    0.0
0.9316037735849056    0.0
0.9325471698113208    0.0
0.933490566037736    0.0
0.934433962264151    0.0
0.935377358490566    0.0
0.9363207547169812    0.0
0.9372641509433963    0.0
0.9382075471698114    0.0
0.9391509433962264    0.0
0.9400943396226416    0.0
0.9410377358490567    0.0
0.9419811320754717    0.0
0.9429245283018868    0.0
0.9438679245283019    0.0
0.9448113207547171    0.0
0.9457547169811321    0.0
0.9466981132075472    0.0
0.9476415094339623    0.0
0.9485849056603775    0.0
0.9495283018867925    0.0
0.9504716981132075    0.0
0.9514150943396227    0.0
0.9523584905660378    0.0
0.9533018867924529    0.0
0.9542452830188679    0.0
0.9551886792452831    0.0
0.9561320754716982    0.0
0.9570754716981132    0.0
0.9580188679245283    0.0
0.9589622641509434    0.0
0.9599056603773586    0.0
0.9608490566037736    0.0
0.9617924528301887    0.0
0.9627358490566038    0.0
0.963679245283019    0.0
0.964622641509434    0.0
0.965566037735849    0.0
0.9665094339622642    0.0
0.9674528301886793    0.0
0.9683962264150944    0.0
0.9693396226415094    0.0
0.9702830188679246    0.0
0.9712264150943397    0.0
0.9721698113207548    0.0
0.9731132075471698    0.0
0.9740566037735849    0.0
0.9750000000000001    0.0
0.9759433962264151    0.0
0.9768867924528302    0.0
0.9778301886792453    0.0
0.9787735849056605    0.0
0.9797169811320755    0.0
0.9806603773584905    0.0
0.9816037735849057    0.0
0.9825471698113208    0.0
0.9834905660377359    0.0
0.9844339622641509    0.0
0.9853773584905661    0.0
0.9863207547169812    0.0
0.9872641509433963    0.0
0.9882075471698113    0.0
0.9891509433962264    0.0
0.9900943396226416    0.0
0.9910377358490566    0.0
0.9919811320754717    0.0
0.9929245283018868    0.0
0.993867924528302    0.0
0.994811320754717    0.0
0.995754716981132    0.0
0.9966981132075472    0.0
0.9976415094339623    0.0
0.9985849056603774    0.0
0.9995283018867924    0.0