-0.9995283018867924    0.0
-0.9985849056603773    0.0
-0.9976415094339622    0.0
-0.9966981132075472    0.0
-0.995754716981132    0.0
-0.9948113207547169    0.0
-0.9938679245283019    0.0
-0.9929245283018868    0.0
-0.9919811320754717    0.0
-0.9910377358490565    0.0
-0.9900943396226415    0.0
-0.9891509433962264    0.0
-0.9882075471698113    0.0
-0.9872641509433961    0.0
-0.9863207547169811    0.0
-0.9853773584905661    0.0
-0.9844339622641509    0.0
-0.9834905660377358    0.0
-0.9825471698113207    0.0
-0.9816037735849057    0.0
-0.9806603773584905    0.00023563410025562696
-0.9797169811320754    0.0009425364010226187
-0.9787735849056604    0.0009425364010225078
-0.9778301886792453    0.0051839502056244035
-0.9768867924528302    0.018850728020450156
-0.975943396226415    0.027804823830167254
-0.975    0.04689118595086977
-0.9740566037735849    0.08412137379126872
-0.9731132075471698    0.12300100033343726
-0.9721698113207546    0.17083472268534966
-0.9712264150943396    0.24364565966431828
-0.9702830188679246    0.3423763476714663
-0.9693396226415094    0.438986328776233
-0.9683962264150943    0.5327687006780353
-0.9674528301886792    0.6746204290318599
-0.9665094339622642    0.8011559408692259
-0.965566037735849    0.9420651328219966
-0.9646226415094339    1.069307546960161
-0.9636792452830188    1.2069178615093212
-0.9627358490566038    1.3150739135268088
-0.9617924528301887    1.4826097588084048
-0.9608490566037735    1.623283316661205
-0.9599056603773585    1.7203645659663325
-0.9589622641509434    1.8732910970324548
-0.9580188679245283    2.0076025341779418
-0.9570754716981131    2.0945515171725146
-0.9561320754716981    2.2036501055906235
-0.9551886792452831    2.3273580082251013
-0.9542452830188679    2.4687384683782034
-0.9533018867924528    2.5325953095477765
-0.9523584905660377    2.6374524841612326
-0.9514150943396227    2.731470490163549
-0.9504716981132075    2.8542358563964094
-0.9495283018867924    2.957443592308722
-0.9485849056603773    2.9861909525395602
-0.9476415094339623    3.0745537401357823
-0.9466981132075472    3.1407669223072516
-0.945754716981132    3.2081582749807387
-0.944811320754717    3.1933133266642564
-0.9438679245283019    3.317021229298851
-0.9429245283018868    3.3356363232186554
-0.9419811320754716    3.3217339113039643
-0.9410377358490566    3.4376658886293416
-0.9400943396226416    3.3309236412139347
-0.9391509433962264    3.3726308769587887
-0.9382075471698113    3.3931310436814273
-0.9372641509433962    3.417872624207869
-0.9363207547169812    3.358021562743335
-0.935377358490566    3.3766366566631345
-0.9344339622641509    3.3686250972548395
-0.9334905660377358    3.395016116483073
-0.9325471698113208    3.3328087140159797
-0.9316037735849056    3.352130710236549
-0.9306603773584905    3.270601311548487
-0.9297169811320755    3.326917861509197
-0.9287735849056604    3.238083805713207
-0.9278301886792453    3.3106591085915587
-0.9268867924528301    3.184359230854917
-0.9259433962264151    3.1926064243634897
-0.925    3.217583638990965
-0.9240566037735849    3.2246526619982547
-0.9231132075471697    3.167629209736766
-0.9221698113207547    3.0992953206622613
-0.9212264150943397    3.177054573746992
-0.9202830188679245    3.1049505390683962
-0.9193396226415094    3.1315771923976508
-0.9183962264150943    3.0813871290428336
-0.9174528301886793    3.0818583972437077
-0.9165094339622641    3.006455485161544
-0.915566037735849    3.033317772591043
-0.914622641509434    2.953673446704284
-0.9136792452830189    2.9557941536069325
-0.9127358490566038    2.873322218517115
-0.9117924528301886    2.9466044236969617
-0.9108490566037736    2.8704946093140475
-0.9099056603773585    2.8521151494944443
-0.9089622641509434    2.791792819828668
-0.9080188679245282    2.7932066244305305
-0.9070754716981132    2.750792486384189
-0.9061320754716982    2.719924419251022
-0.905188679245283    2.699659886628718
-0.9042452830188679    2.613417805935466
-0.9033018867924528    2.638395020562255
-0.9023584905660378    2.599515394020383
-0.9014150943396226    2.524819384239043
-0.9004716981132075    2.562285206179989
-0.8995283018867924    2.4963076581081123
-0.8985849056603774    2.430094475936567
-0.8976415094339623    2.4600200066687457
-0.8966981132075471    2.447060131154974
-0.8957547169811321    2.371892853173141
-0.894811320754717    2.3667089029677957
-0.8938679245283019    2.31699010781358
-0.8929245283018867    2.2698632877627216
-0.8919811320754717    2.284943870178815
-0.8910377358490567    2.2104834944982965
-0.8900943396226415    2.20435700789139
-0.8891509433962264    2.1605290652440976
-0.8882075471698113    2.157230187840265
-0.8872641509433963    2.1327242414139307
-0.8863207547169811    2.102091808380448
-0.885377358490566    2.051194842725474
-0.8844339622641509    2.051666110925744
-0.8834905660377359    2.0156140935868705
-0.8825471698113208    1.9746137601421536
-0.8816037735849056    1.9192397465823074
-0.8806603773584906    1.8857797043457825
-0.8797169811320755    1.897797043459043
-0.8787735849056604    1.8926130932531957
-0.8778301886792452    1.7948249416473216
-0.8768867924528302    1.8108480604644932
-0.8759433962264151    1.739922196287754
-0.875    1.747698121595985
-0.8740566037735849    1.7170656885629558
-0.8731132075471698    1.7279048571745126
-0.8721698113207548    1.6638123819051778
-0.8712264150943396    1.6602778704011476
-0.8702830188679245    1.645197287984981
-0.8693396226415094    1.6642836501054932
-0.8683962264150944    1.6091452706458658
-0.8674528301886792    1.6289385350671493
-0.8665094339622641    1.5860531288208115
-0.8655660377358491    1.5782772035121893
-0.864622641509434    1.531150383461244
-0.8636792452830189    1.5179548738467488
-0.8627358490566037    1.540104479270959
-0.8617924528301887    1.4941558297209305
-0.8608490566037736    1.5021673891297986
-0.8599056603773585    1.4373680115593244
-0.8589622641509433    1.4493853506725318
-0.8580188679245283    1.4703567855951123
-0.8570754716981133    1.4385461820607717
-0.8561320754716981    1.4286495498498661
-0.855188679245283    1.4088562854285593
-0.8542452830188679    1.3963676781148455
-0.8533018867924529    1.4262932088474778
-0.8523584905660377    1.4043792375235367
-0.8514150943396226    1.3607869289764059
-0.8504716981132076    1.3490052239634642
-0.8495283018867925    1.3466488829610666
-0.8485849056603774    1.3445281760586074
-0.8476415094339622    1.2943381127043112
-0.8466981132075472    1.3058841836166846
-0.8457547169811321    1.3148382794265532
-0.844811320754717    1.2780793597865205
-0.8438679245283018    1.285619650994852
-0.8429245283018868    1.2410848060463873
-0.8419811320754718    1.2356652217406532
-0.8410377358490566    1.205975325108299
-0.8400943396226415    1.2005557408025607
-0.8391509433962264    1.1824119150827361
-0.8382075471698114    1.1699233077693256
-0.8372641509433962    1.1513082138489934
-0.8363207547169811    1.163561187062423
-0.835377358490566    1.164739357563564
-0.834433962264151    1.1463598977437601
-0.8334905660377359    1.145181727242347
-0.8325471698113207    1.1187907080138484
-0.8316037735849057    1.1202045126152507
-0.8306603773584906    1.1388196065355791
-0.8297169811320755    1.1225608536178069
-0.8287735849056603    1.0770834722685976
-0.8278301886792453    1.0792041791707714
-0.8268867924528303    1.0476292097366409
-0.8259433962264151    1.0603534511503214
-0.825    1.0622385239524914
-0.8240566037735849    1.0455085028342168
-0.8231132075471699    1.0318417250195118
-0.8221698113207547    1.0217094587083986
-0.8212264150943396    1.0021518283872994
-0.8202830188679245    1.0271290430142779
-0.8193396226415095    0.9948471712793742
-0.8183962264150944    0.9726975658552282
-0.8174528301886792    0.9470134489273647
-0.816509433962264    0.9446571079249197
-0.8155660377358491    0.956674447037958
-0.814622641509434    0.9368811826163729
-0.8136792452830188    0.9213293319995014
-0.8127358490566037    0.8956452150717434
-0.8117924528301887    0.9196798932978203
-0.8108490566037736    0.9255707458041027
-0.8099056603773584    0.8956452150716381
-0.8089622641509433    0.8819784372569155
-0.8080188679245284    0.8779726575525694
-0.8070754716981132    0.8824497054573229
-0.8061320754716981    0.8461620540179564
-0.8051886792452829    0.8631277092364631
-0.804245283018868    0.8299033011004159
-0.8033018867924528    0.8595931977325271
-0.8023584905660377    0.8438057130154001
-0.8014150943396225    0.8449838835167777
-0.8004716981132076    0.8209492052907009
-0.7995283018867925    0.8152939868844692
-0.7985849056603773    0.808460597977056
-0.7976415094339622    0.8112882071802191
-0.7966981132075472    0.7952650883628346
-0.7957547169811321    0.7865466266532828
-0.7948113207547169    0.781362676447659
-0.7938679245283018    0.7448393909081245
-0.7929245283018869    0.765575191730622
-0.7919811320754717    0.7780637990440802
-0.7910377358490566    0.7662820940312989
-0.7900943396226414    0.7592130710237194
-0.7891509433962265    0.7328220517950861
-0.7882075471698113    0.7450750250082925
-0.7872641509433962    0.753557852617495
-0.786320754716981    0.7481382683117036
-0.7853773584905661    0.725988662887672
-0.784433962264151    0.7292875402911654
-0.7834905660377358    0.7120862509725047
-0.7825471698113207    0.7137356896743781
-0.7816037735849057    0.7010114482605727
-0.7806603773584906    0.7094942758696927
-0.7797169811320754    0.7052528620650915
-0.7787735849056603    0.6812181838390977
-0.7778301886792454    0.6769767700344959
-0.7768867924528302    0.692999888851799
-0.7759433962264151    0.6786262087362057
-0.7749999999999999    0.6666088696232471
-0.774056603773585    0.65506279871072
-0.7731132075471698    0.6479937757029741
-0.7721698113207547    0.6534133600088535
-0.7712264150943395    0.6430454595976817
-0.7702830188679246    0.6560053351117426
-0.7693396226415095    0.6307924863843134
-0.7683962264150943    0.654355896409876
-0.7674528301886792    0.6331488273869441
-0.7665094339622642    0.6251372679782519
-0.7655660377358491    0.6451661664999067
-0.7646226415094339    0.5959186395464806
-0.7636792452830188    0.6199533177726275
-0.7627358490566039    0.6069934422585664
-0.7617924528301887    0.6091141491607956
-0.7608490566037736    0.6463443370011848
-0.7599056603773584    0.6011025897521751
-0.7589622641509435    0.5904990552406707
-0.7580188679245283    0.5846082027342104
-0.7570754716981132    0.5839013004334436
-0.756132075471698    0.6124130265644465
-0.7551886792452831    0.5820162276314671
-0.754245283018868    0.589320884739323
-0.7533018867924528    0.5808380571301205
-0.7523584905660377    0.556803378904112
-0.7514150943396227    0.5678781816161278
-0.7504716981132076    0.5664643770145272
-0.7495283018867924    0.5857863732354885
-0.7485849056603773    0.5596309881071798
-0.7476415094339623    0.5537401356007885
-0.7466981132075472    0.5494987217961221
-0.745754716981132    0.5278203845726044
-0.7448113207547169    0.5346537734800805
-0.743867924528302    0.5438435033900509
-0.7429245283018868    0.541958430587942
-0.7419811320754717    0.5271134822718374
-0.7410377358490565    0.5447860397910737
-0.7400943396226416    0.5297054573747118
-0.7391509433962264    0.5443147715904983
-0.7382075471698113    0.5073202178503649
-0.7372641509433961    0.5327687006780353
-0.7363207547169812    0.5360675780816144
-0.7353773584905661    0.5216938979659581
-0.7344339622641509    0.5030788040457636
-0.7334905660377358    0.5075558519506802
-0.7325471698113208    0.5193375569634628
-0.7316037735849057    0.5195731910636575
-0.7306603773584905    0.5113259975547104
-0.7297169811320754    0.5023719017450559
-0.7287735849056605    0.5216938979660195
-0.7278301886792453    0.49742358563962846
-0.7268867924528302    0.4936534400355384
-0.725943396226415    0.49954429254198796
-0.7250000000000001    0.4976592197399427
-0.7240566037735849    0.4995442925419291
-0.7231132075471698    0.4905901967322153
-0.7221698113207546    0.4868200511281826
-0.7212264150943397    0.48469934422588173
-0.7202830188679246    0.480693564521479
-0.7193396226415094    0.49765921973988414
-0.7183962264150943    0.5023719017450559
-0.7174528301886793    0.4948316105368748
-0.7165094339622642    0.4898832944314485
-0.715566037735849    0.49035456263195965
-0.7146226415094339    0.5059064132488906
-0.713679245283019    0.48705568522843823
-0.7127358490566038    0.4766877848171333
-0.7117924528301887    0.4736245415138102
-0.7108490566037735    0.4696187618095198
-0.7099056603773586    0.4644348116038954
-0.7089622641509434    0.4752739802155996
-0.7080188679245283    0.47338890741355455
-0.7070754716981131    0.46419917750363976
-0.7061320754716982    0.4632566411026171
-0.7051886792452831    0.4710325664109983
-0.7042452830188679    0.4606646659997507
-0.7033018867924528    0.46891185950875286
-0.7023584905660378    0.4425208402801195
-0.7014150943396227    0.4312104034677974
-0.7004716981132075    0.43380237857060927
-0.6995283018867924    0.44110703567858556
-0.6985849056603775    0.458543959097504
-0.6976415094339623    0.44723352228517993
-0.6966981132075472    0.41707235745245974
-0.695754716981132    0.4262620873624793
-0.6948113207547171    0.41589418695123054
-0.6938679245283019    0.4161298210514372
-0.6929245283018868    0.40481938423916713
-0.6919811320754716    0.40010670223410166
-0.6910377358490567    0.418957430254554
-0.6900943396226416    0.4031699455373777
-0.6891509433962264    0.41825052795373785
-0.6882075471698113    0.399871068133846
-0.6872641509433963    0.39586528842949986
-0.6863207547169812    0.3826697788151382
-0.685377358490566    0.3977503612314983
-0.6844339622641509    0.3737156830054683
-0.683490566037736    0.3525086139824594
-0.6825471698113208    0.37395131710567997
-0.6816037735849056    0.35722129598753044
-0.6806603773584905    0.3624052461931969
-0.6797169811320756    0.36146270979217426
-0.6787735849056604    0.34756029787704973
-0.6778301886792453    0.3744225853061912
-0.6768867924528301    0.35698566188731684
-0.6759433962264152    0.3437901522730002
-0.675    0.35250861398241795
-0.6740566037735849    0.34496832277423783
-0.6731132075471697    0.34190507947095494
-0.6721698113207548    0.34096254306993234
-0.6712264150943397    0.32753139935532144
-0.6702830188679245    0.31881293764586327
-0.6693396226415094    0.2978415027231475
-0.6683962264150944    0.31527842614206597
-0.6674528301886793    0.31080137823717197
-0.6665094339622641    0.3098588418361494
-0.665566037735849    0.29524952762033535
-0.6646226415094341    0.30019784372570407
-0.6636792452830189    0.3079737690341044
-0.6627358490566038    0.2947782594197893
-0.6617924528301886    0.30066911192621537
-0.6608490566037737    0.2978415027231475
-0.6599056603773585    0.29407135711902244
-0.6589622641509434    0.28535289540956427
-0.6580188679245282    0.2978415027231475
-0.6570754716981133    0.2740424585973264
-0.6561320754716982    0.29949094142490185
-0.655188679245283    0.295013893520045
-0.6542452830188679    0.2926575525175231
-0.6533018867924529    0.2933644548182901
-0.6523584905660378    0.27569189729908355
-0.6514150943396226    0.28181838390572983
-0.6504716981132075    0.2735711903968151
-0.6495283018867926    0.26320328998556625
-0.6485849056603774    0.27145048349448225
-0.6476415094339623    0.27145048349448225
-0.6466981132075471    0.2690941424919576
-0.6457547169811322    0.25613426697789665
-0.644811320754717    0.26343892408579095
-0.6438679245283019    0.2653239968878359
-0.6429245283018867    0.254484828276107
-0.6419811320754718    0.26744470379016805
-0.6410377358490567    0.25943314438144527
-0.6400943396226415    0.24458819606534077
-0.6391509433962264    0.255898632877641
-0.6382075471698113    0.25142158497275396
-0.6372641509433963    0.2615538512837767
-0.6363207547169811    0.2507146826719871
-0.635377358490566    0.25919751028118965
-0.6344339622641508    0.25236412137380615
-0.6334905660377359    0.2540135600755958
-0.6325471698113208    0.253306657774799
-0.6316037735849056    0.24341002556406263
-0.6306603773584905    0.24058241636102345
-0.6297169811320755    0.2396398799600008
-0.6287735849056604    0.25118595087249834
-0.6278301886792452    0.2377548071579276
-0.6268867924528301    0.23846170945872253
-0.6259433962264151    0.2288007113482407
-0.625    0.26202511948425716
-0.6240566037735849    0.2558986328776109
-0.6231132075471697    0.2509503167722722
-0.6221698113207548    0.24977214627099398
-0.6212264150943396    0.24458819606534077
-0.6202830188679245    0.2464732688673858
-0.6193396226415093    0.24953651217073833
-0.6183962264150944    0.2391686117594895
-0.6174528301886792    0.2332777592530707
-0.6165094339622641    0.2474158052684083
-0.615566037735849    0.22526619984440588
-0.614622641509434    0.23846170945872253
-0.6136792452830189    0.2358697343558826
-0.6127358490566037    0.2290363454484694
-0.6117924528301886    0.24152495276204608
-0.6108490566037736    0.22950761364900768
-0.6099056603773585    0.24364565966431828
-0.6089622641509433    0.23916861175946136
-0.6080188679245282    0.24128931866179038
-0.6070754716981133    0.229271979548752
-0.6061320754716981    0.2358697343558826
-0.605188679245283    0.22715127264642437
-0.6042452830188678    0.24058241636102345
-0.6033018867924529    0.23586973435591033
-0.6023584905660377    0.2358697343558826
-0.6014150943396226    0.22668000444591316
-0.6004716981132074    0.2365766366566773
-0.5995283018867925    0.23610536845616598
-0.5985849056603774    0.21843281093696618
-0.5976415094339622    0.23516283205511573
-0.5966981132075471    0.22503056574415023
-0.5957547169811321    0.22832944314772938
-0.594811320754717    0.22573746804489064
-0.5938679245283018    0.23068578415025878
-0.5929245283018867    0.2391686117594895
-0.5919811320754718    0.23987551406025648
-0.5910377358490566    0.23963987995997263
-0.5900943396226415    0.22927197954872502
-0.5891509433962263    0.23021451594977463
-0.5882075471698114    0.21796154273648058
-0.5872641509433962    0.2264443703456575
-0.5863207547169811    0.22927197954872502
-0.5853773584905659    0.2323352228520755
-0.584433962264151    0.22597310214517285
-0.5834905660377359    0.23634100255639381
-0.5825471698113207    0.22008224963875556
-0.5816037735849056    0.23681227075693295
-0.5806603773584906    0.2240880293431276
-0.5797169811320755    0.2353984661553713
-0.5787735849056603    0.22173168834054496
-0.5778301886792452    0.21725464043571363
-0.5768867924528303    0.24105368456153475
-0.5759433962264151    0.21584083583415428
-0.575    0.21796154273645493
-0.5740566037735848    0.23445592975437643
-0.5731132075471699    0.22950761364900768
-0.5721698113207547    0.2464732688673858
-0.5712264150943396    0.21913971323773307
-0.5702830188679244    0.23775480715795555
-0.5693396226415095    0.2450594642658809
-0.5683962264150944    0.23445592975434879
-0.5674528301886792    0.22785817494719127
-0.566509433962264    0.22785817494721808
-0.5655660377358491    0.23516283205514335
-0.564622641509434    0.22715127264642437
-0.5636792452830188    0.22338112704233434
-0.5627358490566037    0.23799044125821125
-0.5617924528301887    0.23516283205514335
-0.5608490566037736    0.239404245859717
-0.5599056603773584    0.23610536845613822
-0.5589622641509433    0.24058241636102345
-0.5580188679245284    0.22432366344338325
-0.5570754716981132    0.22856507724795813
-0.5561320754716981    0.22243859064131186
-0.5551886792452829    0.23304212515284248
-0.554245283018868    0.23021451594977463
-0.5533018867924528    0.24600200066687453
-0.5523584905660377    0.22880071134821378
-0.5514150943396225    0.21819717683673623
-0.5504716981132076    0.23516283205514335
-0.5495283018867925    0.2264443703456575
-0.5485849056603773    0.23869734355895011
-0.5476415094339622    0.23162832055130855
-0.5466981132075472    0.22267422474159368
-0.5457547169811321    0.21749027453594366
-0.5448113207547169    0.21796154273645493
-0.5438679245283018    0.22173168834057105
-0.5429245283018869    0.22691563854619545
-0.5419811320754717    0.2264443703456575
-0.5410377358490566    0.24246748916304012
-0.5400943396226414    0.22338112704236066
-0.5391509433962265    0.2288007113482407
-0.5382075471698113    0.2203178837390112
-0.5372641509433962    0.20947871512725236
-0.536320754716981    0.21089251972881093
-0.5353773584905661    0.22338112704236066
-0.534433962264151    0.22055351783926683
-0.5334905660377358    0.2132488607313424
-0.5325471698113207    0.2090074469267657
-0.5316037735849057    0.22432366344338325
-0.5306603773584906    0.21207069023006428
-0.5297169811320754    0.19510503501165913
-0.5287735849056603    0.2141913971323901
-0.5278301886792454    0.2068867400244648
-0.5268867924528302    0.19887518061574916
-0.5259433962264151    0.2026453262198392
-0.5249999999999999    0.2012315216183291
-0.524056603773585    0.21348449483162313
-0.5231132075471698    0.18685784150271217
-0.5221698113207547    0.18332332999887777
-0.5212264150943395    0.18897854840503506
-0.5202830188679246    0.18308769589864368
-0.5193396226415095    0.18850728020450155
-0.5183962264150943    0.20028898521728292
-0.5174528301886792    0.1934555963098925
-0.5165094339622642    0.18803601200401243
-0.5155660377358491    0.17177725908635205
-0.5146226415094339    0.20076025341779416
-0.5136792452830188    0.16800711348228178
-0.5127358490566039    0.17201289318662794
-0.5117924528301887    0.18379459819938904
-0.5108490566037736    0.17861064799376522
-0.5099056603773584    0.19251305990886988
-0.5089622641509435    0.18238079359787673
-0.5080188679245283    0.18214515949759963
-0.5070754716981132    0.17861064799376522
-0.506132075471698    0.17648994109148536
-0.5051886792452831    0.17696120929199669
-0.504245283018868    0.18567967100143404
-0.5033018867924528    0.19227742580859158
-0.5023584905660377    0.18002445259532018
-0.5014150943396227    0.1819095253973654
-0.5004716981132076    0.1807313548960659
-0.4995283018867924    0.1703634544848183
-0.49858490566037733    0.18520840280094458
-0.49764150943396224    0.17625430699120898
-0.49669811320754714    0.16824274758253743
-0.49575471698113205    0.16023118817382634
-0.49481132075471695    0.17271979548739488
-0.49386792452830186    0.1748405023896752
-0.49292452830188677    0.1628231632766574
-0.49198113207547167    0.1689496498832845
-0.4910377358490566    0.1658864065799809
-0.4900943396226415    0.1713059908858408
-0.4891509433962264    0.17601867289097406
-0.4882075471698113    0.16635767478047261
-0.4872641509433962    0.16258752917640173
-0.4863207547169811    0.15504723796820255
-0.485377358490566    0.16376569967768
-0.4844339622641509    0.1625875291763826
-0.4834905660377358    0.16942091808381574
-0.48254716981132073    0.17366233188839708
-0.48160377358490564    0.15763921307103299
-0.48066037735849054    0.16400133377791637
-0.47971698113207545    0.16682894298100354
-0.47877358490566035    0.15881738357229255
-0.47783018867924526    0.16777147938202613
-0.47688679245283017    0.15928865177280382
-0.47594339622641507    0.1628231632766574
-0.475    0.16800711348226202
-0.4740566037735849    0.16824274758253743
-0.4731132075471698    0.16376569967766072
-0.4721698113207547    0.17484050238969578
-0.4712264150943396    0.16046682227408196
-0.4702830188679245    0.15999555407358954
-0.4693396226415094    0.17460486828941957
-0.4683962264150943    0.1628231632766574
-0.4674528301886792    0.16800711348226202
-0.46650943396226413    0.16258752917640173
-0.46556603773584904    0.16824274758251764
-0.46462264150943394    0.16871401578304876
-0.46367924528301885    0.16635767478047261
-0.46273584905660375    0.16353006557742433
-0.46179245283018866    0.15245526286539066
-0.46084905660377357    0.16517950427921393
-0.45990566037735847    0.16282316327663823
-0.4589622641509434    0.17366233188841748
-0.4580188679245283    0.17271979548737457
-0.4570754716981132    0.16470823607870264
-0.4561320754716981    0.15881738357229255
-0.455188679245283    0.16824274758253743
-0.4542452830188679    0.164236967878172
-0.4533018867924528    0.16470823607870264
-0.4523584905660377    0.17413360008890832
-0.4514150943396226    0.16942091808381574
-0.45047169811320753    0.17625430699120898
-0.44952830188679244    0.16376569967768
-0.44858490566037734    0.1677714793820064
-0.44764150943396225    0.16989218628432703
-0.44669811320754715    0.15787484717127004
-0.44575471698113206    0.16470823607870264
-0.44481132075471697    0.1807313548960659
-0.44386792452830187    0.16258752917640173
-0.4429245283018868    0.16942091808379578
-0.4419811320754717    0.17342669778816186
-0.4410377358490566    0.17107035678558516
-0.4400943396226415    0.16706457708125916
-0.4391509433962264    0.16470823607868323
-0.4382075471698113    0.17507613648995143
-0.4372641509433962    0.17059908858507392
-0.4363207547169811    0.17601867289097406
-0.435377358490566    0.16989218628430702
-0.43443396226415093    0.16800711348228178
-0.43349056603773584    0.16824274758251764
-0.43254716981132074    0.17271979548739488
-0.43160377358490565    0.17696120929197584
-0.43066037735849055    0.16565077247972523
-0.42971698113207546    0.1790819161942765
-0.42877358490566037    0.16517950427921393
-0.42783018867924527    0.1757830387906977
-0.4268867924528302    0.17201289318662794
-0.4259433962264151    0.17554740469044208
-0.425    0.17531177059020708
-0.4240566037735849    0.15928865177280382
-0.4231132075471698    0.17248416138713923
-0.4221698113207547    0.17224852728686332
-0.4212264150943396    0.17083472268534966
-0.4202830188679245    0.16494387017893886
-0.4193396226415094    0.16093809047461213
-0.41839622641509433    0.17672557519172022
-0.41745283018867924    0.17130599088586096
-0.41650943396226414    0.15716794487050317
-0.41556603773584905    0.16800711348228178
-0.41462264150943395    0.15975991997331507
-0.41367924528301886    0.16753584528177048
-0.41273584905660377    0.15151272646436814
-0.41179245283018867    0.1628231632766574
-0.4108490566037736    0.16046682227408196
-0.4099056603773585    0.15975991997333389
-0.4089622641509434    0.16140935867510445
-0.4080188679245283    0.143972435256205
-0.4070754716981132    0.14373680115593243
-0.4061320754716981    0.14750694676003984
-0.405188679245283    0.14467933755695495
-0.4042452830188679    0.15104145826387466
-0.4033018867924528    0.15104145826385687
-0.40235849056603773    0.14585750805825026
-0.40141509433962264    0.13596087584749675
-0.40047169811320754    0.1345470712459788
-0.39952830188679245    0.1328976325441736
-0.39858490566037735    0.1347827053462345
-0.39764150943396226    0.1390241191508199
-0.39669811320754716    0.13548960764700144
-0.39575471698113207    0.13148382794263982
-0.394811320754717    0.13124819384239966
-0.3938679245283019    0.120644659330881
-0.3929245283018868    0.14114482605313716
-0.3919811320754717    0.12959875514059482
-0.3910377358490566    0.12158719573191783
-0.3900943396226415    0.1416160942536318
-0.3891509433962264    0.131012559742144
-0.3882075471698113    0.13855285095030864
-0.3872641509433962    0.1279493164388205
-0.38632075471698113    0.12300100033343726
-0.38537735849056604    0.1293631210403544
-0.38443396226415094    0.13077692564187296
-0.38349056603773585    0.12865621873958746
-0.38254716981132075    0.11593197732576846
-0.38160377358490566    0.1293631210403544
-0.38066037735849056    0.122529732132926
-0.37971698113207547    0.1366677781482797
-0.3787735849056604    0.11498944092474596
-0.3778301886792453    0.11404690452373688
-0.3768867924528302    0.11875958652883599
-0.3759433962264151    0.1272424141380535
-0.375    0.12040902523062537
-0.3740566037735849    0.12842058463933181
-0.3731132075471698    0.12300100033343726
-0.3721698113207547    0.12064465933089519
-0.3712264150943396    0.12959875514059482
-0.37028301886792453    0.11828831832833865
-0.36933962264150944    0.11310436812270094
-0.36839622641509434    0.12088029343115085
-0.36745283018867925    0.11216183172167843
-0.36650943396226415    0.1345470712459788
-0.36556603773584906    0.12182282983215914
-0.36462264150943396    0.11381127042348121
-0.36367924528301887    0.12347226853394852
-0.3627358490566038    0.11805268422808299
-0.3617924528301887    0.12111592753139226
-0.3608490566037736    0.12606424363677526
-0.3599056603773585    0.11004112481937778
-0.3589622641509434    0.1258286095365196
-0.3580188679245283    0.12229409803267038
-0.3570754716981132    0.11923085472936126
-0.3561320754716981    0.11404690452372344
-0.355188679245283    0.10956985661887943
-0.35424528301886793    0.11640324552627972
-0.35330188679245284    0.11027675891964639
-0.35235849056603774    0.10627097921528776
-0.35141509433962265    0.09873068800711932
-0.35047169811320755    0.11004112481937778
-0.34952830188679246    0.11357563632322555
-0.34858490566037736    0.11051239301988904
-0.34764150943396227    0.11781705012782735
-0.3466981132075472    0.11074802712014467
-0.3457547169811321    0.10226519951095414
-0.344811320754717    0.11004112481937778
-0.3438679245283019    0.10509280871402199
-0.3429245283018868    0.1161676114260241
-0.3419811320754717    0.11663887962654906
-0.3410377358490566    0.11923085472934725
-0.3400943396226415    0.10909858841836811
-0.3391509433962264    0.11711014782704661
-0.33820754716981133    0.11663887962654906
-0.33726415094339623    0.10627097921528776
-0.33632075471698114    0.11451817272424818
-0.33537735849056605    0.11027675891963341
-0.33443396226415095    0.10839168611760115
-0.33349056603773586    0.11334000222295658
-0.33254716981132076    0.1034433700122324
-0.33160377358490567    0.10462154051349837
-0.3306603773584906    0.10933422251862378
-0.3297169811320755    0.11263309992218969
-0.3287735849056604    0.10061576080916455
-0.3278301886792453    0.10815605201733278
-0.3268867924528302    0.11451817272424818
-0.3259433962264151    0.11145492942091155
-0.325    0.10415027231299936
-0.3240566037735849    0.11192619762142281
-0.3231132075471698    0.10933422251862378
-0.32216981132075473    0.10297210181170899
-0.32122641509433963    0.11357563632322555
-0.32028301886792454    0.10155829721017522
-0.31933962264150945    0.10273646771146544
-0.31839622641509435    0.11027675891963341
-0.31745283018867926    0.09943759030788628
-0.31650943396226416    0.10532844281426525
-0.31556603773584907    0.1055640769145333
-0.314622641509434    0.10367900411247585
-0.3136792452830189    0.11357563632322555
-0.3127358490566038    0.11027675891963341
-0.3117924528301887    0.10980549071913508
-0.3108490566037736    0.10721351561631026
-0.3099056603773585    0.11216183172169163
-0.3089622641509434    0.11593197732576846
-0.3080188679245283    0.10697788151606723
-0.3070754716981132    0.11051239301988904
-0.30613207547169813    0.11428253862399253
-0.30518867924528303    0.10415027231298711
-0.30424528301886794    0.10250083361120979
-0.30330188679245285    0.1032077359119646
-0.30235849056603775    0.10579971101478895
-0.30141509433962266    0.10556407691452088
-0.30047169811320756    0.11145492942092466
-0.29952830188679247    0.1013226631099196
-0.2985849056603774    0.10721351561632288
-0.2976415094339623    0.10367900411247585
-0.2966981132075472    0.1081560520173455
-0.2957547169811321    0.10038012670889708
-0.294811320754717    0.09708124930532973
-0.2938679245283019    0.11239746582193406
-0.2929245283018868    0.10956985661887943
-0.2919811320754717    0.11734578192730222
-0.2910377358490566    0.10674224741581156
-0.29009433962264153    0.10980549071912217
-0.28915094339622643    0.09731688340558538
-0.28820754716981134    0.10014449260864146
-0.28726415094339625    0.1107480271201577
-0.28632075471698115    0.10297210181170899
-0.28537735849056606    0.10367900411248805
-0.28443396226415096    0.0935467378014839
-0.28349056603773587    0.10509280871402199
-0.2825471698113208    0.10108702900966396
-0.2816037735849057    0.10792041791708985
-0.2806603773584906    0.11334000222295658
-0.2797169811320755    0.10462154051351069
-0.2787735849056604    0.09990885850838582
-0.2778301886792453    0.10250083361120979
-0.2768867924528302    0.1006157608091527
-0.27594339622641506    0.106742247415799
-0.27499999999999997    0.09920195620763063
-0.2740566037735849    0.10792041791707714
-0.2731132075471698    0.09825941980660802
-0.2721698113207547    0.10462154051349837
-0.2712264150943396    0.10108702900967585
-0.2702830188679245    0.10038012670889708
-0.2693396226415094    0.09943759030788628
-0.2683962264150943    0.10344337001222023
-0.2674528301886792    0.10744914971657853
-0.2665094339622641    0.10202956541068647
-0.265566037735849    0.09731688340558538
-0.26462264150943393    0.09496054240301767
-0.26367924528301884    0.10014449260865324
-0.26273584905660374    0.09519617650327329
-0.26179245283018865    0.09731688340558538
-0.26084905660377355    0.09684561520506267
-0.25990566037735846    0.09873068800711932
-0.25896226415094337    0.09755251750582956
-0.2580188679245283    0.09896632210737497
-0.2570754716981132    0.09731688340557393
-0.2561320754716981    0.10415027231299936
-0.255188679245283    0.10344337001222023
-0.2542452830188679    0.0956674447037958
-0.2533018867924528    0.09142603089918326
-0.2523584905660377    0.09990885850839759
-0.2514150943396226    0.10155829721017522
-0.2504716981132075    0.09496054240302883
-0.24952830188679243    0.10509280871400963
-0.24858490566037733    0.10132266310993152
-0.24764150943396224    0.10108702900966396
-0.24669811320754714    0.10367900411248805
-0.24575471698113205    0.10108702900966396
-0.24481132075471695    0.08859842169612615
-0.24386792452830186    0.10014449260864146
-0.24292452830188677    0.09378237190175057
-0.24198113207547167    0.09236856730020578
-0.24103773584905658    0.09543181060354015
-0.24009433962264148    0.09166166499943888
-0.2391509433962264    0.09849505390686367
-0.2382075471698113    0.09825941980659644
-0.2372641509433962    0.10132266310993152
-0.2363207547169811    0.08977659219739387
-0.235377358490566    0.10132266310993152
-0.23443396226415092    0.09331110370122828
-0.23349056603773582    0.10108702900967585
-0.23254716981132073    0.09566744470378455
-0.23160377358490564    0.09660998110481842
-0.23066037735849054    0.09519617650327329
-0.22971698113207545    0.09849505390686367
-0.22877358490566035    0.09590307880404017
-0.22783018867924526    0.0930754696009836
-0.22688679245283017    0.09425364010225078
-0.22594339622641507    0.09802378570635234
-0.22499999999999998    0.09896632210736332
-0.22405660377358488    0.09825941980660802
-0.2231132075471698    0.09401800600199516
-0.2221698113207547    0.09684561520507408
-0.2212264150943396    0.09613871290429579
-0.2202830188679245    0.09637434700456277
-0.2193396226415094    0.08624208069355946
-0.21839622641509432    0.08977659219740444
-0.21745283018867922    0.09448927420250641
-0.21650943396226413    0.0951961765032845
-0.21556603773584904    0.08718461709458197
-0.21462264150943394    0.09731688340558538
-0.21367924528301885    0.09213293319995014
-0.21273584905660375    0.0909547626986827
-0.21179245283018866    0.08954095809713825
-0.21084905660377357    0.0951961765032845
-0.20990566037735847    0.09472490830276203
-0.20896226415094338    0.09472490830277318
-0.20801886792452828    0.08624208069355946
-0.2070754716981132    0.08412137379126872
-0.2061320754716981    0.09236856730020578
-0.205188679245283    0.09331110370123925
-0.2042452830188679    0.07987995998665753
-0.2033018867924528    0.08294320328999046
-0.20235849056603772    0.09213293319995014
-0.20141509433962262    0.09331110370123925
-0.20047169811320753    0.09496054240301767
-0.19952830188679244    0.09755251750584104
-0.19858490566037734    0.09024786039790512
-0.19764150943396225    0.08435700789152438
-0.19669811320754715    0.08459264199177008
-0.19575471698113206    0.09119039679893837
-0.19481132075471697    0.09119039679892764
-0.19386792452830187    0.09354673780149492
-0.19292452830188678    0.0838857396910032
-0.19198113207547168    0.0951961765032845
-0.1910377358490566    0.08200066688895818
-0.1900943396226415    0.09189729909970532
-0.1891509433962264    0.09331110370122828
-0.1882075471698113    0.08906968989663748
-0.1872641509433962    0.0874202511948376
-0.18632075471698112    0.09024786039791574
-0.18537735849056602    0.09519617650327329
-0.18443396226415093    0.08247193508947913
-0.18349056603773584    0.07893742358563502
-0.18254716981132074    0.09001222629766009
-0.18160377358490565    0.0822363009892138
-0.18066037735849055    0.09378237190175057
-0.17971698113207546    0.09425364010225078
-0.17877358490566037    0.08859842169612615
-0.17783018867924527    0.08553517839279258
-0.17688679245283018    0.08435700789152438
-0.17594339622641508    0.09448927420250641
-0.175    0.09472490830277318
-0.1740566037735849    0.08365010559074756
-0.1731132075471698    0.08977659219740444
-0.1721698113207547    0.09519617650327329
-0.1712264150943396    0.08388573969101307
-0.17028301886792452    0.08600644659330384
-0.16933962264150942    0.08223630098922348
-0.16839622641509433    0.08365010559074756
-0.16745283018867924    0.09283983550072795
-0.16650943396226414    0.08765588529509323
-0.16556603773584905    0.09001222629766009
-0.16462264150943395    0.0812937645881913
-0.16367924528301886    0.08412137379126872
-0.16273584905660377    0.08365010559074756
-0.16179245283018867    0.08718461709459223
-0.16084905660377358    0.0857708124930482
-0.15990566037735848    0.09024786039791574
-0.1589622641509434    0.09048349449816075
-0.1580188679245283    0.08883405579638182
-0.1570754716981132    0.08270756918972506
-0.1561320754716981    0.0831788373902461
-0.155188679245283    0.08529954429253696
-0.15424528301886792    0.07752361898411039
-0.15330188679245282    0.08671334889407072
-0.15235849056603773    0.08105813048794522
-0.15141509433962264    0.08176503278870256
-0.15047169811320754    0.0827075691897348
-0.14952830188679245    0.0822363009892138
-0.14858490566037735    0.08200066688896783
-0.14764150943396226    0.09071912859841638
-0.14669811320754716    0.10014449260865324
-0.14575471698113207    0.09024786039790512
-0.14481132075471698    0.08529954429254699
-0.14386792452830188    0.09048349449816075
-0.1429245283018868    0.08176503278871217
-0.1419811320754717    0.08459264199177008
-0.1410377358490566    0.08624208069356962
-0.1400943396226415    0.07893742358563502
-0.1391509433962264    0.08105813048794522
-0.13820754716981132    0.08506391019228134
-0.13726415094339622    0.0883627875958705
-0.13632075471698113    0.0864777147938151
-0.13537735849056604    0.08930532399689313
-0.13443396226415094    0.08553517839279258
-0.13349056603773585    0.0909547626986827
-0.13254716981132075    0.07422474158052249
-0.13160377358490566    0.08671334889408093
-0.13066037735849056    0.08482827609202571
-0.12971698113207547    0.0909547626986827
-0.12877358490566038    0.0857708124930482
-0.12783018867924528    0.09448927420251753
-0.1268867924528302    0.08906968989662699
-0.1259433962264151    0.08553517839280264
-0.125    0.08412137379125882
-0.1240566037735849    0.08459264199178003
-0.12311320754716981    0.09071912859841638
-0.12216981132075472    0.08906968989663748
-0.12122641509433962    0.08341447149049194
-0.12028301886792453    0.0883627875958705
-0.11933962264150944    0.09260420140046138
-0.11839622641509434    0.09024786039791574
-0.11745283018867925    0.08435700789151446
-0.11650943396226415    0.0930754696009836
-0.11556603773584906    0.08317883739023631
-0.11462264150943396    0.09166166499944967
-0.11367924528301887    0.08247193508946943
-0.11273584905660378    0.08906968989663748
-0.11179245283018868    0.08624208069355946
-0.11084905660377359    0.08388573969101307
-0.1099056603773585    0.08082249638768005
-0.1089622641509434    0.08742025119484789
-0.1080188679245283    0.09472490830276203
-0.10707547169811321    0.08859842169612615
-0.10613207547169812    0.08341447149049194
-0.10518867924528302    0.0951961765032845
-0.10424528301886793    0.08789151939534885
-0.10330188679245284    0.09496054240302883
-0.10235849056603774    0.07893742358563502
-0.10141509433962265    0.09189729909970532
-0.10047169811320755    0.08671334889407072
-0.09952830188679246    0.08765588529510354
-0.09858490566037736    0.08200066688895818
-0.09764150943396227    0.07870178948538867
-0.09669811320754718    0.08176503278870256
-0.09575471698113208    0.08129376458820087
-0.09481132075471699    0.07799488718461253
-0.0938679245283019    0.078466155385133
-0.0929245283018868    0.0864777147938151
-0.0919811320754717    0.07634544848283212
-0.09103773584905661    0.07752361898410128
-0.09009433962264152    0.08129376458820087
-0.08915094339622642    0.08341447149049194
-0.08820754716981133    0.09166166499944967
-0.08726415094339623    0.09166166499943888
-0.08632075471698114    0.08105813048794522
-0.08537735849056605    0.08200066688895818
-0.08443396226415095    0.08647771479382527
-0.08349056603773586    0.0777592530843569
-0.08254716981132076    0.08482827609203568
-0.08160377358490567    0.08506391019228134
-0.08066037735849058    0.07469600978104253
-0.07971698113207548    0.08883405579637137
-0.07877358490566039    0.08247193508947913
-0.0778301886792453    0.07705235078359002
-0.0768867924528302    0.08105813048794522
-0.0759433962264151    0.0864777147938151
-0.07500000000000001    0.0805868622874339
-0.07405660377358492    0.08035122818716879
-0.07311320754716982    0.07940869178615563
-0.07216981132075473    0.08529954429253696
-0.07122641509433963    0.07351783927976427
-0.07028301886792454    0.07964432588640191
-0.06933962264150945    0.07987995998666694
-0.06839622641509435    0.07516727798154499
-0.06745283018867926    0.08812715349561485
-0.06650943396226416    0.0777592530843569
-0.06556603773584907    0.08647771479382527
-0.06462264150943398    0.0812937645881913
-0.06367924528301888    0.08529954429254699
-0.06273584905660379    0.07964432588640191
-0.06179245283018869    0.07752361898411039
-0.0608490566037736    0.09189729909969452
-0.059905660377358505    0.08412137379126872
-0.05896226415094341    0.08506391019228134
-0.05801886792452832    0.08176503278871217
-0.05707547169811322    0.0864777147938151
-0.05613207547169813    0.09543181060354015
-0.055188679245283034    0.08836278759586011
-0.05424528301886794    0.08671334889408093
-0.053301886792452846    0.0857708124930482
-0.05235849056603775    0.08883405579638182
-0.05141509433962266    0.08600644659330384
-0.050471698113207564    0.07658108258308778
-0.04952830188679247    0.08624208069355946
-0.048584905660377375    0.09684561520507408
-0.04764150943396228    0.08482827609202571
-0.04669811320754719    0.08977659219740444
-0.04575471698113209    0.08624208069355946
-0.044811320754717    0.08671334889408093
-0.043867924528301905    0.09425364010225078
-0.04292452830188681    0.08388573969101307
-0.04198113207547172    0.09401800600199516
-0.04103773584905662    0.09543181060354015
-0.04009433962264153    0.09425364010225078
-0.039150943396226434    0.09071912859842705
-0.03820754716981134    0.08836278759586011
-0.037264150943396246    0.09849505390686367
-0.03632075471698115    0.08954095809713825
-0.03537735849056606    0.10674224741581156
-0.034433962264150964    0.08977659219739387
-0.033490566037735814    0.09637434700455141
-0.03254716981132072    0.0951961765032845
-0.031603773584905626    0.09519617650327329
-0.03066037735849053    0.10744914971657853
-0.029716981132075437    0.10462154051349837
-0.028773584905660343    0.09213293319996099
-0.02783018867924525    0.11051239301988904
-0.026886792452830155    0.1008513949094202
-0.02594339622641506    0.09802378570634082
-0.024999999999999967    0.09825941980660802
-0.024056603773584873    0.09637434700455141
-0.02311320754716978    0.09331110370123925
-0.022169811320754684    0.10014449260864146
-0.02122641509433959    0.09708124930532973
-0.020283018867924496    0.09802378570634082
-0.019339622641509402    0.1034433700122324
-0.018396226415094308    0.10038012670889708
-0.017452830188679214    0.10226519951095414
-0.01650943396226412    0.10014449260864146
-0.015566037735849025    0.09920195620763063
-0.014622641509433931    0.10108702900966396
-0.013679245283018837    0.09637434700456277
-0.012735849056603743    0.09613871290429579
-0.011792452830188649    0.10155829721018718
-0.010849056603773555    0.09849505390685206
-0.00990566037735846    0.09849505390686367
-0.008962264150943366    0.09189729909969452
-0.008018867924528272    0.09708124930532973
-0.007075471698113178    0.09307546960097264
-0.006132075471698084    0.09024786039791574
-0.00518867924528299    0.0970812493053183
-0.004245283018867896    0.09802378570635234
-0.0033018867924528017    0.09496054240301767
-0.0023584905660377076    0.09896632210737497
-0.0014150943396226134    0.09378237190173953
-0.0004716981132075193    0.10226519951095414
0.0004716981132075748    0.1006157608091527
0.0014150943396227245    0.10344337001222023
0.002358490566037763    0.09873068800713093
0.0033018867924528017    0.08765588529509323
0.004245283018867951    0.0935467378014839
0.005188679245283101    0.09378237190173953
0.00613207547169814    0.09613871290431843
0.007075471698113178    0.09613871290429579
0.008018867924528328    0.09943759030787458
0.008962264150943478    0.08906968989662699
0.009905660377358516    0.08930532399690363
0.010849056603773555    0.09896632210736332
0.011792452830188704    0.09260420140046138
0.012735849056603854    0.08883405579637137
0.013679245283018893    0.08812715349562522
0.014622641509433931    0.090954762698672
0.015566037735849081    0.09472490830276203
0.01650943396226423    0.09425364010225078
0.01745283018867927    0.08412137379127863
0.018396226415094308    0.10108702900966396
0.019339622641509457    0.09142603089918326
0.020283018867924607    0.08553517839279258
0.021226415094339646    0.09048349449818205
0.022169811320754684    0.09236856730020578
0.023113207547169834    0.08317883739023631
0.024056603773584984    0.09001222629764949
0.025000000000000022    0.08553517839281272
0.02594339622641506    0.09024786039790512
0.02688679245283021    0.09048349449816075
0.02783018867924536    0.09213293319995014
0.0287735849056604    0.09048349449818205
0.029716981132075437    0.08624208069355946
0.030660377358490587    0.09001222629764949
0.03160377358490574    0.08600644659330384
0.032547169811320775    0.08459264199179
0.033490566037735814    0.08435700789151446
0.034433962264150964    0.08412137379125882
0.03537735849056611    0.09543181060352893
0.03632075471698115    0.08529954429255704
0.03726415094339619    0.0787017894853794
0.03820754716981134    0.08152939868844693
0.03915094339622649    0.08105813048793567
0.04009433962264153    0.07752361898411951
0.04103773584905657    0.07658108258307876
0.04198113207547172    0.07893742358563502
0.042924528301886866    0.07987995998665753
0.043867924528301905    0.07752361898411951
0.04481132075471694    0.0812937645881913
0.04575471698113209    0.07045459597643246
0.04669811320754724    0.07304657107924435
0.04764150943396228    0.07964432588642066
0.04858490566037732    0.07540291208180062
0.04952830188679247    0.08317883739023631
0.05047169811320762    0.0787017894853794
0.05141509433962266    0.07870178948539792
0.052358490566037696    0.07092586417694371
0.053301886792452846    0.0787017894853794
0.054245283018867996    0.07823052128486815
0.055188679245283034    0.07186840057798315
0.05613207547169807    0.07705235078359002
0.05707547169811322    0.07186840057796622
0.05801886792452837    0.07210403467822185
0.05896226415094341    0.08105813048795475
0.05990566037735845    0.07587418028231188
0.0608490566037736    0.07563854618205625
0.06179245283018875    0.08176503278870256
0.06273584905660379    0.08105813048795475
0.06367924528301883    0.07987995998665753
0.06462264150943398    0.08247193508946943
0.06556603773584913    0.07964432588640191
0.06650943396226416    0.07705235078360816
0.0674528301886792    0.07752361898410128
0.06839622641509435    0.08011559408691317
0.0693396226415095    0.08200066688895818
0.07028301886792454    0.07328220517951724
0.07122641509433958    0.07422474158052249
0.07216981132075473    0.08176503278870256
0.07311320754716988    0.07516727798154499
0.07405660377358492    0.07752361898411951
0.07499999999999996    0.07752361898410128
0.0759433962264151    0.07846615538512378
0.07688679245283025    0.08152939868844693
0.0778301886792453    0.08105813048795475
0.07877358490566033    0.08200066688895818
0.07971698113207548    0.0838857396910032
0.08066037735849063    0.07964432588640191
0.08160377358490567    0.07446037568079564
0.08254716981132071    0.07987995998665753
0.08349056603773586    0.0838857396910032
0.08443396226415101    0.09001222629764949
0.08537735849056605    0.0789374235856536
0.08632075471698109    0.08859842169611575
0.08726415094339623    0.08105813048793567
0.08820754716981138    0.08789151939534885
0.08915094339622642    0.08365010559076726
0.09009433962264146    0.08789151939534885
0.09103773584905661    0.09519617650327329
0.09198113207547176    0.09307546960097264
0.0929245283018868    0.08365010559076726
0.09386792452830184    0.08459264199177008
0.09481132075471699    0.0777592530843569
0.09575471698113214    0.08459264199177008
0.09669811320754718    0.08742025119485818
0.09764150943396221    0.08412137379125882
0.09858490566037736    0.08082249638768005
0.09952830188679251    0.08930532399688261
0.10047169811320755    0.08412137379127863
0.10141509433962259    0.08459264199177008
0.10235849056603774    0.08789151939534885
0.10330188679245289    0.0787017894853794
0.10424528301886793    0.0909547626986934
0.10518867924528297    0.09213293319995014
0.10613207547169812    0.08906968989662699
0.10707547169811327    0.0970812493053183
0.1080188679245283    0.09236856730022751
0.10896226415094334    0.08977659219739387
0.1099056603773585    0.0935467378014839
0.11084905660377364    0.08600644659330384
0.11179245283018868    0.09566744470380706
0.11273584905660372    0.09024786039790512
0.11367924528301887    0.08812715349560449
0.11462264150943402    0.08435700789151446
0.11556603773584906    0.0963743470045741
0.1165094339622641    0.09496054240301767
0.11745283018867925    0.08459264199177008
0.1183962264150944    0.08529954429253696
0.11933962264150944    0.0911903967989491
0.12028301886792447    0.09236856730020578
0.12122641509433962    0.08812715349560449
0.12216981132075477    0.08883405579637137
0.12311320754716981    0.09166166499946046
0.12405660377358485    0.09566744470378455
0.125    0.090954762698672
0.12594339622641515    0.09189729909969452
0.1268867924528302    0.09755251750585253
0.12783018867924523    0.10202956541068647
0.12877358490566038    0.09048349449816075
0.12971698113207553    0.09849505390685206
0.13066037735849056    0.09825941980661956
0.1316037735849056    0.09496054240301767
0.13254716981132075    0.09119039679892764
0.1334905660377359    0.09637434700455141
0.13443396226415094    0.09590307880406275
0.13537735849056598    0.0864777147938151
0.13632075471698113    0.0970812493053183
0.13726415094339628    0.08671334889407072
0.13820754716981132    0.08812715349562522
0.13915094339622636    0.08482827609202571
0.1400943396226415    0.09260420140046138
0.14103773584905666    0.08930532399688261
0.1419811320754717    0.08247193508948886
0.14292452830188673    0.09071912859841638
0.14386792452830188    0.08883405579637137
0.14481132075471703    0.0857708124930482
0.14575471698113207    0.08223630098923317
0.1466981132075471    0.08671334889407072
0.14764150943396226    0.0864777147938151
0.1485849056603774    0.08765588529509323
0.14952830188679245    0.08529954429255704
0.15047169811320749    0.08247193508946943
0.15141509433962264    0.08529954429253696
0.15235849056603779    0.08270756918972506
0.15330188679245282    0.07728798488386383
0.15424528301886786    0.08176503278870256
0.155188679245283    0.09283983550071702
0.15613207547169816    0.07587418028231188
0.1570754716981132    0.0803512281871877
0.15801886792452824    0.0874202511948376
0.1589622641509434    0.08152939868844693
0.15990566037735854    0.07634544848282314
0.16084905660377358    0.07163276647772746
0.16179245283018862    0.0812937645881913
0.16273584905660377    0.07705235078359002
0.16367924528301891    0.08152939868844693
0.16462264150943395    0.07823052128488657
0.165566037735849    0.08270756918972506
0.16650943396226414    0.08529954429253696
0.1674528301886793    0.07917305768589065
0.16839622641509433    0.07069023007670473
0.16933962264150937    0.07587418028231188
0.17028301886792452    0.08176503278870256
0.17122641509433967    0.07634544848282314
0.1721698113207547    0.07799488718463088
0.17311320754716975    0.0761098143825675
0.1740566037735849    0.07987995998665753
0.17500000000000004    0.08152939868844693
0.17594339622641508    0.08152939868846612
0.17688679245283012    0.08694898299432635
0.17783018867924527    0.07940869178614628
0.17877358490566042    0.08506391019228134
0.17971698113207546    0.07987995998667634
0.1806603773584905    0.07964432588640191
0.18160377358490565    0.0761098143825675
0.1825471698113208    0.07893742358563502
0.18349056603773584    0.08105813048795475
0.18443396226415087    0.08694898299432635
0.18537735849056602    0.08624208069355946
0.18632075471698117    0.08482827609202571
0.1872641509433962    0.08365010559076726
0.18820754716981125    0.09071912859841638
0.1891509433962264    0.07752361898410128
0.19009433962264155    0.08883405579637137
0.1910377358490566    0.0900122262976707
0.19198113207547163    0.08482827609202571
0.19292452830188678    0.09401800600199516
0.19386792452830193    0.08365010559074756
0.19481132075471697    0.08482827609204567
0.195754716981132    0.09119039679892764
0.19669811320754715    0.08883405579637137
0.1976415094339623    0.07658108258307876
0.19858490566037734    0.08742025119485818
0.19952830188679238    0.0822363009892138
0.20047169811320753    0.08529954429253696
0.20141509433962268    0.09590307880404017
0.20235849056603772    0.08671334889409113
0.20330188679245276    0.08105813048793567
0.2042452830188679    0.08883405579637137
0.20518867924528306    0.08435700789151446
0.2061320754716981    0.08859842169613659
0.20707547169811313    0.08412137379125882
0.20801886792452828    0.08341447149049194
0.20896226415094343    0.0857708124930482
0.20990566037735858    0.08836278759586011
0.21084905660377362    0.09425364010227297
0.21179245283018866    0.08836278759586011
0.2127358490566038    0.08200066688895818
0.21367924528301896    0.08859842169611575
0.214622641509434    0.08459264199179
0.21556603773584904    0.08977659219739387
0.2165094339622642    0.09331110370122828
0.21745283018867934    0.08883405579637137
0.21839622641509437    0.089776592197415
0.2193396226415094    0.09213293319995014
0.22028301886792456    0.09472490830276203
0.2212264150943397    0.09472490830276203
0.22216981132075475    0.09519617650329569
0.2231132075471698    0.09260420140046138
0.22405660377358494    0.08600644659330384
0.2250000000000001    0.08954095809713825
0.22594339622641513    0.09307546960099455
0.22688679245283017    0.08930532399688261
0.22783018867924532    0.09896632210736332
0.22877358490566047    0.08859842169611575
0.2297169811320755    0.10155829721019911
0.23066037735849054    0.09307546960097264
0.2316037735849057    0.09566744470378455
0.23254716981132084    0.09448927420250641
0.23349056603773588    0.0966099811048298
0.23443396226415092    0.0857708124930482
0.23537735849056607    0.09048349449816075
0.23632075471698122    0.09448927420250641
0.23726415094339626    0.09024786039792637
0.2382075471698113    0.09378237190173953
0.23915094339622645    0.09283983550071702
0.2400943396226416    0.10014449260864146
0.24103773584905663    0.10038012670892071
0.24198113207547167    0.09519617650327329
0.24292452830188682    0.10344337001222023
0.24386792452830197    0.08789151939534885
0.244811320754717    0.08836278759588091
0.24575471698113205    0.1006157608091527
0.2466981132075472    0.09943759030787458
0.24764150943396235    0.09236856730020578
0.2485849056603774    0.09401800600201728
0.24952830188679243    0.09778815160608519
0.2504716981132076    0.1083916861175884
0.2514150943396227    0.09613871290429579
0.25235849056603776    0.09731688340559684
0.2533018867924528    0.10155829721017522
0.25424528301886795    0.10273646771145335
0.2551886792452831    0.10391463821273149
0.25613207547169814    0.10839168611761392
0.2570754716981132    0.09236856730020578
0.25801886792452833    0.09378237190173953
0.2589622641509435    0.10014449260864146
0.2599056603773585    0.10556407691454572
0.26084905660377355    0.10650661331554338
0.2617924528301887    0.10744914971656588
0.26273584905660385    0.1032077359119646
0.2636792452830189    0.10744914971659118
0.26462264150943393    0.11074802712014467
0.2655660377358491    0.10768478381682152
0.26650943396226423    0.12135156163164788
0.26745283018867927    0.10155829721019911
0.2683962264150943    0.11357563632321219
0.26933962264150946    0.10721351561631026
0.2702830188679246    0.11711014782704661
0.27122641509433965    0.11569634322554007
0.2721698113207547    0.10933422251861091
0.27311320754716983    0.10862732021784403
0.274056603773585    0.12111592753139226
0.275    0.1112192953206821
0.27594339622641506    0.10509280871400963
0.2768867924528302    0.11593197732576846
0.27783018867924536    0.10862732021784403
0.2787735849056604    0.11004112481940369
0.27971698113207544    0.11687451372679096
0.2806603773584906    0.11121929532065593
0.28160377358490574    0.12512170723573793
0.2825471698113208    0.12300100033346623
0.2834905660377358    0.11546070912525722
0.28443396226415096    0.11993775703011411
0.2853773584905661    0.11687451372679096
0.28632075471698115    0.11051239301991506
0.2872641509433962    0.11923085472934725
0.28820754716981134    0.11758141602755787
0.2891509433962265    0.11663887962653535
0.29009433962264153    0.1140469045237503
0.29103773584905657    0.11852395242858037
0.2919811320754717    0.11169056352116717
0.29292452830188687    0.120644659330881
0.2938679245283019    0.11758141602758553
0.29481132075471694    0.11498944092474596
0.2957547169811321    0.11993775703011411
0.29669811320754724    0.11404690452372344
0.2976415094339623    0.13101255974215942
0.2985849056603773    0.1161676114260241
0.29952830188679247    0.11051239301988904
0.3004716981132076    0.12535734133599355
0.30141509433962266    0.11781705012784122
0.3023584905660377    0.10980549071912217
0.30330188679245285    0.13124819384238423
0.304245283018868    0.11923085472934725
0.30518867924528303    0.11498944092477302
0.3061320754716981    0.12394353673445978
0.3070754716981132    0.1145181727242347
0.3080188679245284    0.12088029343113663
0.3089622641509434    0.12040902523065371
0.30990566037735845    0.120644659330881
0.3108490566037736    0.122529732132926
0.31179245283018875    0.1145181727242347
0.3127358490566038    0.1138112704234946
0.3136792452830188    0.12606424363676041
0.314622641509434    0.12653551183727166
0.3155660377358491    0.12205846393241478
0.31650943396226416    0.1206446593309094
0.3174528301886792    0.11263309992218969
0.31839622641509435    0.12465043903522667
0.3193396226415095    0.122529732132926
0.32028301886792454    0.11993775703014235
0.3212264150943396    0.11522507502500158
0.32216981132075473    0.12959875514059482
0.3231132075471699    0.12111592753139226
0.3240566037735849    0.11687451372681847
0.32499999999999996    0.1267711459375273
0.3259433962264151    0.10815605201733278
0.32688679245283025    0.1145181727242347
0.3278301886792453    0.11781705012784122
0.32877358490566033    0.1161676114260241
0.3297169811320755    0.12276536623318164
0.33066037735849063    0.11875958652883599
0.33160377358490567    0.1086273202178696
0.3325471698113207    0.12394353673445978
0.33349056603773586    0.13054129154161734
0.334433962264151    0.11734578192730222
0.33537735849056605    0.1112192953206821
0.3363207547169811    0.11475380682449032
0.33726415094339623    0.11498944092474596
0.3382075471698114    0.11239746582193406
0.3391509433962264    0.1272424141380685
0.34009433962264146    0.11805268422806911
0.3410377358490566    0.10909858841835528
0.34198113207547176    0.12535734133599355
0.3429245283018868    0.1220584639324435
0.34386792452830184    0.10862732021784403
0.344811320754717    0.106742247415799
0.34575471698113214    0.11145492942091155
0.3466981132075472    0.11145492942093778
0.3476415094339622    0.11357563632321219
0.34858490566037736    0.11357563632321219
0.3495283018867925    0.10556407691452088
0.35047169811320755    0.11192619762144915
0.3514150943396226    0.10485717461375399
0.35235849056603774    0.11357563632321219
0.3533018867924529    0.10768478381682152
0.35424528301886793    0.11239746582196052
0.35518867924528297    0.11428253862397907
0.3561320754716981    0.11404690452372344
0.35707547169811327    0.106742247415799
0.3580188679245283    0.11286873402247188
0.35896226415094334    0.1145181727242347
0.3599056603773585    0.12088029343113663
0.36084905660377364    0.11593197732576846
0.3617924528301887    0.11993775703014235
0.3627358490566037    0.11475380682449032
0.36367924528301887    0.11522507502500158
0.364622641509434    0.11875958652883599
0.36556603773584906    0.11805268422809688
0.3665094339622641    0.11828831832832473
0.36745283018867925    0.11169056352116717
0.3683962264150944    0.12158719573190352
0.36933962264150944    0.11805268422809688
0.3702830188679245    0.11593197732576846
0.3712264150943396    0.12040902523062537
0.3721698113207548    0.1161676114260241
0.3731132075471698    0.11781705012784122
0.37405660377358485    0.11098366122040029
0.375    0.12205846393241478
0.37594339622641515    0.120644659330881
0.3768867924528302    0.12370790263423327
0.3778301886792452    0.12300100033343726
0.3787735849056604    0.13690341224851926
0.3797169811320755    0.11993775703011411
0.38066037735849056    0.1166388796265628
0.3816037735849056    0.122529732132926
0.38254716981132075    0.1258286095365048
0.3834905660377359    0.12158719573190352
0.38443396226415094    0.12771368233857985
0.385377358490566    0.12889185283982793
0.38632075471698113    0.13384016894519613
0.3872641509433963    0.13124819384238423
0.3882075471698113    0.12889185283985827
0.38915094339622636    0.1387884850505643
0.3900943396226415    0.12606424363676041
0.39103773584905666    0.13077692564187296
0.3919811320754717    0.13219073024343783
0.39292452830188673    0.134547071245963
0.3938679245283019    0.13266199844391796
0.39481132075471703    0.1458575080582331
0.39575471698113207    0.13195509614318215
0.3966981132075471    0.12818495053906107
0.39764150943396226    0.14538623985772184
0.3985849056603774    0.14467933755695495
0.39952830188679245    0.1380815827498299
0.4004716981132075    0.14208736245414305
0.40141509433962264    0.14821384906078935
0.4023584905660378    0.15434033566743566
0.4033018867924528    0.14844948316107992
0.40424528301886786    0.15009892186283438
0.405188679245283    0.14397243525618808
0.40613207547169816    0.1449149716572106
0.4070754716981132    0.14020228965213105
0.40801886792452824    0.1449149716572106
0.4089622641509434    0.14680004445925557
0.40990566037735854    0.15009892186283438
0.4108490566037736    0.14420806935647765
0.4117924528301886    0.14562187395797746
0.41273584905660377    0.1416160942536318
0.4136792452830189    0.1574035789707588
0.41462264150943395    0.15716794487054017
0.415566037735849    0.15716794487050317
0.41650943396226414    0.14397243525618808
0.4174528301886793    0.1425586306546543
0.41839622641509433    0.14090919195289808
0.41933962264150937    0.1529265310659019
0.4202830188679245    0.15881738357229255
0.42122641509433967    0.1590530176725482
0.4221698113207547    0.14585750805826742
0.42311320754716975    0.14821384906078935
0.4240566037735849    0.1583461153717813
0.42500000000000004    0.16329443147714948
0.4259433962264151    0.14915638546184698
0.4268867924528301    0.1486851172613006
0.42783018867924527    0.16070245637433758
0.4287735849056604    0.1529265310659019
0.42971698113207546    0.1569323107702845
0.4306603773584905    0.16541513837945013
0.43160377358490565    0.16871401578302891
0.4325471698113208    0.15975991997331507
0.43349056603773584    0.16258752917642086
0.4344339622641509    0.15999555407357072
0.435377358490566    0.14986328776257876
0.4363207547169812    0.15528287206845814
0.4372641509433962    0.15999555407360838
0.43820754716981125    0.15080582416360125
0.4391509433962264    0.16023118817382634
0.44009433962264155    0.1493920195620675
0.4410377358490566    0.1687140157830686
0.4419811320754716    0.15952428587305945
0.4429245283018868    0.15598977436922506
0.4438679245283019    0.16706457708123953
0.44481132075471697    0.1701278203846027
0.445754716981132    0.17059908858507392
0.44669811320754715    0.15316216516615752
0.4476415094339623    0.15999555407357072
0.44858490566037745    0.16140935867510445
0.4495283018867925    0.16918528398358
0.45047169811320753    0.15975991997331507
0.4514150943396227    0.1529265310659019
0.45235849056603783    0.15952428587305945
0.45330188679245287    0.15881738357232997
0.4542452830188679    0.15434033566743566
0.45518867924528306    0.16400133377791637
0.4561320754716982    0.16376569967766072
0.45707547169811324    0.16847838168281293
0.4580188679245283    0.15009892186283438
0.45896226415094343    0.15528287206845814
0.4599056603773586    0.16588640657996137
0.4608490566037736    0.16494387017897771
0.46179245283018866    0.15080582416360125
0.4627358490566038    0.15174836056462376
0.46367924528301896    0.17672557519172022
0.464622641509434    0.1555185061687504
0.46556603773584904    0.15928865177280382
0.4665094339622642    0.15787484717127004
0.46745283018867934    0.16706457708123953
0.4683962264150944    0.16046682227411974
0.4693396226415094    0.1644726019784276
0.47028301886792456    0.16730021118149513
0.4712264150943397    0.164236967878172
0.47216981132075475    0.16682894298102313
0.4731132075471698    0.1651795042791945
0.47405660377358494    0.17413360008890832
0.4750000000000001    0.15787484717127004
0.4759433962264151    0.16800711348230155
0.47688679245283017    0.16612204068021702
0.4778301886792453    0.1703634544848183
0.47877358490566047    0.17460486828941957
0.4797169811320755    0.16565077247974472
0.48066037735849054    0.16305879737689385
0.4816037735849057    0.17342669778814143
0.48254716981132084    0.16235189507612696
0.4834905660377359    0.18049572079585274
0.4844339622641509    0.17248416138711892
0.48537735849056607    0.16706457708123953
0.4863207547169812    0.17766811159274273
0.48726415094339626    0.16447260197846633
0.4882075471698113    0.16541513837945013
0.48915094339622645    0.17813937979325398
0.4900943396226416    0.1729554295876302
0.49103773584905663    0.17083472268536976
0.49198113207547167    0.18026008669555463
0.4929245283018868    0.17012782038456267
0.49386792452830197    0.1715416249860964
0.494811320754717    0.17766811159278453
0.49575471698113205    0.17531177059018646
0.4966981132075472    0.17177725908635205
0.49764150943396235    0.17177725908635205
0.4985849056603774    0.1901567189063357
0.4995283018867924    0.18426586639990028
0.5004716981132076    0.1771968433922315
0.5014150943396227    0.19628320551293724
0.5023584905660378    0.17672557519176182
0.5033018867924528    0.1790819161942765
0.504245283018868    0.18049572079581025
0.5051886792452831    0.18544403690117842
0.5061320754716981    0.19345559630991527
0.5070754716981132    0.18426586639990028
0.5080188679245283    0.17531177059018646
0.5089622641509435    0.18426586639990028
0.5099056603773585    0.18379459819943228
0.5108490566037736    0.19557630321217037
0.5117924528301887    0.18261642769811087
0.5127358490566039    0.18167389129708836
0.5136792452830189    0.19109925530735844
0.5146226415094339    0.19510503501165913
0.5155660377358491    0.1993464488162604
0.5165094339622642    0.19251305990884723
0.5174528301886793    0.18709347560301184
0.5183962264150943    0.19628320551293724
0.5193396226415095    0.1941624986106366
0.5202830188679246    0.18591530510168966
0.5212264150943396    0.19345559630991527
0.5221698113207547    0.20240969211958357
0.5231132075471698    0.21277759253083114
0.524056603773585    0.19604757141268164
0.525    0.19769701011451754
0.5259433962264151    0.18897854840501283
0.5268867924528302    0.18897854840501283
0.5278301886792454    0.1835589640991334
0.5287735849056604    0.20453039902193235
0.5297169811320754    0.2028809603200948
0.5306603773584906    0.193926864510381
0.5316037735849057    0.19958208291651602
0.5325471698113208    0.19934644881630734
0.5334905660377358    0.19816827831498227
0.534433962264151    0.19651883961319289
0.5353773584905661    0.21584083583415428
0.5363207547169812    0.21112815382909145
0.5372641509433962    0.2012315216183054
0.5382075471698113    0.20146715571856105
0.5391509433962265    0.19722574191395975
0.5400943396226415    0.2019384239191198
0.5410377358490566    0.2028809603200948
0.5419811320754717    0.20240969211958357
0.5429245283018869    0.2087718128264855
0.5438679245283019    0.2050016672224437
0.5448113207547169    0.20594420362341798
0.5457547169811321    0.21536956763364304
0.5466981132075472    0.20405913082137295
0.5476415094339623    0.22338112704238694
0.5485849056603773    0.2047660331221398
0.5495283018867925    0.21654773813492115
0.5504716981132076    0.22126042014003372
0.5514150943396227    0.20735800822500053
0.5523584905660377    0.211599422029553
0.5533018867924528    0.21372012893185366
0.554245283018868    0.22008224963875556
0.555188679245283    0.21089251972883574
0.5561320754716981    0.22785817494719127
0.5570754716981132    0.21607646993440993
0.5580188679245284    0.2113637879292974
0.5589622641509434    0.2172546404357392
0.5599056603773584    0.22173168834054496
0.5608490566037736    0.20052461931753854
0.5617924528301887    0.19463376681114786
0.5627358490566038    0.22361676114264262
0.5636792452830188    0.2403467822607395
0.564622641509434    0.2167833722351768
0.5655660377358491    0.21301322663108677
0.5665094339622642    0.20028898521733005
0.5674528301886792    0.22008224963875556
0.5683962264150944    0.20853617872622987
0.5693396226415095    0.22055351783926683
0.5702830188679245    0.21301322663113692
0.5712264150943396    0.22196732244080059
0.5721698113207547    0.2297432477492363
0.5731132075471699    0.21607646993440993
0.5740566037735849    0.22644437034571083
0.575    0.23045015005000316
0.5759433962264151    0.22503056574412372
0.5768867924528303    0.22055351783926683
0.5778301886792453    0.2158408358342051
0.5787735849056603    0.21749027453594366
0.5797169811320755    0.23045015005000316
0.5806603773584906    0.22243859064131186
0.5816037735849057    0.22738690674673354
0.5825471698113207    0.22196732244080059
0.5834905660377359    0.21961098143824434
0.584433962264151    0.22856507724795813
0.585377358490566    0.2316283205513358
0.5863207547169811    0.2106568856285305
0.5872641509433962    0.23916861175946136
0.5882075471698114    0.22597310214514624
0.5891509433962264    0.22974324774929036
0.5900943396226415    0.23068578415025878
0.5910377358490566    0.23304212515281506
0.5919811320754718    0.21395576303210928
0.5929245283018868    0.23092141825056878
0.5938679245283018    0.23987551406022822
0.594811320754717    0.23186395465153692
0.5957547169811321    0.21701900633543242
0.5966981132075472    0.2280938090475006
0.5976415094339622    0.24364565966431828
0.5985849056603774    0.23398466155383757
0.5995283018867925    0.23963987995997263
0.6004716981132076    0.24505946426590972
0.6014150943396226    0.23469156385460443
0.6023584905660377    0.24576636656661893
0.6033018867924529    0.2316283205512813
0.6042452830188679    0.22974324774929036
0.605188679245283    0.2438812937645739
0.6061320754716981    0.23563410025562695
0.6070754716981133    0.2410536845615064
0.6080188679245283    0.24765143936872225
0.6089622641509433    0.25542736467709964
0.6099056603773585    0.23304212515281506
0.6108490566037736    0.245059464265852
0.6117924528301887    0.23021451594980172
0.6127358490566037    0.24670890296764145
0.6136792452830189    0.24882960986994207
0.614622641509434    0.23492719795486008
0.6155660377358491    0.239639879960029
0.6165094339622641    0.25825497388016716
0.6174528301886792    0.24341002556406263
0.6183962264150944    0.24600200066687453
0.6193396226415094    0.2424674891630972
0.6202830188679245    0.2377548071579276
0.6212264150943396    0.24176058686227325
0.6221698113207548    0.25754807157940024
0.6231132075471698    0.2518928531733245
0.6240566037735849    0.25943314438144527
0.625    0.2368122707569051
0.6259433962264151    0.27309992219627166
0.6268867924528302    0.24623763476718813
0.6278301886792452    0.257076803378889
0.6287735849056604    0.24812270756917518
0.6297169811320755    0.23822607535843884
0.6306603773584906    0.2570768033789495
0.6316037735849056    0.27145048349448225
0.6325471698113208    0.27239301989550474
0.6334905660377359    0.2674447037901366
0.6344339622641509    0.2650883627876427
0.635377358490566    0.2641458263865578
0.6363207547169811    0.26720906968988095
0.6372641509433963    0.2653239968878359
0.6382075471698113    0.2771057019006825
0.6391509433962264    0.2787551406024067
0.6400943396226415    0.2815827498054742
0.6410377358490567    0.2903012115149324
0.6419811320754717    0.2756918972991484
0.6429245283018867    0.2827609203067524
0.6438679245283019    0.269094142491926
0.644811320754717    0.26461709458706906
0.6457547169811321    0.2870023341114212
0.6466981132075471    0.286766700011098
0.6476415094339623    0.29006557741467676
0.6485849056603774    0.2973702345226012
0.6495283018867924    0.2933644548183246
0.6504716981132075    0.2907724797154437
0.6514150943396226    0.2881805046126318
0.6523584905660378    0.3018472824274581
0.6533018867924528    0.2973702345226712
0.6542452830188679    0.2992553073246462
0.655188679245283    0.30019784372566877
0.6561320754716982    0.3060886962320594
0.6570754716981132    0.3126864510392906
0.6580188679245282    0.3077381349338488
0.6589622641509434    0.3129220851394726
0.6599056603773585    0.31692786484381824
0.6608490566037736    0.3324797154607679
0.6617924528301886    0.3124508169389613
0.6627358490566038    0.33672112926529096
0.6636792452830189    0.3364854951650353
0.664622641509434    0.34402578637329634
0.665566037735849    0.3364854951650353
0.6665094339622641    0.3400200066688697
0.6674528301886793    0.3539224185839517
0.6683962264150943    0.34143381127048383
0.6693396226415094    0.3470890296765385
0.6702830188679245    0.3609914415916205
0.6712264150943397    0.34661776147602724
0.6721698113207547    0.35510058908531345
0.6731132075471697    0.35957763699008677
0.6740566037735849    0.35345115038344044
0.675    0.3715949761031237
0.6759433962264151    0.3633477825942623
0.6768867924528301    0.3694742692008231
0.6778301886792453    0.361933977992643
0.6787735849056604    0.3798421696120707
0.6797169811320755    0.3765432922085805
0.6806603773584905    0.37277314660440186
0.6816037735849056    0.389738801822807
0.6825471698113208    0.3756007558074694
0.6834905660377358    0.3883249972213646
0.6844339622641509    0.4001067022340546
0.685377358490566    0.39562965432919767
0.6863207547169812    0.39021007002331826
0.6872641509433962    0.4010492386351715
0.6882075471698113    0.4078826275424903
0.6891509433962264    0.3923307769256189
0.6900943396226416    0.405526286539934
0.6910377358490567    0.4137734800488809
0.6919811320754717    0.4074113593420749
0.6929245283018868    0.42202067355782785
0.6938679245283019    0.41848616205399347
0.6948113207547171    0.41141713904632465
0.6957547169811321    0.4274402578638079
0.6966981132075472    0.43945759697674425
0.6976415094339623    0.42202067355782785
0.6985849056603775    0.4203712348560385
0.6995283018867925    0.4338023785707113
0.7004716981132075    0.4406357674780224
0.7014150943396227    0.4818717350227571
0.7023584905660378    0.45453817939310437
0.7033018867924529    0.43121040346789885
0.7042452830188679    0.44817605868620247
0.7051886792452831    0.452888740691315
0.7061320754716982    0.45430254529284875
0.7070754716981132    0.4474691563855409
0.7080188679245283    0.45171057019003685
0.7089622641509434    0.4766877848171333
0.7099056603773586    0.4778659553184114
0.7108490566037736    0.459250861398325
0.7117924528301887    0.46914749360895325
0.7127358490566038    0.4759808825163664
0.713679245283019    0.4752739802155996
0.714622641509434    0.46961876180957507
0.715566037735849    0.4839924419250578
0.7165094339622642    0.5009580971434628
0.7174528301886793    0.4842280760253134
0.7183962264150944    0.5115616316550865
0.7193396226415094    0.4917683672334935
0.7202830188679246    0.5146248749582893
0.7212264150943397    0.5245215071690256
0.7221698113207548    0.5127398021563649
0.7231132075471698    0.5188662887628905
0.7240566037735849    0.5233433366677475
0.7250000000000001    0.5440791374902426
0.7259433962264151    0.4960097810382115
0.7268867924528302    0.5193375569634018
0.7278301886792453    0.5193375569634018
0.7287735849056605    0.5099121929531767
0.7297169811320755    0.5502056240970183
0.7306603773584905    0.5391308213848746
0.7316037735849057    0.5360675780815513
0.7325471698113208    0.5848438368344662
0.7334905660377359    0.5433722351896036
0.7344339622641509    0.5339468711792508
0.7353773584905661    0.5732977659219404
0.7363207547169812    0.5667000111147829
0.7372641509433963    0.5473780148939503
0.7382075471698113    0.5591597199066027
0.7391509433962264    0.5770679115260304
0.7400943396226416    0.5780104479270529
0.7410377358490566    0.5676425475159389
0.7419811320754717    0.5848438368344662
0.7429245283018868    0.5636367678114597
0.743867924528302    0.5725908636211735
0.744811320754717    0.5985106146494333
0.745754716981132    0.5961542736467361
0.7466981132075472    0.6015738579526155
0.7476415094339623    0.603223296654405
0.7485849056603774    0.6138268311660526
0.7495283018867924    0.6029876625541495
0.7504716981132076    0.5973324441480143
0.7514150943396227    0.6265510725797121
0.7523584905660378    0.6390396798934107
0.7533018867924528    0.624665999777667
0.754245283018868    0.6461087029009291
0.7551886792452831    0.6345626319884035
0.7561320754716981    0.6428098254975017
0.7570754716981132    0.6529420918083423
0.7580188679245283    0.6564766033121767
0.7589622641509435    0.6536489941091091
0.7599056603773585    0.6541202623097744
0.7608490566037736    0.6951205957540995
0.7617924528301887    0.6597754807157554
0.7627358490566039    0.6899366455484757
0.7636792452830189    0.6892297432478711
0.7646226415094339    0.6958274980548664
0.7655660377358491    0.7233966877847747
0.7665094339622642    0.7052528620650915
0.7674528301886793    0.7057241302657689
0.7683962264150943    0.7231610536845191
0.7693396226415095    0.7021896187617683
0.7702830188679246    0.7257530287873311
0.7712264150943396    0.7090230076693484
0.7721698113207547    0.7365921973990899
0.7731132075471698    0.7408336112036911
0.774056603773585    0.7615694120261863
0.775    0.7335289540959393
0.7759433962264151    0.7632188507279757
0.7768867924528302    0.7521440480159612
0.7778301886792454    0.7825408469489371
0.7787735849056604    0.758977436923553
0.7797169811320754    0.7825408469489371
0.7806603773584906    0.7950294542624854
0.7816037735849057    0.802805379570921
0.7825471698113208    0.7695809714350588
0.7834905660377358    0.8039835500721992
0.784433962264151    0.8032766477714323
0.7853773584905661    0.8244837167944387
0.7863207547169812    0.8129376458821044
0.7872641509433962    0.8395642992107989
0.7882075471698113    0.8334378126041525
0.7891509433962265    0.7955007224629966
0.7900943396226415    0.8317883739025589
0.7910377358490566    0.8541736134266477
0.7919811320754717    0.8348516172056862
0.7929245283018869    0.8600644659330384
0.7938679245283019    0.843570078915343
0.7948113207547169    0.8581793931309933
0.7957547169811321    0.8334378126041525
0.7966981132075472    0.8520529065243471
0.7976415094339623    0.852524174725059
0.7985849056603773    0.8362654218072201
0.7995283018867925    0.8473402245192345
0.8004716981132076    0.8685472935422409
0.8014150943396227    0.8591219295322181
0.8023584905660377    0.8711392686450529
0.8033018867924528    0.8895187284649917
0.804245283018868    0.8833922418583455
0.805188679245283    0.8607713682340079
0.8061320754716981    0.8749094142491429
0.8070754716981132    0.8845704123596236
0.8080188679245284    0.886219851061413
0.8089622641509434    0.8859842169613659
0.8099056603773584    0.9116683338890207
0.8108490566037736    0.9291052573079371
0.8117924528301887    0.9394731577191847
0.8127358490566038    0.9380593531178717
0.8136792452830188    0.927220184505892
0.814622641509434    0.926042014004614
0.8155660377358491    0.9618583972434693
0.8165094339622642    0.9946115371792354
0.8174528301886792    0.9703412248526717
0.8183962264150944    0.9887206846726107
0.8193396226415095    0.9781171501611075
0.8202830188679245    1.0332555296211674
0.8212264150943396    0.9997954873846252
0.8221698113207547    1.0323129932199018
0.8231132075471699    1.003094364788204
0.8240566037735849    1.0589396465490368
0.825    1.0726064243636138
0.8259433962264151    1.079439813271027
0.8268867924528303    1.0653017672556895
0.8278301886792453    1.0794398132712812
0.8287735849056603    1.0799110814715382
0.8297169811320755    1.1390552406357006
0.8306603773584906    1.1322218517282874
0.8316037735849057    1.12915860842523
0.8325471698113207    1.1529576525507828
0.8334905660377359    1.128216072023942
0.834433962264151    1.1765210625763454
0.835377358490566    1.1680382349674177
0.8363207547169811    1.2012626431031863
0.8372641509433962    1.197021229298585
0.8382075471698114    1.2038546182059982
0.8391509433962264    1.2314238079361963
0.8400943396226415    1.2344870512392296
0.8410377358490566    1.2509814382571236
0.8419811320754718    1.2432055129486879
0.8429245283018868    1.2406135378461678
0.8438679245283018    1.2479181949538005
0.844811320754717    1.2983438924085045
0.8457547169811321    1.2964588196064595
0.8466981132075472    1.3263843503392363
0.8476415094339622    1.3115394020228197
0.8485849056603774    1.3129532066243534
0.8495283018867925    1.361729465377268
0.8504716981132076    1.3358097143494636
0.8514150943396226    1.332746471045826
0.8523584905660377    1.3497121262642313
0.8533018867924529    1.4100344559296718
0.8542452830188679    1.3753962431924183
0.855188679245283    1.4024941647214917
0.8561320754716981    1.450799155273895
0.8570754716981133    1.4437301322662264
0.8580188679245283    1.4484428142716799
0.8589622641509433    1.4498566188728725
0.8599056603773585    1.4406668889629033
0.8608490566037736    1.465408469489744
0.8617924528301887    1.485437368011822
0.8627358490566037    1.4687073468933227
0.8636792452830189    1.4849660998109613
0.864622641509434    1.527851506057485
0.8655660377358491    1.5087651439371346
0.8665094339622641    1.544345893075379
0.8674528301886792    1.5672024008001748
0.8683962264150944    1.5705012782037535
0.8693396226415094    1.581104812715629
0.8702830188679245    1.6110303434477216
0.8712264150943396    1.6074958319438872
0.8721698113207548    1.628467266866638
0.8731132075471698    1.608438368345288
0.8740566037735849    1.663812381904982
0.875    1.6819562076246652
0.8759433962264151    1.6704101367121396
0.8768867924528302    1.6949160831391237
0.8778301886792452    1.701749472046138
0.8787735849056604    1.7198932977658212
0.8797169811320755    1.7196576636655656
0.8806603773584906    1.770318995220942
0.8816037735849056    1.764192508613879
0.8825471698113208    1.7985950872512007
0.8834905660377359    1.7627787040123453
0.8844339622641509    1.837945981994323
0.885377358490566    1.81532510836935
0.8863207547169811    1.8259286428808532
0.8872641509433963    1.852084028009228
0.8882075471698113    1.8226297654777035
0.8891509433962264    1.8867222407468052
0.8900943396226415    1.8711703901299337
0.8910377358490567    1.9116994553739013
0.8919811320754717    1.925366233189181
0.8929245283018867    1.9395042792040653
0.8938679245283019    1.9314927197953744
0.894811320754717    1.9548204957206812
0.8957547169811321    1.9882805379574484
0.8966981132075471    1.9642458597309063
0.8976415094339623    1.9812115149493117
0.8985849056603774    2.071695009447472
0.8995283018867924    2.0085450705794368
0.9004716981132075    2.0721662776479834
0.9014150943396226    2.061091474935969
0.9023584905660378    2.124005779704221
0.9033018867924528    2.0839479826612557
0.9042452830188679    2.1746671112591813
0.905188679245283    2.196109814382443
0.9061320754716982    2.1862131821717066
0.9070754716981132    2.211661664999835
0.9080188679245282    2.258081582749673
0.9089622641509434    2.3014382571967085
0.9099056603773585    2.337254640435564
0.9108490566037736    2.3320706902304886
0.9117924528301886    2.3532777592529466
0.9127358490566038    2.355634100255503
0.9136792452830189    2.3544559297542245
0.914622641509434    2.3532777592535004
0.915566037735849    2.4338646215403705
0.9165094339622641    2.3817894853838775
0.9174528301886793    2.4628476158718127
0.9183962264150943    2.4475313993557735
0.9193396226415094    2.5229343114369978
0.9202830188679245    2.4915949761029994
0.9212264150943397    2.5401356007556584
0.9221698113207547    2.6075269534293817
0.9231132075471697    2.5636990107812214
0.9240566037735849    2.624963876847684
0.925    2.632032899855353
0.9259433962264151    2.6216649994447225
0.9268867924528301    2.63650994776021
0.9278301886792453    2.677510281204689
0.9287735849056604    2.663136601089096
0.9297169811320755    2.6584239190846093
0.9306603773584905    2.70602200733562
0.9316037735849056    2.7006024230297405
0.9325471698113208    2.711441591641499
0.933490566037736    2.7274647104588823
0.934433962264151    2.72605090585799
0.935377358490566    2.797448038234803
0.9363207547169812    2.7771835056128196
0.9372641509433963    2.780482383016398
0.9382075471698114    2.794384794932138
0.9391509433962264    2.8622474158051006
0.9400943396226416    2.8459886628874624
0.9410377358490567    2.8973568967431893
0.9419811320754717    2.931523841280945
0.9429245283018868    2.979357563632147
0.9438679245283019    2.990903634544673
0.9448113207547171    3.0672490830274963
0.9457547169811321    3.104950539069127
0.9466981132075472    3.184123596754287
0.9476415094339623    3.184123596754287
0.9485849056603775    3.2135778592862403
0.9495283018867925    3.3019406468828776
0.9504716981132075    3.3323374458150763
0.9514150943396227    3.4162231855060794
0.9523584905660378    3.407975991997133
0.9533018867924529    3.402556407692054
0.9542452830188679    3.456516616649792
0.9551886792452831    3.4063265532953433
0.9561320754716982    3.389596532177194
0.9570754716981132    3.4202289652112303
0.9580188679245283    3.3000555740800555
0.9589622641509434    3.3057107924861904
0.9599056603773586    3.1770545737466183
0.9608490566037736    3.113904634878843
0.9617924528301887    2.9539090808045394
0.9627358490566038    2.7599822162941585
0.963679245283019    2.6350961431586764
0.964622641509434    2.445410692453472
0.965566037735849    2.2034144714903676
0.9665094339622642    1.9748493942424092
0.9674528301886793    1.7601867289095334
0.9683962264150944    1.5832255196179301
0.9693396226415094    1.3376947871511942
0.9702830188679246    1.1317505835277764
0.9712264150943397    0.9324041347115158
0.9721698113207548    0.746488829610002
0.9731132075471698    0.6640168945203567
0.9740566037735849    0.5405446259864083
0.9750000000000001    0.4634922752028182
0.9759433962264151    0.3942158497277567
0.9768867924528302    0.33672112926529096
0.9778301886792453    0.25377792597531024
0.9787735849056605    0.24600200066687453
0.9797169811320755    0.2064154718239778
0.9806603773584905    0.18638657330220093
0.9816037735849057    0.15669667666999193
0.9825471698113208    0.13384016894519613
0.9834905660377359    0.12182282983218781
0.9844339622641509    0.09448927420250641
0.9853773584905661    0.07563854618205625
0.9863207547169812    0.0541958430587942
0.9872641509433963    0.043356674447045565
0.9882075471698113    0.03039679893297588
0.9891509433962264    0.024034678226073948
0.9900943396226416    0.010603534511503214
0.9910377358490566    0.0058908525063920605
0.9919811320754717    0.0021207069023006426
0.9929245283018868    0.0004712682005112539
0.993867924528302    0.0007069023007668808
0.994811320754717    0.0
0.995754716981132    0.0
0.9966981132075472    0.0
0.9976415094339623    0.0
0.9985849056603774    0.0
0.9995283018867924    0.0