-0.9995283018867924    0.0
-0.9985849056603773    0.0
-0.9976415094339622    0.0
-0.9966981132075472    0.0
-0.995754716981132    0.004241413804601285
-0.9948113207547169    0.07728798488385474
-0.9938679245283019    0.5645793042124821
-0.9929245283018868    1.9310214515950899
-0.9919811320754717    3.6732999888849687
-0.9910377358490565    5.212226297655082
-0.9900943396226415    6.507742580859905
-0.9891509433962264    7.572101811715464
-0.9882075471698113    7.901753917972194
-0.9872641509433961    7.732097365789054
-0.9863207547169811    7.3025364010221345
-0.9853773584905661    6.706617761476443
-0.9844339622641509    6.250430143380761
-0.9834905660377358    5.7756274313663525
-0.9825471698113207    5.547769256418481
-0.9816037735849057    5.3701011448263705
-0.9806603773584905    5.178294987217658
-0.9797169811320754    5.042098477270499
-0.9787735849056604    4.802694231410189
-0.9778301886792453    4.617014560409298
-0.9768867924528302    4.372897632543925
-0.975943396226415    4.185097254640683
-0.975    4.067280204512377
-0.9740566037735849    3.8839568745139563
-0.9731132075471698    3.765197287984663
-0.9721698113207546    3.747053462265421
-0.9712264150943396    3.6582194064686084
-0.9702830188679246    3.5814026897856954
-0.9693396226415094    3.4388440591306195
-0.9683962264150943    3.376636656663532
-0.9674528301886792    3.3087740357895137
-0.9665094339622642    3.2361987329111614
-0.965566037735849    3.1572613093251456
-0.9646226415094339    3.064421473824789
-0.9636792452830188    2.9706391019226888
-0.9627358490566038    2.866253195509784
-0.9617924528301887    2.797448038234803
-0.9608490566037735    2.764223630099085
-0.9599056603773585    2.6600733577857727
-0.9589622641509434    2.622607535845437
-0.9580188679245283    2.538250527953614
-0.9570754716981131    2.51939979993346
-0.9561320754716981    2.427266866733213
-0.9551886792452831    2.464025786373381
-0.9542452830188679    2.4079448705122517
-0.9533018867924528    2.4267955985329874
-0.9523584905660377    2.333484494831474
-0.9514150943396227    2.312513059908995
-0.9504716981132075    2.2639724352560635
-0.9495283018867924    2.2774035789709024
-0.9485849056603773    2.2180237857062166
-0.9476415094339623    2.211426030899319
-0.9466981132075472    2.1965810825829544
-0.945754716981132    2.151574969434383
-0.944811320754717    2.140735800822371
-0.9438679245283019    2.10562631988453
-0.9429245283018868    2.0886606646658774
-0.9419811320754716    2.122120706902426
-0.9410377358490566    2.090074469267411
-0.9400943396226416    2.073815716350017
-0.9391509433962264    2.056850061131368
-0.9382075471698113    2.0264532621986304
-0.9372641509433962    2.021976214293535
-0.9363207547169812    2.035878626208856
-0.935377358490566    2.003596754473596
-0.9344339622641509    1.9392686451040382
-0.9334905660377358    1.9008602867621427
-0.9325471698113208    1.8461931755030545
-0.9316037735849056    1.7997732577524785
-0.9306603773584905    1.7656063132156206
-0.9297169811320755    1.7050483494497166
-0.9287735849056604    1.724370345670881
-0.9278301886792453    1.6819562076246652
-0.9268867924528301    1.6484961653885601
-0.9259433962264151    1.6294098032676605
-0.925    1.6430765810826802
-0.9240566037735849    1.660042236300892
-0.9231132075471697    1.6355362898744992
-0.9221698113207547    1.633415582972006
-0.9212264150943397    1.6115016116484224
-0.9202830188679245    1.5928865177280382
-0.9193396226415094    1.533977992664312
-0.9183962264150943    1.5382194064687327
-0.9174528301886793    1.453626764477134
-0.9165094339622641    1.4277070134488439
-0.915566037735849    1.3977814827165436
-0.914622641509434    1.3654996109813582
-0.9136792452830189    1.3384016894521187
-0.9127358490566038    1.308240524619241
-0.9117924528301886    1.265826386573377
-0.9108490566037736    1.224826053128749
-0.9099056603773585    1.1951361564966805
-0.9089622641509434    1.1725152828719998
-0.9080188679245282    1.1649749916639567
-0.9070754716981132    1.1374058019339113
-0.9061320754716982    1.1185550739135928
-0.905188679245283    1.0949916638878985
-0.9042452830188679    1.1143136601089911
-0.9033018867924528    1.0935778592863645
-0.9023584905660378    1.1487162387463166
-0.9014150943396226    1.106066466599913
-0.9004716981132075    1.1421184839391583
-0.8995283018867924    1.1430610203400462
-0.8985849056603774    1.1058308324997874
-0.8976415094339623    1.141411581638257
-0.8966981132075471    1.1451817272424818
-0.8957547169811321    1.1305724130264982
-0.894811320754717    1.1027675891964641
-0.8938679245283019    1.0676581082582457
-0.8929245283018867    1.0410314549294823
-0.8919811320754717    1.0393820162275706
-0.8910377358490567    1.0132266310993152
-0.8900943396226415    0.980237857063408
-0.8891509433962264    0.9503123263310553
-0.8882075471698113    0.9107257974879982
-0.8872641509433963    0.8826853395576825
-0.8863207547169811    0.8273113259975062
-0.885377358490566    0.8433344448149881
-0.8844339622641509    0.850874736023069
-0.8834905660377359    0.8091675002779182
-0.8825471698113208    0.7964432588640191
-0.8816037735849056    0.7891386017561876
-0.8806603773584906    0.7846615538512378
-0.8797169811320755    0.7764143603423822
-0.8787735849056604    0.7651039235300208
-0.8778301886792452    0.767695898632923
-0.8768867924528302    0.7830121151494485
-0.8759433962264151    0.7830121151495405
-0.875    0.7841902856507266
-0.8740566037735849    0.7625119484272985
-0.8731132075471698    0.7922018450594178
-0.8721698113207548    0.7750005557408483
-0.8712264150943396    0.7806557741468921
-0.8702830188679245    0.7535578526175837
-0.8693396226415094    0.7523796821162169
-0.8683962264150944    0.7387129043014774
-0.8674528301886792    0.7575636323218407
-0.8665094339622641    0.7434255863065905
-0.8655660377358491    0.7427186840057362
-0.864622641509434    0.7502589752140045
-0.8636792452830189    0.697948204957167
-0.8627358490566037    0.6828676225408873
-0.8617924528301887    0.7092586417694371
-0.8608490566037736    0.7196265421807695
-0.8599056603773585    0.737770367900368
-0.8589622641509433    0.6972413026564822
-0.8580188679245283    0.6913504501500094
-0.8570754716981133    0.6819250861398647
-0.8561320754716981    0.6880515727464307
-0.855188679245283    0.6753273313327063
-0.8542452830188679    0.6962987662553777
-0.8533018867924529    0.6793331110370525
-0.8523584905660377    0.6494075803045078
-0.8514150943396226    0.6413960208958921
-0.8504716981132076    0.6871090363454082
-0.8495283018867925    0.6574191397132766
-0.8485849056603774    0.6677870401244468
-0.8476415094339622    0.6798043792375638
-0.8466981132075472    0.6581260420139661
-0.8457547169811321    0.6654306991219688
-0.844811320754717    0.6578904079137105
-0.8438679245283018    0.659775480715833
-0.8429245283018868    0.6640168945203567
-0.8419811320754718    0.6409247526953807
-0.8410377358490566    0.6402178503945384
-0.8400943396226415    0.6399822162943581
-0.8391509433962264    0.6428098254973503
-0.8382075471698114    0.6534133600089305
-0.8372641509433962    0.6232521951761333
-0.8363207547169811    0.6423385572969147
-0.835377358490566    0.6364477047904484
-0.834433962264151    0.6105279537624012
-0.8334905660377359    0.6025163943536381
-0.8325471698113207    0.5940335667445055
-0.8316037735849057    0.587435811937278
-0.8306603773584906    0.6020451261531978
-0.8297169811320755    0.5942692008446911
-0.8287735849056603    0.6077003445593334
-0.8278301886792453    0.5860220073357443
-0.8268867924528303    0.6046371012560099
-0.8259433962264151    0.5867289096365111
-0.825    0.6029876625542203
-0.8240566037735849    0.5996887851505706
-0.8231132075471699    0.5803667889296775
-0.8221698113207547    0.5954473713459694
-0.8212264150943396    0.5803667889296775
-0.8202830188679245    0.5937979326441799
-0.8193396226415095    0.5886139824386254
-0.8183962264150944    0.5511481604979115
-0.8174528301886792    0.5629298655106928
-0.816509433962264    0.569763254418173
-0.8155660377358491    0.5544470379015555
-0.814622641509434    0.5704701567188729
-0.8136792452830188    0.5671712793152941
-0.8127358490566037    0.5754184728243087
-0.8117924528301887    0.5822518617317227
-0.8108490566037736    0.5582171835055803
-0.8099056603773584    0.5985106146492924
-0.8089622641509433    0.5751828387240531
-0.8080188679245284    0.5749472046237974
-0.8070754716981132    0.5848438368344662
-0.8061320754716981    0.5763610092252636
-0.8051886792452829    0.590263421140415
-0.804245283018868    0.5535045015005329
-0.8033018867924528    0.5667000111147829
-0.8023584905660377    0.5485561853950995
-0.8014150943396225    0.550676892297465
-0.8004716981132076    0.5570390130043676
-0.7995283018867925    0.5643436701122265
-0.7985849056603773    0.5259353117705593
-0.7976415094339622    0.5183950205624404
-0.7966981132075472    0.524050238968576
-0.7957547169811321    0.5096765588529211
-0.7948113207547169    0.5181593864621237
-0.7938679245283018    0.5162743136601394
-0.7929245283018869    0.5044926086473567
-0.7919811320754717    0.4828142714237797
-0.7910377358490566    0.4889407580304259
-0.7900943396226414    0.47739468711795635
-0.7891509433962265    0.4837568078248591
-0.7882075471698113    0.4823430032232684
-0.7872641509433962    0.4759808825163664
-0.786320754716981    0.4809291986217912
-0.7853773584905661    0.48187173502281383
-0.784433962264151    0.4835211737245465
-0.7834905660377358    0.46679115260639703
-0.7825471698113207    0.463963543403384
-0.7816037735849057    0.4533600088918796
-0.7806603773584906    0.45100366788927
-0.7797169811320754    0.45076803378901437
-0.7787735849056603    0.44652661998446563
-0.7778301886792454    0.4373368900744951
-0.7768867924528302    0.4123596754473472
-0.7759433962264151    0.42908969656549667
-0.7749999999999999    0.42461264866068976
-0.774056603773585    0.41424474824944096
-0.7731132075471698    0.4081182616427459
-0.7721698113207547    0.4083538957430015
-0.7712264150943395    0.4019917750361469
-0.7702830188679246    0.393744581527199
-0.7693396226415095    0.38502611981769447
-0.7683962264150943    0.3869111926197395
-0.7674528301886792    0.39916416583307907
-0.7665094339622642    0.38102034011339364
-0.7655660377358491    0.3873824608202507
-0.7646226415094339    0.391623874624852
-0.7636792452830188    0.38973880182285286
-0.7627358490566039    0.3798421696121153
-0.7617924528301887    0.3906813382238295
-0.7608490566037736    0.3883249972212732
-0.7599056603773584    0.3932733133266877
-0.7589622641509435    0.3840835834167171
-0.7580188679245283    0.38314104701564944
-0.7570754716981132    0.4107102367455578
-0.756132075471698    0.41848616205404277
-0.7551886792452831    0.427204623763502
-0.754245283018868    0.4031699455373777
-0.7533018867924528    0.41165277314658033
-0.7523584905660377    0.4191930643548097
-0.7514150943396227    0.4140091141491853
-0.7504716981132076    0.4107102367455578
-0.7495283018867924    0.42414138046012856
-0.7485849056603773    0.4488829609870222
-0.7476415094339623    0.40788262754253823
-0.7466981132075472    0.4102389685450465
-0.745754716981132    0.4149516505501591
-0.7448113207547169    0.4288540624652915
-0.743867924528302    0.43662998777372813
-0.7429245283018868    0.42767589196396294
-0.7419811320754717    0.42626208736242915
-0.7410377358490565    0.41636545515174184
-0.7400943396226416    0.4024630432366582
-0.7391509433962264    0.41400911414913655
-0.7382075471698113    0.4135378459486253
-0.7372641509433961    0.4102389685450948
-0.7363207547169812    0.39539402022898856
-0.7353773584905661    0.3993997999332877
-0.7344339622641509    0.3984572635322652
-0.7334905660377358    0.3831410470156945
-0.7325471698113208    0.40552628653998174
-0.7316037735849057    0.3765432922084919
-0.7306603773584905    0.3958652884294533
-0.7297169811320754    0.3805490719128823
-0.7287735849056605    0.38761809492055194
-0.7278301886792453    0.38078470601309317
-0.7268867924528302    0.3756007558074694
-0.725943396226415    0.3826697788151832
-0.7250000000000001    0.3737156830054683
-0.7240566037735849    0.37489385350670246
-0.7231132075471698    0.3522729798821623
-0.7221698113207546    0.3581638323885951
-0.7212264150943397    0.3527442480827151
-0.7202830188679246    0.35510058908522985
-0.7193396226415094    0.3395487384683584
-0.7183962264150943    0.34803156607760194
-0.7174528301886793    0.3619339779926856
-0.7165094339622642    0.34496832277423783
-0.715566037735849    0.34685339557628286
-0.7146226415094339    0.34920973657888027
-0.713679245283019    0.34072690896967667
-0.7127358490566038    0.3513304434811398
-0.7117924528301887    0.33695676336554653
-0.7108490566037735    0.33012337445817225
-0.7099056603773586    0.33719239746584184
-0.7089622641509434    0.33412915416247907
-0.7080188679245283    0.3249394242525096
-0.7070754716981131    0.3327153495609844
-0.7061320754716982    0.3192842058464121
-0.7051886792452831    0.3254106924530208
-0.7042452830188679    0.32564632655327647
-0.7033018867924528    0.32211181504948
-0.7023584905660378    0.309151939535419
-0.7014150943396227    0.29407135711902244
-0.7004716981132075    0.3138646215404951
-0.6995283018867924    0.29524952762033535
-0.6985849056603775    0.2987840391241701
-0.6976415094339623    0.2796976770034292
-0.6966981132075472    0.29006557741467676
-0.695754716981132    0.3037323552295389
-0.6948113207547171    0.2884161387129213
-0.6938679245283019    0.29053684561518806
-0.6929245283018868    0.3100944759364051
-0.6919811320754716    0.28441035900857525
-0.6910377358490567    0.29289318661777874
-0.6900943396226416    0.3086806713348713
-0.6891509433962264    0.29360008891851114
-0.6882075471698113    0.29524952762033535
-0.6872641509433963    0.2839390908080639
-0.6863207547169812    0.29548516172055617
-0.685377358490566    0.288651772813143
-0.6844339622641509    0.28346782260755254
-0.683490566037736    0.27687006780039425
-0.6825471698113208    0.2789907747026623
-0.6816037735849056    0.2806402134044517
-0.6806603773584905    0.2686228742914464
-0.6797169811320756    0.2943069912193127
-0.6787735849056604    0.28370345670777486
-0.6778301886792453    0.2771057019006173
-0.6768867924528301    0.29807713682340314
-0.6759433962264152    0.2891230410136883
-0.675    0.2895943092141655
-0.6740566037735849    0.2907724797154437
-0.6731132075471697    0.2775769701011612
-0.6721698113207548    0.2738068244970707
-0.6712264150943397    0.258961876180934
-0.6702830188679245    0.28087584750470734
-0.6693396226415094    0.2832321885072969
-0.6683962264150944    0.2775769701011612
-0.6674528301886793    0.2719217516949935
-0.6665094339622641    0.2771057019006173
-0.665566037735849    0.27262865399579245
-0.6646226415094341    0.2714504834945142
-0.6636792452830189    0.2683872401911591
-0.6627358490566038    0.2738068244970385
-0.6617924528301886    0.2610825830832654
-0.6608490566037737    0.2653239968878672
-0.6599056603773585    0.27027231299320414
-0.6589622641509434    0.2738068244970385
-0.6580188679245282    0.27121484939425855
-0.6570754716981133    0.2596687784817314
-0.6561320754716982    0.25283538957428775
-0.655188679245283    0.2610825830832347
-0.6542452830188679    0.262732021785055
-0.6533018867924529    0.26131821718352105
-0.6523584905660378    0.2749849949983167
-0.6514150943396226    0.2584906079804228
-0.6504716981132075    0.269565410692469
-0.6495283018867926    0.26555963098812285
-0.6485849056603774    0.25401356007556586
-0.6476415094339623    0.2653239968878359
-0.6466981132075471    0.2603756807824984
-0.6457547169811322    0.263438924085822
-0.644811320754717    0.26815160609090344
-0.6438679245283019    0.25259975547403213
-0.6429245283018867    0.2582549738801975
-0.6419811320754718    0.27734133600090555
-0.6410377358490567    0.26815160609090344
-0.6400943396226415    0.270979215293971
-0.6391509433962264    0.2709792152940029
-0.6382075471698113    0.25024341447147586
-0.6372641509433963    0.2615538512837767
-0.6363207547169811    0.2610825830832347
-0.635377358490566    0.24835834166943083
-0.6344339622641508    0.26555963098812285
-0.6334905660377359    0.249065243970227
-0.6325471698113208    0.269094142491926
-0.6316037735849056    0.2653239968878359
-0.6306603773584905    0.2507146826720166
-0.6297169811320755    0.24977214627099398
-0.6287735849056604    0.25259975547403213
-0.6278301886792452    0.2558986328776109
-0.6268867924528301    0.2594331443814758
-0.6259433962264151    0.2584906079804532
-0.625    0.2415249527620176
-0.6240566037735849    0.245059464265852
-0.6231132075471697    0.23021451594977463
-0.6221698113207548    0.23987551406025648
-0.6212264150943396    0.23563410025562695
-0.6202830188679245    0.2323352228520482
-0.6193396226415093    0.23280649105258683
-0.6183962264150944    0.22432366344338325
-0.6174528301886792    0.22762254084693562
-0.6165094339622641    0.2132488607313424
-0.615566037735849    0.22267422474159368
-0.614622641509434    0.2073580082249761
-0.6136792452830189    0.22597310214514624
-0.6127358490566037    0.21796154273645493
-0.6117924528301886    0.20924308102702138
-0.6108490566037736    0.2153695676336684
-0.6099056603773585    0.21301322663108677
-0.6089622641509433    0.2132488607313424
-0.6080188679245282    0.2047660331221639
-0.6070754716981133    0.22031788373903713
-0.6061320754716981    0.2064154718239292
-0.605188679245283    0.2141913971323649
-0.6042452830188678    0.2153695676336684
-0.6033018867924529    0.21277759253085618
-0.6023584905660377    0.21442703123262052
-0.6014150943396226    0.21112815382904176
-0.6004716981132074    0.21819717683673623
-0.5995283018867925    0.20665110592420918
-0.5985849056603774    0.21513393353338742
-0.5976415094339622    0.21819717683671055
-0.5966981132075471    0.19675447371347166
-0.5957547169811321    0.20547293542293088
-0.594811320754717    0.2167833722351768
-0.5938679245283018    0.21866844503722183
-0.5929245283018867    0.20877181282651003
-0.5919811320754718    0.20806491052574308
-0.5910377358490566    0.21183505612980863
-0.5900943396226415    0.22927197954872502
-0.5891509433962263    0.23728353895744428
-0.5882075471698114    0.20782927642548743
-0.5872641509433962    0.23068578415025878
-0.5863207547169811    0.21631210403466555
-0.5853773584905659    0.21866844503724756
-0.584433962264151    0.21772590863622493
-0.5834905660377359    0.23186395465153692
-0.5825471698113207    0.22102478603977807
-0.5816037735849056    0.22597310214517285
-0.5806603773584906    0.23751917305769993
-0.5797169811320755    0.22432366344335686
-0.5787735849056603    0.22408802934310124
-0.5778301886792452    0.2132488607313675
-0.5768867924528303    0.23068578415028596
-0.5759433962264151    0.2410536845615064
-0.575    0.23351339335332633
-0.5740566037735848    0.23445592975437643
-0.5731132075471699    0.21937534733801453
-0.5721698113207547    0.22102478603977807
-0.5712264150943396    0.2297432477492363
-0.5702830188679244    0.21277759253085618
-0.5693396226415095    0.22526619984440588
-0.5683962264150944    0.21654773813492115
-0.5674528301886792    0.23422029565409322
-0.566509433962264    0.23445592975437643
-0.5655660377358491    0.2288007113482407
-0.564622641509434    0.22880071134821378
-0.5636792452830188    0.22597310214514624
-0.5627358490566037    0.2240880293431276
-0.5617924528301887    0.22856507724798505
-0.5608490566037736    0.21843281093696618
-0.5599056603773584    0.239404245859717
-0.5589622641509433    0.2450594642658809
-0.5580188679245284    0.24317439146383565
-0.5570754716981132    0.23209958875179254
-0.5561320754716981    0.23987551406022822
-0.5551886792452829    0.23586973435591033
-0.554245283018868    0.24435256196511393
-0.5533018867924528    0.2377548071579276
-0.5523584905660377    0.245059464265852
-0.5514150943396225    0.25189285317329485
-0.5504716981132076    0.2266800044459398
-0.5495283018867925    0.2368122707569051
-0.5485849056603773    0.23704790485716074
-0.5476415094339622    0.2434100255640913
-0.5466981132075472    0.249065243970227
-0.5457547169811321    0.23092141825051443
-0.5448113207547169    0.2518928531732652
-0.5438679245283018    0.24788707346894873
-0.5429245283018869    0.23351339335335378
-0.5419811320754717    0.24953651217070894
-0.5410377358490566    0.241289318661762
-0.5400943396226414    0.24788707346894873
-0.5391509433962265    0.2549560964766184
-0.5382075471698113    0.257076803378889
-0.5372641509433962    0.25118595087249834
-0.536320754716981    0.2485939757697157
-0.5353773584905661    0.25990441258198715
-0.534433962264151    0.25236412137377645
-0.5334905660377358    0.2504790485717314
-0.5325471698113207    0.2460020006669035
-0.5316037735849057    0.26626653328888983
-0.5306603773584906    0.2615538512837459
-0.5297169811320754    0.24176058686227325
-0.5287735849056603    0.23987551406025648
-0.5278301886792454    0.25189285317329485
-0.5268867924528302    0.2556629987773552
-0.5259433962264151    0.2568411692786334
-0.5249999999999999    0.24458819606536955
-0.524056603773585    0.2476514393686931
-0.5231132075471698    0.2490652439701977
-0.5221698113207547    0.26084694898297905
-0.5212264150943395    0.2460020006669035
-0.5202830188679246    0.25212848727355053
-0.5193396226415095    0.24246748916304012
-0.5183962264150943    0.253306657774799
-0.5174528301886792    0.24553073246639218
-0.5165094339622642    0.24718017116818175
-0.5155660377358491    0.25142158497275396
-0.5146226415094339    0.24788707346891956
-0.5136792452830188    0.22290985884184933
-0.5127358490566039    0.2313926864510529
-0.5117924528301887    0.23351339335332633
-0.5108490566037736    0.23398466155383757
-0.5099056603773584    0.22950761364900768
-0.5089622641509435    0.2339846615538651
-0.5080188679245283    0.23139268645102568
-0.5070754716981132    0.21890407913747745
-0.506132075471698    0.22856507724798505
-0.5051886792452831    0.23162832055130855
-0.504245283018868    0.22691563854616875
-0.5033018867924528    0.23398466155383757
-0.5023584905660377    0.22950761364900768
-0.5014150943396227    0.22455929754363893
-0.5004716981132076    0.21890407913747745
-0.4995283018867924    0.2028809603200948
-0.49858490566037733    0.22008224963878148
-0.49764150943396224    0.22078915193952245
-0.49669811320754714    0.22031788373903713
-0.49575471698113205    0.22149605424028934
-0.49481132075471695    0.23704790485718863
-0.49386792452830186    0.22055351783926683
-0.49292452830188677    0.22031788373903713
-0.49198113207547167    0.21725464043568807
-0.4910377358490566    0.22126042014005975
-0.4900943396226415    0.21442703123262052
-0.4891509433962264    0.21725464043571363
-0.4882075471698113    0.21489829943313177
-0.4872641509433962    0.2153695676336684
-0.4863207547169811    0.21395576303210928
-0.485377358490566    0.20830054462599873
-0.4844339622641509    0.2099499833277636
-0.4834905660377358    0.20099588751807346
-0.48254716981132073    0.2035878626208617
-0.48160377358490564    0.19369123041014816
-0.48066037735849054    0.21843281093696618
-0.47971698113207545    0.20665110592420918
-0.47877358490566035    0.18897854840501283
-0.47783018867924526    0.2059442036234422
-0.47688679245283017    0.2080649105257186
-0.47594339622641507    0.20453039902190828
-0.475    0.19298432810935848
-0.4740566037735849    0.20146715571858476
-0.4731132075471698    0.2047660331221398
-0.4721698113207547    0.19769701011449428
-0.4712264150943396    0.20217405801932792
-0.4702830188679245    0.19699010781372733
-0.4693396226415094    0.20523730132265108
-0.4683962264150943    0.20264532621986303
-0.4674528301886792    0.20759364232520736
-0.46650943396226413    0.20311659442037436
-0.46556603773584904    0.20146715571856105
-0.46462264150943394    0.21183505612983355
-0.46367924528301885    0.20830054462597422
-0.46273584905660375    0.21513393353341273
-0.46179245283018866    0.2087718128264855
-0.46084905660377357    0.20782927642548743
-0.45990566037735847    0.20453039902188422
-0.4589622641509434    0.21348449483162313
-0.4580188679245283    0.213484494831598
-0.4570754716981132    0.21560520173392403
-0.4561320754716981    0.20830054462597422
-0.455188679245283    0.19793264421474993
-0.4542452830188679    0.2073580082249517
-0.4533018867924528    0.19581193731244906
-0.4523584905660377    0.19887518061574916
-0.4514150943396226    0.20547293542293088
-0.45047169811320753    0.21018561742801925
-0.44952830188679244    0.19651883961321603
-0.44858490566037734    0.19911081471600478
-0.44764150943396225    0.19251305990886988
-0.44669811320754715    0.19769701011447102
-0.44575471698113206    0.1866222074024785
-0.44481132075471697    0.19251305990884723
-0.44386792452830187    0.18850728020452373
-0.4429245283018868    0.19039235300654658
-0.4419811320754717    0.1809669889963428
-0.4410377358490566    0.1974613760142154
-0.4400943396226415    0.18850728020452373
-0.4391509433962264    0.16918528398354016
-0.4382075471698113    0.19062798710682463
-0.4372641509433962    0.1713059908858408
-0.4363207547169811    0.17389796598867316
-0.435377358490566    0.17531177059018646
-0.43443396226415093    0.18002445259532018
-0.43349056603773584    0.17413360008890832
-0.43254716981132074    0.17083472268534966
-0.43160377358490565    0.1835589640991334
-0.43066037735849055    0.17271979548739488
-0.42971698113207546    0.16706457708123953
-0.42877358490566037    0.176725575191741
-0.42783018867924527    0.1731910636878858
-0.4268867924528302    0.17342669778816186
-0.4259433962264151    0.16753584528175078
-0.425    0.17154162498611664
-0.4240566037735849    0.16329443147714948
-0.4231132075471698    0.18073135489608713
-0.4221698113207547    0.17436923418916395
-0.4212264150943396    0.17436923418918446
-0.4202830188679245    0.16965655218405143
-0.4193396226415094    0.17342669778816186
-0.41839622641509433    0.164236967878172
-0.41745283018867924    0.1632944314771687
-0.41650943396226414    0.16730021118149513
-0.41556603773584905    0.17107035678560528
-0.41462264150943395    0.17201289318660767
-0.41367924528301886    0.1741336000889288
-0.41273584905660377    0.16800711348226202
-0.41179245283018867    0.17531177059020708
-0.4108490566037736    0.1644726019784276
-0.4099056603773585    0.17224852728688358
-0.4089622641509434    0.16235189507612696
-0.4080188679245283    0.1771968433922523
-0.4070754716981132    0.17201289318660767
-0.4061320754716981    0.17648994109148536
-0.405188679245283    0.1729554295876302
-0.4042452830188679    0.17177725908637226
-0.4033018867924528    0.17224852728686332
-0.40235849056603773    0.16682894298100354
-0.40141509433962264    0.1651795042791945
-0.40047169811320754    0.17248416138713923
-0.39952830188679245    0.16753584528175078
-0.39858490566037735    0.16659330888074786
-0.39764150943396226    0.16942091808379578
-0.39669811320754716    0.16871401578304876
-0.39575471698113207    0.1581104812715257
-0.394811320754717    0.1559897743692434
-0.3938679245283019    0.17177725908635205
-0.3929245283018868    0.1592886517728226
-0.3919811320754717    0.15528287206845814
-0.3910377358490566    0.15575414026898773
-0.3900943396226415    0.15339779926641317
-0.3891509433962264    0.16046682227410083
-0.3882075471698113    0.16023118817382634
-0.3872641509433962    0.15363343336668686
-0.38632075471698113    0.15057019006334563
-0.38537735849056604    0.16353006557742433
-0.38443396226415094    0.15009892186283438
-0.38349056603773585    0.15151272646438596
-0.38254716981132075    0.15151272646436814
-0.38160377358490566    0.15080582416361898
-0.38066037735849056    0.15504723796820255
-0.37971698113207547    0.15999555407358954
-0.3787735849056604    0.15787484717127004
-0.3778301886792453    0.16470823607870264
-0.3768867924528302    0.15457596976769128
-0.3759433962264151    0.15316216516617556
-0.375    0.15528287206845814
-0.3740566037735849    0.15151272646438596
-0.3731132075471698    0.1703634544848183
-0.3721698113207547    0.17224852728688358
-0.3712264150943396    0.18544403690117842
-0.37028301886792453    0.1658864065799809
-0.36933962264150944    0.15858174947203696
-0.36839622641509434    0.16494387017895826
-0.36745283018867925    0.1703634544848183
-0.36650943396226415    0.1545759697677095
-0.36556603773584906    0.1771968433922315
-0.36462264150943396    0.1684783816827931
-0.36367924528301887    0.1835589640991334
-0.3627358490566038    0.17578303879071838
-0.3617924528301887    0.1809669889963215
-0.3608490566037736    0.1939268645104038
-0.3599056603773585    0.1993464488162604
-0.3589622641509434    0.1882716461042681
-0.3580188679245283    0.20453039902188422
-0.3570754716981132    0.20146715571858476
-0.3561320754716981    0.19015671890629093
-0.355188679245283    0.19981771701679518
-0.35424528301886793    0.1932199622096141
-0.35330188679245284    0.20146715571858476
-0.35235849056603774    0.20900744692674111
-0.35141509433962265    0.21042125152829963
-0.35047169811320755    0.19699010781370413
-0.34952830188679246    0.20028898521730648
-0.34858490566037736    0.20311659442035043
-0.34764150943396227    0.19651883961321603
-0.3466981132075472    0.20052461931753854
-0.3457547169811321    0.20523730132267523
-0.344811320754717    0.18143825719683276
-0.3438679245283019    0.19699010781372733
-0.3429245283018868    0.19699010781370413
-0.3419811320754717    0.1939268645104038
-0.3410377358490566    0.19369123041012534
-0.3400943396226415    0.20264532621986303
-0.3391509433962264    0.1835589640991334
-0.33820754716981133    0.1892141825052907
-0.33726415094339623    0.18638657330220093
-0.33632075471698114    0.18992108480605766
-0.33537735849056605    0.17743247749248708
-0.33443396226415095    0.1797888184950645
-0.33349056603773586    0.18638657330220093
-0.33254716981132076    0.18591530510171153
-0.33160377358490567    0.17224852728686332
-0.3306603773584906    0.17578303879071838
-0.3297169811320755    0.18120262309657714
-0.3287735849056604    0.17083472268534966
-0.3278301886792453    0.17271979548737457
-0.3268867924528302    0.17342669778816186
-0.3259433962264151    0.17625430699120898
-0.325    0.17554740469046276
-0.3240566037735849    0.17601867289095333
-0.3231132075471698    0.17507613648995143
-0.32216981132075473    0.1731910636878858
-0.32122641509433963    0.1840302322996663
-0.32028301886792454    0.16305879737689385
-0.31933962264150945    0.17107035678560528
-0.31839622641509435    0.16305879737689385
-0.31745283018867926    0.17059908858509398
-0.31650943396226416    0.17766811159274273
-0.31556603773584907    0.1819095253973654
-0.314622641509434    0.15881738357229255
-0.3136792452830189    0.17578303879071838
-0.3127358490566038    0.16565077247970575
-0.3117924528301887    0.17436923418918446
-0.3108490566037736    0.18544403690117842
-0.3099056603773585    0.18002445259532018
-0.3089622641509434    0.17201289318660767
-0.3080188679245283    0.17130599088586096
-0.3070754716981132    0.18261642769811087
-0.30613207547169813    0.18073135489608713
-0.30518867924528303    0.1590530176725482
-0.30424528301886794    0.1762543069912297
-0.30330188679245285    0.16871401578302891
-0.30235849056603775    0.17696120929199669
-0.30141509433962266    0.1651795042791945
-0.30047169811320756    0.17389796598867316
-0.29952830188679247    0.17978881849504338
-0.2985849056603774    0.17059908858509398
-0.2976415094339623    0.1644726019784276
-0.2966981132075472    0.1741336000889288
-0.2957547169811321    0.1703634544848183
-0.294811320754717    0.16470823607870264
-0.2938679245283019    0.1738979659886527
-0.2929245283018868    0.1628231632766574
-0.2919811320754717    0.15952428587305945
-0.2910377358490566    0.1628231632766574
-0.29009433962264153    0.17224852728686332
-0.28915094339622643    0.17837501389353058
-0.28820754716981134    0.1609380904745932
-0.28726415094339625    0.16706457708125916
-0.28632075471698115    0.16117372457484885
-0.28537735849056606    0.17436923418918446
-0.28443396226415096    0.16659330888072826
-0.28349056603773587    0.15104145826387466
-0.2825471698113208    0.1538690674669244
-0.2816037735849057    0.16706457708125916
-0.2806603773584906    0.16353006557740513
-0.2797169811320755    0.1595242858730782
-0.2787735849056604    0.16470823607868323
-0.2778301886792453    0.15999555407358954
-0.2768867924528302    0.15975991997331507
-0.27594339622641506    0.17107035678558516
-0.27499999999999997    0.16211626097589044
-0.2740566037735849    0.15952428587305945
-0.2731132075471698    0.15787484717128863
-0.2721698113207547    0.15457596976769128
-0.2712264150943396    0.1590530176725669
-0.2702830188679245    0.15858174947203696
-0.2693396226415094    0.14797821496055116
-0.2683962264150943    0.164236967878172
-0.2674528301886792    0.15787484717128863
-0.2665094339622641    0.1538690674669244
-0.265566037735849    0.1498632877625964
-0.26462264150943393    0.14986328776257876
-0.26367924528301884    0.1472713126597842
-0.26273584905660374    0.14090919195286492
-0.26179245283018865    0.15316216516617556
-0.26084905660377355    0.14444370345669932
-0.25990566037735846    0.15975991997333389
-0.25896226415094337    0.1548116038679469
-0.2580188679245283    0.1585817494720556
-0.2570754716981132    0.14915638546181187
-0.2561320754716981    0.14892075136157376
-0.255188679245283    0.1458575080582331
-0.2542452830188679    0.14585750805825026
-0.2533018867924528    0.15787484717127004
-0.2523584905660377    0.14892075136157376
-0.2514150943396226    0.16682894298098389
-0.2504716981132075    0.15363343336668686
-0.24952830188679243    0.15245526286539066
-0.24858490566037733    0.15504723796822079
-0.24764150943396224    0.16282316327663823
-0.24669811320754714    0.1486851172613181
-0.24575471698113205    0.15457596976769128
-0.24481132075471695    0.1538690674669425
-0.24386792452830186    0.16117372457484885
-0.24292452830188677    0.143972435256205
-0.24198113207547167    0.14915638546181187
-0.24103773584905658    0.1616449927753791
-0.24009433962264148    0.15104145826385687
-0.2391509433962264    0.1564610425697547
-0.2382075471698113    0.1449149716572106
-0.2372641509433962    0.1559897743692434
-0.2363207547169811    0.1583461153717813
-0.235377358490566    0.16093809047461213
-0.23443396226415092    0.15174836056462376
-0.23349056603773582    0.15763921307103299
-0.23254716981132073    0.15174836056462376
-0.23160377358490564    0.15057019006336336
-0.23066037735849054    0.14821384906078935
-0.22971698113207545    0.14939201956208506
-0.22877358490566035    0.1423229965543987
-0.22783018867924526    0.15504723796822079
-0.22688679245283017    0.15434033566743566
-0.22594339622641507    0.14491497165722764
-0.22499999999999998    0.15363343336666876
-0.22405660377358488    0.15881738357231126
-0.2231132075471698    0.14774258086027808
-0.2221698113207547    0.14020228965211454
-0.2212264150943396    0.14774258086027808
-0.2202830188679245    0.15009892186285204
-0.2193396226415094    0.1475069467600225
-0.21839622641509432    0.14114482605313716
-0.21745283018867922    0.13925975325107554
-0.21650943396226413    0.14821384906080678
-0.21556603773584904    0.14656441035899997
-0.21462264150943394    0.14962765366234074
-0.21367924528301885    0.14632877625874435
-0.21273584905660375    0.15999555407358954
-0.21179245283018866    0.14185172835388743
-0.21084905660377357    0.14703567855952854
-0.20990566037735847    0.15693231077024755
-0.20896226415094338    0.14467933755697196
-0.20801886792452828    0.14279426475490994
-0.2070754716981132    0.1559897743692434
-0.2061320754716981    0.15174836056462376
-0.205188679245283    0.14939201956208506
-0.2042452830188679    0.15858174947203696
-0.2033018867924528    0.15104145826387466
-0.20235849056603772    0.15363343336666876
-0.20141509433962262    0.1548116038679651
-0.20047169811320753    0.14892075136155625
-0.19952830188679244    0.15316216516617556
-0.19858490566037734    0.14727131265976684
-0.19764150943396225    0.16942091808381574
-0.19669811320754715    0.15975991997331507
-0.19575471698113206    0.16824274758253743
-0.19481132075471697    0.16023118817382634
-0.19386792452830187    0.16918528398356006
-0.19292452830188678    0.17177725908635205
-0.19198113207547168    0.16305879737691303
-0.1910377358490566    0.16140935867510445
-0.1900943396226415    0.16353006557742433
-0.1891509433962264    0.15622540846948066
-0.1882075471698113    0.15269089696566424
-0.1872641509433962    0.16140935867510445
-0.18632075471698112    0.16353006557742433
-0.18537735849056602    0.15151272646436814
-0.18443396226415093    0.1512770923641303
-0.18349056603773584    0.15057019006334563
-0.18254716981132074    0.14420806935646066
-0.18160377358490565    0.1529265310659019
-0.18066037735849055    0.14373680115594936
-0.17971698113207546    0.15174836056462376
-0.17877358490566037    0.13761031454930234
-0.17783018867924527    0.15975991997331507
-0.17688679245283018    0.14232299655441544
-0.17594339622641508    0.14892075136155625
-0.175    0.13808158274981364
-0.1740566037735849    0.13407580304545172
-0.1731132075471698    0.1352539735467458
-0.1721698113207547    0.15174836056462376
-0.1712264150943396    0.13242636434367794
-0.17028301886792452    0.14185172835388743
-0.16933962264150942    0.13973102145160324
-0.16839622641509433    0.13713904634877488
-0.16745283018867924    0.1293631210403544
-0.16650943396226414    0.13761031454928613
-0.16556603773584905    0.14302989885518239
-0.16462264150943395    0.13478270534621864
-0.16367924528301886    0.1270067800377979
-0.16273584905660377    0.12724241413803855
-0.16179245283018867    0.1347827053462345
-0.16084905660377358    0.13242636434366234
-0.15990566037735848    0.13077692564188834
-0.1589622641509434    0.13360453484494048
-0.1580188679245283    0.13242636434367794
-0.1570754716981132    0.13431143714570737
-0.1561320754716981    0.13996665555185886
-0.155188679245283    0.13101255974212858
-0.15424528301886792    0.1340758030454675
-0.15330188679245282    0.13077692564187296
-0.15235849056603773    0.13336890074470054
-0.15141509433962264    0.12818495053906107
-0.15047169811320754    0.12842058463933181
-0.14952830188679245    0.13336890074468485
-0.14858490566037735    0.12417917083473001
-0.14764150943396226    0.11569634322551284
-0.14669811320754716    0.13313326664444491
-0.14575471698113207    0.12417917083471541
-0.14481132075471698    0.12441480493498568
-0.14386792452830188    0.1366677781482636
-0.1429245283018868    0.1288918528398431
-0.1419811320754717    0.12747804823829417
-0.1410377358490566    0.1361965099477684
-0.1400943396226415    0.12229409803267038
-0.1391509433962264    0.12653551183728656
-0.13820754716981132    0.1284205846393167
-0.13726415094339622    0.1357252417472571
-0.13632075471698113    0.1366677781482636
-0.13537735849056604    0.1274780482383092
-0.13443396226415094    0.12488607313548228
-0.13349056603773585    0.12205846393242914
-0.13254716981132075    0.120644659330881
-0.13160377358490566    0.12842058463933181
-0.13066037735849056    0.1258286095365048
-0.12971698113207547    0.11899522062910563
-0.12877358490566038    0.12559297543624917
-0.12783018867924528    0.11781705012782735
-0.1268867924528302    0.12889185283982793
-0.1259433962264151    0.12182282983217348
-0.125    0.12276536623318164
-0.1240566037735849    0.12512170723575264
-0.12311320754716981    0.11711014782704661
-0.12216981132075472    0.12559297543626396
-0.12122641509433962    0.12535734133599355
-0.12028301886792453    0.1321907302434223
-0.11933962264150944    0.1258286095365048
-0.11839622641509434    0.1293631210403544
-0.11745283018867925    0.13384016894519613
-0.11650943396226415    0.12865621873958746
-0.11556603773584906    0.13384016894519613
-0.11462264150943396    0.1288918528398431
-0.11367924528301887    0.12865621873957234
-0.11273584905660378    0.14232299655441544
-0.11179245283018868    0.13784594864954178
-0.11084905660377359    0.1274780482383092
-0.1099056603773585    0.1319550961431511
-0.1089622641509434    0.13501833944649014
-0.1080188679245283    0.13101255974212858
-0.10707547169811321    0.12912748694009876
-0.10613207547169812    0.13737468044903053
-0.10518867924528302    0.1392597532510919
-0.10424528301886793    0.13219073024340675
-0.10330188679245284    0.12653551183728656
-0.10235849056603774    0.1399666555518424
-0.10141509433962265    0.13855285095032496
-0.10047169811320755    0.12370790263420416
-0.09952830188679246    0.1267711459375422
-0.09858490566037736    0.134547071245963
-0.09764150943396227    0.1274780482383092
-0.09669811320754718    0.12158719573190352
-0.09575471698113208    0.1293631210403544
-0.09481132075471699    0.13478270534621864
-0.0938679245283019    0.13313326664444491
-0.0929245283018868    0.13007002334110607
-0.0919811320754717    0.1321907302434223
-0.09103773584905661    0.13501833944647423
-0.09009433962264152    0.1267711459375422
-0.08915094339622642    0.134547071245963
-0.08820754716981133    0.13501833944649014
-0.08726415094339623    0.13313326664442923
-0.08632075471698114    0.14326553295543806
-0.08537735849056605    0.1390241191508199
-0.08443396226415095    0.14279426475492674
-0.08349056603773586    0.14373680115593243
-0.08254716981132076    0.13501833944649014
-0.08160377358490567    0.13925975325107554
-0.08066037735849058    0.14703567855952854
-0.07971698113207548    0.14043792375235367
-0.07877358490566039    0.14821384906080678
-0.0778301886792453    0.14844948316104498
-0.0768867924528302    0.1347827053462345
-0.0759433962264151    0.15528287206845814
-0.07500000000000001    0.13690341224853536
-0.07405660377358492    0.15104145826385687
-0.07311320754716982    0.14538623985773894
-0.07216981132075473    0.15033455596308998
-0.07122641509433963    0.14797821496055116
-0.07028301886792454    0.15504723796820255
-0.06933962264150945    0.15363343336668686
-0.06839622641509435    0.14373680115593243
-0.06745283018867926    0.1533977992664312
-0.06650943396226416    0.1451506057574662
-0.06556603773584907    0.14632877625876156
-0.06462264150943398    0.1423229965543987
-0.06367924528301888    0.15575414026898773
-0.06273584905660379    0.1413804601533762
-0.06179245283018869    0.1409091919528815
-0.0608490566037736    0.152219628765135
-0.059905660377358505    0.13384016894521186
-0.05896226415094341    0.15339779926641317
-0.05801886792452832    0.14420806935646066
-0.05707547169811322    0.1512770923641125
-0.05613207547169813    0.14892075136157376
-0.055188679245283034    0.1496276536623231
-0.05424528301886794    0.15033455596310769
-0.053301886792452846    0.1399666555518424
-0.05235849056603775    0.14208736245415976
-0.05141509433962266    0.15033455596308998
-0.050471698113207564    0.1392597532510919
-0.04952830188679247    0.13973102145158678
-0.048584905660377375    0.13336890074470054
-0.04764150943396228    0.1328976325441736
-0.04669811320754719    0.1314838279426553
-0.04575471698113209    0.1319550961431511
-0.044811320754717    0.13030565744137704
-0.043867924528301905    0.14114482605312054
-0.04292452830188681    0.1347827053462345
-0.04198113207547172    0.12700678003778293
-0.04103773584905662    0.12394353673447436
-0.04009433962264153    0.11875958652883599
-0.039150943396226434    0.11711014782706038
-0.03820754716981134    0.11993775703011411
-0.037264150943396246    0.11993775703012824
-0.03632075471698115    0.12606424363676041
-0.03537735849056606    0.11616761142603775
-0.034433962264150964    0.12818495053906107
-0.033490566037735814    0.11593197732576846
-0.03254716981132072    0.11310436812271425
-0.031603773584905626    0.12229409803267038
-0.03066037735849053    0.11098366122041337
-0.029716981132075437    0.12912748694008358
-0.028773584905660343    0.11805268422808299
-0.02783018867924525    0.11357563632321219
-0.026886792452830155    0.12512170723575264
-0.02594339622641506    0.1145181727242347
-0.024999999999999967    0.11993775703012824
-0.024056603773584873    0.12300100033343726
-0.02311320754716978    0.1262998777370309
-0.022169811320754684    0.11357563632321219
-0.02122641509433959    0.11758141602757168
-0.020283018867924496    0.12182282983215914
-0.019339622641509402    0.11098366122041337
-0.018396226415094308    0.10697788151605464
-0.017452830188679214    0.11663887962654906
-0.01650943396226412    0.11192619762142281
-0.015566037735849025    0.11899522062910563
-0.014622641509433931    0.12229409803267038
-0.013679245283018837    0.11169056352118033
-0.012735849056603743    0.11805268422806911
-0.011792452830188649    0.11852395242859431
-0.010849056603773555    0.11758141602755787
-0.00990566037735846    0.12158719573191783
-0.008962264150943366    0.12276536623318164
-0.008018867924528272    0.1300700233411214
-0.007075471698113178    0.12300100033343726
-0.006132075471698084    0.13030565744137704
-0.00518867924528299    0.12512170723573793
-0.004245283018867896    0.12394353673447436
-0.0033018867924528017    0.12040902523062537
-0.0023584905660377076    0.1336045348449562
-0.0014150943396226134    0.12276536623318164
-0.0004716981132075193    0.12512170723575264
0.0004716981132075748    0.13525397354672988
0.0014150943396227245    0.1328976325441736
0.002358490566037763    0.13431143714573898
0.0033018867924528017    0.12535734133599355
0.004245283018867951    0.13596087584749675
0.005188679245283101    0.13007002334110607
0.00613207547169814    0.13878848505059693
0.007075471698113178    0.12653551183727166
0.008018867924528328    0.13478270534621864
0.008962264150943478    0.13737468044903053
0.009905660377358516    0.13548960764701737
0.010849056603773555    0.13737468044903053
0.011792452830188704    0.1435011670556768
0.012735849056603854    0.13431143714570737
0.013679245283018893    0.14161609425366511
0.014622641509433931    0.12465043903522667
0.015566037735849081    0.12771368233854982
0.01650943396226423    0.13973102145158678
0.01745283018867927    0.12417917083474463
0.018396226415094308    0.13030565744136172
0.019339622641509457    0.12794931643880544
0.020283018867924607    0.14043792375235367
0.021226415094339646    0.12818495053909124
0.022169811320754684    0.1293631210403392
0.023113207547169834    0.13360453484494048
0.024056603773584984    0.13501833944647423
0.025000000000000022    0.14444370345673332
0.02594339622641506    0.12771368233854982
0.02688679245283021    0.12771368233854982
0.02783018867924536    0.14302989885516557
0.0287735849056604    0.13666777814829578
0.029716981132075437    0.13266199844391796
0.030660377358490587    0.13171946204289547
0.03160377358490574    0.13525397354672988
0.032547169811320775    0.13525397354676172
0.033490566037735814    0.13336890074468485
0.034433962264150964    0.13266199844391796
0.03537735849056611    0.12158719573190352
0.03632075471698115    0.13572524174727307
0.03726415094339619    0.12606424363676041
0.03820754716981134    0.13219073024340675
0.03915094339622649    0.13501833944647423
0.04009433962264153    0.13643214404804013
0.04103773584905657    0.13407580304545172
0.04198113207547172    0.1319550961431511
0.042924528301886866    0.12370790263420416
0.043867924528301905    0.13360453484497192
0.04481132075471694    0.1458575080582331
0.04575471698113209    0.1416160942536318
0.04669811320754724    0.13407580304545172
0.04764150943396228    0.14562187395801174
0.04858490566037732    0.13007002334110607
0.04952830188679247    0.13313326664442923
0.05047169811320762    0.14632877625874435
0.05141509433962266    0.1284205846393469
0.052358490566037696    0.13737468044903053
0.053301886792452846    0.13690341224851926
0.054245283018867996    0.13007002334110607
0.055188679245283034    0.1340758030454833
0.05613207547169807    0.13171946204289547
0.05707547169811322    0.13124819384238423
0.05801886792452837    0.12865621873957234
0.05896226415094341    0.13548960764701737
0.05990566037735845    0.13949538735133116
0.0608490566037736    0.13007002334110607
0.06179245283018875    0.1435011670556768
0.06273584905660379    0.1369034122485515
0.06367924528301883    0.1423229965543987
0.06462264150943398    0.14020228965209802
0.06556603773584913    0.1406735578526093
0.06650943396226416    0.144679337556989
0.0674528301886792    0.1435011670556768
0.06839622641509435    0.1387884850505643
0.0693396226415095    0.13690341224851926
0.07028301886792454    0.13761031454931855
0.07122641509433958    0.1293631210403392
0.07216981132075473    0.13925975325107554
0.07311320754716988    0.1387884850505643
0.07405660377358492    0.13572524174727307
0.07499999999999996    0.14302989885516557
0.0759433962264151    0.13596087584749675
0.07688679245283025    0.13148382794263982
0.0778301886792453    0.13313326664446057
0.07877358490566033    0.14114482605312054
0.07971698113207548    0.12959875514059482
0.08066037735849063    0.13478270534621864
0.08160377358490567    0.13478270534625036
0.08254716981132071    0.1416160942536318
0.08349056603773586    0.1486851172613006
0.08443396226415101    0.1293631210403392
0.08537735849056605    0.13572524174727307
0.08632075471698109    0.13925975325107554
0.08726415094339623    0.13737468044903053
0.08820754716981138    0.14703567855951122
0.08915094339622642    0.14302989885519923
0.09009433962264146    0.12724241413803855
0.09103773584905661    0.14986328776257876
0.09198113207547176    0.14774258086027808
0.0929245283018868    0.13454707124599466
0.09386792452830184    0.152219628765135
0.09481132075471699    0.14208736245414305
0.09575471698113214    0.14538623985772184
0.09669811320754718    0.14279426475494353
0.09764150943396221    0.1555185061687138
0.09858490566037736    0.14680004445925557
0.09952830188679251    0.15669667666999193
0.10047169811320755    0.144679337556989
0.10141509433962259    0.1486851172613006
0.10235849056603774    0.1432655329554212
0.10330188679245289    0.1486851172613006
0.10424528301886793    0.15363343336670493
0.10518867924528297    0.15528287206845814
0.10613207547169812    0.15316216516615752
0.10707547169811327    0.1493920195620675
0.1080188679245283    0.14232299655443217
0.10896226415094334    0.1496276536623231
0.1099056603773585    0.1493920195620675
0.11084905660377364    0.14892075136155625
0.11179245283018868    0.1566966766700288
0.11273584905660372    0.12653551183727166
0.11367924528301887    0.1406735578526093
0.11462264150943402    0.1425586306546543
0.11556603773584906    0.14444370345673332
0.1165094339622641    0.13973102145158678
0.11745283018867925    0.14656441035899997
0.1183962264150944    0.1390241191508199
0.11933962264150944    0.1340758030454833
0.12028301886792447    0.1258286095365048
0.12122641509433962    0.13855285095030864
0.12216981132075477    0.13101255974212858
0.12311320754716981    0.13336890074471625
0.12405660377358485    0.13431143714570737
0.125    0.1293631210403392
0.12594339622641515    0.13784594864954178
0.1268867924528302    0.12559297543627873
0.12783018867924523    0.12229409803267038
0.12877358490566038    0.12088029343113663
0.12971698113207553    0.1267711459375273
0.13066037735849056    0.1272424141380685
0.1316037735849056    0.12394353673445978
0.13254716981132075    0.11946648882960285
0.1334905660377359    0.1293631210403392
0.13443396226415094    0.12229409803269917
0.13537735849056598    0.12535734133599355
0.13632075471698113    0.11734578192730222
0.13726415094339628    0.12229409803267038
0.13820754716981132    0.11734578192732983
0.13915094339622636    0.11993775703011411
0.1400943396226415    0.11758141602755787
0.14103773584905666    0.12205846393241478
0.1419811320754717    0.11828831832835257
0.14292452830188673    0.11852395242858037
0.14386792452830188    0.10744914971656588
0.14481132075471703    0.11734578192730222
0.14575471698113207    0.11546070912528439
0.1466981132075471    0.12017339113036975
0.14764150943396226    0.12229409803267038
0.1485849056603774    0.12300100033343726
0.14952830188679245    0.11993775703014235
0.15047169811320749    0.11805268422806911
0.15141509433962264    0.1189952206290916
0.15235849056603779    0.1232366344336929
0.15330188679245282    0.13007002334113668
0.15424528301886786    0.12959875514059482
0.155188679245283    0.12276536623318164
0.15613207547169816    0.12205846393241478
0.1570754716981132    0.12111592753142075
0.15801886792452824    0.1354896076469855
0.1589622641509434    0.12512170723573793
0.15990566037735854    0.12488607313548228
0.16084905660377358    0.12794931643883556
0.16179245283018862    0.13242636434366234
0.16273584905660377    0.13407580304545172
0.16367924528301891    0.1366677781482636
0.16462264150943395    0.13619650994778443
0.165566037735849    0.1267711459375273
0.16650943396226414    0.1328976325441736
0.1674528301886793    0.1390241191508199
0.16839622641509433    0.14138046015340947
0.16933962264150937    0.13855285095030864
0.17028301886792452    0.1413804601533762
0.17122641509433967    0.14020228965209802
0.1721698113207547    0.14538623985775606
0.17311320754716975    0.1460931421584887
0.1740566037735849    0.13973102145158678
0.17500000000000004    0.14632877625874435
0.17594339622641508    0.13831721685008558
0.17688679245283012    0.12653551183727166
0.17783018867924527    0.14302989885516557
0.17877358490566042    0.14373680115593243
0.17971698113207546    0.13643214404804013
0.1806603773584905    0.14114482605312054
0.18160377358490565    0.14373680115593243
0.1825471698113208    0.13431143714570737
0.18349056603773584    0.1503345559631254
0.18443396226415087    0.13690341224851926
0.18537735849056602    0.1354896076469855
0.18632075471698117    0.14114482605312054
0.1872641509433962    0.13572524174727307
0.18820754716981125    0.1413804601533762
0.1891509433962264    0.1512770923641125
0.19009433962264155    0.14467933755695495
0.1910377358490566    0.14302989885519923
0.19198113207547163    0.1538690674669244
0.19292452830188678    0.13596087584749675
0.19386792452830193    0.1366677781482636
0.19481132075471697    0.1437368011559663
0.195754716981132    0.14397243525618808
0.19669811320754715    0.1493920195620675
0.1976415094339623    0.14090919195286492
0.19858490566037734    0.14821384906082424
0.19952830188679238    0.14703567855951122
0.20047169811320753    0.15622540846948066
0.20141509433962268    0.1512770923641125
0.20235849056603772    0.14279426475494353
0.20330188679245276    0.15339779926641317
0.2042452830188679    0.16188062687561572
0.20518867924528306    0.15033455596308998
0.2061320754716981    0.14632877625877877
0.20707547169811313    0.15080582416360125
0.20801886792452828    0.1564610425697363
0.20896226415094343    0.14986328776257876
0.20990566037735858    0.16565077247970575
0.21084905660377362    0.17484050238971635
0.21179245283018866    0.15622540846948066
0.2127358490566038    0.16918528398354016
0.21367924528301896    0.1703634544848183
0.214622641509434    0.1701278203846027
0.21556603773584904    0.1715416249860964
0.2165094339622642    0.16376569967766072
0.21745283018867934    0.17884628209402087
0.21839622641509437    0.17389796598869364
0.2193396226415094    0.16753584528175078
0.22028301886792456    0.17813937979325398
0.2212264150943397    0.1729554295876302
0.22216981132075475    0.17177725908639246
0.2231132075471698    0.18167389129708836
0.22405660377358494    0.17743247749248708
0.2250000000000001    0.16847838168277326
0.22594339622641513    0.18450150050019934
0.22688679245283017    0.1609380904745932
0.22783018867924532    0.17366233188839708
0.22877358490566047    0.16541513837945013
0.2297169811320755    0.16635767478051178
0.23066037735849054    0.16918528398354016
0.2316037735849057    0.16824274758251764
0.23254716981132084    0.18167389129708836
0.23349056603773588    0.16612204068025613
0.23443396226415092    0.1703634544848183
0.23537735849056607    0.16400133377791637
0.23632075471698122    0.17012782038456267
0.23726415094339626    0.16140935867514244
0.2382075471698113    0.16565077247970575
0.23915094339622645    0.16635767478047261
0.2400943396226416    0.1581104812715257
0.24103773584905663    0.17083472268536976
0.24198113207547167    0.16070245637433758
0.24292452830188682    0.18120262309657714
0.24386792452830197    0.15858174947203696
0.244811320754717    0.16942091808383566
0.24575471698113205    0.17342669778814143
0.2466981132075472    0.16918528398354016
0.24764150943396235    0.18002445259529898
0.2485849056603774    0.16965655218409134
0.24952830188679243    0.1748405023896752
0.2504716981132076    0.17366233188839708
0.2514150943396227    0.1757830387906977
0.25235849056603776    0.16989218628434702
0.2533018867924528    0.16918528398354016
0.25424528301886795    0.17766811159274273
0.2551886792452831    0.1677714793820064
0.25613207547169814    0.1713059908858811
0.2570754716981132    0.17366233188839708
0.25801886792452833    0.1583461153717813
0.2589622641509435    0.16612204068021702
0.2599056603773585    0.16706457708127884
0.26084905660377355    0.17413360008890832
0.2617924528301887    0.1651795042791945
0.26273584905660385    0.16541513837945013
0.2636792452830189    0.17672557519176182
0.26462264150943393    0.1703634544848183
0.2655660377358491    0.17107035678558516
0.26650943396226423    0.16376569967766072
0.26745283018867927    0.16824274758255725
0.2683962264150943    0.15928865177280382
0.26933962264150946    0.1689496498832845
0.2702830188679246    0.17177725908635205
0.27122641509433965    0.17107035678562543
0.2721698113207547    0.17201289318660767
0.27311320754716983    0.15598977436922506
0.274056603773585    0.1574035789707588
0.275    0.16635767478051178
0.27594339622641506    0.17601867289095333
0.2768867924528302    0.1625875291763826
0.27783018867924536    0.16282316327663823
0.2787735849056604    0.15174836056465946
0.27971698113207544    0.17790374569299836
0.2806603773584906    0.16612204068021702
0.28160377358490574    0.1729554295876302
0.2825471698113208    0.1673002111815345
0.2834905660377358    0.16942091808379578
0.28443396226415096    0.17107035678558516
0.2853773584905661    0.18544403690117842
0.28632075471698115    0.17271979548741523
0.2872641509433962    0.16353006557740513
0.28820754716981134    0.1764899410914646
0.2891509433962265    0.16682894298098389
0.29009433962264153    0.17271979548741523
0.29103773584905657    0.16188062687561572
0.2919811320754717    0.18638657330220093
0.29292452830188687    0.17861064799376522
0.2938679245283019    0.17295542958767088
0.29481132075471694    0.1703634544848183
0.2957547169811321    0.1790819161942765
0.29669811320754724    0.1764899410914646
0.2976415094339623    0.17201289318664817
0.2985849056603773    0.18214515949759963
0.29952830188679247    0.1835589640991334
0.3004716981132076    0.1750761364899308
0.30141509433962266    0.15622540846951743
0.3023584905660377    0.18238079359785528
0.30330188679245285    0.17059908858507392
0.304245283018868    0.16376569967766072
0.30518867924528303    0.18379459819943228
0.3061320754716981    0.181909525397344
0.3070754716981132    0.17625430699120898
0.3080188679245284    0.18238079359785528
0.3089622641509434    0.16894964988332428
0.30990566037735845    0.1731910636878858
0.3108490566037736    0.16753584528175078
0.31179245283018875    0.17554740469044208
0.3127358490566038    0.18638657330224478
0.3136792452830188    0.1713059908858408
0.314622641509434    0.19227742580859158
0.3155660377358491    0.1790819161942765
0.31650943396226416    0.19204179170838118
0.3174528301886792    0.1793175502945321
0.31839622641509435    0.17978881849504338
0.3193396226415095    0.20453039902188422
0.32028301886792454    0.17672557519176182
0.3212264150943396    0.18591530510168966
0.32216981132075473    0.18827164610424596
0.3231132075471699    0.19274869400910283
0.3240566037735849    0.19062798710684709
0.32499999999999996    0.19628320551293724
0.3259433962264151    0.18615093920194528
0.32688679245283025    0.18897854840501283
0.3278301886792453    0.1861509392019891
0.32877358490566033    0.1880360120039903
0.3297169811320755    0.17531177059018646
0.33066037735849063    0.17884628209402087
0.33160377358490567    0.1713059908858811
0.3325471698113207    0.17059908858507392
0.33349056603773586    0.18850728020450155
0.334433962264151    0.18379459819938904
0.33537735849056605    0.1800244525953414
0.3363207547169811    0.17554740469044208
0.33726415094339623    0.18662220740245655
0.3382075471698114    0.17743247749248708
0.3391509433962264    0.17908191619431862
0.34009433962264146    0.1880360120039903
0.3410377358490566    0.1880360120039903
0.34198113207547176    0.18238079359785528
0.3429245283018868    0.18732910970326752
0.34386792452830184    0.20170278981881667
0.344811320754717    0.1986395465154935
0.34575471698113214    0.18473713460041155
0.3466981132075472    0.19557630321221642
0.3476415094339622    0.18874291430475718
0.34858490566037736    0.19345559630986975
0.3495283018867925    0.20924308102699674
0.35047169811320755    0.19651883961323913
0.3514150943396226    0.19039235300654658
0.35235849056603774    0.2028809603200948
0.3533018867924529    0.1835589640991334
0.35424528301886793    0.19109925530735844
0.35518867924528297    0.19769701011447102
0.3561320754716981    0.19369123041012534
0.35707547169811327    0.19510503501165913
0.3580188679245283    0.19392686451042662
0.35896226415094334    0.19274869400910283
0.3599056603773585    0.18615093920194528
0.36084905660377364    0.1932199622096141
0.3617924528301887    0.20076025341784143
0.3627358490566037    0.19227742580859158
0.36367924528301887    0.19534066911191475
0.364622641509434    0.1845015005001559
0.36556603773584906    0.19699010781375048
0.3665094339622641    0.1913348894075691
0.36745283018867925    0.20665110592418484
0.3683962264150944    0.18874291430475718
0.36933962264150944    0.19251305990889253
0.3702830188679245    0.20335222852060605
0.3712264150943396    0.18944981660552407
0.3721698113207548    0.19251305990884723
0.3731132075471698    0.19345559630991527
0.37405660377358485    0.2009958875180498
0.375    0.19463376681114786
0.37594339622641515    0.2000533511170273
0.3768867924528302    0.19486940091144936
0.3778301886792452    0.20500166722239546
0.3787735849056604    0.2038234967211173
0.3797169811320755    0.19251305990884723
0.38066037735849056    0.20688674002448917
0.3816037735849056    0.2009958875180498
0.38254716981132075    0.18662220740245655
0.3834905660377359    0.1913348894075691
0.38443396226415094    0.18944981660556867
0.385377358490566    0.18002445259529898
0.38632075471698113    0.1906279871068022
0.3872641509433963    0.1738979659886527
0.3882075471698113    0.1932199622096596
0.38915094339622636    0.18403023229964466
0.3900943396226415    0.17107035678558516
0.39103773584905666    0.18285206179836652
0.3919811320754717    0.17955318439483
0.39292452830188673    0.1715416249860964
0.3938679245283019    0.16682894298098389
0.39481132075471703    0.17413360008890832
0.39575471698113207    0.16305879737693224
0.3966981132075471    0.1729554295876302
0.39764150943396226    0.16706457708123953
0.3985849056603774    0.16730021118149513
0.39952830188679245    0.16140935867514244
0.4004716981132075    0.15928865177280382
0.40141509433962264    0.17107035678558516
0.4023584905660378    0.15504723796820255
0.4033018867924528    0.16847838168281293
0.40424528301886786    0.15881738357229255
0.405188679245283    0.16659330888072826
0.40613207547169816    0.1581104812715257
0.4070754716981132    0.15363343336670493
0.40801886792452824    0.16612204068021702
0.4089622641509434    0.14821384906078935
0.40990566037735854    0.1512770923641125
0.4108490566037736    0.164708236078722
0.4117924528301886    0.15080582416360125
0.41273584905660377    0.15693231077024755
0.4136792452830189    0.15057019006334563
0.41462264150943395    0.1607024563743754
0.415566037735849    0.1548116038679469
0.41650943396226414    0.1609380904745932
0.4174528301886793    0.15457596976769128
0.41839622641509433    0.1503345559631254
0.41933962264150937    0.15763921307101444
0.4202830188679245    0.15245526286539066
0.42122641509433967    0.14727131265976684
0.4221698113207547    0.1472713126598015
0.42311320754716975    0.164236967878172
0.4240566037735849    0.15151272646436814
0.42500000000000004    0.14632877625874435
0.4259433962264151    0.15504723796823902
0.4268867924528301    0.14656441035899997
0.42783018867924527    0.15434033566743566
0.4287735849056604    0.15504723796820255
0.42971698113207546    0.15269089696568222
0.4306603773584905    0.14892075136155625
0.43160377358490565    0.15669667666999193
0.4325471698113208    0.1512770923641125
0.43349056603773584    0.16117372457488677
0.4344339622641509    0.15598977436922506
0.435377358490566    0.16023118817382634
0.4363207547169812    0.15528287206845814
0.4372641509433962    0.16140935867514244
0.43820754716981125    0.14844948316104498
0.4391509433962264    0.1625875291763826
0.44009433962264155    0.1644726019784276
0.4410377358490566    0.1500989218628697
0.4419811320754716    0.17531177059018646
0.4429245283018868    0.17083472268532954
0.4438679245283019    0.1590530176725482
0.44481132075471697    0.16682894298102313
0.445754716981132    0.16800711348226202
0.44669811320754715    0.16918528398354016
0.4476415094339623    0.17766811159274273
0.44858490566037745    0.15410470156718004
0.4495283018867925    0.16612204068025613
0.45047169811320753    0.17177725908635205
0.4514150943396227    0.16376569967766072
0.45235849056603783    0.18026008669555463
0.45330188679245287    0.1741336000889493
0.4542452830188679    0.1757830387906977
0.45518867924528306    0.1738979659886527
0.4561320754716982    0.17554740469044208
0.45707547169811324    0.18921418250531297
0.4580188679245283    0.18662220740245655
0.45896226415094343    0.16588640657996137
0.4599056603773586    0.1835589640991334
0.4608490566037736    0.19133488940761412
0.46179245283018866    0.19510503501165913
0.4627358490566038    0.20665110592418484
0.46367924528301896    0.2009958875180498
0.464622641509434    0.18709347560301184
0.46556603773584904    0.19722574191395975
0.4665094339622642    0.19628320551293724
0.46745283018867934    0.20028898521728292
0.4683962264150944    0.18803601200403455
0.4693396226415094    0.2106568856285305
0.47028301886792456    0.2035878626208617
0.4712264150943397    0.2156052017338987
0.47216981132075475    0.1887429143048016
0.4731132075471698    0.21607646993440993
0.47405660377358494    0.2009958875180498
0.4750000000000001    0.19439813271089224
0.4759433962264151    0.1779037456930402
0.47688679245283017    0.18615093920194528
0.4778301886792453    0.18615093920194528
0.47877358490566047    0.17413360008890832
0.4797169811320755    0.1823807935978982
0.48066037735849054    0.17460486828941957
0.4816037735849057    0.17248416138711892
0.48254716981132084    0.164236967878172
0.4834905660377359    0.1701278203846027
0.4844339622641509    0.16847838168277326
0.48537735849056607    0.16470823607868323
0.4863207547169812    0.17271979548737457
0.48726415094339626    0.16989218628434702
0.4882075471698113    0.17059908858507392
0.48915094339622645    0.17743247749248708
0.4900943396226416    0.181909525397344
0.49103773584905663    0.1703634544848584
0.49198113207547167    0.16188062687561572
0.4929245283018868    0.164236967878172
0.49386792452830197    0.17625430699120898
0.494811320754717    0.17861064799380727
0.49575471698113205    0.17813937979325398
0.4966981132075472    0.17790374569299836
0.49764150943396235    0.18167389129708836
0.4985849056603774    0.2009958875180971
0.4995283018867924    0.18756474380347907
0.5004716981132076    0.181909525397344
0.5014150943396227    0.19557630321217037
0.5023584905660378    0.18992108480608003
0.5033018867924528    0.19510503501165913
0.504245283018868    0.18638657330220093
0.5051886792452831    0.2012315216183054
0.5061320754716981    0.19227742580863685
0.5070754716981132    0.20028898521728292
0.5080188679245283    0.19157052350782472
0.5089622641509435    0.20947871512725236
0.5099056603773585    0.2170190063354835
0.5108490566037736    0.2054729354229067
0.5117924528301887    0.20523730132265108
0.5127358490566039    0.1967544737134485
0.5136792452830189    0.2104212515283244
0.5146226415094339    0.20170278981881667
0.5155660377358491    0.22078915193952245
0.5165094339622642    0.22220295654105623
0.5174528301886793    0.20523730132269938
0.5183962264150943    0.20335222852060605
0.5193396226415095    0.19628320551293724
0.5202830188679246    0.2073580082249517
0.5212264150943396    0.18992108480608003
0.5221698113207547    0.20665110592418484
0.5231132075471698    0.20853617872622987
0.524056603773585    0.2061798377236736
0.525    0.19227742580863685
0.5259433962264151    0.2012315216183054
0.5268867924528302    0.19981771701677165
0.5278301886792454    0.2012315216183054
0.5287735849056604    0.20335222852065393
0.5297169811320754    0.21018561742801925
0.5306603773584906    0.20028898521728292
0.5316037735849057    0.2193753473379887
0.5325471698113208    0.19651883961323913
0.5334905660377358    0.20853617872622987
0.534433962264151    0.195811937312426
0.5353773584905661    0.20429476492162857
0.5363207547169812    0.20947871512730168
0.5372641509433962    0.2099499833277636
0.5382075471698113    0.21112815382904176
0.5391509433962265    0.21042125152827487
0.5400943396226415    0.2146626653329267
0.5410377358490566    0.19557630321217037
0.5419811320754717    0.20076025341779416
0.5429245283018869    0.2080649105257186
0.5438679245283019    0.2075936423252562
0.5448113207547169    0.21301322663108677
0.5457547169811321    0.2073580082249517
0.5466981132075472    0.22997888184949192
0.5476415094339623    0.21089251972883574
0.5485849056603773    0.21749027453594366
0.5495283018867925    0.21725464043568807
0.5504716981132076    0.22149605424028934
0.5514150943396227    0.23021451594980172
0.5523584905660377    0.22243859064131186
0.5533018867924528    0.23516283205511573
0.554245283018868    0.24435256196508515
0.555188679245283    0.2504790485717904
0.5561320754716981    0.2368122707569051
0.5570754716981132    0.23563410025562695
0.5580188679245284    0.24623763476713018
0.5589622641509434    0.24341002556411992
0.5599056603773584    0.25118595087249834
0.5608490566037736    0.24835834166943083
0.5617924528301887    0.25825497388016716
0.5627358490566038    0.258961876180995
0.5636792452830188    0.2683872401911591
0.564622641509434    0.27074358119371533
0.5655660377358491    0.2474158052684083
0.5665094339622642    0.2676803378904552
0.5674528301886792    0.27309992219627166
0.5683962264150944    0.257076803378889
0.5693396226415095    0.26862287429141474
0.5702830188679245    0.26791597199071093
0.5712264150943396    0.2693297765921816
0.5721698113207547    0.253306657774799
0.5731132075471699    0.26555963098809154
0.5740566037735849    0.2530710236746029
0.575    0.25778370567965586
0.5759433962264151    0.2613182171834903
0.5768867924528303    0.2683872401911591
0.5778301886792453    0.24953651217076767
0.5787735849056603    0.25778370567965586
0.5797169811320755    0.25825497388016716
0.5806603773584906    0.25401356007556586
0.5816037735849057    0.26343892408585295
0.5825471698113207    0.26014004668221213
0.5834905660377359    0.2587262420806784
0.584433962264151    0.2379904412581832
0.585377358490566    0.26226075358457457
0.5863207547169811    0.253306657774799
0.5872641509433962    0.2516572190730096
0.5882075471698114    0.253306657774799
0.5891509433962264    0.25024341447153475
0.5900943396226415    0.25778370567965586
0.5910377358490566    0.2617894853840016
0.5919811320754718    0.2490652439701977
0.5929245283018868    0.249300878070512
0.5938679245283018    0.25990441258195657
0.594811320754717    0.25801933977991154
0.5957547169811321    0.2584906079804228
0.5966981132075472    0.24011114816054038
0.5976415094339622    0.24576636656661893
0.5985849056603774    0.23492719795486008
0.5995283018867925    0.23398466155383757
0.6004716981132076    0.23492719795491535
0.6014150943396226    0.24482383016559642
0.6023584905660377    0.22832944314770254
0.6033018867924529    0.23045015005000316
0.6042452830188679    0.21678337223522784
0.605188679245283    0.23280649105255943
0.6061320754716981    0.22432366344335686
0.6070754716981133    0.2203178837390112
0.6080188679245283    0.20830054462602327
0.6089622641509433    0.20853617872622987
0.6099056603773585    0.2064154718239292
0.6108490566037736    0.22055351783926683
0.6117924528301887    0.19769701011451754
0.6127358490566037    0.1967544737134485
0.6136792452830189    0.19604757141268164
0.614622641509434    0.20311659442035043
0.6155660377358491    0.1875647438035232
0.6165094339622641    0.18497276870066717
0.6174528301886792    0.18638657330220093
0.6183962264150944    0.1948694009114035
0.6193396226415094    0.19911081471605163
0.6202830188679245    0.18332332999887777
0.6212264150943396    0.19911081471600478
0.6221698113207548    0.1932199622096141
0.6231132075471698    0.19510503501170506
0.6240566037735849    0.19840391241523792
0.625    0.19086362120705785
0.6259433962264151    0.18874291430475718
0.6268867924528302    0.18968545070582435
0.6278301886792452    0.1948694009114035
0.6287735849056604    0.1986395465154935
0.6297169811320755    0.20523730132265108
0.6306603773584906    0.18685784150275614
0.6316037735849056    0.19887518061574916
0.6325471698113208    0.19369123041012534
0.6334905660377359    0.18944981660552407
0.6344339622641509    0.18638657330224478
0.635377358490566    0.18897854840501283
0.6363207547169811    0.18685784150271217
0.6372641509433963    0.18732910970322345
0.6382075471698113    0.19651883961323913
0.6391509433962264    0.19298432810935848
0.6400943396226415    0.18520840280092277
0.6410377358490567    0.19251305990884723
0.6419811320754717    0.17955318439483
0.6429245283018867    0.19086362120705785
0.6438679245283019    0.18944981660552407
0.644811320754717    0.18167389129708836
0.6457547169811321    0.18520840280096637
0.6466981132075471    0.19039235300654658
0.6476415094339623    0.19769701011447102
0.6485849056603774    0.2064154718239292
0.6495283018867924    0.21277759253088122
0.6504716981132075    0.19981771701677165
0.6514150943396226    0.2073580082249517
0.6523584905660378    0.21843281093696618
0.6533018867924528    0.20782927642551188
0.6542452830188679    0.19699010781370413
0.655188679245283    0.19981771701677165
0.6561320754716982    0.1993464488162604
0.6570754716981132    0.20052461931758575
0.6580188679245282    0.23021451594974754
0.6589622641509434    0.2262087362454019
0.6599056603773585    0.23728353895741633
0.6608490566037736    0.2280938090475006
0.6617924528301886    0.22385239524284561
0.6627358490566038    0.22738690674668002
0.6636792452830189    0.22597310214514624
0.664622641509434    0.23610536845619376
0.665566037735849    0.22149605424028934
0.6665094339622641    0.23657663665664946
0.6674528301886793    0.22927197954872502
0.6683962264150943    0.23351339335338125
0.6693396226415094    0.23704790485716074
0.6702830188679245    0.2419962209625289
0.6712264150943397    0.23987551406022822
0.6721698113207547    0.2427031232633529
0.6731132075471697    0.24223185506278452
0.6740566037735849    0.24623763476713018
0.675    0.2377548071579276
0.6759433962264151    0.2384617094587506
0.6768867924528301    0.23139268645102568
0.6778301886792453    0.24953651217070894
0.6787735849056604    0.2573124374791447
0.6797169811320755    0.2516572190730688
0.6806603773584905    0.24882960986994207
0.6816037735849056    0.26815160609090344
0.6825471698113208    0.24270312326329577
0.6834905660377358    0.26343892408585295
0.6844339622641509    0.26249638768476846
0.685377358490566    0.25919751028118965
0.6863207547169812    0.2596687784817009
0.6872641509433962    0.24741580526846654
0.6882075471698113    0.24576636656661893
0.6891509433962264    0.2568411692786334
0.6900943396226416    0.24623763476713018
0.6910377358490567    0.2504790485717314
0.6919811320754717    0.2584906079804836
0.6929245283018868    0.25825497388016716
0.6938679245283019    0.27404245859729415
0.6948113207547171    0.24600200066687453
0.6957547169811321    0.27097921529403474
0.6966981132075472    0.27145048349448225
0.6976415094339623    0.2695654106924373
0.6985849056603775    0.2921862843169774
0.6995283018867925    0.2903012115150007
0.7004716981132075    0.28087584750470734
0.7014150943396227    0.2978415027231125
0.7023584905660378    0.2952495276203006
0.7033018867924529    0.2999622096254837
0.7042452830188679    0.2952495276203006
0.7051886792452831    0.3192842058463745
0.7061320754716982    0.3206980104479083
0.7070754716981132    0.3232899855507963
0.7080188679245283    0.3155140602422845
0.7089622641509434    0.32941647215736647
0.7099056603773586    0.3357785928642684
0.7108490566037736    0.34214071357125087
0.7117924528301887    0.3268244970545546
0.7127358490566038    0.33460042236299026
0.713679245283019    0.346146493275516
0.714622641509434    0.34591085917534176
0.715566037735849    0.33719239746580215
0.7165094339622642    0.3565143936867636
0.7174528301886793    0.37112370790261245
0.7183962264150944    0.36499722129605205
0.7193396226415094    0.38549738801820566
0.7202830188679246    0.3690030010003118
0.7212264150943397    0.3836123152161607
0.7221698113207548    0.3871468267200862
0.7231132075471698    0.3824341447148826
0.7240566037735849    0.3836123152161607
0.7250000000000001    0.3715949761031237
0.7259433962264151    0.4019917750361942
0.7268867924528302    0.4022274091363552
0.7278301886792453    0.38596865621871695
0.7287735849056605    0.393508947426897
0.7297169811320755    0.38761809492059757
0.7306603773584905    0.4076469934422346
0.7316037735849057    0.3873824608202507
0.7325471698113208    0.3741869512059356
0.7334905660377359    0.39303767922647825
0.7344339622641509    0.4076469934422346
0.7353773584905661    0.4076469934422346
0.7363207547169812    0.39021007002331826
0.7372641509433963    0.40953206624437605
0.7382075471698113    0.4142447482493922
0.7391509433962264    0.4050550183394227
0.7400943396226416    0.41683672335220406
0.7410377358490566    0.41471601645000106
0.7419811320754717    0.4147160164499034
0.7429245283018868    0.4102389685450465
0.743867924528302    0.4045837501389115
0.744811320754717    0.4097677003446317
0.745754716981132    0.43733689007444365
0.7466981132075472    0.4326242080693311
0.7476415094339623    0.46372790930307384
0.7485849056603774    0.43827942647556933
0.7495283018867924    0.4413426697787893
0.7504716981132076    0.46631988440588573
0.7514150943396227    0.44794042458594685
0.7523584905660378    0.4517105701901432
0.7533018867924528    0.4434633766810899
0.754245283018868    0.4429921084805787
0.7551886792452831    0.4533600088918263
0.7561320754716981    0.45406691119270004
0.7570754716981132    0.4677336890074195
0.7580188679245283    0.4458197176836462
0.7589622641509435    0.4634922752028182
0.7599056603773585    0.47103256641110913
0.7608490566037736    0.452888740691315
0.7617924528301887    0.46679115260639703
0.7627358490566039    0.463021007002307
0.7636792452830189    0.47103256641110913
0.7646226415094339    0.476923418917389
0.7655660377358491    0.4554807157941269
0.7665094339622642    0.4533600088918263
0.7674528301886793    0.4394575969768477
0.7683962264150943    0.4401644992775111
0.7693396226415095    0.423198844059106
0.7702830188679246    0.4100033344447909
0.7712264150943396    0.43215293986892156
0.7721698113207547    0.4081182616427459
0.7731132075471698    0.417543625652971
0.774056603773585    0.40741135934197903
0.775    0.4114171390464215
0.7759433962264151    0.3996354340335433
0.7768867924528302    0.391623874624852
0.7778301886792454    0.39515838612868637
0.7787735849056604    0.39327331332673393
0.7797169811320754    0.40599755474044524
0.7806603773584906    0.39280204512613015
0.7816037735849057    0.3862042903189726
0.7825471698113208    0.3748938535067907
0.7834905660377358    0.3810203401133488
0.784433962264151    0.3895031677225514
0.7853773584905661    0.38573302211846133
0.7863207547169812    0.4005779704346601
0.7872641509433962    0.40057797043456583
0.7882075471698113    0.4015205068355883
0.7891509433962265    0.4001067022340546
0.7900943396226415    0.4048193842392624
0.7910377358490566    0.40694009114146773
0.7919811320754717    0.41848616205399347
0.7929245283018869    0.426968989663196
0.7938679245283019    0.43498054907198974
0.7948113207547169    0.4406357674780224
0.7957547169811321    0.45218183839054815
0.7966981132075472    0.45713015449591626
0.7976415094339623    0.4988373902412797
0.7985849056603773    0.4781015894186671
0.7995283018867925    0.4981304879403954
0.8004716981132076    0.49789485384013976
0.8014150943396227    0.5205157274648025
0.8023584905660377    0.5341825052795063
0.8033018867924528    0.5198088251639131
0.804245283018868    0.5560964766032797
0.805188679245283    0.5480849171947173
0.8061320754716981    0.5358319439812957
0.8070754716981132    0.5560964766032797
0.8080188679245284    0.5777748138267973
0.8089622641509434    0.5869645437369049
0.8099056603773584    0.5872001778370223
0.8108490566037736    0.589320884739323
0.8117924528301887    0.5591597199066027
0.8127358490566038    0.5589240858064787
0.8136792452830188    0.5551539402022572
0.814622641509434    0.5718839613204066
0.8155660377358491    0.563401133711204
0.8165094339622642    0.5473780148939503
0.8174528301886792    0.5626942314104372
0.8183962264150944    0.5610447927086477
0.8193396226415095    0.5824874958319098
0.8202830188679245    0.5716483272202856
0.8212264150943396    0.5527975991997008
0.8221698113207547    0.5652862065132491
0.8231132075471699    0.5937979326441799
0.8240566037735849    0.5549183061021321
0.825    0.5648149383127378
0.8259433962264151    0.5626942314104372
0.8268867924528303    0.5624585973101814
0.8278301886792453    0.5930910303435527
0.8287735849056603    0.6128842947648857
0.8297169811320755    0.593091030343413
0.8306603773584906    0.6314993886850802
0.8316037735849057    0.6216027564744901
0.8325471698113207    0.627257974880479
0.8334905660377359    0.5989818828498037
0.834433962264151    0.6105279537623294
0.835377358490566    0.6152406357675867
0.8363207547169811    0.6003956874513375
0.8372641509433962    0.5888496165388118
0.8382075471698114    0.6011025897521044
0.8391509433962264    0.6053440035568481
0.8400943396226415    0.6022807602533825
0.8410377358490566    0.5831943981326767
0.8419811320754718    0.5954473713459694
0.8429245283018868    0.5848438368346038
0.8438679245283018    0.5850794709347218
0.844811320754717    0.5740046682227072
0.8457547169811321    0.5923841280426462
0.8466981132075472    0.5702345226187515
0.8476415094339622    0.5897921529398342
0.8485849056603774    0.5937979326441799
0.8495283018867925    0.6006313215515932
0.8504716981132076    0.6051083694565924
0.8514150943396226    0.6194820495720432
0.8523584905660377    0.6383327775924935
0.8533018867924529    0.619010781371532
0.8542452830188679    0.6362120706903425
0.855188679245283    0.6380971434922378
0.8561320754716981    0.6651950650216348
0.8570754716981133    0.6633099922195899
0.8580188679245283    0.6595398466156551
0.8589622641509433    0.6656663332221462
0.8599056603773585    0.6786262087362057
0.8608490566037736    0.6734422585305819
0.8617924528301887    0.7014827164611666
0.8627358490566037    0.68970101144822
0.8636792452830189    0.7179771034788953
0.864622641509434    0.692999888851799
0.8655660377358491    0.6915860842504279
0.8665094339622641    0.7097299099699483
0.8674528301886792    0.7031321551627908
0.8683962264150944    0.702425252862024
0.8693396226415094    0.7224541513839223
0.8702830188679245    0.7045459597643245
0.8712264150943396    0.7222185172834966
0.8721698113207548    0.7302300766921879
0.8731132075471698    0.7457819273092348
0.8740566037735849    0.7453106591085481
0.875    0.7394198066021573
0.8759433962264151    0.7017183505612571
0.8768867924528302    0.7441324886074451
0.8778301886792452    0.7372990996998567
0.8787735849056604    0.7365921973990899
0.8797169811320755    0.7332933199955111
0.8806603773584906    0.7321151494944053
0.8816037735849056    0.7413048794042024
0.8825471698113208    0.7304657107924435
0.8834905660377359    0.7417761476047137
0.8844339622641509    0.7450750250084678
0.885377358490566    0.7891386017560946
0.8863207547169811    0.791494942758651
0.8872641509433963    0.7955007224629966
0.8882075471698113    0.8086962320775021
0.8891509433962264    0.8355585195064532
0.8900943396226415    0.8075180615760336
0.8910377358490567    0.8605357341335497
0.8919811320754717    0.8614782705347749
0.8929245283018867    0.9119039679892763
0.8938679245283019    0.9404156941202072
0.894811320754717    0.9446571079248086
0.8957547169811321    0.978588418361849
0.8966981132075471    0.9995598532843696
0.8976415094339623    1.0344337001222024
0.8985849056603774    1.0589396465487875
0.8995283018867924    1.0561120373459687
0.9004716981132075    1.103945759697612
0.9014150943396226    1.1048882960986348
0.9023584905660378    1.1018250527953117
0.9033018867924528    1.1268022674226734
0.9042452830188679    1.1388196065354452
0.905188679245283    1.1473024341446476
0.9061320754716982    1.1692164054684209
0.9070754716981132    1.156020895854378
0.9080188679245282    1.1741647215737891
0.9089622641509434    1.1760497943758341
0.9099056603773585    1.173693453373278
0.9108490566037736    1.1595554073582133
0.9117924528301886    1.161676114260241
0.9127358490566038    1.176756696676601
0.9136792452830189    1.1706302100699548
0.914622641509434    1.206446593309094
0.915566037735849    1.2215271757251702
0.9165094339622641    1.2622918750693937
0.9174528301886793    1.2695965321773182
0.9183962264150943    1.2875047237970487
0.9193396226415094    1.3292119595419918
0.9202830188679245    1.4126264310324836
0.9212264150943397    1.4651728353894884
0.9221698113207547    1.4842591975105435
0.9231132075471697    1.5393975769700108
0.9240566037735849    1.5862887629208806
0.925    1.6070245637433758
0.9259433962264151    1.6631054796046065
0.9268867924528301    1.681484939424154
0.9278301886792453    1.7111748360563628
0.9287735849056604    1.701749472046138
0.9297169811320755    1.720600200066993
0.9306603773584905    1.7184794931642873
0.9316037735849056    1.7260197843724674
0.9325471698113208    1.724370345670678
0.933490566037736    1.7448705123929176
0.934433962264151    1.7286117594756862
0.935377358490566    1.8165032788706283
0.9363207547169812    1.8259286428808532
0.9372641509433963    1.8452506391018149
0.9382075471698114    1.924423696788158
0.9391509433962264    1.9847460264531458
0.9400943396226416    2.040355674113474
0.9410377358490567    2.056850061131368
0.9419811320754717    2.119293097699608
0.9429245283018868    2.1428565077246717
0.9438679245283019    2.1996443258862777
0.9448113207547171    2.237110147826922
0.9457547169811321    2.1803223296658296
0.9466981132075472    2.2488918528397037
0.9476415094339623    2.253604534844816
0.9485849056603775    2.1944603756806536
0.9495283018867925    2.2293342225190114
0.9504716981132075    2.2837656996775366
0.9514150943396227    2.257374680448906
0.9523584905660378    2.211426030899059
0.9533018867924529    2.257139046349182
0.9542452830188679    2.302852061798242
0.9551886792452831    2.3101567189061667
0.9561320754716982    2.3938068244969144
0.9570754716981132    2.4414049127491255
0.9580188679245283    2.5036123152160368
0.9589622641509434    2.5592219628763644
0.9599056603773586    2.6155385128374595
0.9608490566037736    2.7211025897526206
0.9617924528301887    2.814649327553464
0.9627358490566038    2.864839390907912
0.963679245283019    2.8957074580413997
0.964622641509434    3.0582949872185017
0.965566037735849    3.071726130932353
0.9665094339622642    3.2357274647102696
0.9674528301886793    3.2635322885404334
0.9683962264150944    3.2826186506619117
0.9693396226415094    3.4049127486938096
0.9702830188679246    3.5067066800042404
0.9712264150943397    3.6923863510056742
0.9721698113207548    3.839186395465833
0.9731132075471698    3.843663443369787
0.9740566037735849    3.8962098477267917
0.9750000000000001    3.9237790374567
0.9759433962264151    3.966193175503647
0.9768867924528302    4.057619206401896
0.9778301886792453    4.105217294653532
0.9787735849056605    4.280529065243719
0.9797169811320755    4.458668445038023
0.9806603773584905    4.751561631654718
0.9816037735849057    5.205628542847311
0.9825471698113208    5.489567633655341
0.9834905660377359    5.874593753474419
0.9844339622641509    6.017859286428457
0.9853773584905661    6.3378503945755975
0.9863207547169812    6.664910525730408
0.9872641509433963    6.927878181617319
0.9882075471698113    7.162098477269781
0.9891509433962264    7.265541847282002
0.9900943396226416    7.298059353117278
0.9910377358490566    6.965108369457717
0.9919811320754717    6.234171390463122
0.9929245283018868    5.089225297321031
0.993867924528302    4.0646882294095645
0.994811320754717    3.715714126931856
0.995754716981132    3.2281871735020893
0.9966981132075472    1.7043414471489498
0.9976415094339623    0.14444370345669932
0.9985849056603774    0.0
0.9995283018867924    0.0