-0.9995283018867924    0.0
-0.9985849056603773    0.0
-0.9976415094339622    0.0
-0.9966981132075472    0.0
-0.995754716981132    0.0
-0.9948113207547169    0.0
-0.9938679245283019    0.0
-0.9929245283018868    0.0
-0.9919811320754717    0.0
-0.9910377358490565    0.0
-0.9900943396226415    0.0
-0.9891509433962264    0.0
-0.9882075471698113    0.0
-0.9872641509433961    0.0
-0.9863207547169811    0.0
-0.9853773584905661    0.0
-0.9844339622641509    0.0
-0.9834905660377358    0.0
-0.9825471698113207    0.0
-0.9816037735849057    0.0
-0.9806603773584905    0.0
-0.9797169811320754    0.0
-0.9787735849056604    0.0
-0.9778301886792453    0.0
-0.9768867924528302    0.0
-0.975943396226415    0.0
-0.975    0.0
-0.9740566037735849    0.0
-0.9731132075471698    0.0
-0.9721698113207546    0.0
-0.9712264150943396    0.0
-0.9702830188679246    0.0
-0.9693396226415094    0.0
-0.9683962264150943    0.0
-0.9674528301886792    0.0007069023007668808
-0.9665094339622642    0.0
-0.965566037735849    0.0
-0.9646226415094339    0.0011781705012782733
-0.9636792452830188    0.0011781705012781348
-0.9627358490566038    0.0014138046015339282
-0.9617924528301887    0.0030632433033231507
-0.9608490566037735    0.004241413804601785
-0.9599056603773585    0.004477047904856912
-0.9589622641509434    0.007540291208180949
-0.9580188679245283    0.013431143714570735
-0.9570754716981131    0.013902411915083627
-0.9561320754716981    0.012724241413803856
-0.9551886792452831    0.017201289318662792
-0.9542452830188679    0.022620873624540187
-0.9533018867924528    0.03463821273758124
-0.9523584905660377    0.040764699344223464
-0.9514150943396227    0.04665555185061963
-0.9504716981132075    0.050896965655215426
-0.9495283018867924    0.061264866066470226
-0.9485849056603773    0.07304657107924435
-0.9476415094339623    0.0909547626986827
-0.9466981132075472    0.09778815160608519
-0.945754716981132    0.1159319773257821
-0.944811320754717    0.12394353673445978
-0.9438679245283019    0.14939201956208506
-0.9429245283018868    0.1583461153717813
-0.9419811320754716    0.17012782038458268
-0.9410377358490566    0.18732910970322345
-0.9400943396226416    0.20005335111705083
-0.9391509433962264    0.21843281093696618
-0.9382075471698113    0.23987551406025648
-0.9372641509433962    0.25000778037122023
-0.9363207547169812    0.2693297765922133
-0.935377358490566    0.27851950650215107
-0.9344339622641509    0.2994909414249371
-0.9334905660377358    0.3103301100366607
-0.9325471698113208    0.3298877403579165
-0.9316037735849056    0.3383705679670803
-0.9306603773584905    0.33719239746584184
-0.9297169811320755    0.35627875958650795
-0.9287735849056604    0.38007780371237104
-0.9278301886792453    0.39539402022894204
-0.9268867924528301    0.40529065243972606
-0.9259433962264151    0.3993997999332877
-0.925    0.40741135934202694
-0.9240566037735849    0.42084250305654974
-0.9231132075471697    0.4340380126709159
-0.9221698113207547    0.4639635434033295
-0.9212264150943397    0.46631988440594063
-0.9202830188679245    0.45524508169387123
-0.9193396226415094    0.4948316105368748
-0.9183962264150943    0.4832855396242908
-0.9174528301886793    0.49624541513840875
-0.9165094339622641    0.5092052906524099
-0.915566037735849    0.5224008002667865
-0.914622641509434    0.5273491163720931
-0.9136792452830189    0.5405446259864718
-0.9127358490566038    0.5334756029787394
-0.9117924528301886    0.544550405690818
-0.9108490566037736    0.5615160609091591
-0.9099056603773585    0.582723129932234
-0.9089622641509434    0.5702345226186172
-0.9080188679245282    0.576596643325587
-0.9070754716981132    0.5883783483383005
-0.9061320754716982    0.5989818828498742
-0.905188679245283    0.6067578081582393
-0.9042452830188679    0.5989818828498742
-0.9033018867924528    0.6211314882738326
-0.9023584905660378    0.6190107813716048
-0.9014150943396226    0.5907346893408567
-0.9004716981132075    0.598510614649363
-0.8995283018867924    0.6140624652661638
-0.8985849056603774    0.6044014671557543
-0.8976415094339623    0.6260798043792007
-0.8966981132075471    0.6322062909859215
-0.8957547169811321    0.6039301989551719
-0.894811320754717    0.6340913637879668
-0.8938679245283019    0.6062865399577282
-0.8929245283018867    0.656476603312254
-0.8919811320754717    0.6263154384794564
-0.8910377358490567    0.6218383905746727
-0.8900943396226415    0.6107635878625851
-0.8891509433962264    0.6199533177726275
-0.8882075471698113    0.6355051683894258
-0.8872641509433963    0.6322062909859215
-0.8863207547169811    0.6091141491607956
-0.885377358490566    0.5954473713460394
-0.8844339622641509    0.6187751472712765
-0.8834905660377359    0.6020451261531978
-0.8825471698113208    0.615240635767442
-0.8816037735849056    0.6131199288652135
-0.8806603773584906    0.6194820495720432
-0.8797169811320755    0.6015738579526864
-0.8787735849056604    0.6142980993664194
-0.8778301886792452    0.6020451261531978
-0.8768867924528302    0.6206602200733214
-0.8759433962264151    0.5914415916416932
-0.875    0.5968611759475031
-0.8740566037735849    0.5685850839168947
-0.8731132075471698    0.5872001778370223
-0.8721698113207548    0.6194820495721162
-0.8712264150943396    0.5864932755362555
-0.8702830188679245    0.568349449816639
-0.8693396226415094    0.5914415916416237
-0.8683962264150944    0.5502056240969537
-0.8674528301886792    0.5848438368344662
-0.8665094339622641    0.5702345226186843
-0.8655660377358491    0.547613648994077
-0.864622641509434    0.5728264977214965
-0.8636792452830189    0.5638724019117154
-0.8627358490566037    0.5737690341225191
-0.8617924528301887    0.5487918194953552
-0.8608490566037736    0.5469067466933745
-0.8599056603773585    0.5643436701122265
-0.8589622641509433    0.5549183061020668
-0.8580188679245283    0.5537401356007233
-0.8570754716981133    0.5556252084028337
-0.8561320754716981    0.5424296987884533
-0.855188679245283    0.5424296987885171
-0.8542452830188679    0.5464354784927989
-0.8533018867924529    0.5438435033900509
-0.8523584905660377    0.5506768922974001
-0.8514150943396226    0.5516194286984877
-0.8504716981132076    0.5377170167833407
-0.8495283018867925    0.5523263309992545
-0.8485849056603774    0.5443147715904983
-0.8476415094339622    0.529469823274456
-0.8466981132075472    0.5285272868733712
-0.8457547169811321    0.5299410914749674
-0.844811320754717    0.5365388462820626
-0.8438679245283018    0.5443147715905624
-0.8429245283018868    0.5502056240968889
-0.8419811320754718    0.5367744803823814
-0.8410377358490566    0.5136823385572667
-0.8400943396226415    0.5195731910637186
-0.8391509433962264    0.5094409247526656
-0.8382075471698114    0.5471423807936302
-0.8372641509433962    0.5367744803823182
-0.8363207547169811    0.5167455818606508
-0.835377358490566    0.5421940646881976
-0.834433962264151    0.5030788040458227
-0.8334905660377359    0.5273491163720931
-0.8325471698113207    0.5014293653440332
-0.8316037735849057    0.49506724463707225
-0.8306603773584906    0.5110903634545151
-0.8297169811320755    0.5226364343669806
-0.8287735849056603    0.5127398021563047
-0.8278301886792453    0.5134467044570111
-0.8268867924528303    0.4950672446371304
-0.8259433962264151    0.5082627542513873
-0.825    0.49035456263201743
-0.8240566037735849    0.48092919862173467
-0.8231132075471699    0.518630654662696
-0.8221698113207547    0.49200400133374905
-0.8212264150943396    0.4684405913082415
-0.8202830188679245    0.478808491719434
-0.8193396226415095    0.4896476603312504
-0.8183962264150944    0.47975102812045645
-0.8174528301886792    0.48540624652659153
-0.816509433962264    0.49059019673227305
-0.8155660377358491    0.4623141047015945
-0.814622641509434    0.482578637323524
-0.8136792452830188    0.48658441702786964
-0.8127358490566037    0.47692341891744505
-0.8117924528301887    0.46891185950875286
-0.8108490566037736    0.4616072024007732
-0.8099056603773584    0.4696187618094645
-0.8089622641509433    0.45571634989443616
-0.8080188679245284    0.47951539402025734
-0.8070754716981132    0.45595198399463815
-0.8061320754716981    0.46537734800486324
-0.8051886792452829    0.4752739802156555
-0.804245283018868    0.4839924419251147
-0.8033018867924528    0.47621651661662207
-0.8023584905660377    0.4616072024007732
-0.8014150943396225    0.45783705679673703
-0.8004716981132076    0.46490607980440674
-0.7995283018867925    0.46561298210511887
-0.7985849056603773    0.45925086139821697
-0.7976415094339622    0.4571301544959701
-0.7966981132075472    0.4538312770923909
-0.7957547169811321    0.4474691563854356
-0.7948113207547169    0.4616072024007732
-0.7938679245283018    0.46302100700236143
-0.7929245283018869    0.4486473268867665
-0.7919811320754717    0.45877959319770567
-0.7910377358490566    0.4467622540846687
-0.7900943396226414    0.48140046682230253
-0.7891509433962265    0.4684405913082415
-0.7882075471698113    0.4580726908969388
-0.7872641509433962    0.47433144381457704
-0.786320754716981    0.4601933977992936
-0.7853773584905661    0.44911859508727786
-0.784433962264151    0.46749805490716384
-0.7834905660377358    0.4455840835833906
-0.7825471698113207    0.4821073691230695
-0.7816037735849057    0.4587795931977597
-0.7806603773584906    0.4731532733132989
-0.7797169811320754    0.46938312770920887
-0.7787735849056603    0.4686762254084971
-0.7778301886792454    0.4672624208069633
-0.7768867924528302    0.46702678670665265
-0.7759433962264151    0.46914749360895325
-0.7749999999999999    0.4917683672335514
-0.774056603773585    0.45995776369903796
-0.7731132075471698    0.48729131932863656
-0.7721698113207547    0.4934178059352829
-0.7712264150943395    0.49035456263201743
-0.7702830188679246    0.45783705679673703
-0.7693396226415095    0.46914749360895325
-0.7683962264150943    0.4781015894186671
-0.7674528301886792    0.49035456263201743
-0.7665094339622642    0.4993086584417323
-0.7655660377358491    0.4736245415138102
-0.7646226415094339    0.4778659553184114
-0.7636792452830188    0.4863487829276713
-0.7627358490566039    0.4936534400355966
-0.7617924528301887    0.5009580971434628
-0.7608490566037736    0.5063776814493423
-0.7599056603773584    0.4835211737246034
-0.7589622641509435    0.47668778481718943
-0.7580188679245283    0.5087340224518986
-0.7570754716981132    0.482578637323524
-0.756132075471698    0.49388907413585226
-0.7551886792452831    0.49106146493278435
-0.754245283018868    0.4995442925419291
-0.7533018867924528    0.4839924419250578
-0.7523584905660377    0.5092052906524698
-0.7514150943396227    0.5000155607424992
-0.7504716981132076    0.4948316105368166
-0.7495283018867924    0.5233433366677475
-0.7485849056603773    0.5011937312437775
-0.7476415094339623    0.492004001333807
-0.7466981132075472    0.5238146048682587
-0.745754716981132    0.5134467044570111
-0.7448113207547169    0.49954429254198796
-0.743867924528302    0.5224008002667865
-0.7429245283018868    0.5193375569634018
-0.7419811320754717    0.5186306546626349
-0.7410377358490565    0.5134467044570715
-0.7400943396226416    0.4931821718350852
-0.7391509433962264    0.5143892408580337
-0.7382075471698113    0.49553851283758343
-0.7372641509433961    0.5209869956652525
-0.7363207547169812    0.5247571412693429
-0.7353773584905661    0.5264065799710707
-0.7344339622641509    0.5285272868733712
-0.7334905660377358    0.5214582638657639
-0.7325471698113208    0.510383461153748
-0.7316037735849057    0.5169812159608456
-0.7306603773584905    0.5289985550738825
-0.7297169811320754    0.5292341891742004
-0.7287735849056605    0.5443147715905624
-0.7278301886792453    0.5294698232743937
-0.7268867924528302    0.5282916527731156
-0.725943396226415    0.52546404357011
-0.7250000000000001    0.5431366010892841
-0.7240566037735849    0.52805601867286
-0.7231132075471698    0.5148605090585449
-0.7221698113207546    0.5386595531844266
-0.7212264150943397    0.5379526508836596
-0.7202830188679246    0.5254640435700481
-0.7193396226415094    0.5421940646881976
-0.7183962264150943    0.5530332333000216
-0.7174528301886793    0.5381882849839152
-0.7165094339622642    0.5198088251639131
-0.715566037735849    0.5334756029787394
-0.7146226415094339    0.5209869956652525
-0.713679245283019    0.5249927753695987
-0.7127358490566038    0.5384239190841076
-0.7117924528301887    0.5172168500611012
-0.7108490566037735    0.5400733577859606
-0.7099056603773586    0.5301767255752231
-0.7089622641509434    0.5443147715904983
-0.7080188679245283    0.5332399688784838
-0.7070754716981131    0.5348894075803361
-0.7061320754716982    0.5553895743025781
-0.7051886792452831    0.5424296987884533
-0.7042452830188679    0.573533400022196
-0.7033018867924528    0.5334756029788021
-0.7023584905660378    0.5339468711793136
-0.7014150943396227    0.5344181393797619
-0.7004716981132075    0.5480849171945883
-0.6995283018867924    0.5419584305880057
-0.6985849056603775    0.5525619650995102
-0.6976415094339623    0.543843503389987
-0.6966981132075472    0.5568033789040465
-0.695754716981132    0.5388951872846822
-0.6948113207547171    0.5320617983772683
-0.6938679245283019    0.5617516950094147
-0.6929245283018868    0.5502056240968889
-0.6919811320754716    0.537717016783404
-0.6910377358490567    0.5511481604979762
-0.6900943396226416    0.5398377236856413
-0.6891509433962264    0.5570390130043021
-0.6882075471698113    0.5820162276314671
-0.6872641509433963    0.5732977659220079
-0.6863207547169812    0.5789529843280754
-0.685377358490566    0.5572746471045578
-0.6844339622641509    0.5749472046237974
-0.683490566037736    0.5806024230299331
-0.6825471698113208    0.5626942314104372
-0.6816037735849056    0.5747115705234742
-0.6806603773584905    0.5610447927087138
-0.6797169811320756    0.5695276203179174
-0.6787735849056604    0.5622229632099259
-0.6778301886792453    0.6001600533510818
-0.6768867924528301    0.568349449816639
-0.6759433962264152    0.5612804268089694
-0.675    0.5655218406135047
-0.6740566037735849    0.579895520729098
-0.6731132075471697    0.5952117372457838
-0.6721698113207548    0.589556518839648
-0.6712264150943397    0.5763610092252636
-0.6702830188679245    0.5789529843280754
-0.6693396226415094    0.5714126931199626
-0.6683962264150944    0.5714126931199626
-0.6674528301886793    0.5695276203178503
-0.6665094339622641    0.5730621318216848
-0.665566037735849    0.5761253751250758
-0.6646226415094341    0.5879070801378584
-0.6636792452830189    0.5876714460375336
-0.6627358490566038    0.5883783483383005
-0.6617924528301886    0.5808380571301888
-0.6608490566037737    0.5999244192508968
-0.6599056603773585    0.5732977659219404
-0.6589622641509434    0.6029876625541495
-0.6580188679245282    0.5690563521174061
-0.6570754716981133    0.5935622985439942
-0.6561320754716982    0.5846082027342104
-0.655188679245283    0.5714126931198953
-0.6542452830188679    0.5761253751250758
-0.6533018867924529    0.5744759364232861
-0.6523584905660378    0.5940335667444356
-0.6514150943396226    0.5996887851505706
-0.6504716981132075    0.5949761031455281
-0.6495283018867926    0.6015738579526864
-0.6485849056603774    0.5808380571301205
-0.6476415094339623    0.5697632544181059
-0.6466981132075471    0.5801311548294218
-0.6457547169811322    0.5692919862176617
-0.644811320754717    0.5711770590196398
-0.6438679245283019    0.573533400022196
-0.6429245283018867    0.5794242525286549
-0.6419811320754718    0.5664643770145938
-0.6410377358490567    0.5841369345336992
-0.6400943396226415    0.5704701567188729
-0.6391509433962264    0.588849616538881
-0.6382075471698113    0.5751828387239853
-0.6372641509433963    0.583430032233001
-0.6363207547169811    0.5775391797265417
-0.635377358490566    0.5848438368344662
-0.6344339622641508    0.5634011337112703
-0.6334905660377359    0.57588974102482
-0.6325471698113208    0.5907346893408567
-0.6316037735849056    0.571648327220151
-0.6306603773584905    0.5674069134156166
-0.6297169811320755    0.5709414249194513
-0.6287735849056604    0.5692919862175948
-0.6278301886792452    0.5843725686339548
-0.6268867924528301    0.5853151050350462
-0.6259433962264151    0.5707057908191957
-0.625    0.5912059575413681
-0.6240566037735849    0.5860220073357443
-0.6231132075471697    0.590263421140415
-0.6221698113207548    0.5897921529399037
-0.6212264150943396    0.5659931088140159
-0.6202830188679245    0.5843725686339548
-0.6193396226415093    0.5605735245082025
-0.6183962264150944    0.5829587640324897
-0.6174528301886792    0.5650505724129934
-0.6165094339622641    0.5937979326441799
-0.615566037735849    0.6036945648549873
-0.614622641509434    0.558924085806413
-0.6136792452830189    0.579188618428331
-0.6127358490566037    0.5886139824385561
-0.6117924528301886    0.6072290763588221
-0.6108490566037736    0.5584528176059016
-0.6099056603773585    0.5803667889296091
-0.6089622641509433    0.5839013004334436
-0.6080188679245282    0.5874358119373471
-0.6070754716981133    0.5796598866289105
-0.6061320754716981    0.5761253751250079
-0.605188679245283    0.5907346893408567
-0.6042452830188678    0.5926197621429715
-0.6033018867924529    0.5836656663332567
-0.6023584905660377    0.5761253751250079
-0.6014150943396226    0.587435811937278
-0.6004716981132074    0.5930910303434828
-0.5995283018867925    0.6055796376570326
-0.5985849056603774    0.5883783483383005
-0.5976415094339622    0.5794242525285866
-0.5966981132075471    0.5872001778370914
-0.5957547169811321    0.5959186395465507
-0.594811320754717    0.5869645437367668
-0.5938679245283018    0.6003956874513375
-0.5929245283018867    0.6053440035567769
-0.5919811320754718    0.5890852506391367
-0.5910377358490566    0.5904990552406012
-0.5900943396226415    0.5888496165388118
-0.5891509433962263    0.5968611759475734
-0.5882075471698114    0.5909703234411819
-0.5872641509433962    0.6001600533510818
-0.5863207547169811    0.5912059575413681
-0.5853773584905659    0.5813093253307001
-0.584433962264151    0.5782460820273766
-0.5834905660377359    0.5872001778370223
-0.5825471698113207    0.5765966433255191
-0.5816037735849056    0.590263421140415
-0.5806603773584906    0.5810736912304445
-0.5797169811320755    0.583665666333188
-0.5787735849056603    0.5907346893408567
-0.5778301886792452    0.5966255418473176
-0.5768867924528303    0.5876714460376028
-0.5759433962264151    0.5864932755362555
-0.575    0.5888496165388118
-0.5740566037735848    0.5942692008447611
-0.5731132075471699    0.5904990552406707
-0.5721698113207547    0.5765966433255191
-0.5712264150943396    0.5827231299321655
-0.5702830188679244    0.5949761031455281
-0.5693396226415095    0.6036945648549873
-0.5683962264150944    0.5831943981326767
-0.5674528301886792    0.5664643770145272
-0.566509433962264    0.5966255418473176
-0.5655660377358491    0.5784817161276322
-0.564622641509434    0.5881427142380449
-0.5636792452830188    0.5954473713459694
-0.5627358490566037    0.5921484939424603
-0.5617924528301887    0.5904990552406707
-0.5608490566037736    0.5912059575413681
-0.5599056603773584    0.5784817161275642
-0.5589622641509433    0.5702345226186843
-0.5580188679245284    0.5860220073358132
-0.5570754716981132    0.5907346893408567
-0.5561320754716981    0.5855507391352329
-0.5551886792452829    0.5923841280427159
-0.554245283018868    0.5980393464488516
-0.5533018867924528    0.5824874958319098
-0.5523584905660377    0.5728264977214291
-0.5514150943396225    0.5761253751250758
-0.5504716981132076    0.5751828387240531
-0.5495283018867925    0.59756807824827
-0.5485849056603773    0.5794242525285866
-0.5476415094339622    0.5725908636212409
-0.5466981132075472    0.5855507391353019
-0.5457547169811321    0.564108036011971
-0.5448113207547169    0.5707057908191285
-0.5438679245283018    0.5815449594309557
-0.5429245283018869    0.5723552295209853
-0.5419811320754717    0.5575102812048134
-0.5410377358490566    0.5615160609091591
-0.5400943396226414    0.5641080360120373
-0.5391509433962265    0.5671712793153608
-0.5382075471698113    0.583665666333188
-0.5372641509433962    0.5794242525285866
-0.536320754716981    0.5732977659220079
-0.5353773584905661    0.5777748138268654
-0.534433962264151    0.5761253751250079
-0.5334905660377358    0.59002778704009
-0.5325471698113207    0.5619873291097365
-0.5316037735849057    0.5942692008447611
-0.5306603773584906    0.5831943981326767
-0.5297169811320754    0.5560964766032797
-0.5287735849056603    0.5730621318217523
-0.5278301886792454    0.5744759364232861
-0.5268867924528302    0.5718839613204066
-0.5259433962264151    0.5834300322329324
-0.5249999999999999    0.5806024230299331
-0.524056603773585    0.5690563521174061
-0.5231132075471698    0.5695276203178503
-0.5221698113207547    0.5662287429142715
-0.5212264150943395    0.556096476603345
-0.5202830188679246    0.5912059575414376
-0.5193396226415095    0.5586884517060916
-0.5183962264150943    0.5631654996109484
-0.5174528301886792    0.5912059575414376
-0.5165094339622642    0.5815449594309557
-0.5155660377358491    0.5737690341224516
-0.5146226415094339    0.5904990552406012
-0.5136792452830188    0.5662287429143382
-0.5127358490566039    0.5850794709347906
-0.5117924528301887    0.5575102812048134
-0.5108490566037736    0.5558608425030239
-0.5099056603773584    0.564343670112293
-0.5089622641509435    0.5796598866289105
-0.5080188679245283    0.5558608425030239
-0.5070754716981132    0.5824874958319098
-0.506132075471698    0.5754184728243087
-0.5051886792452831    0.5638724019117817
-0.504245283018868    0.5794242525285866
-0.5033018867924528    0.577303545626286
-0.5023584905660377    0.5775391797266097
-0.5014150943396227    0.5756541069245643
-0.5004716981132076    0.5568033789040465
-0.4995283018867924    0.5553895743025127
-0.49858490566037733    0.5662287429143382
-0.49764150943396224    0.5751828387239853
-0.49669811320754714    0.569763254418173
-0.49575471698113205    0.5904990552406012
-0.49481132075471695    0.5841369345337679
-0.49386792452830186    0.5978037123485256
-0.49292452830188677    0.5763610092253314
-0.49198113207547167    0.5824874958319098
-0.4910377358490566    0.5945048349450167
-0.4900943396226415    0.5643436701122265
-0.4891509433962264    0.5782460820273766
-0.4882075471698113    0.5669356452150385
-0.4872641509433962    0.5695276203179174
-0.4863207547169811    0.5695276203178503
-0.485377358490566    0.5808380571301888
-0.4844339622641509    0.5699988885183616
-0.4834905660377358    0.5631654996110147
-0.48254716981132073    0.5551539402022572
-0.48160377358490564    0.5671712793153608
-0.48066037735849054    0.5810736912303761
-0.47971698113207545    0.564343670112293
-0.47877358490566035    0.5777748138267973
-0.47783018867924526    0.5702345226186843
-0.47688679245283017    0.5770679115260304
-0.47594339622641507    0.5801311548294218
-0.475    0.5912059575413681
-0.4740566037735849    0.5716483272202183
-0.4731132075471698    0.553975769700979
-0.4721698113207547    0.5549183061020668
-0.4712264150943396    0.587435811937278
-0.4702830188679245    0.5685850839168947
-0.4693396226415094    0.5867289096365111
-0.4683962264150943    0.5716483272202183
-0.4674528301886792    0.5850794709347218
-0.46650943396226413    0.5471423807936302
-0.46556603773584904    0.5523263309991896
-0.46462264150943394    0.5704701567189401
-0.46367924528301885    0.5742403023229629
-0.46273584905660375    0.5740046682227748
-0.46179245283018866    0.5685850839168278
-0.46084905660377357    0.5695276203179174
-0.45990566037735847    0.5589240858063471
-0.4589622641509434    0.5714126931199626
-0.4580188679245283    0.599453151050315
-0.4570754716981132    0.5685850839168947
-0.4561320754716981    0.5636367678114597
-0.455188679245283    0.5629298655107591
-0.4542452830188679    0.5629298655106928
-0.4533018867924528    0.5539757697010441
-0.4523584905660377    0.5714126931198953
-0.4514150943396226    0.5761253751250758
-0.45047169811320753    0.5667000111147829
-0.44952830188679244    0.5619873291097365
-0.44858490566037734    0.5513837945981671
-0.44764150943396225    0.5664643770145938
-0.44669811320754715    0.553975769700979
-0.44575471698113206    0.5535045015005329
-0.44481132075471697    0.5572746471045578
-0.44386792452830187    0.5622229632099921
-0.4429245283018868    0.5671712793152941
-0.4419811320754717    0.5412515282872389
-0.4410377358490566    0.5652862065132491
-0.4400943396226415    0.5525619650995102
-0.4391509433962264    0.5292341891741381
-0.4382075471698113    0.5504412581972093
-0.4372641509433962    0.5598666222073696
-0.4363207547169811    0.5591597199066686
-0.435377358490566    0.547613648994077
-0.43443396226415093    0.5518550627987433
-0.43349056603773584    0.5490274535956108
-0.43254716981132074    0.5615160609092251
-0.43160377358490565    0.5341825052795063
-0.43066037735849055    0.5532688674002773
-0.42971698113207546    0.5450216738912651
-0.42877358490566037    0.5626942314105033
-0.42783018867924527    0.541958430587942
-0.4268867924528302    0.5466711125931188
-0.4259433962264151    0.5346537734800175
-0.425    0.5558608425030894
-0.4240566037735849    0.5560964766032797
-0.4231132075471698    0.5332399688785465
-0.4221698113207547    0.5341825052795063
-0.4212264150943396    0.5483205512949084
-0.4202830188679245    0.5320617983772057
-0.4193396226415094    0.5271134822718996
-0.41839622641509433    0.5530332332999565
-0.41745283018867924    0.5292341891742004
-0.41650943396226414    0.541958430587942
-0.41556603773584905    0.5313548960765013
-0.41462264150943395    0.5266422140713263
-0.41367924528301886    0.5233433366678091
-0.41273584905660377    0.5424296987884533
-0.41179245283018867    0.5388951872846822
-0.4108490566037736    0.5275847504723488
-0.4099056603773585    0.529469823274456
-0.4089622641509434    0.5294698232743937
-0.4080188679245283    0.5271134822718996
-0.4070754716981132    0.5233433366677475
-0.4061320754716981    0.5469067466933745
-0.405188679245283    0.5370101144825739
-0.4042452830188679    0.5419584305880057
-0.4033018867924528    0.5417227964876864
-0.40235849056603773    0.5542114038012999
-0.40141509433962264    0.5035500722462748
-0.40047169811320754    0.5143892408580942
-0.39952830188679245    0.5457285761920321
-0.39858490566037735    0.5153317772591168
-0.39764150943396226    0.5374813826830851
-0.39669811320754716    0.5099121929532368
-0.39575471698113207    0.5294698232743937
-0.394811320754717    0.5327687006780353
-0.3938679245283019    0.5275847504723488
-0.3929245283018868    0.5233433366678091
-0.3919811320754717    0.5249927753695369
-0.3910377358490566    0.5374813826831484
-0.3900943396226415    0.5059064132488311
-0.3891509433962264    0.5122685339557933
-0.3882075471698113    0.5289985550738825
-0.3872641509433962    0.517923752361929
-0.38632075471698113    0.5134467044570111
-0.38537735849056604    0.5198088251639743
-0.38443396226415094    0.5414871623874307
-0.38349056603773585    0.5214582638657639
-0.38254716981132075    0.5148605090585449
-0.38160377358490566    0.5181593864621847
-0.38066037735849056    0.49082583083247094
-0.37971698113207547    0.5297054573747118
-0.3787735849056604    0.5132110703567555
-0.3778301886792453    0.5148605090586055
-0.3768867924528302    0.514153606757778
-0.3759433962264151    0.5339468711793136
-0.375    0.511561631654966
-0.3740566037735849    0.5313548960765013
-0.3731132075471698    0.5092052906524099
-0.3721698113207547    0.5153317772591168
-0.3712264150943396    0.5181593864621237
-0.37028301886792453    0.5073202178504245
-0.36933962264150944    0.5174524841613568
-0.36839622641509434    0.5110903634545151
-0.36745283018867925    0.5096765588529211
-0.36650943396226415    0.5101478270534924
-0.36556603773584906    0.5054351450483199
-0.36462264150943396    0.5007224630432663
-0.36367924528301887    0.5198088251639131
-0.3627358490566038    0.5285272868734335
-0.3617924528301887    0.5125041680559886
-0.3608490566037736    0.5158030454596281
-0.3599056603773585    0.5268778481715819
-0.3589622641509434    0.5249927753695987
-0.3580188679245283    0.5132110703567555
-0.3570754716981132    0.5162743136601394
-0.3561320754716981    0.5264065799710707
-0.355188679245283    0.5202800933644856
-0.35424528301886793    0.5158030454595675
-0.35330188679245284    0.5066133155496576
-0.35235849056603774    0.5216938979659581
-0.35141509433962265    0.5075558519506802
-0.35047169811320755    0.522400800266725
-0.34952830188679246    0.5094409247527255
-0.34858490566037736    0.5023719017449967
-0.34764150943396227    0.504963876847868
-0.3466981132075472    0.5096765588529211
-0.3457547169811321    0.5044926086473567
-0.344811320754717    0.5233433366677475
-0.3438679245283019    0.5023719017450559
-0.3429245283018868    0.512268533955733
-0.3419811320754717    0.5122685339557933
-0.3410377358490566    0.5273491163720931
-0.3400943396226415    0.4964810492386644
-0.3391509433962264    0.5254640435700481
-0.33820754716981133    0.49106146493278435
-0.33726415094339623    0.49035456263195965
-0.33632075471698114    0.5108547293542594
-0.33537735849056605    0.49742358563962846
-0.33443396226415095    0.5158030454596281
-0.33349056603773586    0.5035500722462748
-0.33254716981132076    0.5075558519506802
-0.33160377358490567    0.5037857063465304
-0.3306603773584906    0.5030788040458227
-0.3297169811320755    0.5033144381460192
-0.3287735849056604    0.49907302434147666
-0.3278301886792453    0.514153606757778
-0.3268867924528302    0.49223963543406263
-0.3259433962264151    0.517923752361868
-0.325    0.5033144381460783
-0.3240566037735849    0.5169812159608456
-0.3231132075471698    0.4976592197399427
-0.32216981132075473    0.4929465377347716
-0.32122641509433963    0.5068489496499132
-0.32028301886792454    0.49648104923860603
-0.31933962264150945    0.5122685339557933
-0.31839622641509435    0.5240502389685143
-0.31745283018867926    0.5059064132488906
-0.31650943396226416    0.5094409247526656
-0.31556603773584907    0.5122685339557933
-0.314622641509434    0.5080271201511317
-0.3136792452830189    0.5068489496499132
-0.3127358490566038    0.5075558519506205
-0.3117924528301887    0.4863487829276713
-0.3108490566037736    0.4948316105368166
-0.3099056603773585    0.5266422140713882
-0.3089622641509434    0.5056707791485755
-0.3080188679245283    0.5181593864621847
-0.3070754716981132    0.5106190952539437
-0.30613207547169813    0.49553851283764183
-0.30518867924528303    0.49106146493272657
-0.30424528301886794    0.5026075358453115
-0.30330188679245285    0.4929465377347716
-0.30235849056603775    0.5136823385573273
-0.30141509433962266    0.5148605090585449
-0.30047169811320756    0.5092052906524698
-0.29952830188679247    0.5075558519506205
-0.2985849056603774    0.5125041680560489
-0.2976415094339623    0.5238146048682587
-0.2966981132075472    0.5040213404468454
-0.2957547169811321    0.5172168500611012
-0.294811320754717    0.5047282427476123
-0.2938679245283019    0.5068489496498536
-0.2929245283018868    0.5285272868734335
-0.2919811320754717    0.5089696565521542
-0.2910377358490566    0.4974235856396871
-0.29009433962264153    0.4879982216294035
-0.28915094339622643    0.4941247082361079
-0.28820754716981134    0.5148605090585449
-0.28726415094339625    0.5381882849839152
-0.28632075471698115    0.5042569745470417
-0.28537735849056606    0.5221651661665307
-0.28443396226415096    0.5002511948426961
-0.28349056603773587    0.5037857063465897
-0.2825471698113208    0.48493497832608023
-0.2816037735849057    0.4969523174391758
-0.2806603773584906    0.5158030454595675
-0.2797169811320755    0.5129754362565603
-0.2787735849056604    0.4884694898299146
-0.2778301886792453    0.5176881182616733
-0.2768867924528302    0.5231077025674918
-0.27594339622641506    0.5073202178503649
-0.27499999999999997    0.5011937312437775
-0.2740566037735849    0.49836612204065106
-0.2731132075471698    0.5125041680560489
-0.2721698113207547    0.5063776814493423
-0.2712264150943396    0.5042569745471011
-0.2702830188679245    0.4988373902411623
-0.2693396226415094    0.5040213404468454
-0.2683962264150943    0.511561631654966
-0.2674528301886792    0.5066133155496576
-0.2665094339622641    0.5049638768478085
-0.265566037735849    0.4950672446371304
-0.26462264150943393    0.5094409247526656
-0.26367924528301884    0.4976592197399427
-0.26273584905660374    0.47927975991994526
-0.26179245283018865    0.4971879515394314
-0.26084905660377355    0.5198088251639131
-0.25990566037735846    0.4936534400355966
-0.25896226415094337    0.5092052906524099
-0.2580188679245283    0.5139179726575829
-0.2570754716981132    0.5132110703567555
-0.2561320754716981    0.5235789707680647
-0.255188679245283    0.4882338557296591
-0.2542452830188679    0.4842280760253703
-0.2533018867924528    0.5028431699455079
-0.2523584905660377    0.5209869956652525
-0.2514150943396226    0.5009580971434628
-0.2504716981132075    0.4969523174391758
-0.24952830188679243    0.506613315549598
-0.24858490566037733    0.5092052906524698
-0.24764150943396224    0.5000155607424405
-0.24669811320754714    0.4901189285317618
-0.24575471698113205    0.4898832944314485
-0.24481132075471695    0.4901189285317618
-0.24386792452830186    0.5023719017449967
-0.24292452830188677    0.48022229632102426
-0.24198113207547167    0.47998666222071207
-0.24103773584905658    0.504963876847868
-0.24009433962264148    0.5169812159608456
-0.2391509433962264    0.5021362676448002
-0.2382075471698113    0.49671668333886165
-0.2372641509433962    0.4927109036345739
-0.2363207547169811    0.5082627542513873
-0.235377358490566    0.4872913193286939
-0.23443396226415092    0.5082627542513873
-0.23349056603773582    0.4875269534289495
-0.23254716981132073    0.5007224630432072
-0.23160377358490564    0.484463710125626
-0.23066037735849054    0.5089696565521542
-0.22971698113207545    0.4879982216294608
-0.22877358490566035    0.4846993442258247
-0.22783018867924526    0.4993086584417323
-0.22688679245283017    0.4934178059352829
-0.22594339622641507    0.48140046682230253
-0.22499999999999998    0.4943603423363053
-0.22405660377358488    0.5092052906524698
-0.2231132075471698    0.5068489496498536
-0.2221698113207547    0.4917683672335514
-0.2212264150943396    0.5087340224518986
-0.2202830188679245    0.5160386795598837
-0.2193396226415094    0.5110903634544549
-0.21839622641509432    0.5021362676448002
-0.21745283018867922    0.5113259975547104
-0.21650943396226413    0.5127398021563047
-0.21556603773584904    0.4816361009225015
-0.21462264150943394    0.5016649994442888
-0.21367924528301885    0.49836612204065106
-0.21273584905660375    0.49035456263201743
-0.21179245283018866    0.5160386795598231
-0.21084905660377357    0.5120328998555376
-0.20990566037735847    0.5000155607424405
-0.20896226415094338    0.49907302434147666
-0.20801886792452828    0.4938890741357941
-0.2070754716981132    0.5070845837501688
-0.2061320754716981    0.4922396354340047
-0.205188679245283    0.5033144381460783
-0.2042452830188679    0.4943603423363053
-0.2033018867924528    0.4856418806269043
-0.20235849056603772    0.5021362676447411
-0.20141509433962262    0.4993086584417323
-0.20047169811320753    0.5110903634544549
-0.19952830188679244    0.498130487940454
-0.19858490566037734    0.5070845837501092
-0.19764150943396225    0.49860175614096525
-0.19669811320754715    0.49318217183502727
-0.19575471698113206    0.4974235856396871
-0.19481132075471697    0.490118928531704
-0.19386792452830187    0.5002511948427548
-0.19292452830188678    0.5325330665777169
-0.19198113207547168    0.5014293653440332
-0.1910377358490566    0.5033144381460192
-0.1900943396226415    0.5047282427476123
-0.1891509433962264    0.5077914860508761
-0.1882075471698113    0.5094409247527255
-0.1872641509433962    0.514153606757778
-0.18632075471698112    0.49553851283764183
-0.18537735849056602    0.5087340224518986
-0.18443396226415093    0.5132110703568159
-0.18349056603773584    0.48917639213068154
-0.18254716981132074    0.5205157274647412
-0.18160377358490565    0.5294698232743937
-0.18066037735849055    0.5153317772591168
-0.17971698113207546    0.5214582638657025
-0.17877358490566037    0.518630654662696
-0.17783018867924527    0.5108547293541993
-0.17688679245283018    0.5334756029788021
-0.17594339622641508    0.5153317772590561
-0.175    0.5167455818606508
-0.1740566037735849    0.511561631654966
-0.1731132075471698    0.5141536067578385
-0.1721698113207547    0.5443147715904983
-0.1712264150943396    0.5198088251639743
-0.17028301886792452    0.5120328998554774
-0.16933962264150942    0.5224008002667865
-0.16839622641509433    0.5365388462820626
-0.16745283018867924    0.5082627542514472
-0.16650943396226414    0.5080271201511317
-0.16556603773584905    0.5129754362565603
-0.16462264150943395    0.5007224630432072
-0.16367924528301886    0.5115616316550263
-0.16273584905660377    0.5158030454595675
-0.16179245283018867    0.5287629209736892
-0.16084905660377358    0.517923752361868
-0.15990566037735848    0.5264065799711325
-0.1589622641509434    0.5207513615649355
-0.1580188679245283    0.5087340224519584
-0.1570754716981132    0.5285272868733712
-0.1561320754716981    0.5346537734800805
-0.155188679245283    0.5315905301766944
-0.15424528301886792    0.5030788040458227
-0.15330188679245282    0.5191019228631462
-0.15235849056603773    0.5150961431588612
-0.15141509433962264    0.5348894075802731
-0.15047169811320754    0.5129754362565603
-0.14952830188679245    0.5247571412692813
-0.14858490566037735    0.518630654662696
-0.14764150943396226    0.49648104923860603
-0.14669811320754716    0.5280560186729221
-0.14575471698113207    0.5221651661664694
-0.14481132075471698    0.5004868289430106
-0.14386792452830188    0.5193375569634018
-0.1429245283018868    0.5332399688785465
-0.1419811320754717    0.5231077025674918
-0.1410377358490566    0.5372457485828928
-0.1400943396226415    0.5136823385572667
-0.1391509433962264    0.5162743136601394
-0.13820754716981132    0.5110903634544549
-0.13726415094339622    0.5325330665777797
-0.13632075471698113    0.5294698232743937
-0.13537735849056604    0.5075558519506802
-0.13443396226415094    0.5249927753695369
-0.13349056603773585    0.5400733577859606
-0.13254716981132075    0.5183950205623793
-0.13160377358490566    0.5120328998555376
-0.13066037735849056    0.5240502389685143
-0.12971698113207547    0.5424296987885171
-0.12877358490566038    0.5304123596754163
-0.12783018867924528    0.5311192619762457
-0.1268867924528302    0.5299410914749051
-0.1259433962264151    0.5275847504724108
-0.125    0.5299410914749051
-0.1240566037735849    0.5169812159609064
-0.12311320754716981    0.5073202178503649
-0.12216981132075472    0.5271134822718996
-0.12122641509433962    0.4887051239301703
-0.12028301886792453    0.531590530176757
-0.11933962264150944    0.533711237078995
-0.11839622641509434    0.5259353117706212
-0.11745283018867925    0.5158030454595675
-0.11650943396226415    0.5195731910637186
-0.11556603773584906    0.5127398021562443
-0.11462264150943396    0.5183950205624404
-0.11367924528301887    0.5106190952539437
-0.11273584905660378    0.5026075358453115
-0.11179245283018868    0.5108547293541993
-0.11084905660377359    0.5174524841614176
-0.1099056603773585    0.5417227964876864
-0.1089622641509434    0.5341825052795692
-0.1080188679245283    0.5044926086472973
-0.10707547169811321    0.5108547293542594
-0.10613207547169812    0.5245215071690256
-0.10518867924528302    0.5212226297655081
-0.10424528301886793    0.5325330665777169
-0.10330188679245284    0.5077914860509358
-0.10235849056603774    0.5264065799710707
-0.10141509433962265    0.5219295320662751
-0.10047169811320755    0.5205157274646799
-0.09952830188679246    0.5278203845726664
-0.09858490566037736    0.5174524841613568
-0.09764150943396227    0.5304123596754787
-0.09669811320754718    0.5289985550738825
-0.09575471698113208    0.5136823385573273
-0.09481132075471699    0.517923752361868
-0.0938679245283019    0.511797265755282
-0.0929245283018868    0.5318261642769501
-0.0919811320754717    0.5134467044570715
-0.09103773584905661    0.5332399688784838
-0.09009433962264152    0.5198088251639743
-0.08915094339622642    0.5231077025674918
-0.08820754716981133    0.517216850061162
-0.08726415094339623    0.4988373902411623
-0.08632075471698114    0.5160386795598837
-0.08537735849056605    0.5238146048682587
-0.08443396226415095    0.5042569745471011
-0.08349056603773586    0.5129754362564999
-0.08254716981132076    0.5030788040458227
-0.08160377358490567    0.5120328998554774
-0.08066037735849058    0.5233433366678091
-0.07971698113207548    0.5195731910636575
-0.07877358490566039    0.5023719017450559
-0.0778301886792453    0.5136823385572667
-0.0768867924528302    0.5059064132488906
-0.0759433962264151    0.5011937312437185
-0.07500000000000001    0.5077914860509358
-0.07405660377358492    0.5099121929531767
-0.07311320754716982    0.4936534400355966
-0.07216981132075473    0.5009580971434628
-0.07122641509433963    0.5216938979660195
-0.07028301886792454    0.48493497832608023
-0.06933962264150945    0.5148605090586055
-0.06839622641509435    0.4889407580304259
-0.06745283018867926    0.5035500722463341
-0.06650943396226416    0.5134467044570111
-0.06556603773584907    0.5148605090586055
-0.06462264150943398    0.5153317772590561
-0.06367924528301888    0.5224008002667865
-0.06273584905660379    0.476923418917389
-0.06179245283018869    0.5077914860509358
-0.0608490566037736    0.5094409247526656
-0.059905660377358505    0.4943603423363635
-0.05896226415094341    0.5089696565521542
-0.05801886792452832    0.5077914860509358
-0.05707547169811322    0.4981304879403954
-0.05613207547169813    0.4931821718350852
-0.055188679245283034    0.5068489496498536
-0.05424528301886794    0.49553851283764183
-0.053301886792452846    0.4969523174391173
-0.05235849056603775    0.5019006335445444
-0.05141509433962266    0.5101478270534323
-0.050471698113207564    0.5059064132488906
-0.04952830188679247    0.5117972657552218
-0.048584905660377375    0.5028431699455671
-0.04764150943396228    0.49200400133374905
-0.04669811320754719    0.5016649994442888
-0.04575471698113209    0.5209869956651912
-0.044811320754717    0.48517061242639303
-0.043867924528301905    0.494595976436561
-0.04292452830188681    0.4971879515394314
-0.04198113207547172    0.4858775147271028
-0.04103773584905662    0.5023719017450559
-0.04009433962264153    0.506613315549598
-0.039150943396226434    0.5028431699455671
-0.03820754716981134    0.47975102812045645
-0.037264150943396246    0.49671668333892005
-0.03632075471698115    0.49718795153937284
-0.03537735849056606    0.5162743136601394
-0.034433962264150964    0.49671668333886165
-0.033490566037735814    0.4842280760253134
-0.03254716981132072    0.4863487829276713
-0.031603773584905626    0.49129709903298224
-0.03066037735849053    0.48540624652664865
-0.029716981132075437    0.49318217183502727
-0.028773584905660343    0.510383461153748
-0.02783018867924525    0.5150961431588005
-0.026886792452830155    0.4672624208069633
-0.02594339622641506    0.4894120262309372
-0.024999999999999967    0.4816361009225582
-0.024056603773584873    0.4995442925419291
-0.02311320754716978    0.4993086584417323
-0.022169811320754684    0.4818717350227571
-0.02122641509433959    0.4875269534289495
-0.020283018867924496    0.508498388351643
-0.019339622641509402    0.5028431699455671
-0.018396226415094308    0.4830499055240352
-0.017452830188679214    0.4875269534289495
-0.01650943396226412    0.4981304879403954
-0.015566037735849025    0.48587751472715995
-0.014622641509433931    0.5014293653439742
-0.013679245283018837    0.4945959764366192
-0.012735849056603743    0.5019006335444854
-0.011792452830188649    0.5101478270534924
-0.010849056603773555    0.4887051239301703
-0.00990566037735846    0.5061420473491463
-0.008962264150943366    0.5009580971434628
-0.008018867924528272    0.486584417027927
-0.007075471698113178    0.4934178059352829
-0.006132075471698084    0.49907302434147666
-0.00518867924528299    0.49765921973988414
-0.004245283018867896    0.47998666222076863
-0.0033018867924528017    0.5014293653439742
-0.0023584905660377076    0.5084983883517028
-0.0014150943396226134    0.49789485384013976
-0.0004716981132075193    0.4997799266422436
0.0004716981132075748    0.4821073691230128
0.0014150943396227245    0.506613315549598
0.002358490566037763    0.47951539402031373
0.0033018867924528017    0.4957741469378391
0.004245283018867951    0.480693564521479
0.005188679245283101    0.5125041680559886
0.00613207547169814    0.5233433366678707
0.007075471698113178    0.5165099477603343
0.008018867924528328    0.49765921973988414
0.008962264150943478    0.5014293653439742
0.009905660377358516    0.4938890741359103
0.010849056603773555    0.5073202178503649
0.011792452830188704    0.49671668333886165
0.012735849056603854    0.4894120262309372
0.013679245283018893    0.5019006335446036
0.014622641509433931    0.4993086584416735
0.015566037735849081    0.4879982216294035
0.01650943396226423    0.494595976436561
0.01745283018867927    0.5000155607425582
0.018396226415094308    0.49247526953426035
0.019339622641509457    0.4957741469378391
0.020283018867924607    0.4969523174391173
0.021226415094339646    0.5214582638658252
0.022169811320754684    0.514153606757778
0.023113207547169834    0.4884694898299146
0.024056603773584984    0.4776303212181559
0.025000000000000022    0.48846948983002964
0.02594339622641506    0.5040213404467861
0.02688679245283021    0.5075558519506205
0.02783018867924536    0.4922396354340047
0.0287735849056604    0.48399244192517166
0.029716981132075437    0.5209869956651912
0.030660377358490587    0.4953028787373279
0.03160377358490574    0.5148605090585449
0.032547169811320775    0.49082583083258646
0.033490566037735814    0.5073202178503649
0.034433962264150964    0.5030788040457636
0.03537735849056611    0.4929465377347716
0.03632075471698115    0.5073202178504842
0.03726415094339619    0.49789485384013976
0.03820754716981134    0.5297054573746494
0.03915094339622649    0.49553851283758343
0.04009433962264153    0.4964810492387229
0.04103773584905657    0.49153273313323786
0.04198113207547172    0.5087340224518986
0.042924528301886866    0.5132110703567555
0.043867924528301905    0.5148605090586661
0.04481132075471694    0.49035456263195965
0.04575471698113209    0.5080271201511317
0.04669811320754724    0.5033144381460192
0.04764150943396228    0.514153606757899
0.04858490566037732    0.511561631654966
0.04952830188679247    0.5054351450483199
0.05047169811320762    0.5108547293541993
0.05141509433962266    0.5108547293543194
0.052358490566037696    0.5219295320662136
0.053301886792452846    0.49318217183502727
0.054245283018867996    0.510383461153688
0.055188679245283034    0.4917683672336092
0.05613207547169807    0.5014293653439742
0.05707547169811322    0.522400800266725
0.05801886792452837    0.5136823385572667
0.05896226415094341    0.5073202178504842
0.05990566037735845    0.5019006335444854
0.0608490566037736    0.5325330665777169
0.06179245283018875    0.5096765588529211
0.06273584905660379    0.5155674113594331
0.06367924528301883    0.5087340224518986
0.06462264150943398    0.5007224630432072
0.06556603773584913    0.510383461153688
0.06650943396226416    0.4983661220407683
0.0674528301886792    0.5054351450483199
0.06839622641509435    0.5247571412692813
0.0693396226415095    0.5040213404467861
0.07028301886792454    0.5096765588530411
0.07122641509433958    0.5256996776703037
0.07216981132075473    0.5440791374902426
0.07311320754716988    0.4941247082360497
0.07405660377358492    0.5158030454596888
0.07499999999999996    0.5205157274646799
0.0759433962264151    0.5221651661664694
0.07688679245283025    0.5106190952539437
0.0778301886792453    0.5136823385573877
0.07877358490566033    0.5200444592641688
0.07971698113207548    0.5266422140713263
0.08066037735849063    0.5240502389685143
0.08160377358490567    0.503078804045882
0.08254716981132071    0.5087340224518986
0.08349056603773586    0.5202800933644243
0.08443396226415101    0.5063776814493423
0.08537735849056605    0.5084983883517626
0.08632075471698109    0.5155674113593117
0.08726415094339623    0.5278203845726044
0.08820754716981138    0.52805601867286
0.08915094339622642    0.5198088251640355
0.09009433962264146    0.5127398021562443
0.09103773584905661    0.5238146048682587
0.09198113207547176    0.514153606757778
0.0929245283018868    0.5304123596755411
0.09386792452830184    0.5235789707680032
0.09481132075471699    0.5254640435700481
0.09575471698113214    0.5332399688784838
0.09669811320754718    0.5155674113594331
0.09764150943396221    0.5273491163720931
0.09858490566037736    0.5348894075802731
0.09952830188679251    0.5221651661664694
0.10047169811320755    0.5188662887630127
0.10141509433962259    0.5075558519506205
0.10235849056603774    0.5233433366677475
0.10330188679245289    0.5360675780815513
0.10424528301886793    0.5212226297655695
0.10518867924528297    0.5494987217961221
0.10613207547169812    0.5129754362564999
0.10707547169811327    0.5374813826830851
0.1080188679245283    0.5155674113594331
0.10896226415094334    0.5454929420917763
0.1099056603773585    0.5334756029787394
0.11084905660377364    0.5377170167833407
0.11179245283018868    0.5169812159609672
0.11273584905660372    0.5273491163720931
0.11367924528301887    0.5238146048682587
0.11462264150943402    0.5200444592641688
0.11556603773584906    0.5224008002668479
0.1165094339622641    0.5212226297654469
0.11745283018867925    0.5214582638657025
0.1183962264150944    0.5216938979659581
0.11933962264150944    0.5209869956653139
0.12028301886792447    0.5294698232743937
0.12122641509433962    0.5384239190841076
0.12216981132075477    0.5256996776703037
0.12311320754716981    0.5299410914750298
0.12405660377358485    0.5341825052795063
0.125    0.5238146048682587
0.12594339622641515    0.538188284983852
0.1268867924528302    0.504492608647416
0.12783018867924523    0.5417227964876864
0.12877358490566038    0.5040213404467861
0.12971698113207553    0.5073202178503649
0.13066037735849056    0.5381882849839786
0.1316037735849056    0.5318261642769501
0.13254716981132075    0.5266422140713263
0.1334905660377359    0.5268778481715819
0.13443396226415094    0.5132110703568763
0.13537735849056598    0.5327687006779726
0.13632075471698113    0.5365388462820626
0.13726415094339628    0.5471423807935658
0.13820754716981132    0.5183950205625013
0.13915094339622636    0.5417227964876864
0.1400943396226415    0.5358319439812957
0.14103773584905666    0.5292341891741381
0.1419811320754717    0.5271134822719615
0.14292452830188673    0.5127398021562443
0.14386792452830188    0.5165099477603343
0.14481132075471703    0.5212226297654469
0.14575471698113207    0.5252284094699161
0.1466981132075471    0.508498388351643
0.14764150943396226    0.5360675780815513
0.1485849056603774    0.5341825052795063
0.14952830188679245    0.5358319439814219
0.15047169811320749    0.5259353117705593
0.15141509433962264    0.544550405690754
0.15235849056603779    0.5148605090585449
0.15330188679245282    0.527584750472473
0.15424528301886786    0.5188662887628905
0.155188679245283    0.5252284094697925
0.15613207547169816    0.5214582638657025
0.1570754716981132    0.5087340224520184
0.15801886792452824    0.5240502389685143
0.1589622641509434    0.5268778481715819
0.15990566037735854    0.5174524841613568
0.16084905660377358    0.5214582638658252
0.16179245283018862    0.5033144381460192
0.16273584905660377    0.5143892408580337
0.16367924528301891    0.5216938979659581
0.16462264150943395    0.5447860397911377
0.165566037735849    0.5370101144825739
0.16650943396226414    0.5117972657552218
0.1674528301886793    0.52428587306877
0.16839622641509433    0.5054351450484388
0.16933962264150937    0.5299410914749051
0.17028301886792452    0.5275847504723488
0.17122641509433967    0.5150961431588005
0.1721698113207547    0.5285272868734956
0.17311320754716975    0.5143892408580337
0.1740566037735849    0.5259353117705593
0.17500000000000004    0.5348894075802731
0.17594339622641508    0.5080271201512513
0.17688679245283012    0.5429009669889645
0.17783018867924527    0.5099121929531767
0.17877358490566042    0.5037857063465304
0.17971698113207546    0.5188662887630127
0.1806603773584905    0.5209869956651912
0.18160377358490565    0.5139179726575224
0.1825471698113208    0.5054351450483199
0.18349056603773584    0.5101478270535524
0.18443396226415087    0.5082627542513873
0.18537735849056602    0.49765921973988414
0.18632075471698117    0.48493497832608023
0.1872641509433962    0.5188662887630127
0.18820754716981125    0.5134467044570111
0.1891509433962264    0.52428587306877
0.19009433962264155    0.5134467044570111
0.1910377358490566    0.5160386795599445
0.19198113207547163    0.5226364343669806
0.19292452830188678    0.511561631654966
0.19386792452830193    0.5313548960764388
0.19481132075471697    0.5212226297655695
0.195754716981132    0.5289985550738825
0.19669811320754715    0.49648104923860603
0.1976415094339623    0.49553851283758343
0.19858490566037734    0.5132110703568763
0.19952830188679238    0.5231077025674918
0.20047169811320753    0.5002511948426961
0.20141509433962268    0.5110903634544549
0.20235849056603772    0.49907302434153533
0.20330188679245276    0.5094409247526656
0.2042452830188679    0.512268533955733
0.20518867924528306    0.5068489496498536
0.2061320754716981    0.5056707791486944
0.20707547169811313    0.4938890741357941
0.20801886792452828    0.5231077025674918
0.20896226415094343    0.5077914860508761
0.20990566037735858    0.5044926086472973
0.21084905660377362    0.5122685339558536
0.21179245283018866    0.5002511948426961
0.2127358490566038    0.4936534400355384
0.21367924528301896    0.4917683672334935
0.214622641509434    0.5113259975548309
0.21556603773584904    0.5110903634544549
0.2165094339622642    0.5094409247526656
0.21745283018867934    0.5299410914749051
0.21839622641509437    0.5021362676448592
0.2193396226415094    0.4953028787373279
0.22028301886792456    0.4986017561409067
0.2212264150943397    0.4943603423363053
0.22216981132075475    0.5103834611538081
0.2231132075471698    0.5035500722462748
0.22405660377358494    0.490118928531704
0.2250000000000001    0.5004868289429517
0.22594339622641513    0.5139179726576433
0.22688679245283017    0.5030788040457636
0.22783018867924532    0.5167455818605898
0.22877358490566047    0.49106146493272657
0.2297169811320755    0.5073202178504842
0.23066037735849054    0.5063776814493423
0.2316037735849057    0.5016649994442298
0.23254716981132084    0.5080271201511317
0.23349056603773588    0.5117972657553422
0.23443396226415092    0.4988373902411623
0.23537735849056607    0.4995442925419291
0.23632075471698122    0.5158030454595675
0.23726415094339626    0.483049905524149
0.2382075471698113    0.4887051239301703
0.23915094339622645    0.5247571412692813
0.2400943396226416    0.5127398021562443
0.24103773584905663    0.5122685339558536
0.24198113207547167    0.506613315549598
0.24292452830188682    0.5167455818605898
0.24386792452830197    0.5063776814493423
0.244811320754717    0.5125041680561092
0.24575471698113205    0.4938890741357941
0.2466981132075472    0.5143892408580337
0.24764150943396235    0.4858775147271028
0.2485849056603774    0.5026075358453705
0.24952830188679243    0.5080271201511317
0.2504716981132076    0.49153273313323786
0.2514150943396227    0.5094409247526656
0.25235849056603776    0.5120328998555979
0.2533018867924528    0.5146248749582893
0.25424528301886795    0.5193375569634018
0.2551886792452831    0.5096765588529211
0.25613207547169814    0.5205157274648025
0.2570754716981132    0.5198088251639131
0.25801886792452833    0.5308836278759275
0.2589622641509435    0.5040213404467861
0.2599056603773585    0.5254640435701717
0.26084905660377355    0.5254640435700481
0.2617924528301887    0.52805601867286
0.26273584905660385    0.5200444592641688
0.2636792452830189    0.5433722351896036
0.26462264150943393    0.5127398021562443
0.2655660377358491    0.5165099477603343
0.26650943396226423    0.5228720684672362
0.26745283018867927    0.5278203845727286
0.2683962264150943    0.52428587306877
0.26933962264150946    0.5174524841613568
0.2702830188679246    0.5167455818605898
0.27122641509433965    0.5306479937757967
0.2721698113207547    0.5089696565521542
0.27311320754716983    0.5068489496498536
0.274056603773585    0.5162743136600787
0.275    0.5216938979660809
0.27594339622641506    0.5117972657552218
0.2768867924528302    0.5327687006779726
0.27783018867924536    0.5148605090585449
0.2787735849056604    0.5106190952540638
0.27971698113207544    0.5143892408580337
0.2806603773584906    0.5011937312437185
0.28160377358490574    0.5172168500611012
0.2825471698113208    0.5273491163722172
0.2834905660377358    0.5019006335444854
0.28443396226415096    0.5127398021562443
0.2853773584905661    0.5070845837501092
0.28632075471698115    0.5070845837502286
0.2872641509433962    0.5372457485828295
0.28820754716981134    0.5334756029787394
0.2891509433962265    0.5158030454595675
0.29009433962264153    0.5049638768479274
0.29103773584905657    0.5275847504723488
0.2919811320754717    0.5176881182616124
0.29292452830188687    0.5193375569634018
0.2938679245283019    0.5233433366678707
0.29481132075471694    0.5200444592641688
0.2957547169811321    0.5120328998554774
0.29669811320754724    0.5059064132488311
0.2976415094339623    0.5315905301768196
0.2985849056603773    0.5092052906524099
0.29952830188679247    0.5318261642769501
0.3004716981132076    0.5030788040457636
0.30141509433962266    0.4969523174392343
0.3023584905660377    0.5110903634544549
0.30330188679245285    0.522400800266725
0.304245283018868    0.5221651661664694
0.30518867924528303    0.5240502389686377
0.3061320754716981    0.5026075358452523
0.3070754716981132    0.5040213404467861
0.3080188679245284    0.5181593864621237
0.3089622641509434    0.5233433366678707
0.30990566037735845    0.5059064132488311
0.3108490566037736    0.4986017561409067
0.31179245283018875    0.5165099477603343
0.3127358490566038    0.5066133155497172
0.3136792452830188    0.4953028787373279
0.314622641509434    0.510383461153688
0.3155660377358491    0.5186306546626349
0.31650943396226416    0.5139179726576433
0.3174528301886792    0.5139179726575224
0.31839622641509435    0.49765921973988414
0.3193396226415095    0.512268533955733
0.32028301886792454    0.49294653773488767
0.3212264150943396    0.5028431699455079
0.32216981132075473    0.5044926086472973
0.3231132075471699    0.5040213404467861
0.3240566037735849    0.4920040013338649
0.32499999999999996    0.5040213404467861
0.3259433962264151    0.5268778481715819
0.32688679245283025    0.48446371012556905
0.3278301886792453    0.5165099477604559
0.32877358490566033    0.5068489496498536
0.3297169811320755    0.5158030454595675
0.33066037735849063    0.5134467044570111
0.33160377358490567    0.5077914860509956
0.3325471698113207    0.5054351450483199
0.33349056603773586    0.5181593864621237
0.334433962264151    0.52805601867286
0.33537735849056605    0.4788084917195467
0.3363207547169811    0.5132110703567555
0.33726415094339623    0.49789485384013976
0.3382075471698114    0.5007224630432072
0.3391509433962264    0.5216938979660809
0.34009433962264146    0.508498388351643
0.3410377358490566    0.5167455818605898
0.34198113207547176    0.5047282427475529
0.3429245283018868    0.5092052906525296
0.34386792452830184    0.5075558519506205
0.344811320754717    0.4969523174391173
0.34575471698113214    0.5207513615649355
0.3466981132075472    0.5367744803824446
0.3476415094339622    0.5322974324774613
0.34858490566037736    0.4969523174391173
0.3495283018867925    0.5233433366677475
0.35047169811320755    0.5073202178504842
0.3514150943396226    0.4986017561409067
0.35235849056603774    0.533711237078995
0.3533018867924529    0.5009580971434628
0.35424528301886793    0.5066133155497172
0.35518867924528297    0.52428587306877
0.3561320754716981    0.5110903634544549
0.35707547169811327    0.5094409247526656
0.3580188679245283    0.5174524841614786
0.35896226415094334    0.5035500722462748
0.3599056603773585    0.5235789707680032
0.36084905660377364    0.5092052906524099
0.3617924528301887    0.5247571412694048
0.3627358490566037    0.5068489496498536
0.36367924528301887    0.510383461153688
0.364622641509434    0.5191019228631462
0.36556603773584906    0.5313548960765638
0.3665094339622641    0.511561631654966
0.36745283018867925    0.5247571412692813
0.3683962264150944    0.5165099477603343
0.36933962264150944    0.5160386795599445
0.3702830188679245    0.5070845837501092
0.3712264150943396    0.5289985550738825
0.3721698113207548    0.528762920973627
0.3731132075471698    0.5358319439814219
0.37405660377358485    0.5304123596754163
0.375    0.5212226297654469
0.37594339622641515    0.5327687006779726
0.3768867924528302    0.5398377236857684
0.3778301886792452    0.5113259975547104
0.3787735849056604    0.5092052906524099
0.3797169811320755    0.5247571412692813
0.38066037735849056    0.5143892408581547
0.3816037735849056    0.5410158941869195
0.38254716981132075    0.5275847504723488
0.3834905660377359    0.5099121929531767
0.38443396226415094    0.49624541513846715
0.385377358490566    0.5278203845726044
0.38632075471698113    0.5304123596754163
0.3872641509433963    0.5235789707680032
0.3882075471698113    0.5214582638658252
0.38915094339622636    0.5162743136600787
0.3900943396226415    0.5176881182616124
0.39103773584905666    0.5153317772590561
0.3919811320754717    0.514153606757899
0.39292452830188673    0.5370101144825739
0.3938679245283019    0.5339468711792508
0.39481132075471703    0.5601022563076253
0.39575471698113207    0.5440791374903707
0.3966981132075471    0.5188662887628905
0.39764150943396226    0.5424296987884533
0.3985849056603774    0.5233433366677475
0.39952830188679245    0.5565677448039218
0.4004716981132075    0.5099121929531767
0.40141509433962264    0.5240502389685143
0.4023584905660378    0.5216938979659581
0.4033018867924528    0.5264065799711946
0.40424528301886786    0.5414871623874307
0.405188679245283    0.5374813826830851
0.40613207547169816    0.5172168500611012
0.4070754716981132    0.5426653328888367
0.40801886792452824    0.5094409247526656
0.4089622641509434    0.5384239190841076
0.40990566037735854    0.526170945870815
0.4108490566037736    0.5285272868734956
0.4117924528301886    0.5393664554851302
0.41273584905660377    0.5405446259864083
0.4136792452830189    0.5452573079915207
0.41462264150943395    0.5370101144827002
0.415566037735849    0.5332399688784838
0.41650943396226414    0.552090696898934
0.4174528301886793    0.5117972657552218
0.41839622641509433    0.5398377236857684
0.41933962264150937    0.5407802600866639
0.4202830188679245    0.5322974324774613
0.42122641509433967    0.544550405690754
0.4221698113207547    0.5537401356008537
0.42311320754716975    0.5676425475158053
0.4240566037735849    0.5398377236856413
0.42500000000000004    0.5398377236856413
0.4259433962264151    0.5370101144827002
0.4268867924528301    0.5377170167833407
0.42783018867924527    0.5563321107035353
0.4287735849056604    0.5638724019117154
0.42971698113207546    0.5509125263977855
0.4306603773584905    0.5407802600866639
0.43160377358490565    0.5626942314104372
0.4325471698113208    0.5511481604979115
0.43349056603773584    0.5440791374903707
0.4344339622641509    0.5711770590196398
0.435377358490566    0.5563321107035353
0.4363207547169812    0.5549183061020015
0.4372641509433962    0.5650505724131265
0.43820754716981125    0.5664643770145272
0.4391509433962264    0.5806024230298648
0.44009433962264155    0.544550405690754
0.4410377358490566    0.5801311548294902
0.4419811320754716    0.5815449594308874
0.4429245283018868    0.563401133711204
0.4438679245283019    0.541958430587942
0.44481132075471697    0.5615160609092912
0.445754716981132    0.5530332332999565
0.44669811320754715    0.5443147715904983
0.4476415094339623    0.5598666222073696
0.44858490566037745    0.5582171835055803
0.4495283018867925    0.5577459153052002
0.45047169811320753    0.5801311548293535
0.4514150943396227    0.579188618428331
0.45235849056603783    0.5558608425030239
0.45330188679245287    0.5537401356008537
0.4542452830188679    0.5648149383127378
0.45518867924528306    0.5714126931198953
0.4561320754716982    0.5834300322329324
0.45707547169811324    0.5636367678115923
0.4580188679245283    0.5655218406135047
0.45896226415094343    0.5681138157163166
0.4599056603773586    0.5676425475158053
0.4608490566037736    0.5730621318218196
0.46179245283018866    0.5626942314104372
0.4627358490566038    0.5740046682227072
0.46367924528301896    0.5744759364232186
0.464622641509434    0.5740046682228424
0.46556603773584904    0.5808380571301205
0.4665094339622642    0.5711770590196398
0.46745283018867934    0.5676425475158053
0.4683962264150944    0.5549183061021321
0.4693396226415094    0.59756807824827
0.47028301886792456    0.5843725686339548
0.4712264150943397    0.5704701567188729
0.47216981132075475    0.5624585973103139
0.4731132075471698    0.5801311548293535
0.47405660377358494    0.5784817161275642
0.4750000000000001    0.5638724019117154
0.4759433962264151    0.5973324441481549
0.47688679245283017    0.5796598866288424
0.4778301886792453    0.583665666333188
0.47877358490566047    0.5433722351894757
0.4797169811320755    0.588378348338439
0.48066037735849054    0.5584528176058359
0.4816037735849057    0.5897921529398342
0.48254716981132084    0.5619873291096703
0.4834905660377359    0.5659931088141491
0.4844339622641509    0.5916772257418793
0.48537735849056607    0.5740046682227072
0.4863207547169812    0.5787173502278198
0.48726415094339626    0.56976325441824
0.4882075471698113    0.5747115705234742
0.48915094339622645    0.60887851506054
0.4900943396226416    0.5657574747137604
0.49103773584905663    0.5827231299323026
0.49198113207547167    0.5570390130043021
0.4929245283018868    0.5608091586083921
0.49386792452830197    0.5695276203178503
0.494811320754717    0.5650505724131265
0.49575471698113205    0.5879070801377893
0.4966981132075472    0.6022807602533825
0.49764150943396235    0.5765966433255191
0.4985849056603774    0.5714126931200298
0.4995283018867924    0.5784817161275642
0.5004716981132076    0.5820162276313985
0.5014150943396227    0.5813093253306317
0.5023584905660378    0.5638724019118481
0.5033018867924528    0.5806024230298648
0.504245283018868    0.5867289096365111
0.5051886792452831    0.5504412581971445
0.5061320754716981    0.5662287429144048
0.5070754716981132    0.5879070801377893
0.5080188679245283    0.5579815494053246
0.5089622641509435    0.579895520729098
0.5099056603773585    0.573533400022331
0.5108490566037736    0.5952117372457137
0.5117924528301887    0.5692919862175948
0.5127358490566039    0.5794242525285866
0.5136792452830189    0.5634011337113367
0.5146226415094339    0.5796598866288424
0.5155660377358491    0.5664643770145272
0.5165094339622642    0.5699988885183616
0.5174528301886793    0.5669356452151719
0.5183962264150943    0.5728264977214291
0.5193396226415095    0.5728264977214291
0.5202830188679246    0.564108036011971
0.5212264150943396    0.5862576414361379
0.5221698113207547    0.5398377236856413
0.5231132075471698    0.5605735245081366
0.524056603773585    0.5864932755362555
0.525    0.576596643325655
0.5259433962264151    0.5707057908191285
0.5268867924528302    0.5601022563076253
0.5278301886792454    0.5902634211403456
0.5287735849056604    0.576596643325655
0.5297169811320754    0.5831943981326767
0.5306603773584906    0.5624585973101814
0.5316037735849057    0.5570390130043021
0.5325471698113208    0.5768322774259106
0.5334905660377358    0.5914415916416237
0.534433962264151    0.5777748138267973
0.5353773584905661    0.5806024230298648
0.5363207547169812    0.5535045015005979
0.5372641509433962    0.5824874958319098
0.5382075471698113    0.5928553962431574
0.5391509433962265    0.5820162276313985
0.5400943396226415    0.578010447927189
0.5410377358490566    0.5610447927086477
0.5419811320754717    0.5610447927086477
0.5429245283018869    0.5667000111147829
0.5438679245283019    0.5796598866289788
0.5448113207547169    0.5860220073357443
0.5457547169811321    0.5862576414359999
0.5466981132075472    0.5728264977214291
0.5476415094339623    0.5907346893409958
0.5485849056603773    0.6027520284538938
0.5495283018867925    0.5789529843280754
0.5504716981132076    0.594976103145458
0.5514150943396227    0.5893208847394616
0.5523584905660377    0.5707057908191285
0.5533018867924528    0.5794242525285866
0.554245283018868    0.5916772257418793
0.555188679245283    0.5695276203179843
0.5561320754716981    0.5909703234411123
0.5570754716981132    0.5714126931198953
0.5580188679245284    0.6044014671556832
0.5589622641509434    0.5751828387241208
0.5599056603773584    0.5857863732354885
0.5608490566037736    0.5810736912303761
0.5617924528301887    0.5926197621429018
0.5627358490566038    0.568349449816706
0.5636792452830188    0.5784817161275642
0.564622641509434    0.5697632544181059
0.5655660377358491    0.5963899077469919
0.5665094339622642    0.5732977659220754
0.5674528301886792    0.60510836945645
0.5683962264150944    0.5824874958319098
0.5693396226415095    0.5923841280426462
0.5702830188679245    0.5820162276315356
0.5712264150943396    0.6011025897521044
0.5721698113207547    0.5890852506390674
0.5731132075471699    0.6008669556518488
0.5740566037735849    0.5897921529399731
0.575    0.5980393464487812
0.5759433962264151    0.5914415916416237
0.5768867924528303    0.5784817161275642
0.5778301886792453    0.5841369345338366
0.5787735849056603    0.6062865399577282
0.5797169811320755    0.5912059575413681
0.5806603773584906    0.5916772257418793
0.5816037735849057    0.5947404690453424
0.5825471698113207    0.5848438368344662
0.5834905660377359    0.6074647104590063
0.584433962264151    0.5834300322329324
0.585377358490566    0.5817805935312799
0.5863207547169811    0.6128842947648857
0.5872641509433962    0.5761253751250079
0.5882075471698114    0.5808380571301205
0.5891509433962264    0.6100566855619618
0.5900943396226415    0.6001600533510818
0.5910377358490566    0.5940335667444356
0.5919811320754718    0.6003956874513375
0.5929245283018868    0.6074647104591493
0.5938679245283018    0.5916772257418793
0.594811320754717    0.5827231299321655
0.5957547169811321    0.6025163943536381
0.5966981132075472    0.6223096587752573
0.5976415094339622    0.5996887851505706
0.5985849056603774    0.6022807602533825
0.5995283018867925    0.5869645437367668
0.6004716981132076    0.583901300433581
0.6014150943396226    0.589320884739323
0.6023584905660377    0.5945048349449468
0.6033018867924529    0.5867289096365111
0.6042452830188679    0.5860220073358822
0.605188679245283    0.5775391797265417
0.6061320754716981    0.5940335667444356
0.6070754716981133    0.5676425475158053
0.6080188679245283    0.6086428809604276
0.6089622641509433    0.5848438368344662
0.6099056603773585    0.5744759364232186
0.6108490566037736    0.589320884739323
0.6117924528301887    0.5933266644438083
0.6127358490566037    0.5549183061020015
0.6136792452830189    0.5822518617316542
0.614622641509434    0.5907346893408567
0.6155660377358491    0.5584528176059673
0.6165094339622641    0.5839013004334436
0.6174528301886792    0.5952117372457137
0.6183962264150944    0.59756807824827
0.6193396226415094    0.5916772257420185
0.6202830188679245    0.5919128598421349
0.6212264150943396    0.6025163943536381
0.6221698113207548    0.6006313215515932
0.6231132075471698    0.54902745359574
0.6240566037735849    0.5525619650994452
0.625    0.5782460820273086
0.6259433962264151    0.5789529843280754
0.6268867924528302    0.564579304212615
0.6278301886792452    0.5624585973101814
0.6287735849056604    0.5923841280426462
0.6297169811320755    0.5813093253306317
0.6306603773584906    0.5730621318218196
0.6316037735849056    0.5709414249193842
0.6325471698113208    0.5721195954206623
0.6334905660377359    0.5591597199066027
0.6344339622641509    0.5626942314105696
0.635377358490566    0.5834300322329324
0.6363207547169811    0.5864932755362555
0.6372641509433963    0.5702345226186172
0.6382075471698113    0.583901300433581
0.6391509433962264    0.5558608425030239
0.6400943396226415    0.5784817161275642
0.6410377358490567    0.5497343558963778
0.6419811320754717    0.5509125263977855
0.6429245283018867    0.5676425475158053
0.6438679245283019    0.5638724019117154
0.644811320754717    0.5568033789040465
0.6457547169811321    0.5638724019118481
0.6466981132075471    0.5692919862175948
0.6476415094339623    0.5711770590196398
0.6485849056603774    0.5657574747137604
0.6495283018867924    0.5874358119374162
0.6504716981132075    0.5662287429142715
0.6514150943396226    0.5629298655106928
0.6523584905660378    0.5850794709347218
0.6533018867924528    0.5622229632100583
0.6542452830188679    0.579895520729098
0.655188679245283    0.5709414249193842
0.6561320754716982    0.5424296987884533
0.6570754716981132    0.5761253751251435
0.6580188679245282    0.5652862065132491
0.6589622641509434    0.5450216738912651
0.6599056603773585    0.5619873291096703
0.6608490566037736    0.5610447927087798
0.6617924528301886    0.5662287429142715
0.6627358490566038    0.5671712793152941
0.6636792452830189    0.5575102812048134
0.664622641509434    0.5723552295210526
0.665566037735849    0.5695276203178503
0.6665094339622641    0.5775391797265417
0.6674528301886793    0.5405446259864083
0.6683962264150943    0.5740046682228424
0.6693396226415094    0.5457285761920321
0.6702830188679245    0.5737690341224516
0.6712264150943397    0.5584528176058359
0.6721698113207547    0.5494987217962514
0.6731132075471697    0.5516194286984227
0.6740566037735849    0.5537401356007233
0.675    0.5732977659219404
0.6759433962264151    0.5513837945982968
0.6768867924528301    0.5636367678114597
0.6778301886792453    0.5487918194953552
0.6787735849056604    0.5615160609091591
0.6797169811320755    0.5617516950095469
0.6806603773584905    0.5320617983772057
0.6816037735849056    0.5473780148938214
0.6825471698113208    0.5518550627986782
0.6834905660377358    0.5544470379016208
0.6844339622641509    0.567878181616061
0.685377358490566    0.5469067466933102
0.6863207547169812    0.5403089918861526
0.6872641509433962    0.5563321107036662
0.6882075471698113    0.5374813826830851
0.6891509433962264    0.5553895743025127
0.6900943396226416    0.5308836278759275
0.6910377358490567    0.5372457485828295
0.6919811320754717    0.5546826720018764
0.6929245283018868    0.5530332332999565
0.6938679245283019    0.5400733577858969
0.6948113207547171    0.5457285761920321
0.6957547169811321    0.5438435033901151
0.6966981132075472    0.5278203845726044
0.6976415094339623    0.533711237078995
0.6985849056603775    0.5233433366677475
0.6995283018867925    0.5414871623875582
0.7004716981132075    0.5318261642769501
0.7014150943396227    0.5645793042124821
0.7023584905660378    0.5405446259864083
0.7033018867924529    0.5372457485829559
0.7042452830188679    0.5509125263976559
0.7051886792452831    0.5523263309991896
0.7061320754716982    0.5443147715904983
0.7070754716981132    0.5353606757809104
0.7080188679245283    0.5297054573746494
0.7089622641509434    0.5252284094697925
0.7099056603773586    0.5351250416805288
0.7108490566037736    0.528998555074007
0.7117924528301887    0.5143892408580337
0.7127358490566038    0.5410158941869195
0.713679245283019    0.5188662887628905
0.714622641509434    0.5202800933645467
0.715566037735849    0.5002511948426961
0.7165094339622642    0.5301767255751607
0.7174528301886793    0.5172168500611012
0.7183962264150944    0.5143892408581547
0.7193396226415094    0.5306479937756718
0.7202830188679246    0.5186306546626349
0.7212264150943397    0.506613315549598
0.7221698113207548    0.5051995109481832
0.7231132075471698    0.5195731910636575
0.7240566037735849    0.5297054573746494
0.7250000000000001    0.5002511948426961
0.7259433962264151    0.49459597643667746
0.7268867924528302    0.5054351450483199
0.7278301886792453    0.4879982216294035
0.7287735849056605    0.5099121929531767
0.7297169811320755    0.5019006335446036
0.7306603773584905    0.5021362676447411
0.7316037735849057    0.5026075358452523
0.7325471698113208    0.5014293653439742
0.7334905660377359    0.47857285761929097
0.7344339622641509    0.47975102812045645
0.7353773584905661    0.48611314882735845
0.7363207547169812    0.4719751028120208
0.7372641509433963    0.5117972657553422
0.7382075471698113    0.49318217183502727
0.7391509433962264    0.49553851283758343
0.7400943396226416    0.47621651661662207
0.7410377358490566    0.4931821718351433
0.7419811320754717    0.4783372235189227
0.7429245283018868    0.48682005112812526
0.743867924528302    0.4646704457040964
0.744811320754717    0.47998666222082514
0.745754716981132    0.47338890741355455
0.7466981132075472    0.47998666222071207
0.7476415094339623    0.47904412581968964
0.7485849056603774    0.4896476603313081
0.7495283018867924    0.47386017561406585
0.7504716981132076    0.47927975991994526
0.7514150943396227    0.47338890741355455
0.7523584905660378    0.47126820051136487
0.7533018867924528    0.49129709903298224
0.754245283018868    0.48022229632096775
0.7551886792452831    0.4781015894186671
0.7561320754716981    0.4863487829277285
0.7570754716981132    0.46985439590972017
0.7580188679245283    0.46749805490716384
0.7589622641509435    0.4580726908969388
0.7599056603773585    0.46278537290216026
0.7608490566037736    0.4646704457040964
0.7617924528301887    0.47904412581968964
0.7627358490566039    0.48964766033119284
0.7636792452830189    0.47268200511289893
0.7646226415094339    0.4757452484161109
0.7655660377358491    0.4484116927864581
0.7665094339622642    0.4651417139046076
0.7674528301886793    0.4599577636990921
0.7683962264150943    0.4616072024007732
0.7693396226415095    0.4752739802155996
0.7702830188679246    0.43168167166830856
0.7712264150943396    0.4773946871180126
0.7721698113207547    0.4561876180948938
0.7731132075471698    0.4639635434033295
0.774056603773585    0.4580726908969388
0.775    0.4420495720796602
0.7759433962264151    0.4448771812826237
0.7768867924528302    0.4564232521951494
0.7778301886792454    0.46113593420026194
0.7787735849056604    0.44016449927761475
0.7797169811320754    0.45854395909745005
0.7806603773584906    0.4406357674780224
0.7816037735849057    0.4752739802155996
0.7825471698113208    0.4434633766811943
0.7834905660377358    0.4502967655885031
0.784433962264151    0.45100366788927
0.7853773584905661    0.44511281538287933
0.7863207547169812    0.43851506057582496
0.7872641509433962    0.45006113148824745
0.7882075471698113    0.44252084028006744
0.7891509433962265    0.43380237857060927
0.7900943396226415    0.43922196287659204
0.7910377358490566    0.463021007002307
0.7919811320754717    0.44911859508722496
0.7929245283018869    0.44958986328773626
0.7938679245283019    0.44888296098707503
0.7948113207547169    0.42508391686115105
0.7957547169811321    0.4535956429920819
0.7966981132075472    0.4594864954984726
0.7976415094339623    0.4493542291875864
0.7985849056603773    0.45713015449591626
0.7995283018867925    0.45053239968875874
0.8004716981132076    0.4533600088918263
0.8014150943396227    0.44040013337787043
0.8023584905660377    0.4460553517839018
0.8033018867924528    0.4580726908969388
0.804245283018868    0.44534844948313496
0.805188679245283    0.4613715683006262
0.8061320754716981    0.4884694898299146
0.8070754716981132    0.4474691563854356
0.8080188679245284    0.44440591308211247
0.8089622641509434    0.4748027120152001
0.8099056603773584    0.4632566411025626
0.8108490566037736    0.4719751028120208
0.8117924528301887    0.45571634989438253
0.8127358490566038    0.4679693231077853
0.8136792452830188    0.4658486162053745
0.814622641509434    0.45595198399463815
0.8155660377358491    0.4776303212181559
0.8165094339622642    0.4583083249973023
0.8174528301886792    0.480693564521479
0.8183962264150944    0.47503834611534396
0.8193396226415095    0.48517061242633586
0.8202830188679245    0.4722107369123875
0.8212264150943396    0.46631988440588573
0.8221698113207547    0.4778659553184114
0.8231132075471699    0.47739468711790023
0.8240566037735849    0.4806935645215922
0.825    0.49648104923860603
0.8259433962264151    0.5150961431588005
0.8268867924528303    0.5033144381460192
0.8278301886792453    0.503078804045882
0.8287735849056603    0.5042569745470417
0.8297169811320755    0.5061420473490866
0.8306603773584906    0.5009580971434628
0.8316037735849057    0.49011892853181943
0.8325471698113207    0.5191019228631462
0.8334905660377359    0.5054351450483199
0.834433962264151    0.512268533955733
0.835377358490566    0.5009580971435807
0.8363207547169811    0.5183950205623793
0.8372641509433962    0.5033144381460192
0.8382075471698114    0.5165099477603343
0.8391509433962264    0.514153606757899
0.8400943396226415    0.5214582638657025
0.8410377358490566    0.514153606757778
0.8419811320754718    0.5207513615649355
0.8429245283018868    0.5200444592642911
0.8438679245283018    0.5176881182616124
0.844811320754717    0.5181593864621237
0.8457547169811321    0.5457285761920321
0.8466981132075472    0.5176881182617343
0.8476415094339622    0.5306479937756718
0.8485849056603774    0.5299410914749051
0.8495283018867925    0.552090696898934
0.8504716981132076    0.5487918194954844
0.8514150943396226    0.5431366010892201
0.8523584905660377    0.5320617983772057
0.8533018867924529    0.5249927753695369
0.8542452830188679    0.527584750472473
0.855188679245283    0.541958430587942
0.8561320754716981    0.5509125263976559
0.8570754716981133    0.5622229632099259
0.8580188679245283    0.554211403801365
0.8589622641509433    0.5601022563076253
0.8599056603773585    0.5530332332999565
0.8608490566037736    0.5867289096365111
0.8617924528301887    0.54902745359574
0.8627358490566037    0.5648149383127378
0.8636792452830189    0.5624585973101814
0.864622641509434    0.5537401356007233
0.8655660377358491    0.5622229632100583
0.8665094339622641    0.5685850839168278
0.8674528301886792    0.5692919862175948
0.8683962264150944    0.5702345226186172
0.8693396226415094    0.573533400022331
0.8702830188679245    0.5966255418472475
0.8712264150943396    0.581780593531143
0.8721698113207548    0.5841369345336992
0.8731132075471698    0.6147693675670755
0.8740566037735849    0.5996887851505706
0.875    0.6100566855618182
0.8759433962264151    0.5954473713459694
0.8768867924528302    0.6060509058576152
0.8778301886792452    0.5999244192508262
0.8787735849056604    0.6223096587751108
0.8797169811320755    0.6053440035567056
0.8806603773584906    0.6051083694565924
0.8816037735849056    0.613355562965397
0.8825471698113208    0.620895854173577
0.8834905660377359    0.6183038790707651
0.8844339622641509    0.6234878292765357
0.885377358490566    0.6444592641991397
0.8863207547169811    0.611470490163352
0.8872641509433963    0.6593042125152443
0.8882075471698113    0.6114704901634959
0.8891509433962264    0.6300855840835464
0.8900943396226415    0.6340913637878921
0.8910377358490567    0.6319706568855915
0.8919811320754717    0.6505857508059392
0.8929245283018867    0.6303212181838022
0.8938679245283019    0.6307924863843134
0.894811320754717    0.6418672890963278
0.8957547169811321    0.6314993886852288
0.8966981132075471    0.6267867066799677
0.8976415094339623    0.6416316549960722
0.8985849056603774    0.6484650439034854
0.8995283018867924    0.6199533177727005
0.9004716981132075    0.6314993886850802
0.9014150943396226    0.6461087029009291
0.9023584905660378    0.6251372679781784
0.9033018867924528    0.6510570190064505
0.9042452830188679    0.6138268311659082
0.905188679245283    0.6159475380682088
0.9061320754716982    0.609585417361307
0.9070754716981132    0.6244303656775584
0.9080188679245282    0.6256085361786896
0.9089622641509434    0.617125708569487
0.9099056603773585    0.6147693675669308
0.9108490566037736    0.6036945648550583
0.9117924528301886    0.5777748138267973
0.9127358490566038    0.6180682449705095
0.9136792452830189    0.5763610092252636
0.914622641509434    0.5798955207292344
0.915566037735849    0.571648327220151
0.9165094339622641    0.5568033789040465
0.9174528301886793    0.5511481604979115
0.9183962264150943    0.54902745359574
0.9193396226415094    0.5407802600866639
0.9202830188679245    0.5256996776703037
0.9212264150943397    0.4898832944314485
0.9221698113207547    0.5051995109481832
0.9231132075471697    0.5054351450483199
0.9240566037735849    0.4887051239301703
0.925    0.4660842503056301
0.9259433962264151    0.45241747249091024
0.9268867924528301    0.43945759697674425
0.9278301886792453    0.4224919417583391
0.9287735849056604    0.40882516394351276
0.9297169811320755    0.40175614093593853
0.9306603773584905    0.3946871179281752
0.9316037735849056    0.38149160831386003
0.9325471698113208    0.3558074913859967
0.933490566037736    0.3532155162831848
0.934433962264151    0.3023185506280405
0.935377358490566    0.2891230410136543
0.9363207547169812    0.2796976770034292
0.9372641509433963    0.2653239968878359
0.9382075471698114    0.2653239968878984
0.9391509433962264    0.24882960986994207
0.9400943396226416    0.22149605424028934
0.9410377358490567    0.20193842391907232
0.9419811320754717    0.18026008669559704
0.9429245283018868    0.16918528398354016
0.9438679245283019    0.1493920195620675
0.9448113207547171    0.13407580304545172
0.9457547169811321    0.12700678003781282
0.9466981132075472    0.10014449260864146
0.9476415094339623    0.09778815160608519
0.9485849056603775    0.08341447149049194
0.9495283018867925    0.07658108258309679
0.9504716981132075    0.05702345226186172
0.9514150943396227    0.04641991775035851
0.9523584905660378    0.04335667444703536
0.9533018867924529    0.03440257863732964
0.9542452830188679    0.02874736023118649
0.9551886792452831    0.025448482827607713
0.9561320754716982    0.022149605424028936
0.9570754716981132    0.015316216516619357
0.9580188679245283    0.012959875514059482
0.9589622641509434    0.009896632210736332
0.9599056603773586    0.0058908525063906736
0.9608490566037736    0.006833388907414789
0.9617924528301887    0.006833388907413182
0.9627358490566038    0.004477047904856912
0.963679245283019    0.004948316105368166
0.964622641509434    0.0018850728020454594
0.965566037735849    0.0011781705012781348
0.9665094339622642    0.0011781705012781348
0.9674528301886793    0.0004712682005112539
0.9683962264150944    0.00047126820051136484
0.9693396226415094    0.0007069023007668808
0.9702830188679246    0.0
0.9712264150943397    0.0
0.9721698113207548    0.0
0.9731132075471698    0.0
0.9740566037735849    0.0
0.9750000000000001    0.0
0.9759433962264151    0.0
0.9768867924528302    0.0
0.9778301886792453    0.0
0.9787735849056605    0.0
0.9797169811320755    0.0
0.9806603773584905    0.0
0.9816037735849057    0.0
0.9825471698113208    0.0
0.9834905660377359    0.0
0.9844339622641509    0.0
0.9853773584905661    0.0
0.9863207547169812    0.0
0.9872641509433963    0.0
0.9882075471698113    0.0
0.9891509433962264    0.0
0.9900943396226416    0.0
0.9910377358490566    0.0
0.9919811320754717    0.0
0.9929245283018868    0.0
0.993867924528302    0.0
0.994811320754717    0.0
0.995754716981132    0.0
0.9966981132075472    0.0
0.9976415094339623    0.0
0.9985849056603774    0.0
0.9995283018867924    0.0