-0.9995283018867924    0.0
-0.9985849056603773    0.0
-0.9976415094339622    0.0
-0.9966981132075472    0.0
-0.995754716981132    0.0
-0.9948113207547169    0.0
-0.9938679245283019    0.0
-0.9929245283018868    0.0
-0.9919811320754717    0.0
-0.9910377358490565    0.0
-0.9900943396226415    0.0
-0.9891509433962264    0.0
-0.9882075471698113    0.0
-0.9872641509433961    0.0
-0.9863207547169811    0.0
-0.9853773584905661    0.0
-0.9844339622641509    0.0
-0.9834905660377358    0.0
-0.9825471698113207    0.0
-0.9816037735849057    0.0
-0.9806603773584905    0.0
-0.9797169811320754    0.0
-0.9787735849056604    0.0
-0.9778301886792453    0.0
-0.9768867924528302    0.0
-0.975943396226415    0.0
-0.975    0.0
-0.9740566037735849    0.0
-0.9731132075471698    0.0
-0.9721698113207546    0.0
-0.9712264150943396    0.0
-0.9702830188679246    0.0
-0.9693396226415094    0.0
-0.9683962264150943    0.0
-0.9674528301886792    0.0
-0.9665094339622642    0.0
-0.965566037735849    0.0
-0.9646226415094339    0.0
-0.9636792452830188    0.0
-0.9627358490566038    0.0
-0.9617924528301887    0.0
-0.9608490566037735    0.0
-0.9599056603773585    0.0
-0.9589622641509434    0.0
-0.9580188679245283    0.0
-0.9570754716981131    0.0
-0.9561320754716981    0.0
-0.9551886792452831    0.0
-0.9542452830188679    0.0
-0.9533018867924528    0.0
-0.9523584905660377    0.0
-0.9514150943396227    0.0
-0.9504716981132075    0.0
-0.9495283018867924    0.0
-0.9485849056603773    0.0
-0.9476415094339623    0.0
-0.9466981132075472    0.0
-0.945754716981132    0.0
-0.944811320754717    0.0
-0.9438679245283019    0.0
-0.9429245283018868    0.0
-0.9419811320754716    0.0
-0.9410377358490566    0.0
-0.9400943396226416    0.0
-0.9391509433962264    0.0
-0.9382075471698113    0.0
-0.9372641509433962    0.0
-0.9363207547169812    0.0
-0.935377358490566    0.0
-0.9344339622641509    0.0
-0.9334905660377358    0.0
-0.9325471698113208    0.0
-0.9316037735849056    0.0
-0.9306603773584905    0.0
-0.9297169811320755    0.0
-0.9287735849056604    0.0
-0.9278301886792453    0.0
-0.9268867924528301    0.0
-0.9259433962264151    0.0
-0.925    0.0
-0.9240566037735849    0.0
-0.9231132075471697    0.0
-0.9221698113207547    0.0
-0.9212264150943397    0.0
-0.9202830188679245    0.0
-0.9193396226415094    0.0
-0.9183962264150943    0.0
-0.9174528301886793    0.0
-0.9165094339622641    0.0
-0.915566037735849    0.0
-0.914622641509434    0.0
-0.9136792452830189    0.0
-0.9127358490566038    0.0
-0.9117924528301886    0.0
-0.9108490566037736    0.0
-0.9099056603773585    0.0
-0.9089622641509434    0.0
-0.9080188679245282    0.0
-0.9070754716981132    0.0
-0.9061320754716982    0.0
-0.905188679245283    0.0
-0.9042452830188679    0.0
-0.9033018867924528    0.0
-0.9023584905660378    0.0
-0.9014150943396226    0.0
-0.9004716981132075    0.0
-0.8995283018867924    0.0
-0.8985849056603774    0.0
-0.8976415094339623    0.0
-0.8966981132075471    0.0
-0.8957547169811321    0.0
-0.894811320754717    0.0
-0.8938679245283019    0.0
-0.8929245283018867    0.0
-0.8919811320754717    0.0
-0.8910377358490567    0.0
-0.8900943396226415    0.0
-0.8891509433962264    0.0
-0.8882075471698113    0.0
-0.8872641509433963    0.0
-0.8863207547169811    0.0
-0.885377358490566    0.0
-0.8844339622641509    0.0
-0.8834905660377359    0.0
-0.8825471698113208    0.0
-0.8816037735849056    0.0
-0.8806603773584906    0.0
-0.8797169811320755    0.0
-0.8787735849056604    0.0
-0.8778301886792452    0.0
-0.8768867924528302    0.0
-0.8759433962264151    0.0
-0.875    0.0
-0.8740566037735849    0.0
-0.8731132075471698    0.0
-0.8721698113207548    0.0
-0.8712264150943396    0.0
-0.8702830188679245    0.0
-0.8693396226415094    0.0
-0.8683962264150944    0.0
-0.8674528301886792    0.0
-0.8665094339622641    0.0
-0.8655660377358491    0.0
-0.864622641509434    0.0
-0.8636792452830189    0.0
-0.8627358490566037    0.0
-0.8617924528301887    0.0
-0.8608490566037736    0.0
-0.8599056603773585    0.0
-0.8589622641509433    0.0
-0.8580188679245283    0.0
-0.8570754716981133    0.0
-0.8561320754716981    0.0
-0.855188679245283    0.0
-0.8542452830188679    0.0
-0.8533018867924529    0.0
-0.8523584905660377    0.0
-0.8514150943396226    0.0
-0.8504716981132076    0.0
-0.8495283018867925    0.0
-0.8485849056603774    0.0
-0.8476415094339622    0.0
-0.8466981132075472    0.0
-0.8457547169811321    0.0
-0.844811320754717    0.0
-0.8438679245283018    0.0
-0.8429245283018868    0.0
-0.8419811320754718    0.0
-0.8410377358490566    0.0
-0.8400943396226415    0.0
-0.8391509433962264    0.0
-0.8382075471698114    0.0
-0.8372641509433962    0.0
-0.8363207547169811    0.0
-0.835377358490566    0.0
-0.834433962264151    0.0
-0.8334905660377359    0.0
-0.8325471698113207    0.0
-0.8316037735849057    0.0
-0.8306603773584906    0.0
-0.8297169811320755    0.0
-0.8287735849056603    0.0
-0.8278301886792453    0.0
-0.8268867924528303    0.0
-0.8259433962264151    0.0
-0.825    0.0
-0.8240566037735849    0.0
-0.8231132075471699    0.0
-0.8221698113207547    0.0
-0.8212264150943396    0.0
-0.8202830188679245    0.0
-0.8193396226415095    0.0
-0.8183962264150944    0.0
-0.8174528301886792    0.0
-0.816509433962264    0.0
-0.8155660377358491    0.0
-0.814622641509434    0.0
-0.8136792452830188    0.0
-0.8127358490566037    0.0
-0.8117924528301887    0.0
-0.8108490566037736    0.0
-0.8099056603773584    0.0
-0.8089622641509433    0.0
-0.8080188679245284    0.0
-0.8070754716981132    0.0
-0.8061320754716981    0.0
-0.8051886792452829    0.0
-0.804245283018868    0.0
-0.8033018867924528    0.0
-0.8023584905660377    0.0
-0.8014150943396225    0.0
-0.8004716981132076    0.0
-0.7995283018867925    0.0
-0.7985849056603773    0.0
-0.7976415094339622    0.0
-0.7966981132075472    0.0
-0.7957547169811321    0.0
-0.7948113207547169    0.0
-0.7938679245283018    0.0
-0.7929245283018869    0.0
-0.7919811320754717    0.0
-0.7910377358490566    0.0
-0.7900943396226414    0.0
-0.7891509433962265    0.0
-0.7882075471698113    0.0
-0.7872641509433962    0.0
-0.786320754716981    0.0
-0.7853773584905661    0.0
-0.784433962264151    0.0
-0.7834905660377358    0.0
-0.7825471698113207    0.0
-0.7816037735849057    0.0
-0.7806603773584906    0.0
-0.7797169811320754    0.0
-0.7787735849056603    0.0
-0.7778301886792454    0.0
-0.7768867924528302    0.0
-0.7759433962264151    0.0
-0.7749999999999999    0.0
-0.774056603773585    0.0
-0.7731132075471698    0.0
-0.7721698113207547    0.0
-0.7712264150943395    0.0
-0.7702830188679246    0.0
-0.7693396226415095    0.0
-0.7683962264150943    0.0
-0.7674528301886792    0.0
-0.7665094339622642    0.0
-0.7655660377358491    0.0
-0.7646226415094339    0.0
-0.7636792452830188    0.0
-0.7627358490566039    0.0
-0.7617924528301887    0.0
-0.7608490566037736    0.0
-0.7599056603773584    0.0
-0.7589622641509435    0.0
-0.7580188679245283    0.0
-0.7570754716981132    0.0
-0.756132075471698    0.0
-0.7551886792452831    0.0
-0.754245283018868    0.0
-0.7533018867924528    0.0
-0.7523584905660377    0.0
-0.7514150943396227    0.0
-0.7504716981132076    0.0
-0.7495283018867924    0.0
-0.7485849056603773    0.0
-0.7476415094339623    0.0
-0.7466981132075472    0.0
-0.745754716981132    0.0
-0.7448113207547169    0.0
-0.743867924528302    0.0
-0.7429245283018868    0.0
-0.7419811320754717    0.0
-0.7410377358490565    0.0
-0.7400943396226416    0.0
-0.7391509433962264    0.0
-0.7382075471698113    0.0
-0.7372641509433961    0.0
-0.7363207547169812    0.0
-0.7353773584905661    0.0
-0.7344339622641509    0.0
-0.7334905660377358    0.0
-0.7325471698113208    0.0
-0.7316037735849057    0.0
-0.7306603773584905    0.0
-0.7297169811320754    0.0
-0.7287735849056605    0.0
-0.7278301886792453    0.0
-0.7268867924528302    0.0
-0.725943396226415    0.0
-0.7250000000000001    0.0
-0.7240566037735849    0.0
-0.7231132075471698    0.0
-0.7221698113207546    0.0
-0.7212264150943397    0.0
-0.7202830188679246    0.0
-0.7193396226415094    0.0
-0.7183962264150943    0.0
-0.7174528301886793    0.0
-0.7165094339622642    0.0
-0.715566037735849    0.0
-0.7146226415094339    0.0
-0.713679245283019    0.0
-0.7127358490566038    0.0
-0.7117924528301887    0.0
-0.7108490566037735    0.0
-0.7099056603773586    0.0
-0.7089622641509434    0.0
-0.7080188679245283    0.0
-0.7070754716981131    0.0
-0.7061320754716982    0.0
-0.7051886792452831    0.0
-0.7042452830188679    0.0
-0.7033018867924528    0.0
-0.7023584905660378    0.0
-0.7014150943396227    0.0
-0.7004716981132075    0.0
-0.6995283018867924    0.0
-0.6985849056603775    0.0
-0.6976415094339623    0.0
-0.6966981132075472    0.0
-0.695754716981132    0.0
-0.6948113207547171    0.0
-0.6938679245283019    0.0
-0.6929245283018868    0.0
-0.6919811320754716    0.0
-0.6910377358490567    0.0
-0.6900943396226416    0.0
-0.6891509433962264    0.0
-0.6882075471698113    0.0
-0.6872641509433963    0.0
-0.6863207547169812    0.0
-0.685377358490566    0.0
-0.6844339622641509    0.0
-0.683490566037736    0.0
-0.6825471698113208    0.0
-0.6816037735849056    0.0
-0.6806603773584905    0.0
-0.6797169811320756    0.0
-0.6787735849056604    0.0
-0.6778301886792453    0.0
-0.6768867924528301    0.0
-0.6759433962264152    0.0
-0.675    0.0
-0.6740566037735849    0.0
-0.6731132075471697    0.0
-0.6721698113207548    0.0
-0.6712264150943397    0.0
-0.6702830188679245    0.0
-0.6693396226415094    0.0
-0.6683962264150944    0.0
-0.6674528301886793    0.0
-0.6665094339622641    0.0
-0.665566037735849    0.0
-0.6646226415094341    0.0
-0.6636792452830189    0.0
-0.6627358490566038    0.0
-0.6617924528301886    0.0
-0.6608490566037737    0.0
-0.6599056603773585    0.0
-0.6589622641509434    0.0
-0.6580188679245282    0.0
-0.6570754716981133    0.0
-0.6561320754716982    0.0
-0.655188679245283    0.0
-0.6542452830188679    0.0
-0.6533018867924529    0.0
-0.6523584905660378    0.0
-0.6514150943396226    0.0
-0.6504716981132075    0.0
-0.6495283018867926    0.0
-0.6485849056603774    0.0
-0.6476415094339623    0.0
-0.6466981132075471    0.0
-0.6457547169811322    0.0
-0.644811320754717    0.0
-0.6438679245283019    0.0
-0.6429245283018867    0.0
-0.6419811320754718    0.0
-0.6410377358490567    0.0
-0.6400943396226415    0.0
-0.6391509433962264    0.0
-0.6382075471698113    0.0
-0.6372641509433963    0.0
-0.6363207547169811    0.0
-0.635377358490566    0.0
-0.6344339622641508    0.0
-0.6334905660377359    0.0
-0.6325471698113208    0.0
-0.6316037735849056    0.0
-0.6306603773584905    0.0
-0.6297169811320755    0.0
-0.6287735849056604    0.0
-0.6278301886792452    0.0
-0.6268867924528301    0.0
-0.6259433962264151    0.0
-0.625    0.0
-0.6240566037735849    0.0
-0.6231132075471697    0.0
-0.6221698113207548    0.0
-0.6212264150943396    0.0
-0.6202830188679245    0.0
-0.6193396226415093    0.0
-0.6183962264150944    0.0
-0.6174528301886792    0.0
-0.6165094339622641    0.0
-0.615566037735849    0.0
-0.614622641509434    0.0
-0.6136792452830189    0.0
-0.6127358490566037    0.0
-0.6117924528301886    0.0
-0.6108490566037736    0.0
-0.6099056603773585    0.0
-0.6089622641509433    0.0
-0.6080188679245282    0.0
-0.6070754716981133    0.0
-0.6061320754716981    0.0
-0.605188679245283    0.0
-0.6042452830188678    0.0
-0.6033018867924529    0.0
-0.6023584905660377    0.0
-0.6014150943396226    0.0
-0.6004716981132074    0.0
-0.5995283018867925    0.0
-0.5985849056603774    0.0
-0.5976415094339622    0.0
-0.5966981132075471    0.0
-0.5957547169811321    0.0
-0.594811320754717    0.0
-0.5938679245283018    0.0
-0.5929245283018867    0.0
-0.5919811320754718    0.0
-0.5910377358490566    0.0
-0.5900943396226415    0.0
-0.5891509433962263    0.0
-0.5882075471698114    0.0
-0.5872641509433962    0.0
-0.5863207547169811    0.0
-0.5853773584905659    0.00023563410025565466
-0.584433962264151    0.0
-0.5834905660377359    0.0
-0.5825471698113207    0.0
-0.5816037735849056    0.0
-0.5806603773584906    0.0
-0.5797169811320755    0.00023563410025562696
-0.5787735849056603    0.0
-0.5778301886792452    0.0
-0.5768867924528303    0.0
-0.5759433962264151    0.0
-0.575    0.0
-0.5740566037735848    0.0
-0.5731132075471699    0.0
-0.5721698113207547    0.0
-0.5712264150943396    0.0
-0.5702830188679244    0.0
-0.5693396226415095    0.0
-0.5683962264150944    0.0
-0.5674528301886792    0.0
-0.566509433962264    0.0
-0.5655660377358491    0.0
-0.564622641509434    0.0
-0.5636792452830188    0.0
-0.5627358490566037    0.0
-0.5617924528301887    0.0
-0.5608490566037736    0.0
-0.5599056603773584    0.0
-0.5589622641509433    0.0
-0.5580188679245284    0.0
-0.5570754716981132    0.0
-0.5561320754716981    0.0
-0.5551886792452829    0.0
-0.554245283018868    0.00023563410025565466
-0.5533018867924528    0.0
-0.5523584905660377    0.0
-0.5514150943396225    0.0
-0.5504716981132076    0.0
-0.5495283018867925    0.0
-0.5485849056603773    0.0
-0.5476415094339622    0.0
-0.5466981132075472    0.0
-0.5457547169811321    0.0
-0.5448113207547169    0.0
-0.5438679245283018    0.00023563410025565466
-0.5429245283018869    0.00023563410025565466
-0.5419811320754717    0.0
-0.5410377358490566    0.0
-0.5400943396226414    0.0
-0.5391509433962265    0.0
-0.5382075471698113    0.0
-0.5372641509433962    0.0
-0.536320754716981    0.0
-0.5353773584905661    0.0
-0.534433962264151    0.0
-0.5334905660377358    0.0
-0.5325471698113207    0.0
-0.5316037735849057    0.0
-0.5306603773584906    0.00023563410025562696
-0.5297169811320754    0.0
-0.5287735849056603    0.0
-0.5278301886792454    0.0
-0.5268867924528302    0.0
-0.5259433962264151    0.0
-0.5249999999999999    0.0
-0.524056603773585    0.0
-0.5231132075471698    0.0
-0.5221698113207547    0.0
-0.5212264150943395    0.0004712682005113093
-0.5202830188679246    0.00023563410025565466
-0.5193396226415095    0.0
-0.5183962264150943    0.00023563410025562696
-0.5174528301886792    0.0
-0.5165094339622642    0.0
-0.5155660377358491    0.0
-0.5146226415094339    0.0
-0.5136792452830188    0.0
-0.5127358490566039    0.0
-0.5117924528301887    0.00023563410025562696
-0.5108490566037736    0.0
-0.5099056603773584    0.0
-0.5089622641509435    0.0
-0.5080188679245283    0.0
-0.5070754716981132    0.00023563410025562696
-0.506132075471698    0.00023563410025565466
-0.5051886792452831    0.0
-0.504245283018868    0.0
-0.5033018867924528    0.0004712682005112539
-0.5023584905660377    0.0004712682005113093
-0.5014150943396227    0.00023563410025565466
-0.5004716981132076    0.00023563410025562696
-0.4995283018867924    0.0004712682005112539
-0.49858490566037733    0.0
-0.49764150943396224    0.00023563410025562696
-0.49669811320754714    0.0009425364010226187
-0.49575471698113205    0.0
-0.49481132075471695    0.0004712682005113093
-0.49386792452830186    0.0
-0.49292452830188677    0.00023563410025565466
-0.49198113207547167    0.0
-0.4910377358490566    0.0
-0.4900943396226415    0.0009425364010225078
-0.4891509433962264    0.00023563410025565466
-0.4882075471698113    0.0004712682005112539
-0.4872641509433962    0.0
-0.4863207547169811    0.00023563410025562696
-0.485377358490566    0.00023563410025565466
-0.4844339622641509    0.00023563410025562696
-0.4834905660377358    0.0
-0.48254716981132073    0.0004712682005112539
-0.48160377358490564    0.0004712682005113093
-0.48066037735849054    0.00023563410025562696
-0.47971698113207545    0.0004712682005113093
-0.47877358490566035    0.0
-0.47783018867924526    0.0004712682005113093
-0.47688679245283017    0.0
-0.47594339622641507    0.0004712682005113093
-0.475    0.0004712682005112539
-0.4740566037735849    0.0
-0.4731132075471698    0.0004712682005112539
-0.4721698113207547    0.00023563410025565466
-0.4712264150943396    0.0
-0.4702830188679245    0.0
-0.4693396226415094    0.0004712682005112539
-0.4683962264150943    0.0014138046015339282
-0.4674528301886792    0.0004712682005112539
-0.46650943396226413    0.0004712682005113093
-0.46556603773584904    0.00023563410025562696
-0.46462264150943394    0.0009425364010226187
-0.46367924528301885    0.0004712682005112539
-0.46273584905660375    0.0
-0.46179245283018866    0.0
-0.46084905660377357    0.0009425364010226187
-0.45990566037735847    0.0007069023007668808
-0.4589622641509434    0.0007069023007669641
-0.4580188679245283    0.0007069023007668808
-0.4570754716981132    0.0004712682005113093
-0.4561320754716981    0.0
-0.455188679245283    0.00023563410025565466
-0.4542452830188679    0.0009425364010225078
-0.4533018867924528    0.00023563410025565466
-0.4523584905660377    0.0011781705012781348
-0.4514150943396226    0.0009425364010226187
-0.45047169811320753    0.0004712682005112539
-0.44952830188679244    0.00023563410025565466
-0.44858490566037734    0.0016494387017893888
-0.44764150943396225    0.0007069023007669641
-0.44669811320754715    0.0014138046015337617
-0.44575471698113206    0.0011781705012782733
-0.44481132075471697    0.0009425364010225078
-0.44386792452830187    0.0007069023007669641
-0.4429245283018868    0.0
-0.4419811320754717    0.0014138046015339282
-0.4410377358490566    0.00023563410025562696
-0.4400943396226415    0.0007069023007669641
-0.4391509433962264    0.0011781705012781348
-0.4382075471698113    0.0016494387017895829
-0.4372641509433962    0.0009425364010225078
-0.4363207547169811    0.0009425364010226187
-0.435377358490566    0.0009425364010225078
-0.43443396226415093    0.0011781705012782733
-0.43349056603773584    0.0025919751028118964
-0.43254716981132074    0.0021207069023008924
-0.43160377358490565    0.0009425364010225078
-0.43066037735849055    0.0009425364010226187
-0.42971698113207546    0.0014138046015337617
-0.42877358490566037    0.0011781705012782733
-0.42783018867924527    0.0016494387017893888
-0.4268867924528302    0.0011781705012782733
-0.4259433962264151    0.0018850728020450157
-0.425    0.0018850728020452373
-0.4240566037735849    0.0016494387017893888
-0.4231132075471698    0.0016494387017895829
-0.4221698113207547    0.0018850728020450157
-0.4212264150943396    0.0011781705012782733
-0.4202830188679245    0.0007069023007668808
-0.4193396226415094    0.0011781705012782733
-0.41839622641509433    0.0023563410025562695
-0.41745283018867924    0.0016494387017895829
-0.41650943396226414    0.0023563410025562695
-0.41556603773584905    0.0025919751028122017
-0.41462264150943395    0.0032988774035787776
-0.41367924528301886    0.0023563410025565466
-0.41273584905660377    0.0016494387017893888
-0.41179245283018867    0.0025919751028122017
-0.4108490566037736    0.0037701456040900314
-0.4099056603773585    0.0030632433033235106
-0.4089622641509434    0.0011781705012781348
-0.4080188679245283    0.004241413804601785
-0.4070754716981132    0.0023563410025562695
-0.4061320754716981    0.0030632433033235106
-0.405188679245283    0.0032988774035787776
-0.4042452830188679    0.0035345115038348204
-0.4033018867924528    0.0021207069023006426
-0.40235849056603773    0.0028276092030678564
-0.40141509433962264    0.0025919751028118964
-0.40047169811320754    0.0032988774035791657
-0.39952830188679245    0.0030632433033231507
-0.39858490566037735    0.004712682005113093
-0.39764150943396226    0.0023563410025562695
-0.39669811320754716    0.0021207069023008924
-0.39575471698113207    0.004477047904856912
-0.394811320754717    0.0035345115038348204
-0.3938679245283019    0.0018850728020450157
-0.3929245283018868    0.0030632433033235106
-0.3919811320754717    0.004477047904856912
-0.3910377358490566    0.004241413804601785
-0.3900943396226415    0.005183950205623793
-0.3891509433962264    0.0051839502056244035
-0.3882075471698113    0.004005779704345658
-0.3872641509433962    0.0065977548071583314
-0.38632075471698113    0.00541958430587942
-0.38537735849056604    0.0037701456040904746
-0.38443396226415094    0.004005779704345658
-0.38349056603773585    0.0028276092030678564
-0.38254716981132075    0.006597754807157555
-0.38160377358490566    0.008247193508947913
-0.38066037735849056    0.004712682005112539
-0.37971698113207547    0.004241413804601785
-0.3787735849056604    0.006833388907413182
-0.3778301886792453    0.0065977548071583314
-0.3768867924528302    0.005183950205623793
-0.3759433962264151    0.007069023007669641
-0.375    0.006126486606646301
-0.3740566037735849    0.005655218406135713
-0.3731132075471698    0.005655218406135047
-0.3721698113207547    0.006833388907413986
-0.3712264150943396    0.007540291208180063
-0.37028301886792453    0.004712682005113093
-0.36933962264150944    0.007540291208180063
-0.36839622641509434    0.00848282760920357
-0.36745283018867925    0.009660998110480705
-0.36650943396226415    0.008718461709459223
-0.36556603773584906    0.007540291208180063
-0.36462264150943396    0.009425364010226187
-0.36367924528301887    0.010367900411247586
-0.3627358490566038    0.01060353451150446
-0.3617924528301887    0.008718461709458197
-0.3608490566037736    0.012488607313549699
-0.3599056603773585    0.008718461709458197
-0.3589622641509434    0.01060353451150446
-0.3580188679245283    0.008718461709458197
-0.3570754716981132    0.010367900411248807
-0.3561320754716981    0.011074802712014468
-0.355188679245283    0.010132266310993152
-0.35424528301886793    0.014844948316104499
-0.35330188679245284    0.013902411915083627
-0.35235849056603774    0.01555185061687138
-0.35141509433962265    0.01154607091252708
-0.35047169811320755    0.01696565521840514
-0.34952830188679246    0.01460931421585059
-0.34858490566037736    0.013902411915081991
-0.34764150943396227    0.015787484717128864
-0.3466981132075472    0.01955763032121704
-0.3457547169811321    0.013666777814827972
-0.344811320754717    0.015787484717127008
-0.3438679245283019    0.016258752917640173
-0.3429245283018868    0.020500166722239546
-0.3419811320754717    0.01555185061687321
-0.3410377358490566    0.018143825719683274
-0.3400943396226415    0.020735800822497614
-0.3391509433962264    0.021913971323773308
-0.33820754716981133    0.020028898521730648
-0.33726415094339623    0.019793264421472664
-0.33632075471698114    0.021913971323775885
-0.33537735849056605    0.020028898521728292
-0.33443396226415095    0.02403467822607678
-0.33349056603773586    0.022149605424028936
-0.33254716981132076    0.023799044125821126
-0.33160377358490567    0.02874736023118649
-0.3306603773584906    0.023327775925309813
-0.3297169811320755    0.02686228742914147
-0.3287735849056604    0.023327775925309813
-0.3278301886792453    0.0270979215293971
-0.3268867924528302    0.027097921529400288
-0.3259433962264151    0.028040457930419607
-0.325    0.028040457930422907
-0.3240566037735849    0.026626653328885846
-0.3231132075471698    0.028747360231189872
-0.32216981132075473    0.03463821273757716
-0.32122641509433963    0.029454262531956838
-0.32028301886792454    0.03463821273757716
-0.31933962264150945    0.03157496943425773
-0.31839622641509435    0.031574969434254016
-0.31745283018867926    0.037701456040904746
-0.31650943396226416    0.03840835834166719
-0.31556603773584907    0.03887962654218302
-0.314622641509434    0.032753139935532145
-0.3136792452830189    0.0374658219406491
-0.3127358490566038    0.04477047904856912
-0.3117924528301887    0.04052906524397261
-0.3108490566037736    0.03746582194064469
-0.3099056603773585    0.043356674447040465
-0.3089622641509434    0.04147160164499034
-0.3080188679245283    0.03723018784039344
-0.3070754716981132    0.0428854062465241
-0.30613207547169813    0.041235967544739564
-0.30518867924528303    0.04335667444703536
-0.30424528301886794    0.04712682005113093
-0.30330188679245285    0.04641991775035851
-0.30235849056603775    0.061500500166725876
-0.30141509433962266    0.04877625875291478
-0.30047169811320756    0.060793597865958914
-0.29952830188679247    0.056080915860839214
-0.2985849056603774    0.05725908636212409
-0.2976415094339623    0.0541958430587942
-0.2966981132075472    0.055138379459823195
-0.2957547169811321    0.06503501167055303
-0.294811320754717    0.06951205957541813
-0.2938679245283019    0.06527064577080867
-0.2929245283018868    0.061264866066470226
-0.2919811320754717    0.06951205957540996
-0.2910377358490566    0.06479937757030504
-0.29009433962264153    0.06739135267310932
-0.28915094339622643    0.07563854618206516
-0.28820754716981134    0.07422474158052249
-0.28726415094339625    0.07398910748027558
-0.28632075471698115    0.07446037568077812
-0.28537735849056606    0.0779948871846217
-0.28443396226415096    0.08152939868844693
-0.28349056603773587    0.08294320328999046
-0.2825471698113208    0.08270756918972506
-0.2816037735849057    0.08954095809714878
-0.2806603773584906    0.09071912859841638
-0.2797169811320755    0.08765588529510354
-0.2787735849056604    0.0857708124930482
-0.2778301886792453    0.09331110370123925
-0.2768867924528302    0.09731688340557393
-0.27594339622641506    0.10155829721017522
-0.27499999999999997    0.09802378570635234
-0.2740566037735849    0.0987306880071077
-0.2731132075471698    0.11381127042348121
-0.2721698113207547    0.10297210181170899
-0.2712264150943396    0.1008513949094202
-0.2702830188679245    0.09755251750582956
-0.2693396226415094    0.1133400022229699
-0.2683962264150943    0.11923085472934725
-0.2674528301886792    0.1314838279426553
-0.2665094339622641    0.1267711459375273
-0.265566037735849    0.13242636434367794
-0.26462264150943393    0.12771368233854982
-0.26367924528301884    0.1357252417472571
-0.26273584905660374    0.13525397354672988
-0.26179245283018865    0.1383172168500693
-0.26084905660377355    0.13973102145158678
-0.25990566037735846    0.1366677781482797
-0.25896226415094337    0.13596087584749675
-0.2580188679245283    0.14797821496055116
-0.2570754716981132    0.15033455596308998
-0.2561320754716981    0.15787484717128863
-0.255188679245283    0.16211626097587134
-0.2542452830188679    0.16188062687563476
-0.2533018867924528    0.15999555407357072
-0.2523584905660377    0.16400133377793566
-0.2514150943396226    0.1738979659886527
-0.2504716981132075    0.1762543069912297
-0.24952830188679243    0.18591530510168966
-0.24858490566037733    0.18238079359787673
-0.24764150943396224    0.17766811159274273
-0.24669811320754714    0.19298432810938118
-0.24575471698113205    0.19298432810935848
-0.24481132075471695    0.19251305990886988
-0.24386792452830186    0.22432366344335686
-0.24292452830188677    0.2064154718239535
-0.24198113207547167    0.20947871512725236
-0.24103773584905658    0.20759364232523178
-0.24009433962264148    0.22267422474156748
-0.2391509433962264    0.2271512726464511
-0.2382075471698113    0.22832944314770254
-0.2372641509433962    0.24718017116818175
-0.2363207547169811    0.23563410025562695
-0.235377358490566    0.24293875736357998
-0.23443396226415092    0.241289318661762
-0.23349056603773582    0.2606113148827541
-0.23254716981132073    0.2464732688673858
-0.23160377358490564    0.2636745581860776
-0.23066037735849054    0.2665021673891141
-0.22971698113207545    0.2683872401911907
-0.22877358490566035    0.2895943092141655
-0.22783018867924526    0.27734133600090555
-0.22688679245283017    0.2822896521062411
-0.22594339622641507    0.2943069912193127
-0.22499999999999998    0.302554184728225
-0.22405660377358488    0.3089163054351633
-0.2231132075471698    0.3228187173502089
-0.2221698113207547    0.33342225186175134
-0.2212264150943396    0.31739913304432954
-0.2202830188679245    0.34025564076916537
-0.2193396226415094    0.33083027675890025
-0.21839622641509432    0.3520373457819481
-0.21745283018867922    0.3518017116816511
-0.21650943396226413    0.3562787595865499
-0.21556603773584904    0.3612270756918761
-0.21462264150943394    0.3883249972213189
-0.21367924528301885    0.3817272424141157
-0.21273584905660375    0.3727731466044457
-0.21179245283018866    0.4041124819384002
-0.21084905660377357    0.3977503612315451
-0.20990566037735847    0.4206068689562941
-0.20896226415094338    0.4373368900744951
-0.20801886792452828    0.4349805490718873
-0.2070754716981132    0.445584083583443
-0.2061320754716981    0.4486473268867137
-0.205188679245283    0.4644348116038954
-0.2042452830188679    0.4705612982104871
-0.2033018867924528    0.47221073691233195
-0.20235849056603772    0.4842280760253134
-0.20141509433962262    0.48022229632102426
-0.20047169811320753    0.4870556852283809
-0.19952830188679244    0.5216938979660195
-0.19858490566037734    0.5049638768478085
-0.19764150943396225    0.5497343558964424
-0.19669811320754715    0.5106190952539437
-0.19575471698113206    0.5532688674002773
-0.19481132075471697    0.575418472824241
-0.19386792452830187    0.5876714460376028
-0.19292452830188678    0.5824874958319098
-0.19198113207547168    0.5909703234411819
-0.1910377358490566    0.5824874958319098
-0.1900943396226415    0.6131199288652135
-0.1891509433962264    0.6213671223740883
-0.1882075471698113    0.6095854173613787
-0.1872641509433962    0.6428098254973503
-0.18632075471698112    0.647522507502539
-0.18537735849056602    0.6498788485050192
-0.18443396226415093    0.6823963543403759
-0.18349056603773584    0.6901722796487313
-0.18254716981132074    0.7038390574636406
-0.18160377358490565    0.708080471268159
-0.18066037735849055    0.7127931532733555
-0.17971698113207546    0.7389485384016462
-0.17877358490566037    0.7375347338001992
-0.17783018867924527    0.7707591419361558
-0.17688679245283018    0.779948871846217
-0.17594339622641508    0.7773568967433133
-0.175    0.793615649661045
-0.1740566037735849    0.8094031343780786
-0.1731132075471698    0.8313171057019497
-0.1721698113207547    0.8228342780926493
-0.1712264150943396    0.8341447149050176
-0.17028301886792452    0.8930532399688261
-0.16933962264150942    0.8888118261643294
-0.16839622641509433    0.8772657552516991
-0.16745283018867924    0.9366455485162274
-0.16650943396226414    0.9375880849171397
-0.16556603773584905    0.9514904968323336
-0.16462264150943395    0.967042347449093
-0.16367924528301886    0.9559675447371911
-0.16273584905660377    0.9833011003667314
-0.16179245283018867    0.9988529509837202
-0.16084905660377358    1.0266577748137666
-0.15990566037735848    1.0466866733356182
-0.1589622641509434    1.0683650105590126
-0.1580188679245283    1.0424452595310163
-0.1570754716981132    1.0683650105590126
-0.1561320754716981    1.089100811381636
-0.155188679245283    1.1277448038234308
-0.15424528301886792    1.136698899633278
-0.15330188679245282    1.123739024119085
-0.15235849056603773    1.164739357563701
-0.15141509433962264    1.1814693786817134
-0.15047169811320754    1.2024408136046059
-0.14952830188679245    1.240613537845876
-0.14858490566037735    1.2363721240414203
-0.14764150943396226    1.2465043903522666
-0.14669811320754716    1.2639413137713318
-0.14575471698113207    1.320022229632022
-0.14481132075471698    1.3318039346449604
-0.14386792452830188    1.3280337890407135
-0.1429245283018868    1.3690341224853537
-0.1419811320754717    1.3671490496831475
-0.1410377358490566    1.3737468044904668
-0.1400943396226415    1.4163965766365736
-0.1391509433962264    1.4559831054796901
-0.13820754716981132    1.4444370345669932
-0.13726415094339622    1.4995754140269864
-0.13632075471698113    1.471770590196646
-0.13537735849056604    1.4873224408136922
-0.13443396226415094    1.5396332110702666
-0.13349056603773585    1.5733288874070064
-0.13254716981132075    1.5801622763142344
-0.13160377358490566    1.5952428587307823
-0.13066037735849056    1.6258752917638262
-0.12971698113207547    1.6211626097589042
-0.12877358490566038    1.6145648549515559
-0.12783018867924528    1.6654618206069673
-0.1268867924528302    1.6965655218405142
-0.1259433962264151    1.6960942536402024
-0.125    1.747698121595985
-0.1240566037735849    1.7432210736913334
-0.12311320754716981    1.8405379570967022
-0.12216981132075472    1.8259286428810682
-0.12122641509433962    1.8410092252972134
-0.12028301886792453    1.8235723018785115
-0.11933962264150944    1.8838946315437375
-0.11839622641509434    1.9109925530733596
-0.11745283018867925    1.9197110147825927
-0.11650943396226415    1.9289007446927893
-0.11556603773584906    1.9486940091140348
-0.11462264150943396    2.0106657774815013
-0.11367924528301887    2.0507235745247216
-0.11273584905660378    2.0530799155275195
-0.11179245283018868    2.06910303434466
-0.11084905660377359    2.089603201067146
-0.1099056603773585    2.0787640324551413
-0.1089622641509434    2.162414138046143
-0.1080188679245283    2.17796598866276
-0.10707547169811321    2.230041124819516
-0.10613207547169812    2.1789085250637825
-0.10518867924528302    2.25478270534636
-0.10424528301886793    2.2458286095363804
-0.10330188679245284    2.320760253417943
-0.10235849056603774    2.348093809047323
-0.10141509433962265    2.311334889407717
-0.10047169811320755    2.351628320551157
-0.09952830188679246    2.3612893186619157
-0.09858490566037736    2.4044103590084176
-0.09764150943396227    2.4741580526843743
-0.09669811320754718    2.446588862954175
-0.09575471698113208    2.483112148494089
-0.09481132075471699    2.5285895298431327
-0.0938679245283019    2.566997888185102
-0.0929245283018868    2.5922107369121523
-0.0919811320754717    2.570061131488426
-0.09103773584905661    2.603049905523911
-0.09009433962264152    2.63109036345464
-0.08915094339622642    2.6647860397908856
-0.08820754716981133    2.7060220073359385
-0.08726415094339623    2.7126197621427774
-0.08632075471698114    2.7618672890965286
-0.08537735849056605    2.740895854173453
-0.08443396226415095    2.7599822162944836
-0.08349056603773586    2.790143381126879
-0.08254716981132076    2.831850616872458
-0.08160377358490567    2.896178726241911
-0.08066037735849058    2.8648393909082497
-0.07971698113207548    2.9056040902521363
-0.07877358490566039    2.9400066688898034
-0.0778301886792453    2.977001222629591
-0.0768867924528302    2.9652195176171587
-0.0759433962264151    2.9993864621538755
-0.07500000000000001    3.015173946871357
-0.07405660377358492    3.0215360675779044
-0.07311320754716982    3.062300766922488
-0.07216981132075473    3.094347004556893
-0.07122641509433963    3.1570256752252615
-0.07028301886792454    3.1560831388238673
-0.06933962264150945    3.199439813271279
-0.06839622641509435    3.1730487940422725
-0.06745283018867926    3.2423252195178085
-0.06650943396226416    3.2404401467153816
-0.06556603773584907    3.2534000222298243
-0.06462264150943398    3.294164721573665
-0.06367924528301888    3.296049794376098
-0.06273584905660379    3.3471823941311807
-0.06179245283018869    3.3217339113039643
-0.0608490566037736    3.400435700788953
-0.059905660377358505    3.4565166166501986
-0.05896226415094341    3.4397865955316425
-0.05801886792452832    3.4298899633213096
-0.05707547169811322    3.526499944425713
-0.05613207547169813    3.5184883850174358
-0.055188679245283034    3.47277536956743
-0.05424528301886794    3.5081204846061866
-0.053301886792452846    3.5552473046568998
-0.05235849056603775    3.6148627320219986
-0.05141509433962266    3.607793709013904
-0.050471698113207564    3.645495165055234
-0.04952830188679247    3.6165121707233627
-0.048584905660377375    3.660104479271084
-0.04764150943396228    3.6518572857617064
-0.04669811320754719    3.679897743692559
-0.04575471698113209    3.743047682560634
-0.044811320754717    3.743518950761586
-0.043867924528301905    3.7159497610312373
-0.04292452830188681    3.8024274758254997
-0.04198113207547172    3.7487029009667694
-0.04103773584905662    3.809732132933425
-0.04009433962264153    3.8622785372899817
-0.039150943396226434    3.901865066133386
-0.03820754716981134    3.834473713459818
-0.037264150943396246    3.8309392019564337
-0.03632075471698115    3.8547382460818014
-0.03537735849056606    3.9053995776372212
-0.034433962264150964    3.839657663665441
-0.033490566037735814    3.860157830387681
-0.03254716981132072    3.885135045015234
-0.031603773584905626    3.9053995776367616
-0.03066037735849053    3.9805668556187745
-0.029716981132075437    3.994940535733899
-0.028773584905660343    4.031935089474508
-0.02783018867924525    4.061389352005986
-0.026886792452830155    4.036647771479621
-0.02594339622641506    3.996825608535944
-0.024999999999999967    4.024394798266326
-0.024056603773584873    4.011906190952304
-0.02311320754716978    4.042302989885756
-0.022169811320754684    4.0755273980213245
-0.02122641509433959    4.099797710348136
-0.020283018867924496    4.049607646993205
-0.019339622641509402    4.088722907636121
-0.018396226415094308    4.125246193175261
-0.017452830188679214    4.081653884628451
-0.01650943396226412    4.114642658663758
-0.015566037735849025    4.129723241080605
-0.014622641509433931    4.106159831054555
-0.013679245283018837    4.123832388574213
-0.012735849056603743    4.13820606868932
-0.011792452830188649    4.149045237301568
-0.010849056603773555    4.131843947982419
-0.00990566037735846    4.119590974769611
-0.008962264150943366    4.114171390463246
-0.008018867924528272    4.1193553406693555
-0.007075471698113178    4.178263865732777
-0.006132075471698084    4.1158208291655205
-0.00518867924528299    4.158941869511816
-0.004245283018867896    4.21125263976906
-0.0033018867924528017    4.16624652661974
-0.0023584905660377076    4.186039791041706
-0.0014150943396226134    4.1634189174166725
-0.0004716981132075193    4.129723241080605
0.0004716981132075748    4.187453595642747
0.0014150943396227245    4.215965321773678
0.002358490566037763    4.168602867623278
0.0033018867924528017    4.156349894409004
0.004245283018867951    4.206304323663197
0.005188679245283101    4.216436589974189
0.00613207547169814    4.1957007891526805
0.007075471698113178    4.176614427030987
0.008018867924528328    4.183683450038656
0.008962264150943478    4.177321329331755
0.009905660377358516    4.109929976659613
0.010849056603773555    4.164597087917951
0.011792452830188704    4.166482160719996
0.012735849056603854    4.096970101144586
0.013679245283018893    4.080711348227908
0.014622641509433931    4.120533511170148
0.015566037735849081    4.117705901967081
0.01650943396226423    4.088251639435128
0.01745283018867927    4.0899010781378795
0.018396226415094308    4.039475380682213
0.019339622641509457    4.06492386350982
0.020283018867924607    4.023923530065342
0.021226415094339646    4.111815049461659
0.022169811320754684    4.053377792597295
0.023113207547169834    3.989049683227509
0.024056603773584984    4.034291430476589
0.025000000000000022    3.975147271313362
0.02594339622641506    4.036647771479145
0.02688679245283021    3.9697276870065474
0.02783018867924536    3.9975325108367112
0.0287735849056604    3.9190663554525096
0.029716981132075437    4.0208602867620185
0.030660377358490587    3.961244859397345
0.03160377358490574    3.8724108036009737
0.032547169811320775    3.9386239857737317
0.033490566037735814    3.8907902634209126
0.034433962264150964    3.8618072690894705
0.03537735849056611    3.856387684783591
0.03632075471698115    3.8585083916868
0.03726415094339619    3.8149160831386006
0.03820754716981134    3.837772590863396
0.03915094339622649    3.8139735467375777
0.04009433962264153    3.799835500723135
0.04103773584905657    3.71524285873047
0.04198113207547172    3.717127931532515
0.042924528301886866    3.740926975658333
0.043867924528301905    3.743047682561515
0.04481132075471694    3.7150072246302144
0.04575471698113209    3.682018450594427
0.04669811320754724    3.6506791152604285
0.04764150943396228    3.6624608202740716
0.04858490566037732    3.573862398577094
0.04952830188679247    3.633477825941768
0.05047169811320762    3.61933977992643
0.05141509433962266    3.5849372012899523
0.052358490566037696    3.5715060575745374
0.053301886792452846    3.527913749027247
0.054245283018867996    3.4946893408912034
0.055188679245283034    3.4414360342342416
0.05613207547169807    3.4739535400687083
0.05707547169811322    3.4480337890405894
0.05801886792452837    3.3959586528840955
0.05896226415094341    3.444028009337054
0.05990566037735845    3.3181993997997385
0.0608490566037736    3.370510170056488
0.06179245283018875    3.2647104590417118
0.06273584905660379    3.340349005224554
0.06367924528301883    3.2918083805711085
0.06462264150943398    3.218761809491864
0.06556603773584913    3.23407802600848
0.06650943396226416    3.227715905302338
0.0674528301886792    3.169514282538438
0.06839622641509435    3.1739913304432954
0.0693396226415095    3.135582972101628
0.07028301886792454    3.110370123375008
0.07122641509433958    3.1042436367676296
0.07216981132075473    3.057823719017271
0.07311320754716988    3.065835278425962
0.07405660377358492    2.9934956096481895
0.07499999999999996    3.0097543625651233
0.0759433962264151    3.008811826164101
0.07688679245283025    2.9192708680669623
0.0778301886792453    2.9616850061136724
0.07877358490566033    2.9178570634654286
0.07971698113207548    2.8667244637099576
0.08066037735849063    2.8565921973989656
0.08160377358490567    2.8181838390579617
0.08254716981132071    2.788729576525345
0.08349056603773586    2.738068244970385
0.08443396226415101    2.7543269978880236
0.08537735849056605    2.7550339001894386
0.08632075471698109    2.6577170167832165
0.08726415094339623    2.6786884517059675
0.08820754716981138    2.650647993775548
0.08915094339622642    2.6310903634549496
0.09009433962264146    2.57830832499707
0.09103773584905661    2.5919751028118965
0.09198113207547176    2.571474936089657
0.0929245283018868    2.5120951428258302
0.09386792452830184    2.5059686562185925
0.09481132075471699    2.4821696120927745
0.09575471698113214    2.3796687784815767
0.09669811320754718    2.4355140602427334
0.09764150943396221    2.3923930198953802
0.09858490566037736    2.3318350561296843
0.09952830188679251    2.3506857841501345
0.10047169811320755    2.3464443703460858
0.10141509433962259    2.3301856174278948
0.10235849056603774    2.2590241191506957
0.10330188679245289    2.197523618983977
0.10424528301886793    2.272455262865801
0.10518867924528297    2.1954029120816765
0.10613207547169812    2.1869200844724737
0.10707547169811327    2.109632099588628
0.1080188679245283    2.1402645326223637
0.10896226415094334    2.038234967211173
0.1099056603773585    2.033993553406572
0.11084905660377364    2.04648216072012
0.11179245283018868    2.0594420362346644
0.11273584905660372    2.0337579193063164
0.11367924528301887    1.980975880849056
0.11462264150943402    1.9602400800265605
0.11556603773584906    1.9442169612096356
0.1165094339622641    1.8836589974434819
0.11745283018867925    1.8603312215181749
0.1183962264150944    1.870934756029678
0.11933962264150944    1.8289918861846068
0.12028301886792447    1.8339402022895446
0.12122641509433962    1.8155607424696056
0.12216981132075477    1.773617872624104
0.12311320754716981    1.7689051906194078
0.12405660377358485    1.7267266866732343
0.125    1.6824274758251765
0.12594339622641515    1.6887895965320785
0.1268867924528302    1.6173924641550042
0.12783018867924523    1.6492030676891332
0.12877358490566038    1.6098521729464432
0.12971698113207553    1.6228120484605029
0.13066037735849056    1.5695587418031005
0.1316037735849056    1.5752139602088662
0.13254716981132075    1.5311503834610638
0.1334905660377359    1.531857285761831
0.13443396226415094    1.5167767033458277
0.13537735849056598    1.4712993219961346
0.13632075471698113    1.4493853506723615
0.13726415094339628    1.4458508391685272
0.13820754716981132    1.4187529176394638
0.13915094339622636    1.3680915860841703
0.1400943396226415    1.356074246971133
0.14103773584905666    1.3244992775368791
0.1419811320754717    1.3301544959433274
0.14292452830188673    1.3341602756473598
0.14386792452830188    1.3054129154161733
0.14481132075471703    1.2399066355451092
0.14575471698113207    1.2667689229745487
0.1466981132075471    1.2427342447481766
0.14764150943396226    1.241791708347154
0.1485849056603774    1.1809981104812024
0.14952830188679245    1.1510725797490087
0.15047169811320749    1.1923085472934722
0.15141509433962264    1.150836945648482
0.15235849056603779    1.1428253862397906
0.15330188679245282    1.1150205624098892
0.15424528301886786    1.1117216850060478
0.155188679245283    1.0709569856618246
0.15613207547169816    1.0612959875513437
0.1570754716981132    1.015818606202247
0.15801886792452824    1.0499855507390738
0.1589622641509434    1.0313704568188793
0.15990566037735854    0.9917839279759338
0.16084905660377358    0.9755251750585252
0.16179245283018862    0.9962609758807908
0.16273584905660377    0.9371168167166285
0.16367924528301891    0.9364099144158615
0.16462264150943395    0.9378237190176161
0.165566037735849    0.9189729909969452
0.16650943396226414    0.8817428031565561
0.1674528301886793    0.8885761920639693
0.16839622641509433    0.8548805157276158
0.16933962264150937    0.8586506613315047
0.17028301886792452    0.8390930310102876
0.17122641509433967    0.838150494609265
0.1721698113207547    0.7848971879516781
0.17311320754716975    0.8115238412803792
0.1740566037735849    0.787017894853794
0.17500000000000004    0.7582705346226076
0.17594339622641508    0.7622763143271326
0.17688679245283012    0.7695809714348776
0.17783018867924527    0.737770367900368
0.17877358490566042    0.7132644214737828
0.17971698113207546    0.7102011781706269
0.1806603773584905    0.672735356229815
0.18160377358490565    0.692292986551032
0.1825471698113208    0.6991263754584451
0.18349056603773584    0.6515282872069619
0.18443396226415087    0.6498788485050192
0.18537735849056602    0.627257974880479
0.18632075471698117    0.6293786817827797
0.1872641509433962    0.6249016338780697
0.18820754716981125    0.6131199288651413
0.1891509433962264    0.6256085361786896
0.19009433962264155    0.5996887851505706
0.1910377358490566    0.5716483272202856
0.19198113207547163    0.5591597199066027
0.19292452830188678    0.5794242525285866
0.19386792452830193    0.5605735245081366
0.19481132075471697    0.5530332333000866
0.195754716981132    0.526170945870815
0.19669811320754715    0.5245215071690256
0.1976415094339623    0.5160386795598231
0.19858490566037734    0.5108547293543194
0.19952830188679238    0.4846993442258247
0.20047169811320753    0.5007224630432072
0.20141509433962268    0.46938312770920887
0.20235849056603772    0.4722107369123875
0.20330188679245276    0.4498254973879919
0.2042452830188679    0.43992886517725555
0.20518867924528306    0.45053239968875874
0.2061320754716981    0.4102389685451431
0.20707547169811313    0.4189574302545047
0.20801886792452828    0.42107813715680537
0.20896226415094343    0.4123596754473472
0.20990566037735858    0.3993997999332877
0.21084905660377362    0.39727909303108055
0.21179245283018866    0.37889963321104814
0.2127358490566038    0.40128487273533275
0.21367924528301896    0.38314104701564944
0.214622641509434    0.36947426920091003
0.21556603773584904    0.33978437256861405
0.2165094339622642    0.35910636878957547
0.21745283018867934    0.33978437256861405
0.21839622641509437    0.3496810047794327
0.2193396226415094    0.32635322885404333
0.22028301886792456    0.3501522729798616
0.2212264150943397    0.33012337445813333
0.22216981132075475    0.3004334778259951
0.2231132075471698    0.30820940313436007
0.22405660377358494    0.3148071579415176
0.2250000000000001    0.29666333222183433
0.22594339622641513    0.30655996443264283
0.22688679245283017    0.2912437479159549
0.22783018867924532    0.28535289540956427
0.22877358490566047    0.26720906968988095
0.2297169811320755    0.2632032899855973
0.23066037735849054    0.2542491941758215
0.2316037735849057    0.26508836278758036
0.23254716981132084    0.2643814604868135
0.23349056603773588    0.24482383016565404
0.23443396226415092    0.25801933977991154
0.23537735849056607    0.24718017116815266
0.23632075471698122    0.24223185506278452
0.23726415094339626    0.23115705235082445
0.2382075471698113    0.22361676114258996
0.23915094339622645    0.21819717683671055
0.2400943396226416    0.21819717683671055
0.24103773584905663    0.22173168834059714
0.24198113207547167    0.2071223741246961
0.24292452830188682    0.2038234967211173
0.24386792452830197    0.20052461931753854
0.244811320754717    0.19651883961323913
0.24575471698113205    0.2073580082249517
0.2466981132075472    0.18874291430475718
0.24764150943396235    0.19251305990884723
0.2485849056603774    0.18944981660556867
0.24952830188679243    0.17625430699120898
0.2504716981132076    0.18308769589862214
0.2514150943396227    0.17884628209402087
0.25235849056603776    0.1677714793820459
0.2533018867924528    0.17861064799376522
0.25424528301886795    0.15622540846948066
0.2551886792452831    0.16635767478047261
0.25613207547169814    0.1578748471713072
0.2570754716981132    0.1496276536623231
0.25801886792452833    0.14444370345669932
0.2589622641509435    0.14844948316104498
0.2599056603773585    0.14515060575750036
0.26084905660377355    0.14915638546181187
0.2617924528301887    0.14797821496053373
0.26273584905660385    0.1425586306546543
0.2636792452830189    0.12983438924088103
0.26462264150943393    0.1366677781482636
0.2655660377358491    0.11569634322551284
0.26650943396226423    0.12465043903522667
0.26745283018867927    0.12182282983218781
0.2683962264150943    0.11522507502500158
0.26933962264150946    0.12135156163164788
0.2702830188679246    0.12111592753139226
0.27122641509433965    0.1206446593309094
0.2721698113207547    0.10815605201733278
0.27311320754716983    0.12158719573190352
0.274056603773585    0.10886295431809966
0.275    0.10909858841838095
0.27594339622641506    0.10202956541068647
0.2768867924528302    0.1006157608091527
0.27783018867924536    0.10509280871400963
0.2787735849056604    0.1020295654107105
0.27971698113207544    0.10250083361119773
0.2806603773584906    0.09566744470378455
0.28160377358490574    0.09401800600199516
0.2825471698113208    0.09543181060355138
0.2834905660377358    0.08058686228742443
0.28443396226415096    0.08812715349560449
0.2853773584905661    0.08365010559074756
0.28632075471698115    0.08294320329000021
0.2872641509433962    0.07705235078359002
0.28820754716981134    0.07964432588640191
0.2891509433962265    0.08035122818716879
0.29009433962264153    0.0803512281871877
0.29103773584905657    0.07728798488384564
0.2919811320754717    0.07823052128486815
0.29292452830188687    0.07540291208180062
0.2938679245283019    0.07163276647772746
0.29481132075471694    0.07210403467822185
0.2957547169811321    0.0683338890741318
0.29669811320754724    0.06692008447259806
0.2976415094339623    0.06338557296877857
0.2985849056603773    0.06574191397131991
0.29952830188679247    0.06715571857285368
0.3004716981132076    0.05773035456262861
0.30141509433962266    0.0631499388685229
0.3023584905660377    0.06503501167055303
0.30330188679245285    0.05961542736467362
0.304245283018868    0.05372457485828294
0.30518867924528303    0.05419584305880696
0.3061320754716981    0.055845281760583586
0.3070754716981132    0.055374013560072335
0.3080188679245284    0.04971879515393729
0.3089622641509434    0.0468911859508808
0.30990566037735845    0.05655218406135047
0.3108490566037736    0.056080915860839214
0.31179245283018875    0.045477381349336
0.3127358490566038    0.050896965655227396
0.3136792452830188    0.04971879515393729
0.314622641509434    0.0419428698455016
0.3155660377358491    0.043827942647546615
0.31650943396226416    0.039115260642443285
0.3174528301886792    0.04217850394575723
0.31839622641509435    0.036523285539622176
0.3193396226415095    0.0419428698455016
0.32028301886792454    0.03982216294321033
0.3212264150943396    0.040057797043456585
0.32216981132075473    0.040057797043456585
0.3231132075471699    0.04029343114371221
0.3240566037735849    0.037937090141164864
0.32499999999999996    0.03723018784038906
0.3259433962264151    0.04029343114371221
0.32688679245283025    0.03534511503834405
0.3278301886792453    0.04029343114372169
0.32877358490566033    0.03463821273757716
0.3297169811320755    0.032281871735020895
0.33066037735849063    0.03699455374013343
0.33160377358490567    0.034638212737585314
0.3325471698113207    0.03369567633655466
0.33349056603773586    0.025684116927863338
0.334433962264151    0.02686228742914147
0.33537735849056605    0.03157496943426145
0.3363207547169811    0.026626653328885846
0.33726415094339623    0.0270979215293971
0.3382075471698114    0.02945426253195337
0.3391509433962264    0.02898299433144894
0.34009433962264146    0.02945426253195337
0.3410377358490566    0.02686228742914147
0.34198113207547176    0.022620873624540187
0.3429245283018868    0.016258752917642085
0.34386792452830184    0.024505946426585205
0.344811320754717    0.020264532621983918
0.34575471698113214    0.02120706902300643
0.3466981132075472    0.019793264421477323
0.3476415094339622    0.022856507724795815
0.34858490566037736    0.023092141825051444
0.3495283018867925    0.021913971323773308
0.35047169811320755    0.023092141825056877
0.3514150943396226    0.022620873624540187
0.35235849056603774    0.02144270312326205
0.3533018867924529    0.02120706902300643
0.35424528301886793    0.017908191619431864
0.35518867924528297    0.01625875291763826
0.3561320754716981    0.018850728020450156
0.35707547169811327    0.018143825719683274
0.3580188679245283    0.019793264421477323
0.35896226415094334    0.01790819161942765
0.3599056603773585    0.01955763032121704
0.36084905660377364    0.01531621651661575
0.3617924528301887    0.0174369234189205
0.3627358490566037    0.01861509392019453
0.36367924528301887    0.014844948316104499
0.364622641509434    0.018379459819938902
0.36556603773584906    0.012724241413806849
0.3665094339622641    0.015080582416360126
0.36745283018867925    0.014373680115593245
0.3683962264150944    0.011546070912525722
0.36933962264150944    0.012959875514062533
0.3702830188679245    0.014844948316104499
0.3712264150943396    0.012959875514059482
0.3721698113207548    0.012488607313548228
0.3731132075471698    0.013666777814829579
0.37405660377358485    0.011310436812270093
0.375    0.012252973213292603
0.37594339622641515    0.011310436812270093
0.3768867924528302    0.013666777814829579
0.3778301886792452    0.011074802712014468
0.3787735849056604    0.013431143714570735
0.3797169811320755    0.011310436812270093
0.38066037735849056    0.012959875514062533
0.3816037735849056    0.011546070912525722
0.38254716981132075    0.008247193508946944
0.3834905660377359    0.011310436812270093
0.38443396226415094    0.00966099811048298
0.385377358490566    0.009189729909969451
0.38632075471698113    0.008954095809713824
0.3872641509433963    0.010132266310991959
0.3882075471698113    0.00966099811048298
0.38915094339622636    0.008011559408691317
0.3900943396226415    0.006833388907413182
0.39103773584905666    0.00848282760920257
0.3919811320754717    0.00871846170946025
0.39292452830188673    0.008247193508946944
0.3938679245283019    0.006597754807157555
0.39481132075471703    0.00541958430587942
0.39575471698113207    0.00777592530843752
0.3966981132075471    0.008247193508946944
0.39764150943396226    0.006833388907413182
0.3985849056603774    0.007304657107924435
0.39952830188679245    0.008247193508948885
0.4004716981132075    0.006833388907413182
0.40141509433962264    0.005655218406135047
0.4023584905660378    0.006362120706901928
0.4033018867924528    0.0063621207069034244
0.40424528301886786    0.0058908525063906736
0.405188679245283    0.0035345115038344045
0.40613207547169816    0.005655218406135047
0.4070754716981132    0.0070690230076704726
0.40801886792452824    0.005183950205623793
0.4089622641509434    0.006126486606646301
0.40990566037735854    0.004005779704345658
0.4108490566037736    0.004477047904857966
0.4117924528301886    0.005183950205623793
0.41273584905660377    0.0058908525063906736
0.4136792452830189    0.006126486606646301
0.41462264150943395    0.003298877403579554
0.415566037735849    0.00541958430587942
0.41650943396226414    0.004005779704345658
0.4174528301886793    0.005183950205623793
0.41839622641509433    0.0035345115038352363
0.41933962264150937    0.004241413804601285
0.4202830188679245    0.004948316105368166
0.42122641509433967    0.0032988774035787776
0.4221698113207547    0.004477047904857966
0.42311320754716975    0.0021207069023006426
0.4240566037735849    0.0025919751028118964
0.42500000000000004    0.0028276092030675233
0.4259433962264151    0.0037701456040909187
0.4268867924528301    0.004005779704345658
0.42783018867924527    0.0025919751028118964
0.4287735849056604    0.0030632433033231507
0.42971698113207546    0.0035345115038352363
0.4306603773584905    0.0030632433033231507
0.43160377358490565    0.004005779704345658
0.4325471698113208    0.0023563410025562695
0.43349056603773584    0.0025919751028125066
0.4344339622641509    0.0035345115038344045
0.435377358490566    0.0023563410025562695
0.4363207547169812    0.0035345115038344045
0.4372641509433962    0.001178170501278412
0.43820754716981125    0.0023563410025562695
0.4391509433962264    0.0025919751028118964
0.44009433962264155    0.0030632433033231507
0.4410377358490566    0.0021207069023011418
0.4419811320754716    0.0021207069023006426
0.4429245283018868    0.0028276092030675233
0.4438679245283019    0.0021207069023006426
0.44481132075471697    0.0009425364010227297
0.445754716981132    0.0016494387017893888
0.44669811320754715    0.0011781705012781348
0.4476415094339623    0.0018850728020450157
0.44858490566037745    0.0030632433033231507
0.4495283018867925    0.0014138046015340945
0.45047169811320753    0.0018850728020450157
0.4514150943396227    0.0023563410025562695
0.45235849056603783    0.0009425364010225078
0.45330188679245287    0.0025919751028125066
0.4542452830188679    0.0011781705012781348
0.45518867924528306    0.0007069023007668808
0.4561320754716982    0.0018850728020450157
0.45707547169811324    0.001178170501278412
0.4580188679245283    0.0021207069023006426
0.45896226415094343    0.0021207069023006426
0.4599056603773586    0.0018850728020450157
0.4608490566037736    0.0014138046015340945
0.46179245283018866    0.0009425364010225078
0.4627358490566038    0.0014138046015337617
0.46367924528301896    0.0004712682005112539
0.464622641509434    0.0009425364010227297
0.46556603773584904    0.0014138046015337617
0.4665094339622642    0.0004712682005112539
0.46745283018867934    0.0011781705012781348
0.4683962264150944    0.0009425364010227297
0.4693396226415094    0.0007069023007668808
0.47028301886792456    0.00023563410025562696
0.4712264150943397    0.00023563410025562696
0.47216981132075475    0.00047126820051136484
0.4731132075471698    0.0011781705012781348
0.47405660377358494    0.0004712682005112539
0.4750000000000001    0.0016494387017893888
0.4759433962264151    0.00023563410025568242
0.47688679245283017    0.0011781705012781348
0.4778301886792453    0.0007069023007668808
0.47877358490566047    0.0004712682005112539
0.4797169811320755    0.001649438701789777
0.48066037735849054    0.0004712682005112539
0.4816037735849057    0.0011781705012781348
0.48254716981132084    0.0
0.4834905660377359    0.001178170501278412
0.4844339622641509    0.0016494387017893888
0.48537735849056607    0.0009425364010225078
0.4863207547169812    0.0009425364010225078
0.48726415094339626    0.0007069023007670473
0.4882075471698113    0.0004712682005112539
0.48915094339622645    0.00023563410025562696
0.4900943396226416    0.00023563410025562696
0.49103773584905663    0.0007069023007670473
0.49198113207547167    0.0
0.4929245283018868    0.00023563410025562696
0.49386792452830197    0.00023563410025562696
0.494811320754717    0.0007069023007670473
0.49575471698113205    0.0004712682005112539
0.4966981132075472    0.0009425364010225078
0.49764150943396235    0.00023563410025562696
0.4985849056603774    0.0007069023007670473
0.4995283018867924    0.0009425364010225078
0.5004716981132076    0.00023563410025562696
0.5014150943396227    0.0
0.5023584905660378    0.0007069023007670473
0.5033018867924528    0.0
0.504245283018868    0.00023563410025562696
0.5051886792452831    0.0004712682005112539
0.5061320754716981    0.00047126820051136484
0.5070754716981132    0.00023563410025562696
0.5080188679245283    0.00023563410025562696
0.5089622641509435    0.00023563410025562696
0.5099056603773585    0.00023563410025568242
0.5108490566037736    0.00023563410025562696
0.5117924528301887    0.00023563410025562696
0.5127358490566039    0.0
0.5136792452830189    0.0
0.5146226415094339    0.00023563410025562696
0.5155660377358491    0.00023563410025562696
0.5165094339622642    0.00023563410025562696
0.5174528301886793    0.0
0.5183962264150943    0.0
0.5193396226415095    0.0
0.5202830188679246    0.00023563410025562696
0.5212264150943396    0.00047126820051136484
0.5221698113207547    0.0
0.5231132075471698    0.00023563410025562696
0.524056603773585    0.0
0.525    0.0009425364010227297
0.5259433962264151    0.00023563410025562696
0.5268867924528302    0.0
0.5278301886792454    0.0
0.5287735849056604    0.00023563410025568242
0.5297169811320754    0.0
0.5306603773584906    0.00023563410025562696
0.5316037735849057    0.0
0.5325471698113208    0.00047126820051136484
0.5334905660377358    0.0
0.534433962264151    0.0
0.5353773584905661    0.0
0.5363207547169812    0.0
0.5372641509433962    0.00023563410025562696
0.5382075471698113    0.0
0.5391509433962265    0.0
0.5400943396226415    0.0
0.5410377358490566    0.0
0.5419811320754717    0.00023563410025562696
0.5429245283018869    0.0007069023007668808
0.5438679245283019    0.00023563410025568242
0.5448113207547169    0.0004712682005112539
0.5457547169811321    0.0
0.5466981132075472    0.0
0.5476415094339623    0.0
0.5485849056603773    0.0
0.5495283018867925    0.0
0.5504716981132076    0.0
0.5514150943396227    0.00023563410025568242
0.5523584905660377    0.0
0.5533018867924528    0.0
0.554245283018868    0.0
0.555188679245283    0.0
0.5561320754716981    0.00023563410025562696
0.5570754716981132    0.0
0.5580188679245284    0.00023563410025562696
0.5589622641509434    0.0
0.5599056603773584    0.00023563410025562696
0.5608490566037736    0.0
0.5617924528301887    0.0
0.5627358490566038    0.0
0.5636792452830188    0.0
0.564622641509434    0.0
0.5655660377358491    0.0
0.5665094339622642    0.0
0.5674528301886792    0.0004712682005112539
0.5683962264150944    0.0
0.5693396226415095    0.0004712682005112539
0.5702830188679245    0.0
0.5712264150943396    0.0
0.5721698113207547    0.0
0.5731132075471699    0.0
0.5740566037735849    0.0
0.575    0.00023563410025562696
0.5759433962264151    0.00023563410025562696
0.5768867924528303    0.00023563410025562696
0.5778301886792453    0.0
0.5787735849056603    0.0
0.5797169811320755    0.0
0.5806603773584906    0.0
0.5816037735849057    0.0
0.5825471698113207    0.0
0.5834905660377359    0.0
0.584433962264151    0.0
0.585377358490566    0.0
0.5863207547169811    0.0
0.5872641509433962    0.0
0.5882075471698114    0.00023563410025562696
0.5891509433962264    0.0
0.5900943396226415    0.0
0.5910377358490566    0.0
0.5919811320754718    0.0
0.5929245283018868    0.0
0.5938679245283018    0.0
0.594811320754717    0.0
0.5957547169811321    0.0
0.5966981132075472    0.0
0.5976415094339622    0.0
0.5985849056603774    0.0
0.5995283018867925    0.0
0.6004716981132076    0.0
0.6014150943396226    0.0
0.6023584905660377    0.0
0.6033018867924529    0.0
0.6042452830188679    0.0
0.605188679245283    0.0
0.6061320754716981    0.0
0.6070754716981133    0.0
0.6080188679245283    0.0
0.6089622641509433    0.0
0.6099056603773585    0.0
0.6108490566037736    0.0
0.6117924528301887    0.00023563410025568242
0.6127358490566037    0.0
0.6136792452830189    0.0
0.614622641509434    0.0
0.6155660377358491    0.0
0.6165094339622641    0.0
0.6174528301886792    0.0
0.6183962264150944    0.0
0.6193396226415094    0.0
0.6202830188679245    0.0
0.6212264150943396    0.0
0.6221698113207548    0.0
0.6231132075471698    0.0
0.6240566037735849    0.0
0.625    0.0
0.6259433962264151    0.0
0.6268867924528302    0.0
0.6278301886792452    0.0
0.6287735849056604    0.0
0.6297169811320755    0.0
0.6306603773584906    0.0
0.6316037735849056    0.0
0.6325471698113208    0.0
0.6334905660377359    0.0
0.6344339622641509    0.0
0.635377358490566    0.0
0.6363207547169811    0.0
0.6372641509433963    0.0
0.6382075471698113    0.0
0.6391509433962264    0.0
0.6400943396226415    0.0
0.6410377358490567    0.0
0.6419811320754717    0.0
0.6429245283018867    0.0
0.6438679245283019    0.0
0.644811320754717    0.0
0.6457547169811321    0.0
0.6466981132075471    0.0
0.6476415094339623    0.0
0.6485849056603774    0.0
0.6495283018867924    0.0
0.6504716981132075    0.0
0.6514150943396226    0.0
0.6523584905660378    0.0
0.6533018867924528    0.0
0.6542452830188679    0.0
0.655188679245283    0.0
0.6561320754716982    0.0
0.6570754716981132    0.0
0.6580188679245282    0.0
0.6589622641509434    0.0
0.6599056603773585    0.0
0.6608490566037736    0.0
0.6617924528301886    0.00023563410025562696
0.6627358490566038    0.0
0.6636792452830189    0.0
0.664622641509434    0.0
0.665566037735849    0.0
0.6665094339622641    0.0
0.6674528301886793    0.0
0.6683962264150943    0.0
0.6693396226415094    0.0
0.6702830188679245    0.0
0.6712264150943397    0.0
0.6721698113207547    0.0
0.6731132075471697    0.0
0.6740566037735849    0.0
0.675    0.0
0.6759433962264151    0.0
0.6768867924528301    0.0
0.6778301886792453    0.0
0.6787735849056604    0.0
0.6797169811320755    0.0
0.6806603773584905    0.0
0.6816037735849056    0.0
0.6825471698113208    0.0
0.6834905660377358    0.0
0.6844339622641509    0.0
0.685377358490566    0.0
0.6863207547169812    0.0
0.6872641509433962    0.0
0.6882075471698113    0.0
0.6891509433962264    0.0
0.6900943396226416    0.0
0.6910377358490567    0.0
0.6919811320754717    0.0
0.6929245283018868    0.0
0.6938679245283019    0.0
0.6948113207547171    0.0
0.6957547169811321    0.0
0.6966981132075472    0.0
0.6976415094339623    0.0
0.6985849056603775    0.0
0.6995283018867925    0.0
0.7004716981132075    0.0
0.7014150943396227    0.0
0.7023584905660378    0.0
0.7033018867924529    0.0
0.7042452830188679    0.0
0.7051886792452831    0.0
0.7061320754716982    0.0
0.7070754716981132    0.0
0.7080188679245283    0.0
0.7089622641509434    0.0
0.7099056603773586    0.0
0.7108490566037736    0.0
0.7117924528301887    0.0
0.7127358490566038    0.0
0.713679245283019    0.0
0.714622641509434    0.0
0.715566037735849    0.0
0.7165094339622642    0.0
0.7174528301886793    0.0
0.7183962264150944    0.0
0.7193396226415094    0.0
0.7202830188679246    0.0
0.7212264150943397    0.0
0.7221698113207548    0.0
0.7231132075471698    0.0
0.7240566037735849    0.0
0.7250000000000001    0.0
0.7259433962264151    0.0
0.7268867924528302    0.0
0.7278301886792453    0.0
0.7287735849056605    0.0
0.7297169811320755    0.0
0.7306603773584905    0.0
0.7316037735849057    0.0
0.7325471698113208    0.0
0.7334905660377359    0.0
0.7344339622641509    0.0
0.7353773584905661    0.0
0.7363207547169812    0.0
0.7372641509433963    0.0
0.7382075471698113    0.0
0.7391509433962264    0.0
0.7400943396226416    0.0
0.7410377358490566    0.0
0.7419811320754717    0.0
0.7429245283018868    0.0
0.743867924528302    0.0
0.744811320754717    0.0
0.745754716981132    0.0
0.7466981132075472    0.0
0.7476415094339623    0.0
0.7485849056603774    0.0
0.7495283018867924    0.0
0.7504716981132076    0.0
0.7514150943396227    0.0
0.7523584905660378    0.0
0.7533018867924528    0.0
0.754245283018868    0.0
0.7551886792452831    0.0
0.7561320754716981    0.0
0.7570754716981132    0.0
0.7580188679245283    0.0
0.7589622641509435    0.0
0.7599056603773585    0.0
0.7608490566037736    0.0
0.7617924528301887    0.0
0.7627358490566039    0.0
0.7636792452830189    0.0
0.7646226415094339    0.0
0.7655660377358491    0.0
0.7665094339622642    0.0
0.7674528301886793    0.0
0.7683962264150943    0.0
0.7693396226415095    0.0
0.7702830188679246    0.0
0.7712264150943396    0.0
0.7721698113207547    0.0
0.7731132075471698    0.0
0.774056603773585    0.0
0.775    0.0
0.7759433962264151    0.0
0.7768867924528302    0.0
0.7778301886792454    0.0
0.7787735849056604    0.0
0.7797169811320754    0.0
0.7806603773584906    0.0
0.7816037735849057    0.0
0.7825471698113208    0.0
0.7834905660377358    0.0
0.784433962264151    0.0
0.7853773584905661    0.0
0.7863207547169812    0.0
0.7872641509433962    0.0
0.7882075471698113    0.0
0.7891509433962265    0.0
0.7900943396226415    0.0
0.7910377358490566    0.0
0.7919811320754717    0.0
0.7929245283018869    0.0
0.7938679245283019    0.0
0.7948113207547169    0.0
0.7957547169811321    0.0
0.7966981132075472    0.0
0.7976415094339623    0.0
0.7985849056603773    0.0
0.7995283018867925    0.0
0.8004716981132076    0.0
0.8014150943396227    0.0
0.8023584905660377    0.0
0.8033018867924528    0.0
0.804245283018868    0.0
0.805188679245283    0.0
0.8061320754716981    0.0
0.8070754716981132    0.0
0.8080188679245284    0.0
0.8089622641509434    0.0
0.8099056603773584    0.0
0.8108490566037736    0.0
0.8117924528301887    0.0
0.8127358490566038    0.0
0.8136792452830188    0.0
0.814622641509434    0.0
0.8155660377358491    0.0
0.8165094339622642    0.0
0.8174528301886792    0.0
0.8183962264150944    0.0
0.8193396226415095    0.0
0.8202830188679245    0.0
0.8212264150943396    0.0
0.8221698113207547    0.0
0.8231132075471699    0.0
0.8240566037735849    0.0
0.825    0.0
0.8259433962264151    0.0
0.8268867924528303    0.0
0.8278301886792453    0.0
0.8287735849056603    0.0
0.8297169811320755    0.0
0.8306603773584906    0.0
0.8316037735849057    0.0
0.8325471698113207    0.0
0.8334905660377359    0.0
0.834433962264151    0.0
0.835377358490566    0.0
0.8363207547169811    0.0
0.8372641509433962    0.0
0.8382075471698114    0.0
0.8391509433962264    0.0
0.8400943396226415    0.0
0.8410377358490566    0.0
0.8419811320754718    0.0
0.8429245283018868    0.0
0.8438679245283018    0.0
0.844811320754717    0.0
0.8457547169811321    0.0
0.8466981132075472    0.0
0.8476415094339622    0.0
0.8485849056603774    0.0
0.8495283018867925    0.0
0.8504716981132076    0.0
0.8514150943396226    0.0
0.8523584905660377    0.0
0.8533018867924529    0.0
0.8542452830188679    0.0
0.855188679245283    0.0
0.8561320754716981    0.0
0.8570754716981133    0.0
0.8580188679245283    0.0
0.8589622641509433    0.0
0.8599056603773585    0.0
0.8608490566037736    0.0
0.8617924528301887    0.0
0.8627358490566037    0.0
0.8636792452830189    0.0
0.864622641509434    0.0
0.8655660377358491    0.0
0.8665094339622641    0.0
0.8674528301886792    0.0
0.8683962264150944    0.0
0.8693396226415094    0.0
0.8702830188679245    0.0
0.8712264150943396    0.0
0.8721698113207548    0.0
0.8731132075471698    0.0
0.8740566037735849    0.0
0.875    0.0
0.8759433962264151    0.0
0.8768867924528302    0.0
0.8778301886792452    0.0
0.8787735849056604    0.0
0.8797169811320755    0.0
0.8806603773584906    0.0
0.8816037735849056    0.0
0.8825471698113208    0.0
0.8834905660377359    0.0
0.8844339622641509    0.0
0.885377358490566    0.0
0.8863207547169811    0.0
0.8872641509433963    0.0
0.8882075471698113    0.0
0.8891509433962264    0.0
0.8900943396226415    0.0
0.8910377358490567    0.0
0.8919811320754717    0.0
0.8929245283018867    0.0
0.8938679245283019    0.0
0.894811320754717    0.0
0.8957547169811321    0.0
0.8966981132075471    0.0
0.8976415094339623    0.0
0.8985849056603774    0.0
0.8995283018867924    0.0
0.9004716981132075    0.0
0.9014150943396226    0.0
0.9023584905660378    0.0
0.9033018867924528    0.0
0.9042452830188679    0.0
0.905188679245283    0.0
0.9061320754716982    0.0
0.9070754716981132    0.0
0.9080188679245282    0.0
0.9089622641509434    0.0
0.9099056603773585    0.0
0.9108490566037736    0.0
0.9117924528301886    0.0
0.9127358490566038    0.0
0.9136792452830189    0.0
0.914622641509434    0.0
0.915566037735849    0.0
0.9165094339622641    0.0
0.9174528301886793    0.0
0.9183962264150943    0.0
0.9193396226415094    0.0
0.9202830188679245    0.0
0.9212264150943397    0.0
0.9221698113207547    0.0
0.9231132075471697    0.0
0.9240566037735849    0.0
0.925    0.0
0.9259433962264151    0.0
0.9268867924528301    0.0
0.9278301886792453    0.0
0.9287735849056604    0.0
0.9297169811320755    0.0
0.9306603773584905    0.0
0.9316037735849056    0.0
0.9325471698113208    0.0
0.933490566037736    0.0
0.934433962264151    0.0
0.935377358490566    0.0
0.9363207547169812    0.0
0.9372641509433963    0.0
0.9382075471698114    0.0
0.9391509433962264    0.0
0.9400943396226416    0.0
0.9410377358490567    0.0
0.9419811320754717    0.0
0.9429245283018868    0.0
0.9438679245283019    0.0
0.9448113207547171    0.0
0.9457547169811321    0.0
0.9466981132075472    0.0
0.9476415094339623    0.0
0.9485849056603775    0.0
0.9495283018867925    0.0
0.9504716981132075    0.0
0.9514150943396227    0.0
0.9523584905660378    0.0
0.9533018867924529    0.0
0.9542452830188679    0.0
0.9551886792452831    0.0
0.9561320754716982    0.0
0.9570754716981132    0.0
0.9580188679245283    0.0
0.9589622641509434    0.0
0.9599056603773586    0.0
0.9608490566037736    0.0
0.9617924528301887    0.0
0.9627358490566038    0.0
0.963679245283019    0.0
0.964622641509434    0.0
0.965566037735849    0.0
0.9665094339622642    0.0
0.9674528301886793    0.0
0.9683962264150944    0.0
0.9693396226415094    0.0
0.9702830188679246    0.0
0.9712264150943397    0.0
0.9721698113207548    0.0
0.9731132075471698    0.0
0.9740566037735849    0.0
0.9750000000000001    0.0
0.9759433962264151    0.0
0.9768867924528302    0.0
0.9778301886792453    0.0
0.9787735849056605    0.0
0.9797169811320755    0.0
0.9806603773584905    0.0
0.9816037735849057    0.0
0.9825471698113208    0.0
0.9834905660377359    0.0
0.9844339622641509    0.0
0.9853773584905661    0.0
0.9863207547169812    0.0
0.9872641509433963    0.0
0.9882075471698113    0.0
0.9891509433962264    0.0
0.9900943396226416    0.0
0.9910377358490566    0.0
0.9919811320754717    0.0
0.9929245283018868    0.0
0.993867924528302    0.0
0.994811320754717    0.0
0.995754716981132    0.0
0.9966981132075472    0.0
0.9976415094339623    0.0
0.9985849056603774    0.0
0.9995283018867924    0.0