-0.9995283018867924    0.0
-0.9985849056603773    0.0
-0.9976415094339622    0.2759275313993391
-0.9966981132075472    12.877167944871273
-0.995754716981132    39.308244970543434
-0.9948113207547169    44.069231966213565
-0.9938679245283019    36.62861398243644
-0.9929245283018868    29.74951205957717
-0.9919811320754717    24.898277203510823
-0.9910377358490565    21.5249394242538
-0.9900943396226415    18.436954540401278
-0.9891509433962264    16.23731021451691
-0.9882075471698113    13.902647549182246
-0.9872641509433961    11.595318439480513
-0.9863207547169811    9.65746359897687
-0.9853773584905661    8.0049616538851
-0.9844339622641509    6.661376014226573
-0.9834905660377358    5.621522729799154
-0.9825471698113207    4.734595976436313
-0.9816037735849057    4.125717461376258
-0.9806603773584905    3.647144603756594
-0.9797169811320754    3.2444459264201093
-0.9787735849056604    2.8688451706122584
-0.9778301886792453    2.6294409247528505
-0.9768867924528302    2.4371634989439497
-0.975943396226415    2.1949316438814233
-0.975    2.086539957763577
-0.9740566037735849    1.9437456930088954
-0.9731132075471698    1.8325263976880108
-0.9721698113207546    1.758537290207951
-0.9712264150943396    1.7055196176502279
-0.9702830188679246    1.6164499277537911
-0.9693396226415094    1.5335067244636202
-0.9683962264150943    1.5080582416361898
-0.9674528301886792    1.4373680115593244
-0.9665094339622642    1.3633789040792181
-0.965566037735849    1.2813782371900992
-0.9646226415094339    1.229067466933495
-0.9636792452830188    1.1607335778592183
-0.9627358490566038    1.129394242525353
-0.9617924528301887    1.1138423919083487
-0.9608490566037735    1.0516349894409869
-0.9599056603773585    1.0323129932199018
-0.9589622641509434    0.9835367344671028
-0.9580188679245283    0.9545537401355448
-0.9570754716981131    0.9189729909970532
-0.9561320754716981    0.9003578970767506
-0.9551886792452831    0.8751450483495015
-0.9542452830188679    0.8525241747248583
-0.9533018867924528    0.8372079582083412
-0.9523584905660377    0.8299033011003182
-0.9514150943396227    0.8200066688896783
-0.9504716981132075    0.8247193508946944
-0.9495283018867924    0.8028053795710155
-0.9485849056603773    0.7884316994553279
-0.9476415094339623    0.7698166055352238
-0.9466981132075472    0.7486095365121268
-0.945754716981132    0.7050172279649188
-0.944811320754717    0.6939424252528213
-0.9438679245283019    0.6842814271424211
-0.9429245283018868    0.6515282872068086
-0.9419811320754716    0.6449305323997269
-0.9410377358490566    0.6244303656774114
-0.9400943396226416    0.6409247526953807
-0.9391509433962264    0.6225452928753664
-0.9382075471698113    0.6456374347004938
-0.9372641509433962    0.603223296654405
-0.9363207547169812    0.6112348560631683
-0.935377358490566    0.5945048349449468
-0.9344339622641509    0.5709414249194513
-0.9334905660377358    0.5770679115260304
-0.9325471698113208    0.5306479937757344
-0.9316037735849056    0.5537401356007233
-0.9306603773584905    0.5690563521174061
-0.9297169811320755    0.5214582638657025
-0.9287735849056604    0.5344181393798249
-0.9278301886792453    0.5176881182616124
-0.9268867924528301    0.5176881182616733
-0.9259433962264151    0.5108547293541993
-0.925    0.4974235856396871
-0.9240566037735849    0.46985439590972017
-0.9231132075471697    0.4705612982105424
-0.9221698113207547    0.47857285761917834
-0.9212264150943397    0.4535956429921353
-0.9202830188679245    0.4441702789818568
-0.9193396226415094    0.43710125597423943
-0.9183962264150943    0.41565855285092596
-0.9174528301886793    0.41565855285097486
-0.9165094339622641    0.40387684783814465
-0.915566037735849    0.393744581527199
-0.914622641509434    0.389738801822807
-0.9136792452830189    0.38714682672004064
-0.9127358490566038    0.38314104701564944
-0.9117924528301886    0.37183061020342306
-0.9108490566037736    0.37395131710567997
-0.9099056603773585    0.35462932088476035
-0.9089622641509434    0.3223474491496977
-0.9080188679245282    0.3442614204735115
-0.9070754716981132    0.35109480938088417
-0.9061320754716982    0.3390774702678871
-0.905188679245283    0.34685339557628286
-0.9042452830188679    0.3378992997666088
-0.9033018867924528    0.3416694453706591
-0.9023584905660378    0.3256463265533148
-0.9014150943396226    0.32941647215736647
-0.9004716981132075    0.328238301656127
-0.8995283018867924    0.3249394242525096
-0.8985849056603774    0.3171634989441112
-0.8976415094339623    0.33365788596196777
-0.8966981132075471    0.33247971546072874
-0.8957547169811321    0.3247037901522539
-0.894811320754717    0.3369567633655862
-0.8938679245283019    0.32376125375123144
-0.8929245283018867    0.3298877403579165
-0.8919811320754717    0.34473268867398227
-0.8910377358490567    0.3254106924530591
-0.8900943396226415    0.31692786484381824
-0.8891509433962264    0.3381349338668645
-0.8882075471698113    0.33672112926529096
-0.8872641509433963    0.3280026675558713
-0.8863207547169811    0.3400200066688697
-0.885377358490566    0.31739913304436684
-0.8844339622641509    0.3459108591752604
-0.8834905660377359    0.32423252195178087
-0.8825471698113208    0.33177281315992274
-0.8816037735849056    0.34661776147606804
-0.8806603773584906    0.32376125375123144
-0.8797169811320755    0.32729576525510434
-0.8787735849056604    0.32941647215736647
-0.8778301886792452    0.33012337445817225
-0.8768867924528302    0.31692786484381824
-0.8759433962264151    0.3103301100366972
-0.875    0.314571523841262
-0.8740566037735849    0.31221518283874244
-0.8731132075471698    0.2945426253195337
-0.8721698113207548    0.30231855062800495
-0.8712264150943396    0.2997265755251575
-0.8702830188679245    0.2851172613093422
-0.8693396226415094    0.2891230410136543
-0.8683962264150944    0.2881805046126657
-0.8674528301886792    0.2648527286873247
-0.8665094339622641    0.25212848727355053
-0.8655660377358491    0.24977214627096456
-0.864622641509434    0.25236412137380615
-0.8636792452830189    0.2542491941758215
-0.8627358490566037    0.25613426697789665
-0.8617924528301887    0.23657663665664946
-0.8608490566037736    0.22738690674670678
-0.8599056603773585    0.22738690674668002
-0.8589622641509433    0.22479493164389458
-0.8580188679245283    0.22668000444591316
-0.8570754716981133    0.23869734355897818
-0.8561320754716981    0.22220295654105623
-0.855188679245283    0.22479493164389458
-0.8542452830188679    0.21819717683671055
-0.8533018867924529    0.20971434922753268
-0.8523584905660377    0.20971434922750798
-0.8514150943396226    0.2137201289318788
-0.8504716981132076    0.20924308102699674
-0.8495283018867925    0.19439813271091513
-0.8485849056603774    0.19534066911191475
-0.8476415094339622    0.19722574191398298
-0.8466981132075472    0.1948694009114035
-0.8457547169811321    0.1882716461042681
-0.844811320754717    0.18827164610424596
-0.8438679245283018    0.19863954651551688
-0.8429245283018868    0.18662220740245655
-0.8419811320754718    0.17813937979327496
-0.8410377358490566    0.1845015005001559
-0.8400943396226415    0.19557630321219338
-0.8391509433962264    0.18120262309657714
-0.8382075471698114    0.17271979548739488
-0.8372641509433962    0.17978881849504338
-0.8363207547169811    0.17837501389353058
-0.835377358490566    0.1764899410914646
-0.834433962264151    0.1642369678781913
-0.8334905660377359    0.1835589640991334
-0.8325471698113207    0.1533977992664312
-0.8316037735849057    0.18308769589862214
-0.8306603773584906    0.17790374569301928
-0.8297169811320755    0.17460486828941957
-0.8287735849056603    0.1788462820940419
-0.8278301886792453    0.16659330888072826
-0.8268867924528303    0.1654151383794696
-0.8259433962264151    0.16730021118149513
-0.825    0.17696120929199669
-0.8240566037735849    0.17224852728686332
-0.8231132075471699    0.15999555407358954
-0.8221698113207547    0.1644726019784276
-0.8212264150943396    0.17366233188841748
-0.8202830188679245    0.1564610425697363
-0.8193396226415095    0.16353006557742433
-0.8183962264150944    0.15504723796820255
-0.8174528301886792    0.15928865177280382
-0.816509433962264    0.1607024563743565
-0.8155660377358491    0.15033455596310769
-0.814622641509434    0.16140935867510445
-0.8136792452830188    0.1590530176725482
-0.8127358490566037    0.1472713126597842
-0.8117924528301887    0.15009892186285204
-0.8108490566037736    0.14279426475490994
-0.8099056603773584    0.1458575080582331
-0.8089622641509433    0.14420806935646066
-0.8080188679245284    0.14680004445927286
-0.8070754716981132    0.15009892186283438
-0.8061320754716981    0.13973102145158678
-0.8051886792452829    0.1366677781482797
-0.804245283018868    0.1522196287651529
-0.8033018867924528    0.13054129154161734
-0.8023584905660377    0.14562187395797746
-0.8014150943396225    0.1387884850505806
-0.8004716981132076    0.14703567855952854
-0.7995283018867925    0.1432655329554212
-0.7985849056603773    0.14444370345669932
-0.7976415094339622    0.13548960764700144
-0.7966981132075472    0.14444370345671634
-0.7957547169811321    0.15881738357229255
-0.7948113207547169    0.12983438924085045
-0.7938679245283018    0.13713904634879104
-0.7929245283018869    0.13808158274981364
-0.7919811320754717    0.1496276536623231
-0.7910377358490566    0.14043792375235367
-0.7900943396226414    0.14067355785262584
-0.7891509433962265    0.15151272646438596
-0.7882075471698113    0.14632877625874435
-0.7872641509433962    0.1458575080582331
-0.786320754716981    0.14774258086029549
-0.7853773584905661    0.1392597532510919
-0.784433962264151    0.1423229965543987
-0.7834905660377358    0.1486851172613006
-0.7825471698113207    0.14373680115594936
-0.7816037735849057    0.13643214404802406
-0.7806603773584906    0.14467933755695495
-0.7797169811320754    0.1512770923641125
-0.7787735849056603    0.14302989885518239
-0.7778301886792454    0.1425586306546711
-0.7768867924528302    0.13478270534621864
-0.7759433962264151    0.1475069467600225
-0.7749999999999999    0.1279493164388205
-0.774056603773585    0.14279426475492674
-0.7731132075471698    0.1319550961431511
-0.7721698113207547    0.13242636434366234
-0.7712264150943395    0.1237079026342187
-0.7702830188679246    0.12842058463933181
-0.7693396226415095    0.11923085472934725
-0.7683962264150943    0.1319550961431511
-0.7674528301886792    0.12347226853396306
-0.7665094339622642    0.13548960764700144
-0.7655660377358491    0.1267711459375273
-0.7646226415094339    0.12205846393241478
-0.7636792452830188    0.12912748694009876
-0.7627358490566039    0.13030565744137704
-0.7617924528301887    0.11923085472934725
-0.7608490566037736    0.12889185283982793
-0.7599056603773584    0.12205846393242914
-0.7589622641509435    0.11428253862399253
-0.7580188679245283    0.12182282983215914
-0.7570754716981132    0.12205846393241478
-0.756132075471698    0.11970212292987258
-0.7551886792452831    0.12842058463933181
-0.754245283018868    0.12182282983215914
-0.7533018867924528    0.11381127042346781
-0.7523584905660377    0.10886295431811246
-0.7514150943396227    0.10933422251862378
-0.7504716981132076    0.1161676114260241
-0.7495283018867924    0.11404690452372344
-0.7485849056603773    0.11805268422808299
-0.7476415094339623    0.09920195620763063
-0.7466981132075472    0.10933422251861091
-0.745754716981132    0.10744914971656588
-0.7448113207547169    0.11027675891964639
-0.743867924528302    0.0951961765032845
-0.7429245283018868    0.106742247415799
-0.7419811320754717    0.0970812493053183
-0.7410377358490565    0.10061576080916455
-0.7400943396226416    0.10462154051351069
-0.7391509433962264    0.10108702900966396
-0.7382075471698113    0.10462154051349837
-0.7372641509433961    0.10839168611760115
-0.7363207547169812    0.10155829721018718
-0.7353773584905661    0.10108702900966396
-0.7344339622641509    0.0935467378014839
-0.7334905660377358    0.08600644659331397
-0.7325471698113208    0.09213293319996099
-0.7316037735849057    0.08954095809713825
-0.7306603773584905    0.08176503278870256
-0.7297169811320754    0.07917305768589997
-0.7287735849056605    0.07752361898411039
-0.7278301886792453    0.08365010559074756
-0.7268867924528302    0.07540291208180062
-0.725943396226415    0.07610981438257645
-0.7250000000000001    0.07163276647771903
-0.7240566037735849    0.07139713237745497
-0.7231132075471698    0.07823052128486815
-0.7221698113207546    0.07092586417695207
-0.7212264150943397    0.07139713237746337
-0.7202830188679246    0.06527064577080867
-0.7193396226415094    0.0683338890741318
-0.7183962264150943    0.06904079137490682
-0.7174528301886793    0.06692008447260593
-0.7165094339622642    0.0699833277759212
-0.715566037735849    0.07469600978103375
-0.7146226415094339    0.06267867066800414
-0.713679245283019    0.06692008447260593
-0.7127358490566038    0.06456374347004179
-0.7117924528301887    0.06314993886850803
-0.7108490566037735    0.06692008447260593
-0.7099056603773586    0.06833388907413986
-0.7089622641509434    0.06951205957540996
-0.7080188679245283    0.05985106146492925
-0.7070754716981131    0.07139713237746337
-0.7061320754716982    0.06362120706902676
-0.7051886792452831    0.06856952317438744
-0.7042452830188679    0.06809825497387618
-0.7033018867924528    0.06998332777592943
-0.7023584905660378    0.06409247526953808
-0.7014150943396227    0.06668445037234243
-0.7004716981132075    0.06715571857285368
-0.6995283018867924    0.06220740246749284
-0.6985849056603775    0.06432810936979373
-0.6976415094339623    0.07233966877847747
-0.6966981132075472    0.06715571857285368
-0.695754716981132    0.07045459597644076
-0.6948113207547171    0.06998332777592943
-0.6938679245283019    0.0664488162720868
-0.6929245283018868    0.06786262087362056
-0.6919811320754716    0.06479937757030504
-0.6910377358490567    0.0706902300766964
-0.6900943396226416    0.06692008447259806
-0.6891509433962264    0.06220740246748552
-0.6882075471698113    0.0629143047682598
-0.6872641509433963    0.06409247526953808
-0.6863207547169812    0.06314993886850803
-0.685377358490566    0.06668445037234243
-0.6844339622641509    0.07045459597644076
-0.683490566037736    0.060322329665447594
-0.6825471698113208    0.0629143047682524
-0.6816037735849056    0.07233966877847747
-0.6806603773584905    0.06833388907413986
-0.6797169811320756    0.06621318217183897
-0.6787735849056604    0.0664488162720868
-0.6778301886792453    0.06715571857285368
-0.6768867924528301    0.06574191397132766
-0.6759433962264152    0.0659775480715833
-0.675    0.07116149827719935
-0.6740566037735849    0.07469600978103375
-0.6731132075471697    0.06927642547516248
-0.6721698113207548    0.06456374347004938
-0.6712264150943397    0.06409247526953053
-0.6702830188679245    0.0690407913748987
-0.6693396226415094    0.06197176836723718
-0.6683962264150944    0.06904079137490682
-0.6674528301886793    0.06150050016671863
-0.6665094339622641    0.06338557296876365
-0.665566037735849    0.0650350116705607
-0.6646226415094341    0.06621318217183897
-0.6636792452830189    0.06739135267310932
-0.6627358490566038    0.06173613426697426
-0.6617924528301886    0.061500500166725876
-0.6608490566037737    0.05702345226186844
-0.6599056603773585    0.06432810936978617
-0.6589622641509434    0.056080915860839214
-0.6580188679245282    0.06527064577081634
-0.6570754716981133    0.06998332777592943
-0.6561320754716982    0.06856952317438744
-0.655188679245283    0.0664488162720868
-0.6542452830188679    0.05725908636212409
-0.6533018867924529    0.07186840057797468
-0.6523584905660378    0.05985106146492925
-0.6514150943396226    0.06314993886850803
-0.6504716981132075    0.060086695565191944
-0.6495283018867926    0.0659775480715833
-0.6485849056603774    0.0629143047682524
-0.6476415094339623    0.06432810936978617
-0.6466981132075471    0.06621318217183897
-0.6457547169811322    0.06102923196621457
-0.644811320754717    0.06527064577080867
-0.6438679245283019    0.059144159164162366
-0.6429245283018867    0.0629143047682598
-0.6419811320754718    0.06432810936979373
-0.6410377358490567    0.06173613426697426
-0.6400943396226415    0.07469600978103375
-0.6391509433962264    0.06267867066800414
-0.6382075471698113    0.06267867066799677
-0.6372641509433963    0.06409247526953808
-0.6363207547169811    0.06951205957540996
-0.635377358490566    0.0629143047682524
-0.6344339622641508    0.06786262087362856
-0.6334905660377359    0.07186840057797468
-0.6325471698113208    0.06786262087362056
-0.6316037735849056    0.06856952317438744
-0.6306603773584905    0.0650350116705607
-0.6297169811320755    0.07233966877848598
-0.6287735849056604    0.07210403467822185
-0.6278301886792452    0.0761098143825675
-0.6268867924528301    0.08176503278871217
-0.6259433962264151    0.07870178948538867
-0.625    0.07752361898410128
-0.6240566037735849    0.07634544848282314
-0.6231132075471697    0.07728798488385474
-0.6221698113207548    0.0758741802823208
-0.6212264150943396    0.08247193508946943
-0.6202830188679245    0.08506391019228134
-0.6193396226415093    0.08129376458820087
-0.6183962264150944    0.08435700789152438
-0.6174528301886792    0.07233966877847747
-0.6165094339622641    0.07940869178614628
-0.615566037735849    0.0805868622874339
-0.614622641509434    0.08176503278871217
-0.6136792452830189    0.07446037568077812
-0.6127358490566037    0.07728798488384564
-0.6117924528301886    0.07940869178615563
-0.6108490566037736    0.07516727798155384
-0.6099056603773585    0.07846615538512378
-0.6089622641509433    0.07186840057796622
-0.6080188679245282    0.08200066688896783
-0.6070754716981133    0.07516727798155384
-0.6061320754716981    0.07186840057796622
-0.605188679245283    0.07092586417694371
-0.6042452830188678    0.06927642547516248
-0.6033018867924529    0.07210403467823033
-0.6023584905660377    0.06762698677336494
-0.6014150943396226    0.07846615538512378
-0.6004716981132074    0.0671557185728616
-0.5995283018867925    0.06362120706902676
-0.5985849056603774    0.06385684116927491
-0.5976415094339622    0.05985106146492925
-0.5966981132075471    0.0676269867733729
-0.5957547169811321    0.0629143047682598
-0.594811320754717    0.0629143047682524
-0.5938679245283018    0.06479937757029741
-0.5929245283018867    0.05725908636212409
-0.5919811320754718    0.05985106146493629
-0.5910377358490566    0.06102923196620739
-0.5900943396226415    0.06809825497387618
-0.5891509433962263    0.06621318217183897
-0.5882075471698114    0.06362120706902676
-0.5872641509433962    0.06055796376569613
-0.5863207547169811    0.0541958430587942
-0.5853773584905659    0.060793597865958914
-0.584433962264151    0.05702345226186844
-0.5834905660377359    0.05749472046237298
-0.5825471698113207    0.05348894075802732
-0.5816037735849056    0.06951205957541813
-0.5806603773584906    0.05961542736468063
-0.5797169811320755    0.060086695565184874
-0.5787735849056603    0.05749472046237298
-0.5778301886792452    0.06220740246749284
-0.5768867924528303    0.0577303545626354
-0.5759433962264151    0.0603223296654405
-0.575    0.06668445037234243
-0.5740566037735848    0.06055796376570325
-0.5731132075471699    0.06197176836723718
-0.5721698113207547    0.06621318217183117
-0.5712264150943396    0.05890852506390674
-0.5702830188679244    0.06173613426698153
-0.5693396226415095    0.05937979326442498
-0.5683962264150944    0.05820162276313986
-0.5674528301886792    0.05843725686339548
-0.566509433962264    0.0671557185728616
-0.5655660377358491    0.05490274535956754
-0.564622641509434    0.06432810936978617
-0.5636792452830188    0.06150050016671863
-0.5627358490566037    0.06456374347004938
-0.5617924528301887    0.05937979326442498
-0.5608490566037736    0.06503501167055303
-0.5599056603773584    0.05796598866288423
-0.5589622641509433    0.06904079137490682
-0.5580188679245284    0.0680982549738842
-0.5570754716981132    0.06927642547515432
-0.5561320754716981    0.0629143047682524
-0.5551886792452829    0.06644881627209462
-0.554245283018868    0.06220740246749284
-0.5533018867924528    0.06314993886850803
-0.5523584905660377    0.06244303656774114
-0.5514150943396225    0.05325330665777796
-0.5504716981132076    0.05961542736468063
-0.5495283018867925    0.055845281760583586
-0.5485849056603773    0.05749472046237298
-0.5476415094339622    0.06220740246749284
-0.5466981132075472    0.05560964766033451
-0.5457547169811321    0.05631654996109484
-0.5448113207547169    0.05702345226186172
-0.5438679245283018    0.05325330665777796
-0.5429245283018869    0.061500500166725876
-0.5419811320754717    0.055609647660327964
-0.5410377358490566    0.05843725686339548
-0.5400943396226414    0.0633855729687711
-0.5391509433962265    0.057494720462379745
-0.5382075471698113    0.05961542736467362
-0.5372641509433962    0.06197176836722989
-0.536320754716981    0.05278203845726665
-0.5353773584905661    0.051839502056244026
-0.534433962264151    0.0541958430587942
-0.5334905660377358    0.055609647660327964
-0.5325471698113207    0.05820162276314671
-0.5316037735849057    0.05325330665777796
-0.5306603773584906    0.04712682005112539
-0.5297169811320754    0.054902745359561085
-0.5287735849056603    0.05113259975547707
-0.5278301886792454    0.05537401356007885
-0.5268867924528302    0.06055796376569613
-0.5259433962264151    0.05396020895853857
-0.5249999999999999    0.048540624652664864
-0.524056603773585    0.05702345226186844
-0.5231132075471698    0.051368233855726676
-0.5221698113207547    0.0506613315549598
-0.5212264150943395    0.055845281760590164
-0.5202830188679246    0.04901189285317617
-0.5193396226415095    0.04971879515393729
-0.5183962264150943    0.0506613315549598
-0.5174528301886792    0.05466711125931189
-0.5165094339622642    0.059144159164169326
-0.5155660377358491    0.05631654996109484
-0.5146226415094339    0.04877625875291478
-0.5136792452830188    0.0504256974547101
-0.5127358490566039    0.053488940758033614
-0.5117924528301887    0.055374013560072335
-0.5108490566037736    0.048069356452147896
-0.5099056603773584    0.05325330665777796
-0.5089622641509435    0.04806935645215356
-0.5080188679245283    0.05702345226186172
-0.5070754716981132    0.051368233855726676
-0.506132075471698    0.056552184061357126
-0.5051886792452831    0.055138379459823195
-0.504245283018868    0.05301767255751607
-0.5033018867924528    0.05725908636211735
-0.5023584905660377    0.05843725686340236
-0.5014150943396227    0.05631654996110147
-0.5004716981132076    0.05348894075802732
-0.4995283018867924    0.05843725686339548
-0.49858490566037733    0.05325330665777796
-0.49764150943396224    0.05325330665777169
-0.49669811320754714    0.056552184061357126
-0.49575471698113205    0.055374013560072335
-0.49481132075471695    0.05325330665777796
-0.49386792452830186    0.06150050016671863
-0.49292452830188677    0.052310770256755346
-0.49198113207547167    0.05396020895853857
-0.4910377358490566    0.05796598866289105
-0.4900943396226415    0.05396020895853857
-0.4891509433962264    0.05207513615649968
-0.4882075471698113    0.05749472046237298
-0.4872641509433962    0.06220740246749284
-0.4863207547169811    0.047598088251636646
-0.485377358490566    0.050190063354454445
-0.4844339622641509    0.0541958430587942
-0.4834905660377358    0.05443147715905623
-0.48254716981132073    0.05678781816160609
-0.48160377358490564    0.0530176725575223
-0.48066037735849054    0.04877625875291478
-0.47971698113207545    0.058908525063913676
-0.47877358490566035    0.051368233855726676
-0.47783018867924526    0.05820162276314671
-0.47688679245283017    0.06102923196620739
-0.47594339622641507    0.04806935645215356
-0.475    0.05867289096365111
-0.4740566037735849    0.05820162276314671
-0.4731132075471698    0.052310770256749184
-0.4721698113207547    0.05466711125931189
-0.4712264150943396    0.05348894075802732
-0.4702830188679245    0.05325330665777796
-0.4693396226415094    0.05348894075802732
-0.4683962264150943    0.04806935645215356
-0.4674528301886792    0.04948316105368166
-0.46650943396226413    0.05113259975547707
-0.46556603773584904    0.04971879515393729
-0.46462264150943394    0.04736245415138659
-0.46367924528301885    0.051368233855726676
-0.46273584905660375    0.05066133155496576
-0.46179245283018866    0.04429921084805787
-0.46084905660377357    0.05372457485828926
-0.45990566037735847    0.05019006335444854
-0.4589622641509434    0.053488940758033614
-0.4580188679245283    0.04995442925419291
-0.4570754716981132    0.054195843058800576
-0.4561320754716981    0.04854062465265915
-0.455188679245283    0.052546404357010995
-0.4542452830188679    0.050896965655215426
-0.4533018867924528    0.050896965655221414
-0.4523584905660377    0.04571301544959163
-0.4514150943396226    0.057494720462379745
-0.45047169811320753    0.05773035456262861
-0.44952830188679244    0.05325330665777796
-0.44858490566037734    0.0516038679559823
-0.44764150943396225    0.0478337223518979
-0.44669811320754715    0.05631654996109484
-0.44575471698113206    0.05396020895854493
-0.44481132075471697    0.05396020895853857
-0.44386792452830187    0.04712682005113093
-0.4429245283018868    0.05513837945981671
-0.4419811320754717    0.04429921084806308
-0.4410377358490566    0.04971879515393729
-0.4400943396226415    0.04971879515394314
-0.4391509433962264    0.05254640435700481
-0.4382075471698113    0.04877625875292052
-0.4372641509433962    0.045006113148824745
-0.4363207547169811    0.04453484494831874
-0.435377358490566    0.04877625875291478
-0.43443396226415093    0.04924752695343183
-0.43349056603773584    0.047833722351892274
-0.43254716981132074    0.04736245415138659
-0.43160377358490565    0.05372457485828294
-0.43066037735849055    0.05113259975547707
-0.42971698113207546    0.04736245415138102
-0.42877358490566037    0.04924752695343183
-0.42783018867924527    0.052075136156493555
-0.4268867924528302    0.05113259975547707
-0.4259433962264151    0.0428854062465241
-0.425    0.05066133155496576
-0.4240566037735849    0.039822162943200956
-0.4231132075471698    0.05136823385573272
-0.4221698113207547    0.043827942647546615
-0.4212264150943396    0.04288540624652916
-0.4202830188679245    0.03817272424141157
-0.4193396226415094    0.04806935645215356
-0.41839622641509433    0.0419428698455016
-0.41745283018867924    0.04641991775036398
-0.41650943396226414    0.04100033344447909
-0.41556603773584905    0.045006113148830046
-0.41462264150943395    0.03817272424141157
-0.41367924528301886    0.04547738134934135
-0.41273584905660377    0.04359230854729099
-0.41179245283018867    0.041942869845506534
-0.4108490566037736    0.04359230854729099
-0.4099056603773585    0.04312104034678481
-0.4089622641509434    0.04100033344447909
-0.4080188679245283    0.04477047904857439
-0.4070754716981132    0.04335667444703536
-0.4061320754716981    0.04382794264755177
-0.405188679245283    0.048069356452147896
-0.4042452830188679    0.04382794264755177
-0.4033018867924528    0.04736245415138102
-0.40235849056603773    0.04429921084806308
-0.40141509433962264    0.040764699344223464
-0.40047169811320754    0.04759808825164225
-0.39952830188679245    0.045477381349336
-0.39858490566037735    0.050190063354454445
-0.39764150943396226    0.04429921084805787
-0.39669811320754716    0.041942869845506534
-0.39575471698113207    0.04641991775035851
-0.394811320754717    0.04147160164499523
-0.3938679245283019    0.04712682005112539
-0.3929245283018868    0.04901189285317617
-0.3919811320754717    0.04877625875291478
-0.3910377358490566    0.04571301544959701
-0.3900943396226415    0.04712682005112539
-0.3891509433962264    0.04241413804601784
-0.3882075471698113    0.047598088251636646
-0.3872641509433962    0.04288540624652916
-0.38632075471698113    0.04264977214626848
-0.38537735849056604    0.04288540624652916
-0.38443396226415094    0.04618428365010289
-0.38349056603773585    0.04076469934422826
-0.38254716981132075    0.045006113148824745
-0.38160377358490566    0.043356674447040465
-0.38066037735849056    0.0393508947426897
-0.37971698113207547    0.03982216294320565
-0.3787735849056604    0.03770145604090031
-0.3778301886792453    0.03911526064243868
-0.3768867924528302    0.047833722351892274
-0.3759433962264151    0.034402578637325584
-0.375    0.03346004223629903
-0.3740566037735849    0.037701456040904746
-0.3731132075471698    0.03723018784038906
-0.3721698113207547    0.03558074913860386
-0.3712264150943396    0.03911526064243408
-0.37028301886792453    0.04076469934422826
-0.36933962264150944    0.03628765143936655
-0.36839622641509434    0.03699455374013779
-0.36745283018867925    0.0341669445370659
-0.36650943396226415    0.041000333444483915
-0.36556603773584906    0.036052017339110926
-0.36462264150943396    0.03416694453706993
-0.36367924528301887    0.03463821273757716
-0.3627358490566038    0.03204623763476904
-0.3617924528301887    0.03723018784038906
-0.3608490566037736    0.0374658219406491
-0.3599056603773585    0.03887962654217845
-0.3589622641509434    0.03463821273758124
-0.3580188679245283    0.031574969434254016
-0.3570754716981132    0.03817272424141606
-0.3561320754716981    0.029925530732464626
-0.355188679245283    0.0379370901411604
-0.35424528301886793    0.03699455374013343
-0.35330188679245284    0.03487384683783689
-0.35235849056603774    0.0393508947426897
-0.35141509433962265    0.03487384683783689
-0.35047169811320755    0.032046237634765266
-0.34952830188679246    0.0379370901411604
-0.34858490566037736    0.03086806713348713
-0.34764150943396227    0.03110370123374642
-0.3466981132075472    0.03251750583527652
-0.3457547169811321    0.035816383238859516
-0.344811320754717    0.03393131043681028
-0.3438679245283019    0.028982994331445525
-0.3429245283018868    0.035580749138599675
-0.3419811320754717    0.03487384683783689
-0.3410377358490566    0.03534511503834405
-0.3400943396226415    0.03416694453706993
-0.3391509433962264    0.03393131043681028
-0.33820754716981133    0.03463821273758124
-0.33726415094339623    0.03487384683783279
-0.33632075471698114    0.03133933533400207
-0.33537735849056605    0.032988774035787774
-0.33443396226415095    0.03628765143937082
-0.33349056603773586    0.03534511503834405
-0.33254716981132076    0.03628765143937082
-0.33160377358490567    0.03369567633655466
-0.3306603773584906    0.028040457930422907
-0.3297169811320755    0.03133933533399839
-0.3287735849056604    0.02851172613093422
-0.3278301886792453    0.029925530732464626
-0.3268867924528302    0.02968989663221249
-0.3259433962264151    0.03393131043681028
-0.325    0.033460042236302966
-0.3240566037735849    0.03251750583527652
-0.3231132075471698    0.029925530732468144
-0.32216981132075473    0.0341669445370659
-0.32122641509433963    0.03322440813604731
-0.32028301886792454    0.032753139935532145
-0.31933962264150945    0.027097921529400288
-0.31839622641509435    0.02639101922863022
-0.31745283018867926    0.027804823830167254
-0.31650943396226416    0.031574969434254016
-0.31556603773584907    0.027569189729911597
-0.314622641509434    0.02921862843169774
-0.3136792452830189    0.030632433033235113
-0.3127358490566038    0.026626653328885846
-0.3117924528301887    0.03393131043681428
-0.3108490566037736    0.02639101922863022
-0.3099056603773585    0.03322440813604731
-0.3089622641509434    0.02686228742914147
-0.3080188679245283    0.027804823830167254
-0.3070754716981132    0.032753139935532145
-0.30613207547169813    0.03652328553962647
-0.30518867924528303    0.028982994331442115
-0.30424528301886794    0.03298877403579165
-0.30330188679245285    0.0306324330332315
-0.30235849056603775    0.03322440813604731
-0.30141509433962266    0.0341669445370659
-0.30047169811320756    0.03251750583528035
-0.29952830188679247    0.032753139935532145
-0.2985849056603774    0.03864399244192737
-0.2976415094339623    0.03440257863732153
-0.2966981132075472    0.03817272424141606
-0.2957547169811321    0.036758919639877805
-0.294811320754717    0.03628765143937082
-0.2938679245283019    0.03487384683783279
-0.2929245283018868    0.04029343114371695
-0.2919811320754717    0.03699455374013343
-0.2910377358490566    0.03982216294320565
-0.29009433962264153    0.03864399244192282
-0.28915094339622643    0.03628765143937082
-0.28820754716981134    0.03746582194064469
-0.28726415094339625    0.0379370901411604
-0.28632075471698115    0.03086806713348713
-0.28537735849056606    0.03487384683783689
-0.28443396226415096    0.03393131043681028
-0.28349056603773587    0.03322440813604731
-0.2825471698113208    0.032281871735020895
-0.2816037735849057    0.03110370123374642
-0.2806603773584906    0.02921862843169774
-0.2797169811320755    0.03133933533400207
-0.2787735849056604    0.032281871735020895
-0.2778301886792453    0.03487384683783689
-0.2768867924528302    0.03817272424141157
-0.27594339622641506    0.03887962654217845
-0.27499999999999997    0.027804823830167254
-0.2740566037735849    0.03628765143936655
-0.2731132075471698    0.029925530732468144
-0.2721698113207547    0.036523285539622176
-0.2712264150943396    0.0353451150383482
-0.2702830188679245    0.0341669445370659
-0.2693396226415094    0.03723018784039344
-0.2683962264150943    0.04147160164499034
-0.2674528301886792    0.035816383238859516
-0.2665094339622641    0.03887962654217845
-0.265566037735849    0.035816383238859516
-0.26462264150943393    0.03699455374013343
-0.26367924528301884    0.033460042236302966
-0.26273584905660374    0.035580749138599675
-0.26179245283018865    0.03864399244192737
-0.26084905660377355    0.039822162943200956
-0.25990566037735846    0.0353451150383482
-0.25896226415094337    0.04029343114371221
-0.2580188679245283    0.032753139935536
-0.2570754716981132    0.04241413804601286
-0.2561320754716981    0.0353451150383482
-0.255188679245283    0.036052017339110926
-0.2542452830188679    0.04406357674780743
-0.2533018867924528    0.036758919639877805
-0.2523584905660377    0.03958652884294998
-0.2514150943396226    0.03628765143936655
-0.2504716981132075    0.035816383238859516
-0.24952830188679243    0.04241413804601286
-0.24858490566037733    0.03723018784039344
-0.24764150943396224    0.03770145604090031
-0.24669811320754714    0.02968989663221249
-0.24575471698113205    0.040764699344223464
-0.24481132075471695    0.03463821273758124
-0.24386792452830186    0.0358163832388553
-0.24292452830188677    0.045006113148830046
-0.24198113207547167    0.040764699344223464
-0.24103773584905658    0.036758919639882134
-0.24009433962264148    0.03887962654217845
-0.2391509433962264    0.03887962654218302
-0.2382075471698113    0.03534511503834405
-0.2372641509433962    0.038408358341671715
-0.2363207547169811    0.040764699344223464
-0.235377358490566    0.040057797043461296
-0.23443396226415092    0.0393508947426897
-0.23349056603773582    0.03887962654218302
-0.23254716981132073    0.04641991775035851
-0.23160377358490564    0.04288540624652916
-0.23066037735849054    0.03699455374013343
-0.22971698113207545    0.04029343114371695
-0.22877358490566035    0.04217850394575723
-0.22783018867924526    0.042649772146273496
-0.22688679245283017    0.040057797043456585
-0.22594339622641507    0.04406357674780743
-0.22499999999999998    0.03911526064243408
-0.22405660377358488    0.04571301544959701
-0.2231132075471698    0.04147160164499034
-0.2221698113207547    0.03864399244192737
-0.2212264150943396    0.03723018784038906
-0.2202830188679245    0.03558074913860386
-0.2193396226415094    0.03393131043681028
-0.21839622641509432    0.03628765143937082
-0.21745283018867922    0.03817272424141157
-0.21650943396226413    0.038408358341671715
-0.21556603773584904    0.03534511503834405
-0.21462264150943394    0.040057797043461296
-0.21367924528301885    0.03534511503834405
-0.21273584905660375    0.03817272424141606
-0.21179245283018866    0.03958652884294533
-0.21084905660377357    0.0353451150383482
-0.20990566037735847    0.04264977214626848
-0.20896226415094338    0.03181060353451338
-0.20801886792452828    0.03887962654217845
-0.2070754716981132    0.039350894742694334
-0.2061320754716981    0.040529065243967835
-0.205188679245283    0.03958652884294998
-0.2042452830188679    0.03840835834166719
-0.2033018867924528    0.03416694453706993
-0.20235849056603772    0.032046237634765266
-0.20141509433962262    0.032753139935536
-0.20047169811320753    0.03510948093808842
-0.19952830188679244    0.04217850394576219
-0.19858490566037734    0.03181060353450964
-0.19764150943396225    0.03322440813604731
-0.19669811320754715    0.03181060353450964
-0.19575471698113206    0.03652328553962647
-0.19481132075471697    0.036052017339110926
-0.19386792452830187    0.03228187173502469
-0.19292452830188678    0.035580749138599675
-0.19198113207547168    0.03628765143937082
-0.1910377358490566    0.0341669445370659
-0.1900943396226415    0.03110370123374642
-0.1891509433962264    0.036758919639877805
-0.1882075471698113    0.036052017339115165
-0.1872641509433962    0.035580749138599675
-0.18632075471698112    0.03298877403579165
-0.18537735849056602    0.040764699344223464
-0.18443396226415093    0.038408358341671715
-0.18349056603773584    0.04100033344447909
-0.18254716981132074    0.037701456040904746
-0.18160377358490565    0.03723018784038906
-0.18066037735849055    0.034402578637325584
-0.17971698113207546    0.040764699344223464
-0.17877358490566037    0.03864399244192737
-0.17783018867924527    0.03463821273757716
-0.17688679245283018    0.038408358341671715
-0.17594339622641508    0.03887962654217845
-0.175    0.03982216294320565
-0.1740566037735849    0.03793709014115594
-0.1731132075471698    0.03911526064243868
-0.1721698113207547    0.03793709014115594
-0.1712264150943396    0.03958652884294998
-0.17028301886792452    0.03887962654217845
-0.16933962264150942    0.040057797043461296
-0.16839622641509433    0.03393131043681028
-0.16745283018867924    0.043592308547296114
-0.16650943396226414    0.04995442925419291
-0.16556603773584905    0.04052906524397261
-0.16462264150943395    0.05042569745470417
-0.16367924528301886    0.037701456040904746
-0.16273584905660377    0.04241413804601286
-0.16179245283018867    0.04406357674780743
-0.16084905660377358    0.04571301544959163
-0.15990566037735848    0.0504256974547101
-0.1589622641509434    0.04359230854729099
-0.1580188679245283    0.04477047904857439
-0.1570754716981132    0.04429921084805787
-0.1561320754716981    0.04382794264755177
-0.155188679245283    0.04241413804601286
-0.15424528301886792    0.043356674447040465
-0.15330188679245282    0.047833722351892274
-0.15235849056603773    0.04547738134934135
-0.15141509433962264    0.04147160164499034
-0.15047169811320754    0.050896965655221414
-0.14952830188679245    0.043827942647546615
-0.14858490566037735    0.04453484494831874
-0.14764150943396226    0.044063576747802244
-0.14669811320754716    0.035816383238859516
-0.14575471698113207    0.041235967544734714
-0.14481132075471698    0.04571301544959701
-0.14386792452830188    0.04241413804601286
-0.1429245283018868    0.03652328553962647
-0.1419811320754717    0.03628765143936655
-0.1410377358490566    0.041707235745250884
-0.1400943396226415    0.03817272424141157
-0.1391509433962264    0.04477047904857439
-0.13820754716981132    0.04312104034677973
-0.13726415094339622    0.041942869845506534
-0.13632075471698113    0.04594864954984726
-0.13537735849056604    0.0452417472490857
-0.13443396226415094    0.04029343114371221
-0.13349056603773585    0.03982216294320565
-0.13254716981132075    0.04429921084805787
-0.13160377358490566    0.04052906524397261
-0.13066037735849056    0.03628765143936655
-0.12971698113207547    0.0353451150383482
-0.12877358490566038    0.03793709014115594
-0.12783018867924528    0.041000333444483915
-0.1268867924528302    0.03817272424141157
-0.1259433962264151    0.039350894742694334
-0.125    0.040057797043456585
-0.1240566037735849    0.03817272424141606
-0.12311320754716981    0.03793709014115594
-0.12216981132075472    0.03487384683783689
-0.12122641509433962    0.03628765143936655
-0.12028301886792453    0.03487384683783689
-0.11933962264150944    0.03440257863732153
-0.11839622641509434    0.03699455374013779
-0.11745283018867925    0.03016116483272025
-0.11650943396226415    0.0353451150383482
-0.11556603773584906    0.032046237634765266
-0.11462264150943396    0.03204623763476904
-0.11367924528301887    0.02921862843169774
-0.11273584905660378    0.03652328553962647
-0.11179245283018868    0.03440257863732153
-0.11084905660377359    0.028747360231189872
-0.1099056603773585    0.03534511503834405
-0.1089622641509434    0.03416694453706993
-0.1080188679245283    0.032753139935532145
-0.10707547169811321    0.025919751028122013
-0.10613207547169812    0.03039679893297588
-0.10518867924528302    0.032753139935536
-0.10424528301886793    0.032046237634765266
-0.10330188679245284    0.027569189729911597
-0.10235849056603774    0.03086806713348713
-0.10141509433962265    0.03298877403579165
-0.10047169811320755    0.03440257863732153
-0.09952830188679246    0.027804823830167254
-0.09858490566037736    0.03440257863732153
-0.09764150943396227    0.030161164832723797
-0.09669811320754718    0.03251750583527652
-0.09575471698113208    0.027804823830167254
-0.09481132075471699    0.03840835834166719
-0.0938679245283019    0.03204623763476904
-0.0929245283018868    0.03251750583527652
-0.0919811320754717    0.033460042236302966
-0.09103773584905661    0.0306324330332315
-0.09009433962264152    0.03298877403579165
-0.08915094339622642    0.03534511503834405
-0.08820754716981133    0.030396798932979457
-0.08726415094339623    0.0341669445370659
-0.08632075471698114    0.03157496943425773
-0.08537735849056605    0.03958652884294533
-0.08443396226415095    0.03298877403579165
-0.08349056603773586    0.03487384683783279
-0.08254716981132076    0.03487384683783689
-0.08160377358490567    0.03723018784038906
-0.08066037735849058    0.045006113148830046
-0.07971698113207548    0.032988774035787774
-0.07877358490566039    0.03699455374013779
-0.0778301886792453    0.04429921084805787
-0.0768867924528302    0.030868067133490766
-0.0759433962264151    0.036052017339110926
-0.07500000000000001    0.03864399244192737
-0.07405660377358492    0.03887962654217845
-0.07311320754716982    0.0379370901411604
-0.07216981132075473    0.03699455374013343
-0.07122641509433963    0.0379370901411604
-0.07028301886792454    0.036523285539622176
-0.06933962264150945    0.03864399244192737
-0.06839622641509435    0.03958652884294533
-0.06745283018867926    0.03723018784039344
-0.06650943396226416    0.0393508947426897
-0.06556603773584907    0.0374658219406491
-0.06462264150943398    0.03181060353450964
-0.06367924528301888    0.035816383238859516
-0.06273584905660379    0.03958652884294533
-0.06179245283018869    0.040057797043461296
-0.0608490566037736    0.039822162943200956
-0.059905660377358505    0.04147160164499523
-0.05896226415094341    0.03699455374013343
-0.05801886792452832    0.034402578637325584
-0.05707547169811322    0.040529065243967835
-0.05613207547169813    0.02968989663221249
-0.055188679245283034    0.03770145604090031
-0.05424528301886794    0.03864399244192737
-0.053301886792452846    0.03463821273757716
-0.05235849056603775    0.0353451150383482
-0.05141509433962266    0.03911526064243408
-0.050471698113207564    0.03416694453706993
-0.04952830188679247    0.032753139935532145
-0.048584905660377375    0.03133933533400207
-0.04764150943396228    0.03346004223629903
-0.04669811320754719    0.035816383238859516
-0.04575471698113209    0.03440257863732153
-0.044811320754717    0.03487384683783689
-0.043867924528301905    0.032281871735020895
-0.04292452830188681    0.03416694453706993
-0.04198113207547172    0.0341669445370659
-0.04103773584905662    0.02921862843170118
-0.04009433962264153    0.03181060353450964
-0.039150943396226434    0.0374658219406491
-0.03820754716981134    0.0393508947426897
-0.037264150943396246    0.036052017339115165
-0.03632075471698115    0.03510948093808842
-0.03537735849056606    0.033460042236302966
-0.034433962264150964    0.03723018784038906
-0.033490566037735814    0.03817272424141157
-0.03254716981132072    0.03369567633655862
-0.031603773584905626    0.0358163832388553
-0.03066037735849053    0.03369567633655862
-0.029716981132075437    0.03251750583527652
-0.028773584905660343    0.03723018784039344
-0.02783018867924525    0.03181060353450964
-0.026886792452830155    0.030868067133490766
-0.02594339622641506    0.03110370123374276
-0.024999999999999967    0.030632433033235113
-0.024056603773584873    0.03181060353450964
-0.02311320754716978    0.03228187173502469
-0.022169811320754684    0.0332244081360434
-0.02122641509433959    0.03558074913860386
-0.020283018867924496    0.03510948093808842
-0.019339622641509402    0.03110370123374642
-0.018396226415094308    0.032046237634765266
-0.017452830188679214    0.03181060353451338
-0.01650943396226412    0.031574969434254016
-0.015566037735849025    0.02921862843170118
-0.014622641509433931    0.02945426253195337
-0.013679245283018837    0.03204623763476904
-0.012735849056603743    0.02874736023118649
-0.011792452830188649    0.03322440813604731
-0.010849056603773555    0.0358163832388553
-0.00990566037735846    0.03487384683783689
-0.008962264150943366    0.032281871735020895
-0.008018867924528272    0.033460042236302966
-0.007075471698113178    0.02945426253195337
-0.006132075471698084    0.02921862843170118
-0.00518867924528299    0.032281871735020895
-0.004245283018867896    0.03887962654218302
-0.0033018867924528017    0.03181060353450964
-0.0023584905660377076    0.027097921529400288
-0.0014150943396226134    0.03039679893297588
-0.0004716981132075193    0.033460042236302966
0.0004716981132075748    0.03463821273757716
0.0014150943396227245    0.03086806713348713
0.002358490566037763    0.03770145604090919
0.0033018867924528017    0.03369567633655466
0.004245283018867951    0.02945426253195337
0.005188679245283101    0.03393131043681028
0.00613207547169814    0.0334600422363069
0.007075471698113178    0.028982994331442115
0.008018867924528328    0.032988774035787774
0.008962264150943478    0.03534511503834405
0.009905660377358516    0.03369567633656259
0.010849056603773555    0.036052017339110926
0.011792452830188704    0.03746582194064469
0.012735849056603854    0.03251750583527652
0.013679245283018893    0.02992553073247167
0.014622641509433931    0.0393508947426897
0.015566037735849081    0.0358163832388553
0.01650943396226423    0.0419428698455016
0.01745283018867927    0.04100033344448874
0.018396226415094308    0.03723018784038906
0.019339622641509457    0.040764699344223464
0.020283018867924607    0.03723018784038906
0.021226415094339646    0.034873846837841
0.022169811320754684    0.03039679893297588
0.023113207547169834    0.0341669445370659
0.024056603773584984    0.03110370123374276
0.025000000000000022    0.0334600422363069
0.02594339622641506    0.036758919639877805
0.02688679245283021    0.040764699344223464
0.02783018867924536    0.0341669445370659
0.0287735849056604    0.03628765143937509
0.029716981132075437    0.03510948093808842
0.030660377358490587    0.03628765143936655
0.03160377358490574    0.03251750583527652
0.032547169811320775    0.03864399244193192
0.033490566037735814    0.03346004223629903
0.034433962264150964    0.031574969434254016
0.03537735849056611    0.03534511503834405
0.03632075471698115    0.03157496943426145
0.03726415094339619    0.03086806713348713
0.03820754716981134    0.03817272424141157
0.03915094339622649    0.0358163832388553
0.04009433962264153    0.028511726130937574
0.04103773584905657    0.031574969434254016
0.04198113207547172    0.03369567633655466
0.042924528301886866    0.029925530732464626
0.043867924528301905    0.02992553073247167
0.04481132075471694    0.03181060353450964
0.04575471698113209    0.03133933533399839
0.04669811320754724    0.036523285539622176
0.04764150943396228    0.038172724241420555
0.04858490566037732    0.029925530732464626
0.04952830188679247    0.02945426253195337
0.05047169811320762    0.029925530732464626
0.05141509433962266    0.031810603534517125
0.052358490566037696    0.03369567633655466
0.053301886792452846    0.026155385128374592
0.054245283018867996    0.03510948093808842
0.055188679245283034    0.03039679893298303
0.05613207547169807    0.03110370123374276
0.05707547169811322    0.03369567633655466
0.05801886792452837    0.029925530732464626
0.05896226415094341    0.03204623763477281
0.05990566037735845    0.02874736023118649
0.0608490566037736    0.03039679893297588
0.06179245283018875    0.02921862843169774
0.06273584905660379    0.03110370123375008
0.06367924528301883    0.02874736023118649
0.06462264150943398    0.03133933533399839
0.06556603773584913    0.0332244081360434
0.06650943396226416    0.03251750583528417
0.0674528301886792    0.031574969434254016
0.06839622641509435    0.03369567633655466
0.0693396226415095    0.03251750583527652
0.07028301886792454    0.024270312326335287
0.07122641509433958    0.03510948093808842
0.07216981132075473    0.03110370123374276
0.07311320754716988    0.025919751028118963
0.07405660377358492    0.03133933533400576
0.07499999999999996    0.03251750583527652
0.0759433962264151    0.03181060353450964
0.07688679245283025    0.03393131043681028
0.0778301886792453    0.03039679893298303
0.07877358490566033    0.03817272424141157
0.07971698113207548    0.031574969434254016
0.08066037735849063    0.03133933533399839
0.08160377358490567    0.034166944537073946
0.08254716981132071    0.03110370123374276
0.08349056603773586    0.027333555629652728
0.08443396226415101    0.03133933533399839
0.08537735849056605    0.03628765143937509
0.08632075471698109    0.035580749138599675
0.08726415094339623    0.03039679893297588
0.08820754716981138    0.03463821273757716
0.08915094339622642    0.03133933533400576
0.09009433962264146    0.03181060353450964
0.09103773584905661    0.03251750583527652
0.09198113207547176    0.04029343114371221
0.0929245283018868    0.03369567633656259
0.09386792452830184    0.03251750583527652
0.09481132075471699    0.032753139935532145
0.09575471698113214    0.03346004223629903
0.09669811320754718    0.030868067133494395
0.09764150943396221    0.03251750583527652
0.09858490566037736    0.03699455374013343
0.09952830188679251    0.03393131043681028
0.10047169811320755    0.030868067133494395
0.10141509433962259    0.036052017339110926
0.10235849056603774    0.029925530732464626
0.10330188679245289    0.03723018784038906
0.10424528301886793    0.034873846837841
0.10518867924528297    0.03393131043681028
0.10613207547169812    0.03346004223629903
0.10707547169811327    0.036758919639877805
0.1080188679245283    0.03675891963988646
0.10896226415094334    0.040764699344223464
0.1099056603773585    0.03699455374013343
0.11084905660377364    0.0393508947426897
0.11179245283018868    0.035580749138608044
0.11273584905660372    0.03369567633655466
0.11367924528301887    0.03887962654217845
0.11462264150943402    0.03463821273757716
0.11556603773584906    0.03440257863732964
0.1165094339622641    0.036523285539622176
0.11745283018867925    0.036758919639877805
0.1183962264150944    0.03463821273757716
0.11933962264150944    0.03440257863732964
0.12028301886792447    0.02921862843169774
0.12122641509433962    0.028982994331442115
0.12216981132075477    0.03393131043681028
0.12311320754716981    0.03369567633656259
0.12405660377358485    0.03181060353450964
0.125    0.02921862843169774
0.12594339622641515    0.02921862843169774
0.1268867924528302    0.03110370123375008
0.12783018867924523    0.027333555629652728
0.12877358490566038    0.03510948093808842
0.12971698113207553    0.03086806713348713
0.13066037735849056    0.02639101922863643
0.1316037735849056    0.03534511503834405
0.13254716981132075    0.03440257863732153
0.1334905660377359    0.028040457930419607
0.13443396226415094    0.03039679893298303
0.13537735849056598    0.03133933533399839
0.13632075471698113    0.029925530732464626
0.13726415094339628    0.032046237634765266
0.13820754716981132    0.030632433033238714
0.13915094339622636    0.03086806713348713
0.1400943396226415    0.03133933533399839
0.14103773584905666    0.03440257863732153
0.1419811320754717    0.028747360231193255
0.14292452830188673    0.032988774035787774
0.14386792452830188    0.026155385128374592
0.14481132075471703    0.03510948093808842
0.14575471698113207    0.03393131043681827
0.1466981132075471    0.03440257863732153
0.14764150943396226    0.03181060353450964
0.1485849056603774    0.02945426253195337
0.14952830188679245    0.0388796265421876
0.15047169811320749    0.04029343114371221
0.15141509433962264    0.040529065243967835
0.15235849056603779    0.0341669445370659
0.15330188679245282    0.043827942647556926
0.15424528301886786    0.04100033344447909
0.155188679245283    0.041235967544734714
0.15613207547169816    0.043827942647546615
0.1570754716981132    0.037937090141164864
0.15801886792452824    0.04217850394575723
0.1589622641509434    0.04641991775035851
0.15990566037735854    0.044063576747802244
0.16084905660377358    0.04312104034678988
0.16179245283018862    0.04924752695342603
0.16273584905660377    0.0506613315549598
0.16367924528301891    0.04901189285317041
0.16462264150943395    0.05419584305880696
0.165566037735849    0.04100033344447909
0.16650943396226414    0.045477381349336
0.1674528301886793    0.04594864954984726
0.16839622641509433    0.043356674447045565
0.16933962264150937    0.040764699344223464
0.17028301886792452    0.04100033344447909
0.17122641509433967    0.03864399244192282
0.1721698113207547    0.03840835834167623
0.17311320754716975    0.03887962654217845
0.1740566037735849    0.04170723574524597
0.17500000000000004    0.03346004223629903
0.17594339622641508    0.03393131043681827
0.17688679245283012    0.03817272424141157
0.17783018867924527    0.03487384683783279
0.17877358490566042    0.04429921084805787
0.17971698113207546    0.03440257863732964
0.1806603773584905    0.03440257863732153
0.18160377358490565    0.032046237634765266
0.1825471698113208    0.03746582194064469
0.18349056603773584    0.03204623763477281
0.18443396226415087    0.032753139935532145
0.18537735849056602    0.027804823830163982
0.18632075471698117    0.032753139935532145
0.1872641509433962    0.029454262531960304
0.18820754716981125    0.0358163832388553
0.1891509433962264    0.029689896632208997
0.19009433962264155    0.03086806713348713
0.1910377358490566    0.03204623763477281
0.19198113207547163    0.02921862843169774
0.19292452830188678    0.028276092030675236
0.19386792452830193    0.02945426253195337
0.19481132075471697    0.03157496943426145
0.195754716981132    0.02874736023118649
0.19669811320754715    0.02945426253195337
0.1976415094339623    0.03440257863732153
0.19858490566037734    0.031810603534517125
0.19952830188679238    0.02874736023118649
0.20047169811320753    0.02921862843169774
0.20141509433962268    0.02945426253195337
0.20235849056603772    0.024977214627102336
0.20330188679245276    0.03086806713348713
0.2042452830188679    0.027804823830163982
0.20518867924528306    0.03086806713348713
0.2061320754716981    0.032753139935539854
0.20707547169811313    0.031574969434254016
0.20801886792452828    0.03440257863732153
0.20896226415094343    0.029689896632208997
0.20990566037735858    0.031574969434254016
0.21084905660377362    0.03322440813605122
0.21179245283018866    0.027804823830163982
0.2127358490566038    0.03864399244192282
0.21367924528301896    0.03534511503834405
0.214622641509434    0.03228187173502849
0.21556603773584904    0.032753139935532145
0.2165094339622642    0.03534511503834405
0.21745283018867934    0.03440257863732153
0.21839622641509437    0.026626653328892115
0.2193396226415094    0.029925530732464626
0.22028301886792456    0.029689896632208997
0.2212264150943397    0.0341669445370659
0.22216981132075475    0.032753139935539854
0.2231132075471698    0.0341669445370659
0.22405660377358494    0.03770145604090031
0.2250000000000001    0.0306324330332315
0.22594339622641513    0.029454262531960304
0.22688679245283017    0.03016116483272025
0.22783018867924532    0.03251750583527652
0.22877358490566047    0.0393508947426897
0.2297169811320755    0.0334600422363069
0.23066037735849054    0.032046237634765266
0.2316037735849057    0.03723018784038906
0.23254716981132084    0.029925530732464626
0.23349056603773588    0.03935089474269896
0.23443396226415092    0.0341669445370659
0.23537735849056607    0.032753139935532145
0.23632075471698122    0.03534511503834405
0.23726415094339626    0.03581638323886373
0.2382075471698113    0.036052017339110926
0.23915094339622645    0.03793709014115594
0.2400943396226416    0.03440257863732153
0.24103773584905663    0.048540624652670575
0.24198113207547167    0.0419428698455016
0.24292452830188682    0.03817272424141157
0.24386792452830197    0.0419428698455016
0.244811320754717    0.042414138046022835
0.24575471698113205    0.04359230854729099
0.2466981132075472    0.04147160164499034
0.24764150943396235    0.04100033344447909
0.2485849056603774    0.047126820051136484
0.24952830188679243    0.04100033344447909
0.2504716981132076    0.040764699344223464
0.2514150943396227    0.039822162943200956
0.25235849056603776    0.04170723574525578
0.2533018867924528    0.039822162943200956
0.25424528301886795    0.03723018784038906
0.2551886792452831    0.040057797043456585
0.25613207547169814    0.04005779704346601
0.2570754716981132    0.040529065243967835
0.25801886792452833    0.03911526064243408
0.2589622641509435    0.04264977214626848
0.2599056603773585    0.02992553073247167
0.26084905660377355    0.03746582194064469
0.2617924528301887    0.04029343114371221
0.26273584905660385    0.03699455374013343
0.2636792452830189    0.03840835834167623
0.26462264150943393    0.036052017339110926
0.2655660377358491    0.0393508947426897
0.26650943396226423    0.03840835834166719
0.26745283018867927    0.039586528842954646
0.2683962264150943    0.03463821273757716
0.26933962264150946    0.04100033344447909
0.2702830188679246    0.040529065243967835
0.27122641509433965    0.03746582194065351
0.2721698113207547    0.0332244081360434
0.27311320754716983    0.03133933533399839
0.274056603773585    0.03628765143936655
0.275    0.03723018784039782
0.27594339622641506    0.03369567633655466
0.2768867924528302    0.0341669445370659
0.27783018867924536    0.031574969434254016
0.2787735849056604    0.03298877403579554
0.27971698113207544    0.02874736023118649
0.2806603773584906    0.03369567633655466
0.28160377358490574    0.03534511503834405
0.2825471698113208    0.03699455374014214
0.2834905660377358    0.03510948093808842
0.28443396226415096    0.03133933533399839
0.2853773584905661    0.03251750583527652
0.28632075471698115    0.028747360231193255
0.2872641509433962    0.03133933533399839
0.28820754716981134    0.02851172613093086
0.2891509433962265    0.0341669445370659
0.29009433962264153    0.03204623763477281
0.29103773584905657    0.03181060353450964
0.2919811320754717    0.032281871735020895
0.29292452830188687    0.032753139935532145
0.2938679245283019    0.030632433033238714
0.29481132075471694    0.02945426253195337
0.2957547169811321    0.039822162943200956
0.29669811320754724    0.036052017339110926
0.2976415094339623    0.029218628431704616
0.2985849056603773    0.027569189729908353
0.29952830188679247    0.03510948093808842
0.3004716981132076    0.03746582194064469
0.30141509433962266    0.03440257863732964
0.3023584905660377    0.03487384683783279
0.30330188679245285    0.03487384683783279
0.304245283018868    0.031574969434254016
0.30518867924528303    0.03581638323886373
0.3061320754716981    0.029689896632208997
0.3070754716981132    0.03534511503834405
0.3080188679245284    0.02874736023118649
0.3089622641509434    0.03440257863732964
0.30990566037735845    0.036758919639877805
0.3108490566037736    0.03746582194064469
0.31179245283018875    0.03534511503834405
0.3127358490566038    0.03369567633656259
0.3136792452830188    0.03110370123374276
0.314622641509434    0.03770145604090031
0.3155660377358491    0.036523285539622176
0.31650943396226416    0.034166944537073946
0.3174528301886792    0.032046237634765266
0.31839622641509435    0.03133933533399839
0.3193396226415095    0.0306324330332315
0.32028301886792454    0.034166944537073946
0.3212264150943396    0.032988774035787774
0.32216981132075473    0.028040457930419607
0.3231132075471699    0.03110370123374276
0.3240566037735849    0.03510948093809668
0.32499999999999996    0.0332244081360434
0.3259433962264151    0.03463821273757716
0.32688679245283025    0.024977214627096456
0.3278301886792453    0.03039679893298303
0.32877358490566033    0.03110370123374276
0.3297169811320755    0.03110370123374276
0.33066037735849063    0.03440257863732153
0.33160377358490567    0.031810603534517125
0.3325471698113207    0.03251750583527652
0.33349056603773586    0.03510948093808842
0.334433962264151    0.03110370123374276
0.33537735849056605    0.03251750583528417
0.3363207547169811    0.0332244081360434
0.33726415094339623    0.03039679893297588
0.3382075471698114    0.03864399244192282
0.3391509433962264    0.034873846837841
0.34009433962264146    0.03463821273757716
0.3410377358490566    0.03393131043681028
0.34198113207547176    0.041235967544734714
0.3429245283018868    0.03228187173502849
0.34386792452830184    0.0358163832388553
0.344811320754717    0.031574969434254016
0.34575471698113214    0.03346004223629903
0.3466981132075472    0.035345115038352366
0.3476415094339622    0.03440257863732153
0.34858490566037736    0.03393131043681028
0.3495283018867925    0.0393508947426897
0.35047169811320755    0.03699455374014214
0.3514150943396226    0.036758919639877805
0.35235849056603774    0.03958652884294533
0.3533018867924529    0.04264977214626848
0.35424528301886793    0.03675891963988646
0.35518867924528297    0.03440257863732153
0.3561320754716981    0.03817272424141157
0.35707547169811327    0.040057797043456585
0.3580188679245283    0.0388796265421876
0.35896226415094334    0.040057797043456585
0.3599056603773585    0.040057797043456585
0.36084905660377364    0.03770145604090031
0.3617924528301887    0.03840835834167623
0.3627358490566037    0.036523285539622176
0.36367924528301887    0.039822162943200956
0.364622641509434    0.03864399244192282
0.36556603773584906    0.037937090141164864
0.3665094339622641    0.03487384683783279
0.36745283018867925    0.03770145604090031
0.3683962264150944    0.040057797043456585
0.36933962264150944    0.03840835834167623
0.3702830188679245    0.03911526064243408
0.3712264150943396    0.03911526064243408
0.3721698113207548    0.04264977214626848
0.3731132075471698    0.040529065243977376
0.37405660377358485    0.04264977214626848
0.375    0.03793709014115594
0.37594339622641515    0.03958652884294533
0.3768867924528302    0.035580749138608044
0.3778301886792452    0.03346004223629903
0.3787735849056604    0.04217850394575723
0.3797169811320755    0.040764699344223464
0.38066037735849056    0.03675891963988646
0.3816037735849056    0.04665555185061414
0.38254716981132075    0.04100033344447909
0.3834905660377359    0.04170723574524597
0.38443396226415094    0.042414138046022835
0.385377358490566    0.04241413804601286
0.38632075471698113    0.04641991775035851
0.3872641509433963    0.04571301544959163
0.3882075471698113    0.04806935645215921
0.38915094339622636    0.040529065243967835
0.3900943396226415    0.03817272424141157
0.39103773584905666    0.04264977214626848
0.3919811320754717    0.04995442925420467
0.39292452830188673    0.03958652884294533
0.3938679245283019    0.03887962654217845
0.39481132075471703    0.040057797043456585
0.39575471698113207    0.042414138046022835
0.3966981132075471    0.0393508947426897
0.39764150943396226    0.04217850394575723
0.3985849056603774    0.045006113148824745
0.39952830188679245    0.03982216294321033
0.4004716981132075    0.040764699344223464
0.40141509433962264    0.04147160164499034
0.4023584905660378    0.0358163832388553
0.4033018867924528    0.046184283650113754
0.40424528301886786    0.03958652884294533
0.405188679245283    0.040529065243967835
0.40613207547169816    0.04241413804601286
0.4070754716981132    0.03864399244193192
0.40801886792452824    0.0393508947426897
0.4089622641509434    0.03887962654217845
0.40990566037735854    0.04217850394575723
0.4108490566037736    0.042414138046022835
0.4117924528301886    0.04147160164499034
0.41273584905660377    0.04029343114371221
0.4136792452830189    0.04312104034677973
0.41462264150943395    0.046184283650113754
0.415566037735849    0.04429921084805787
0.41650943396226414    0.047833722351892274
0.4174528301886793    0.04029343114371221
0.41839622641509433    0.0468911859508808
0.41933962264150937    0.04901189285317041
0.4202830188679245    0.043827942647546615
0.42122641509433967    0.04312104034677973
0.4221698113207547    0.04594864954985807
0.42311320754716975    0.04995442925419291
0.4240566037735849    0.047833722351892274
0.42500000000000004    0.047598088251636646
0.4259433962264151    0.04500611314883535
0.4268867924528301    0.04618428365010289
0.42783018867924527    0.0419428698455016
0.4287735849056604    0.04170723574524597
0.42971698113207546    0.0454773813493467
0.4306603773584905    0.047598088251636646
0.43160377358490565    0.04312104034677973
0.4325471698113208    0.04170723574524597
0.43349056603773584    0.04594864954985807
0.4344339622641509    0.047833722351892274
0.435377358490566    0.048304990552403525
0.4363207547169812    0.043827942647546615
0.4372641509433962    0.047598088251647845
0.43820754716981125    0.05019006335444854
0.4391509433962264    0.04217850394575723
0.44009433962264155    0.04524174724908037
0.4410377358490566    0.04453484494832398
0.4419811320754716    0.0541958430587942
0.4429245283018868    0.04170723574524597
0.4438679245283019    0.047833722351892274
0.44481132075471697    0.04571301544960239
0.445754716981132    0.04854062465265915
0.44669811320754715    0.04665555185061414
0.4476415094339623    0.04971879515393729
0.44858490566037745    0.04736245415138102
0.4495283018867925    0.04783372235190353
0.45047169811320753    0.04264977214626848
0.4514150943396227    0.05183950205623793
0.45235849056603783    0.04429921084805787
0.45330188679245287    0.047126820051136484
0.4542452830188679    0.05019006335444854
0.45518867924528306    0.04241413804601286
0.4561320754716982    0.04264977214626848
0.45707547169811324    0.05019006335446036
0.4580188679245283    0.04641991775035851
0.45896226415094343    0.040529065243967835
0.4599056603773586    0.04736245415138102
0.4608490566037736    0.04665555185062512
0.46179245283018866    0.04524174724908037
0.4627358490566038    0.048304990552403525
0.46367924528301896    0.047598088251636646
0.464622641509434    0.03982216294321033
0.46556603773584904    0.04736245415138102
0.4665094339622642    0.04995442925419291
0.46745283018867934    0.0419428698455016
0.4683962264150944    0.04359230854730125
0.4693396226415094    0.044534844948313494
0.47028301886792456    0.0419428698455016
0.4712264150943397    0.047833722351892274
0.47216981132075475    0.0468911859508808
0.4731132075471698    0.04971879515393729
0.47405660377358494    0.04924752695342603
0.4750000000000001    0.05019006335444854
0.4759433962264151    0.04736245415139217
0.47688679245283017    0.048069356452147896
0.4778301886792453    0.0516038679559823
0.47877358490566047    0.04429921084805787
0.4797169811320755    0.048540624652670575
0.48066037735849054    0.04736245415138102
0.4816037735849057    0.04665555185061414
0.48254716981132084    0.048069356452147896
0.4834905660377359    0.044770479048579656
0.4844339622641509    0.04641991775035851
0.48537735849056607    0.04971879515393729
0.4863207547169812    0.05396020895853857
0.48726415094339626    0.054667111259318314
0.4882075471698113    0.04477047904856912
0.48915094339622645    0.054667111259305456
0.4900943396226416    0.05278203845726044
0.49103773584905663    0.057259086362130826
0.49198113207547167    0.04524174724908037
0.4929245283018868    0.04924752695342603
0.49386792452830197    0.052310770256749184
0.494811320754717    0.05678781816161946
0.49575471698113205    0.05890852506390674
0.4966981132075472    0.054902745359561085
0.49764150943396235    0.05325330665777169
0.4985849056603774    0.052075136156505816
0.4995283018867924    0.06102923196620739
0.5004716981132076    0.06220740246748552
0.5014150943396227    0.054667111259305456
0.5023584905660378    0.057259086362130826
0.5033018867924528    0.05702345226186172
0.504245283018868    0.054902745359561085
0.5051886792452831    0.07045459597643246
0.5061320754716981    0.05843725686340923
0.5070754716981132    0.05773035456262861
0.5080188679245283    0.05820162276313986
0.5089622641509435    0.06079359786595176
0.5099056603773585    0.059144159164176285
0.5108490566037736    0.059144159164162366
0.5117924528301887    0.05843725686339548
0.5127358490566039    0.06927642547515432
0.5136792452830189    0.06456374347005699
0.5146226415094339    0.06362120706901928
0.5155660377358491    0.06786262087362056
0.5165094339622642    0.05301767255751607
0.5174528301886793    0.06456374347005699
0.5183962264150943    0.06856952317438744
0.5193396226415095    0.06574191397131991
0.5202830188679246    0.05890852506390674
0.5212264150943396    0.06173613426698879
0.5221698113207547    0.05725908636211735
0.5231132075471698    0.06715571857285368
0.524056603773585    0.06550627987106429
0.525    0.06197176836724448
0.5259433962264151    0.06150050016671863
0.5268867924528302    0.061264866066463
0.5278301886792454    0.06456374347004179
0.5287735849056604    0.06456374347005699
0.5297169811320754    0.06503501167055303
0.5306603773584906    0.06314993886850803
0.5316037735849057    0.06951205957540996
0.5325471698113208    0.0657419139713354
0.5334905660377358    0.06692008447259806
0.534433962264151    0.06880515727464306
0.5353773584905661    0.05961542736467362
0.5363207547169812    0.06409247526954562
0.5372641509433962    0.06597754807157555
0.5382075471698113    0.06385684116927491
0.5391509433962265    0.05890852506390674
0.5400943396226415    0.06385684116928993
0.5410377358490566    0.06267867066799677
0.5419811320754717    0.06762698677336494
0.5429245283018869    0.06739135267310932
0.5438679245283019    0.06244303656775584
0.5448113207547169    0.06715571857285368
0.5457547169811321    0.06550627987106429
0.5466981132075472    0.07728798488384564
0.5476415094339623    0.06998332777593767
0.5485849056603773    0.07328220517949999
0.5495283018867925    0.07469600978103375
0.5504716981132076    0.06668445037234243
0.5514150943396227    0.06927642547517063
0.5523584905660377    0.06856952317438744
0.5533018867924528    0.07351783927975561
0.554245283018868    0.06668445037234243
0.555188679245283    0.0657419139713354
0.5561320754716981    0.06974769367566558
0.5570754716981132    0.0716327664777106
0.5580188679245284    0.07233966877847747
0.5589622641509434    0.07563854618207405
0.5599056603773584    0.06880515727464306
0.5608490566037736    0.07233966877847747
0.5617924528301887    0.07281093697898873
0.5627358490566038    0.07116149827721609
0.5636792452830188    0.07493164388128938
0.564622641509434    0.06927642547515432
0.5655660377358491    0.07116149827719935
0.5665094339622642    0.05985106146494334
0.5674528301886792    0.06314993886850803
0.5683962264150944    0.06668445037234243
0.5693396226415095    0.06762698677336494
0.5702830188679245    0.07186840057798315
0.5712264150943396    0.06809825497387618
0.5721698113207547    0.056080915860839214
0.5731132075471699    0.07233966877847747
0.5740566037735849    0.0777592530843752
0.575    0.0664488162720868
0.5759433962264151    0.07398910748026687
0.5768867924528303    0.0822363009892138
0.5778301886792453    0.0629143047682672
0.5787735849056603    0.07045459597643246
0.5797169811320755    0.07681671668333438
0.5806603773584906    0.06809825497387618
0.5816037735849057    0.07186840057798315
0.5825471698113207    0.07139713237745497
0.5834905660377359    0.07493164388128938
0.584433962264151    0.06715571857285368
0.585377358490566    0.07469600978105133
0.5863207547169811    0.06786262087362056
0.5872641509433962    0.06692008447259806
0.5882075471698114    0.07304657107924435
0.5891509433962264    0.06385684116928993
0.5900943396226415    0.07045459597643246
0.5910377358490566    0.0683338890741318
0.5919811320754718    0.06668445037234243
0.5929245283018868    0.07446037568079564
0.5938679245283018    0.0716327664777106
0.594811320754717    0.07375347338001124
0.5957547169811321    0.06668445037234243
0.5966981132075472    0.06597754807159108
0.5976415094339622    0.06338557296876365
0.5985849056603774    0.06574191397131991
0.5995283018867925    0.07398910748026687
0.6004716981132076    0.07422474158053996
0.6014150943396226    0.0683338890741318
0.6023584905660377    0.07139713237745497
0.6033018867924529    0.06809825497387618
0.6042452830188679    0.0657419139713354
0.605188679245283    0.059144159164162366
0.6061320754716981    0.06409247526953053
0.6070754716981133    0.06762698677336494
0.6080188679245283    0.06833388907414789
0.6089622641509433    0.06409247526953053
0.6099056603773585    0.07045459597643246
0.6108490566037736    0.0683338890741318
0.6117924528301887    0.0657419139713354
0.6127358490566037    0.06527064577080867
0.6136792452830189    0.060086695565184874
0.614622641509434    0.05725908636211735
0.6155660377358491    0.05655218406136378
0.6165094339622641    0.059144159164162366
0.6174528301886792    0.056080915860839214
0.6183962264150944    0.06503501167055303
0.6193396226415094    0.05513837945982968
0.6202830188679245    0.055609647660327964
0.6212264150943396    0.06244303656774114
0.6221698113207548    0.06267867066799677
0.6231132075471698    0.054667111259318314
0.6240566037735849    0.05513837945981671
0.625    0.05631654996109484
0.6259433962264151    0.05702345226186172
0.6268867924528302    0.05890852506392061
0.6278301886792452    0.05985106146492925
0.6287735849056604    0.05254640435700481
0.6297169811320755    0.05019006335444854
0.6306603773584906    0.05655218406136378
0.6316037735849056    0.04971879515393729
0.6325471698113208    0.051368233855726676
0.6334905660377359    0.055374013560072335
0.6344339622641509    0.05655218406136378
0.635377358490566    0.06668445037234243
0.6363207547169811    0.061264866066463
0.6372641509433963    0.05843725686339548
0.6382075471698113    0.052546404357017185
0.6391509433962264    0.06055796376569613
0.6400943396226415    0.059379793264417995
0.6410377358490567    0.06503501167055303
0.6419811320754717    0.05961542736468765
0.6429245283018867    0.06550627987106429
0.6438679245283019    0.060086695565184874
0.644811320754717    0.06527064577080867
0.6457547169811321    0.07045459597644904
0.6466981132075471    0.06173613426697426
0.6476415094339623    0.06385684116927491
0.6485849056603774    0.06479937757029741
0.6495283018867924    0.06432810936980131
0.6504716981132075    0.06314993886850803
0.6514150943396226    0.06762698677336494
0.6523584905660378    0.07021896187617684
0.6533018867924528    0.06951205957542632
0.6542452830188679    0.06715571857285368
0.655188679245283    0.06338557296876365
0.6561320754716982    0.07658108258307876
0.6570754716981132    0.07540291208181837
0.6580188679245282    0.07328220517949999
0.6589622641509434    0.07493164388128938
0.6599056603773585    0.06668445037234243
0.6608490566037736    0.07328220517951724
0.6617924528301886    0.06479937757029741
0.6627358490566038    0.0706902300766881
0.6636792452830189    0.06786262087362056
0.664622641509434    0.07116149827721609
0.665566037735849    0.06527064577080867
0.6665094339622641    0.06597754807157555
0.6674528301886793    0.0706902300766881
0.6683962264150943    0.06432810936980131
0.6693396226415094    0.06856952317438744
0.6702830188679245    0.06409247526953053
0.6712264150943397    0.06856952317438744
0.6721698113207547    0.07092586417696041
0.6731132075471697    0.0699833277759212
0.6740566037735849    0.06786262087362056
0.675    0.0603223296654405
0.6759433962264151    0.06479937757031266
0.6768867924528301    0.07021896187617684
0.6778301886792453    0.06338557296876365
0.6787735849056604    0.0706902300766881
0.6797169811320755    0.06880515727465927
0.6806603773584905    0.07375347338001124
0.6816037735849056    0.0706902300766881
0.6825471698113208    0.06574191397131991
0.6834905660377358    0.07116149827721609
0.6844339622641509    0.07186840057796622
0.685377358490566    0.0690407913748987
0.6863207547169812    0.07021896187617684
0.6872641509433962    0.0817650327887218
0.6882075471698113    0.06951205957540996
0.6891509433962264    0.07210403467822185
0.6900943396226416    0.07658108258307876
0.6910377358490567    0.08482827609202571
0.6919811320754717    0.07587418028232973
0.6929245283018868    0.07446037568077812
0.6938679245283019    0.0864777147938151
0.6948113207547171    0.07964432588640191
0.6957547169811321    0.08200066688897747
0.6966981132075472    0.08176503278870256
0.6976415094339623    0.08482827609202571
0.6985849056603775    0.08294320328998069
0.6995283018867925    0.08482827609204567
0.7004716981132075    0.0874202511948376
0.7014150943396227    0.08883405579637137
0.7023584905660378    0.09472490830276203
0.7033018867924529    0.08883405579639227
0.7042452830188679    0.08977659219739387
0.7051886792452831    0.08930532399688261
0.7061320754716982    0.08718461709458197
0.7070754716981132    0.10061576080917639
0.7080188679245283    0.09142603089918326
0.7089622641509434    0.09024786039790512
0.7099056603773586    0.09543181060352893
0.7108490566037736    0.10014449260866502
0.7117924528301887    0.10014449260864146
0.7127358490566038    0.10202956541068647
0.713679245283019    0.090954762698672
0.714622641509434    0.10132266310994344
0.715566037735849    0.10155829721017522
0.7165094339622642    0.0996732244081302
0.7174528301886793    0.10697788151605464
0.7183962264150944    0.0992019562076423
0.7193396226415094    0.10297210181170899
0.7202830188679246    0.09778815160608519
0.7212264150943397    0.10909858841835528
0.7221698113207548    0.10367900411250026
0.7231132075471698    0.10532844281426525
0.7240566037735849    0.10627097921528776
0.7250000000000001    0.11169056352116717
0.7259433962264151    0.09943759030789798
0.7268867924528302    0.09920195620761896
0.7278301886792453    0.10697788151605464
0.7287735849056605    0.10862732021784403
0.7297169811320755    0.10532844281429005
0.7306603773584905    0.11711014782704661
0.7316037735849057    0.11169056352116717
0.7325471698113208    0.11004112481937778
0.7334905660377359    0.11498944092477302
0.7344339622641509    0.12017339113036975
0.7353773584905661    0.11498944092474596
0.7363207547169812    0.11404690452372344
0.7372641509433963    0.12606424363679009
0.7382075471698113    0.12370790263420416
0.7391509433962264    0.122529732132926
0.7400943396226416    0.13266199844391796
0.7410377358490566    0.12441480493500032
0.7419811320754717    0.12441480493497103
0.7429245283018868    0.11334000222295658
0.743867924528302    0.12158719573190352
0.744811320754717    0.12959875514062533
0.745754716981132    0.1258286095365048
0.7466981132075472    0.12158719573190352
0.7476415094339623    0.1319550961431511
0.7485849056603774    0.12512170723576738
0.7495283018867924    0.13124819384238423
0.7504716981132076    0.13407580304545172
0.7514150943396227    0.1319550961431511
0.7523584905660378    0.13596087584752878
0.7533018867924528    0.13407580304545172
0.754245283018868    0.12818495053906107
0.7551886792452831    0.13973102145158678
0.7561320754716981    0.13007002334113668
0.7570754716981132    0.14020228965209802
0.7580188679245283    0.1387884850505643
0.7589622641509435    0.13336890074468485
0.7599056603773585    0.12889185283985827
0.7608490566037736    0.134547071245963
0.7617924528301887    0.13266199844391796
0.7627358490566039    0.12606424363676041
0.7636792452830189    0.13713904634880716
0.7646226415094339    0.12700678003778293
0.7655660377358491    0.12865621873957234
0.7665094339622642    0.12182282983215914
0.7674528301886793    0.11993775703014235
0.7683962264150943    0.1267711459375273
0.7693396226415095    0.12747804823829417
0.7702830188679246    0.11781705012781347
0.7712264150943396    0.14138046015340947
0.7721698113207547    0.13478270534621864
0.7731132075471698    0.12088029343113663
0.774056603773585    0.13007002334110607
0.775    0.124650439035256
0.7759433962264151    0.12135156163164788
0.7768867924528302    0.13124819384238423
0.7778301886792454    0.13266199844391796
0.7787735849056604    0.12912748694011397
0.7797169811320754    0.12370790263420416
0.7806603773584906    0.12088029343113663
0.7816037735849057    0.12488607313548228
0.7825471698113208    0.12417917083474463
0.7834905660377358    0.1328976325441736
0.784433962264151    0.12747804823829417
0.7853773584905661    0.1390241191508199
0.7863207547169812    0.13973102145161967
0.7872641509433962    0.13478270534621864
0.7882075471698113    0.14797821496053373
0.7891509433962265    0.13855285095030864
0.7900943396226415    0.13360453484497192
0.7910377358490566    0.14656441035899997
0.7919811320754717    0.1425586306546543
0.7929245283018869    0.15104145826385687
0.7938679245283019    0.14090919195289808
0.7948113207547169    0.15434033566743566
0.7957547169811321    0.15763921307101444
0.7966981132075472    0.17201289318660767
0.7976415094339623    0.14703567855954583
0.7985849056603773    0.16140935867510445
0.7995283018867925    0.16942091808379578
0.8004716981132076    0.16635767478047261
0.8014150943396227    0.16706457708127884
0.8023584905660377    0.17413360008890832
0.8033018867924528    0.1583461153717813
0.804245283018868    0.18238079359785528
0.805188679245283    0.16894964988332428
0.8061320754716981    0.15528287206845814
0.8070754716981132    0.16706457708123953
0.8080188679245284    0.164236967878172
0.8089622641509434    0.159524285873097
0.8099056603773584    0.16847838168277326
0.8108490566037736    0.16800711348226202
0.8117924528301887    0.1625875291763826
0.8127358490566038    0.17177725908639246
0.8136792452830188    0.16659330888072826
0.814622641509434    0.17460486828941957
0.8155660377358491    0.16682894298098389
0.8165094339622642    0.16565077247974472
0.8174528301886792    0.16989218628430702
0.8183962264150944    0.16918528398354016
0.8193396226415095    0.16682894298098389
0.8202830188679245    0.17884628209406295
0.8212264150943396    0.18238079359785528
0.8221698113207547    0.18026008669555463
0.8231132075471699    0.17672557519172022
0.8240566037735849    0.17978881849508568
0.825    0.17955318439478773
0.8259433962264151    0.18827164610424596
0.8268867924528303    0.20076025341779416
0.8278301886792453    0.19109925530735844
0.8287735849056603    0.19345559630986975
0.8297169811320755    0.2073580082249517
0.8306603773584906    0.21372012893185366
0.8316037735849057    0.21324886073139257
0.8325471698113207    0.21796154273645493
0.8334905660377359    0.2280938090474469
0.834433962264151    0.22503056574412372
0.835377358490566    0.2316283205513358
0.8363207547169811    0.22762254084693562
0.8372641509433962    0.2377548071579276
0.8382075471698114    0.23704790485716074
0.8391509433962264    0.23139268645108013
0.8400943396226415    0.23280649105255943
0.8410377358490566    0.23209958875179254
0.8419811320754718    0.2384617094586945
0.8429245283018868    0.24176058686233018
0.8438679245283018    0.24341002556406263
0.844811320754717    0.23822607535843884
0.8457547169811321    0.2290363454484694
0.8466981132075472    0.23115705235082445
0.8476415094339622    0.23916861175946136
0.8485849056603774    0.2419962209625289
0.8495283018867925    0.24882960986994207
0.8504716981132076    0.2412893186618188
0.8514150943396226    0.2556629987773552
0.8523584905660377    0.24341002556406263
0.8533018867924529    0.2584906079804228
0.8542452830188679    0.25731243747920524
0.855188679245283    0.2596687784817009
0.8561320754716981    0.26862287429141474
0.8570754716981133    0.27687006780036166
0.8580188679245283    0.284174724908353
0.8589622641509433    0.26862287429141474
0.8599056603773585    0.2872379682116093
0.8608490566037736    0.28605979771033113
0.8617924528301887    0.29595642992113713
0.8627358490566037    0.30443925753027
0.8636792452830189    0.2924219184172331
0.864622641509434    0.298784039124135
0.8655660377358491    0.30915193953545533
0.8665094339622641    0.33083027675890025
0.8674528301886792    0.32823830165608836
0.8683962264150944    0.3310659108591559
0.8693396226415094    0.3249394242525861
0.8702830188679245    0.3586351005890642
0.8712264150943396    0.3518017116816511
0.8721698113207548    0.35203734578190665
0.8731132075471698    0.36782483049912024
0.8740566037735849    0.3404912748693809
0.875    0.3404912748693809
0.8759433962264151    0.32918083805711085
0.8768867924528302    0.34496832277431905
0.8778301886792452    0.3426119817716816
0.8787735849056604    0.3421407135711703
0.8797169811320755    0.35486495498497417
0.8806603773584906    0.33365788596204626
0.8816037735849056    0.3407269089696366
0.8825471698113208    0.35250861398241795
0.8834905660377359    0.3588707346893199
0.8844339622641509    0.3541580526842906
0.885377358490566    0.36216961209289866
0.8863207547169811    0.36052017339110926
0.8872641509433963    0.3612270756918761
0.8882075471698113    0.36947426920091003
0.8891509433962264    0.3765432922084919
0.8900943396226415    0.36782483049903364
0.8910377358490567    0.38808936312101755
0.8919811320754717    0.38785372902085324
0.8929245283018867    0.3984572635322652
0.8938679245283019    0.391623874624852
0.894811320754717    0.39515838612868637
0.8957547169811321    0.40694009114156354
0.8966981132075471    0.3949227520284308
0.8976415094339623    0.40081360453482145
0.8985849056603774    0.43168167166830856
0.8995283018867924    0.4170723574525579
0.9004716981132075    0.4142447482493922
0.9014150943396226    0.42602645326217353
0.9023584905660378    0.4295609647660079
0.9033018867924528    0.40364121373798395
0.9042452830188679    0.43592308547290987
0.905188679245283    0.43945759697674425
0.9061320754716982    0.4535956429920819
0.9070754716981132    0.45218183839065457
0.9080188679245282    0.45006113148824745
0.9089622641509434    0.46537734800486324
0.9099056603773585    0.4474691563854356
0.9108490566037736    0.46278537290216026
0.9117924528301886    0.4566588862954051
0.9127358490566038    0.46985439590972017
0.9136792452830189    0.4759808825163664
0.914622641509434    0.5026075358453705
0.915566037735849    0.5087340224518986
0.9165094339622641    0.4995442925419291
0.9174528301886793    0.5379526508835963
0.9183962264150943    0.5518550627988081
0.9193396226415094    0.5655218406135047
0.9202830188679245    0.5728264977214291
0.9212264150943397    0.5872001778370223
0.9221698113207547    0.608407246860172
0.9231132075471697    0.619010781371532
0.9240566037735849    0.6319706568855915
0.925    0.6788618428364613
0.9259433962264151    0.6769767700345756
0.9268867924528301    0.7179771034788953
0.9278301886792453    0.7295231743914211
0.9287735849056604    0.7627475825274644
0.9297169811320755    0.7891386017562804
0.9306603773584905    0.7990352339668311
0.9316037735849056    0.82495498499495
0.9325471698113208    0.820477937090093
0.933490566037736    0.8247193508946944
0.934433962264151    0.8315527398023033
0.935377358490566    0.8374435923084982
0.9363207547169812    0.8614782705345722
0.9372641509433963    0.891875069467548
0.9382075471698114    0.8961164832723603
0.9391509433962264    0.9305190619094709
0.9400943396226416    0.9477203512281317
0.9410377358490567    0.9526686673334998
0.9419811320754717    0.992019562076423
0.9429245283018868    1.065537401355945
0.9438679245283019    1.1027675891963342
0.9448113207547171    1.1301011448259868
0.9457547169811321    1.1612048460600028
0.9466981132075472    1.205975325108299
0.9476415094339623    1.270774702678596
0.9485849056603775    1.3153095476269097
0.9495283018867925    1.3515971990665943
0.9504716981132075    1.3869423141046202
0.9514150943396227    1.448442814271339
0.9523584905660378    1.5304434811602972
0.9533018867924529    1.5471735022788107
0.9542452830188679    1.6188062687561573
0.9551886792452831    1.7001000333443486
0.9561320754716982    1.7813937979325398
0.9570754716981132    1.8869578748475047
0.9580188679245283    1.980268978548289
0.9589622641509434    2.012315216183054
0.9599056603773586    2.0884250305656216
0.9608490566037736    2.2137823719021363
0.9617924528301887    2.335133933533263
0.9627358490566038    2.4553073246636328
0.963679245283019    2.5962165166164977
0.964622641509434    2.7352406357679615
0.965566037735849    2.8886384350337306
0.9665094339622642    3.0648927420249397
0.9674528301886793    3.1344048016003496
0.9683962264150944    3.369803267756514
0.9693396226415094    3.608500611314671
0.9702830188679246    3.7998355007222404
0.9712264150943397    4.00837167944847
0.9721698113207548    4.254844948316857
0.9731132075471698    4.480346782260491
0.9740566037735849    4.640813604534572
0.9750000000000001    4.99709236412108
0.9759433962264151    5.296583305547229
0.9768867924528302    5.681845059463933
0.9778301886792453    6.0508480604642445
0.9787735849056605    6.589036345448097
0.9797169811320755    7.106488829611126
0.9806603773584905    7.805615205067899
0.9816037735849057    8.501678337223021
0.9825471698113208    9.36645548516117
0.9834905660377359    10.32619317550477
0.9844339622641509    11.518030454595301
0.9853773584905661    13.051537179058922
0.9863207547169812    14.819971101477401
0.9872641509433963    16.845717461378992
0.9882075471698113    19.496836723351084
0.9891509433962264    22.7721507169043
0.9900943396226416    26.410812493051694
0.9910377358490566    31.231179281988403
0.9919811320754717    36.00347671445826
0.9929245283018868    38.276638879624294
0.993867924528302    34.24870956985461
0.994811320754717    25.18881404913194
0.995754716981132    16.073780148937594
0.9966981132075472    8.211377125708088
0.9976415094339623    10.961227075691255
0.9985849056603774    18.205797488054788
0.9995283018867924    7.546888962987221