-0.9995283018867924    0.0
-0.9985849056603773    0.0
-0.9976415094339622    0.0
-0.9966981132075472    0.0
-0.995754716981132    0.0
-0.9948113207547169    0.0
-0.9938679245283019    0.0
-0.9929245283018868    0.0
-0.9919811320754717    0.0
-0.9910377358490565    0.0
-0.9900943396226415    0.0
-0.9891509433962264    0.0
-0.9882075471698113    0.0
-0.9872641509433961    0.0
-0.9863207547169811    0.0
-0.9853773584905661    0.0
-0.9844339622641509    0.0
-0.9834905660377358    0.0
-0.9825471698113207    0.0
-0.9816037735849057    0.0
-0.9806603773584905    0.0
-0.9797169811320754    0.0
-0.9787735849056604    0.0
-0.9778301886792453    0.0
-0.9768867924528302    0.0
-0.975943396226415    0.0
-0.975    0.0
-0.9740566037735849    0.0
-0.9731132075471698    0.0
-0.9721698113207546    0.0
-0.9712264150943396    0.0
-0.9702830188679246    0.0
-0.9693396226415094    0.0
-0.9683962264150943    0.0
-0.9674528301886792    0.0
-0.9665094339622642    0.0
-0.965566037735849    0.0
-0.9646226415094339    0.0
-0.9636792452830188    0.0
-0.9627358490566038    0.0
-0.9617924528301887    0.0
-0.9608490566037735    0.0
-0.9599056603773585    0.0
-0.9589622641509434    0.0
-0.9580188679245283    0.0
-0.9570754716981131    0.0
-0.9561320754716981    0.0
-0.9551886792452831    0.0
-0.9542452830188679    0.0
-0.9533018867924528    0.0
-0.9523584905660377    0.0
-0.9514150943396227    0.0
-0.9504716981132075    0.0
-0.9495283018867924    0.0
-0.9485849056603773    0.0
-0.9476415094339623    0.0
-0.9466981132075472    0.0
-0.945754716981132    0.0
-0.944811320754717    0.0
-0.9438679245283019    0.0
-0.9429245283018868    0.0
-0.9419811320754716    0.0
-0.9410377358490566    0.0
-0.9400943396226416    0.0
-0.9391509433962264    0.0
-0.9382075471698113    0.0
-0.9372641509433962    0.0
-0.9363207547169812    0.0
-0.935377358490566    0.0
-0.9344339622641509    0.0
-0.9334905660377358    0.0
-0.9325471698113208    0.0
-0.9316037735849056    0.0
-0.9306603773584905    0.0
-0.9297169811320755    0.0
-0.9287735849056604    0.0
-0.9278301886792453    0.0
-0.9268867924528301    0.0
-0.9259433962264151    0.0
-0.925    0.0004712682005113093
-0.9240566037735849    0.0
-0.9231132075471697    0.0
-0.9221698113207547    0.0
-0.9212264150943397    0.0
-0.9202830188679245    0.0
-0.9193396226415094    0.0
-0.9183962264150943    0.0
-0.9174528301886793    0.0
-0.9165094339622641    0.0
-0.915566037735849    0.0
-0.914622641509434    0.0
-0.9136792452830189    0.0
-0.9127358490566038    0.0
-0.9117924528301886    0.0
-0.9108490566037736    0.0
-0.9099056603773585    0.0
-0.9089622641509434    0.0
-0.9080188679245282    0.0
-0.9070754716981132    0.0
-0.9061320754716982    0.0
-0.905188679245283    0.0
-0.9042452830188679    0.0
-0.9033018867924528    0.0
-0.9023584905660378    0.0
-0.9014150943396226    0.0
-0.9004716981132075    0.00023563410025565466
-0.8995283018867924    0.0
-0.8985849056603774    0.0
-0.8976415094339623    0.0
-0.8966981132075471    0.0
-0.8957547169811321    0.0
-0.894811320754717    0.0
-0.8938679245283019    0.0
-0.8929245283018867    0.0004712682005113093
-0.8919811320754717    0.00023563410025562696
-0.8910377358490567    0.0
-0.8900943396226415    0.0
-0.8891509433962264    0.0
-0.8882075471698113    0.00023563410025562696
-0.8872641509433963    0.0
-0.8863207547169811    0.0
-0.885377358490566    0.0
-0.8844339622641509    0.00023563410025562696
-0.8834905660377359    0.0
-0.8825471698113208    0.0004712682005112539
-0.8816037735849056    0.0
-0.8806603773584906    0.0004712682005112539
-0.8797169811320755    0.00023563410025565466
-0.8787735849056604    0.0007069023007668808
-0.8778301886792452    0.00023563410025565466
-0.8768867924528302    0.0004712682005112539
-0.8759433962264151    0.0009425364010226187
-0.875    0.0
-0.8740566037735849    0.0
-0.8731132075471698    0.00023563410025562696
-0.8721698113207548    0.0004712682005113093
-0.8712264150943396    0.00023563410025562696
-0.8702830188679245    0.0
-0.8693396226415094    0.00023563410025562696
-0.8683962264150944    0.00023563410025565466
-0.8674528301886792    0.0
-0.8665094339622641    0.00023563410025565466
-0.8655660377358491    0.0
-0.864622641509434    0.0004712682005113093
-0.8636792452830189    0.0011781705012781348
-0.8627358490566037    0.00023563410025565466
-0.8617924528301887    0.00023563410025562696
-0.8608490566037736    0.00023563410025565466
-0.8599056603773585    0.0004712682005112539
-0.8589622641509433    0.0007069023007669641
-0.8580188679245283    0.0004712682005112539
-0.8570754716981133    0.00023563410025565466
-0.8561320754716981    0.0007069023007668808
-0.855188679245283    0.0007069023007669641
-0.8542452830188679    0.0009425364010225078
-0.8533018867924529    0.00023563410025565466
-0.8523584905660377    0.0007069023007668808
-0.8514150943396226    0.0004712682005113093
-0.8504716981132076    0.0004712682005112539
-0.8495283018867925    0.0004712682005113093
-0.8485849056603774    0.0
-0.8476415094339622    0.0004712682005113093
-0.8466981132075472    0.0004712682005112539
-0.8457547169811321    0.0
-0.844811320754717    0.0004712682005112539
-0.8438679245283018    0.0009425364010226187
-0.8429245283018868    0.0009425364010225078
-0.8419811320754718    0.0009425364010226187
-0.8410377358490566    0.00023563410025562696
-0.8400943396226415    0.0007069023007669641
-0.8391509433962264    0.0007069023007668808
-0.8382075471698114    0.0016494387017895829
-0.8372641509433962    0.0011781705012781348
-0.8363207547169811    0.0007069023007669641
-0.835377358490566    0.0014138046015337617
-0.834433962264151    0.0007069023007669641
-0.8334905660377359    0.0007069023007668808
-0.8325471698113207    0.0011781705012782733
-0.8316037735849057    0.0007069023007668808
-0.8306603773584906    0.0009425364010226187
-0.8297169811320755    0.0009425364010225078
-0.8287735849056603    0.0004712682005113093
-0.8278301886792453    0.0007069023007668808
-0.8268867924528303    0.0011781705012782733
-0.8259433962264151    0.0004712682005112539
-0.825    0.0007069023007669641
-0.8240566037735849    0.0016494387017893888
-0.8231132075471699    0.0009425364010226187
-0.8221698113207547    0.0016494387017893888
-0.8212264150943396    0.0021207069023008924
-0.8202830188679245    0.0009425364010225078
-0.8193396226415095    0.0021207069023008924
-0.8183962264150944    0.0011781705012781348
-0.8174528301886792    0.0028276092030675233
-0.816509433962264    0.0009425364010226187
-0.8155660377358491    0.0025919751028122017
-0.814622641509434    0.0018850728020450157
-0.8136792452830188    0.0028276092030675233
-0.8127358490566037    0.0009425364010226187
-0.8117924528301887    0.0007069023007669641
-0.8108490566037736    0.0011781705012781348
-0.8099056603773584    0.0009425364010225078
-0.8089622641509433    0.0018850728020452373
-0.8080188679245284    0.0023563410025565466
-0.8070754716981132    0.0030632433033231507
-0.8061320754716981    0.0018850728020450157
-0.8051886792452829    0.0032988774035791657
-0.804245283018868    0.0016494387017895829
-0.8033018867924528    0.0016494387017893888
-0.8023584905660377    0.0028276092030675233
-0.8014150943396225    0.0016494387017895829
-0.8004716981132076    0.004948316105368748
-0.7995283018867925    0.0016494387017893888
-0.7985849056603773    0.0011781705012781348
-0.7976415094339622    0.0030632433033235106
-0.7966981132075472    0.0037701456040904746
-0.7957547169811321    0.0030632433033231507
-0.7948113207547169    0.004712682005112539
-0.7938679245283018    0.005419584305880058
-0.7929245283018869    0.0032988774035791657
-0.7919811320754717    0.0025919751028118964
-0.7910377358490566    0.004948316105368166
-0.7900943396226414    0.0028276092030678564
-0.7891509433962265    0.004712682005113093
-0.7882075471698113    0.0035345115038344045
-0.7872641509433962    0.0035345115038344045
-0.786320754716981    0.00400577970434613
-0.7853773584905661    0.0030632433033235106
-0.784433962264151    0.0025919751028118964
-0.7834905660377358    0.004477047904856912
-0.7825471698113207    0.00400577970434613
-0.7816037735849057    0.0037701456040904746
-0.7806603773584906    0.004477047904856912
-0.7797169811320754    0.0025919751028118964
-0.7787735849056603    0.0018850728020452373
-0.7778301886792454    0.0035345115038348204
-0.7768867924528302    0.004241413804601285
-0.7759433962264151    0.0030632433033231507
-0.7749999999999999    0.004712682005113093
-0.774056603773585    0.004948316105368748
-0.7731132075471698    0.004948316105368166
-0.7721698113207547    0.004241413804601285
-0.7712264150943395    0.0037701456040904746
-0.7702830188679246    0.005419584305880058
-0.7693396226415095    0.004005779704345658
-0.7683962264150943    0.004948316105368166
-0.7674528301886792    0.0051839502056244035
-0.7665094339622642    0.004948316105368748
-0.7655660377358491    0.00541958430587942
-0.7646226415094339    0.00541958430587942
-0.7636792452830188    0.004712682005113093
-0.7627358490566039    0.0035345115038348204
-0.7617924528301887    0.006597754807157555
-0.7608490566037736    0.0035345115038344045
-0.7599056603773584    0.004712682005113093
-0.7589622641509435    0.006126486606647021
-0.7580188679245283    0.00541958430587942
-0.7570754716981132    0.007540291208180063
-0.756132075471698    0.007304657107925295
-0.7551886792452831    0.0065977548071583314
-0.754245283018868    0.005655218406135047
-0.7533018867924528    0.006597754807157555
-0.7523584905660377    0.0051839502056244035
-0.7514150943396227    0.007775925308436605
-0.7504716981132076    0.007304657107924435
-0.7495283018867924    0.006833388907413182
-0.7485849056603773    0.007775925308436605
-0.7476415094339623    0.004948316105368748
-0.7466981132075472    0.007540291208180063
-0.745754716981132    0.009660998110480705
-0.7448113207547169    0.010367900411248807
-0.743867924528302    0.008718461709459223
-0.7429245283018868    0.00848282760920257
-0.7419811320754717    0.006597754807157555
-0.7410377358490565    0.013431143714572316
-0.7400943396226416    0.007540291208180949
-0.7391509433962264    0.00848282760920257
-0.7382075471698113    0.009660998110480705
-0.7372641509433961    0.005890852506391367
-0.7363207547169812    0.01060353451150446
-0.7353773584905661    0.010367900411247586
-0.7344339622641509    0.011310436812270093
-0.7334905660377358    0.00848282760920357
-0.7325471698113208    0.009425364010226187
-0.7316037735849057    0.008247193508946944
-0.7306603773584905    0.012959875514059482
-0.7297169811320754    0.010132266310993152
-0.7287735849056605    0.008718461709459223
-0.7278301886792453    0.010367900411247586
-0.7268867924528302    0.009189729909969451
-0.725943396226415    0.009425364010226187
-0.7250000000000001    0.006362120706902677
-0.7240566037735849    0.009660998110480705
-0.7231132075471698    0.011781705012781347
-0.7221698113207546    0.012488607313549699
-0.7212264150943397    0.009660998110481843
-0.7202830188679246    0.011074802712014468
-0.7193396226415094    0.011546070912525722
-0.7183962264150943    0.01201733911303839
-0.7174528301886793    0.012724241413805354
-0.7165094339622642    0.009896632210736332
-0.715566037735849    0.01319550961431511
-0.7146226415094339    0.013431143714572316
-0.713679245283019    0.012488607313549699
-0.7127358490566038    0.008718461709458197
-0.7117924528301887    0.013902411915081991
-0.7108490566037735    0.010367900411248807
-0.7099056603773586    0.013195509614316663
-0.7089622641509434    0.012252973213292603
-0.7080188679245283    0.012017339113036974
-0.7070754716981131    0.013902411915083627
-0.7061320754716982    0.01154607091252708
-0.7051886792452831    0.01531621651661575
-0.7042452830188679    0.012959875514059482
-0.7033018867924528    0.016494387017895826
-0.7023584905660378    0.01460931421585059
-0.7014150943396227    0.015080582416360126
-0.7004716981132075    0.016494387017893887
-0.6995283018867924    0.015080582416361898
-0.6985849056603775    0.014373680115594936
-0.6976415094339623    0.015787484717127008
-0.6966981132075472    0.015080582416360126
-0.695754716981132    0.0176725575191741
-0.6948113207547171    0.020028898521730648
-0.6938679245283019    0.013666777814826364
-0.6929245283018868    0.018379459819938902
-0.6919811320754716    0.019321996220963686
-0.6910377358490567    0.013431143714572316
-0.6900943396226416    0.01696565521840514
-0.6891509433962264    0.018143825719683274
-0.6882075471698113    0.016258752917640173
-0.6872641509433963    0.017201289318662792
-0.6863207547169812    0.019086362120705785
-0.685377358490566    0.017672557519172023
-0.6844339622641509    0.02309214182505416
-0.683490566037736    0.0176725575191741
-0.6825471698113208    0.016730021118149516
-0.6816037735849056    0.01955763032121704
-0.6806603773584905    0.020264532621986305
-0.6797169811320756    0.018379459819941067
-0.6787735849056604    0.020264532621983918
-0.6778301886792453    0.01932199622096141
-0.6768867924528301    0.01861509392019672
-0.6759433962264152    0.01908636212070803
-0.675    0.020264532621983918
-0.6740566037735849    0.01861509392019453
-0.6731132075471697    0.01814382571968541
-0.6721698113207548    0.020971434922753267
-0.6712264150943397    0.023799044125818323
-0.6702830188679245    0.027569189729908353
-0.6693396226415094    0.021678337223520232
-0.6683962264150944    0.023563410025565466
-0.6674528301886793    0.020028898521728292
-0.6665094339622641    0.02332777592530707
-0.665566037735849    0.024505946426588085
-0.6646226415094341    0.02686228742914463
-0.6636792452830189    0.022856507724795815
-0.6627358490566038    0.023092141825051444
-0.6617924528301886    0.027804823830167254
-0.6608490566037737    0.02403467822607678
-0.6599056603773585    0.022149605424028936
-0.6589622641509434    0.027333555629652728
-0.6580188679245282    0.027097921529400288
-0.6570754716981133    0.022385239524287195
-0.6561320754716982    0.0306324330332315
-0.655188679245283    0.024505946426585205
-0.6542452830188679    0.024270312326332432
-0.6533018867924529    0.028747360231189872
-0.6523584905660378    0.027804823830163982
-0.6514150943396226    0.025684116927863338
-0.6504716981132075    0.030161164832723797
-0.6495283018867926    0.03204623763476904
-0.6485849056603774    0.024270312326329577
-0.6476415094339623    0.027569189729908353
-0.6466981132075471    0.03298877403579165
-0.6457547169811322    0.026391019228633326
-0.644811320754717    0.035580749138599675
-0.6438679245283019    0.026626653328885846
-0.6429245283018867    0.03228187173502469
-0.6419811320754718    0.03322440813604731
-0.6410377358490567    0.02921862843169774
-0.6400943396226415    0.03628765143936655
-0.6391509433962264    0.03204623763476904
-0.6382075471698113    0.03440257863732153
-0.6372641509433963    0.030161164832723797
-0.6363207547169811    0.03487384683783279
-0.635377358490566    0.035580749138599675
-0.6344339622641508    0.039350894742694334
-0.6334905660377359    0.035109480938092553
-0.6325471698113208    0.03887962654217845
-0.6316037735849056    0.03723018784038906
-0.6306603773584905    0.0374658219406491
-0.6297169811320755    0.035816383238859516
-0.6287735849056604    0.03086806713348713
-0.6278301886792452    0.03793709014115594
-0.6268867924528301    0.033460042236302966
-0.6259433962264151    0.03864399244192737
-0.625    0.040529065243967835
-0.6240566037735849    0.03958652884294533
-0.6231132075471697    0.040057797043461296
-0.6221698113207548    0.043592308547296114
-0.6212264150943396    0.04359230854729099
-0.6202830188679245    0.03628765143936655
-0.6193396226415093    0.041235967544739564
-0.6183962264150944    0.04241413804601784
-0.6174528301886792    0.045006113148824745
-0.6165094339622641    0.04877625875291478
-0.615566037735849    0.041707235745250884
-0.614622641509434    0.04312104034678481
-0.6136792452830189    0.03723018784038906
-0.6127358490566037    0.048304990552403525
-0.6117924528301886    0.04029343114371695
-0.6108490566037736    0.04901189285317617
-0.6099056603773585    0.052075136156493555
-0.6089622641509433    0.04312104034677973
-0.6080188679245282    0.04689118595087528
-0.6070754716981133    0.04076469934422826
-0.6061320754716981    0.048069356452147896
-0.605188679245283    0.0516038679559823
-0.6042452830188678    0.045006113148830046
-0.6033018867924529    0.04689118595087528
-0.6023584905660377    0.05183950205623793
-0.6014150943396226    0.04712682005112539
-0.6004716981132074    0.055845281760590164
-0.5995283018867925    0.050190063354454445
-0.5985849056603774    0.055609647660327964
-0.5976415094339622    0.05325330665777169
-0.5966981132075471    0.04759808825164225
-0.5957547169811321    0.054195843058800576
-0.594811320754717    0.048304990552403525
-0.5938679245283018    0.055845281760583586
-0.5929245283018867    0.050896965655221414
-0.5919811320754718    0.054195843058800576
-0.5910377358490566    0.05843725686339548
-0.5900943396226415    0.054667111259305456
-0.5891509433962263    0.05937979326442498
-0.5882075471698114    0.06527064577081634
-0.5872641509433962    0.06173613426697426
-0.5863207547169811    0.059379793264417995
-0.5853773584905659    0.060322329665447594
-0.584433962264151    0.05867289096365802
-0.5834905660377359    0.06503501167055303
-0.5825471698113207    0.05749472046237298
-0.5816037735849056    0.056787818161612776
-0.5806603773584906    0.06197176836723718
-0.5797169811320755    0.06456374347004179
-0.5787735849056603    0.06314993886850803
-0.5778301886792452    0.0629143047682598
-0.5768867924528303    0.06220740246749284
-0.5759433962264151    0.0664488162720868
-0.575    0.0683338890741318
-0.5740566037735848    0.06644881627209462
-0.5731132075471699    0.0676269867733729
-0.5721698113207547    0.05513837945981671
-0.5712264150943396    0.06856952317438744
-0.5702830188679244    0.0659775480715833
-0.5693396226415095    0.07281093697899729
-0.5683962264150944    0.06597754807157555
-0.5674528301886792    0.07587418028231188
-0.566509433962264    0.0676269867733729
-0.5655660377358491    0.08529954429254699
-0.564622641509434    0.07092586417694371
-0.5636792452830188    0.07446037568077812
-0.5627358490566037    0.07775925308436604
-0.5617924528301887    0.07163276647771903
-0.5608490566037736    0.07917305768589065
-0.5599056603773584    0.0822363009892138
-0.5589622641509433    0.08388573969101307
-0.5580188679245284    0.07917305768589997
-0.5570754716981132    0.07634544848282314
-0.5561320754716981    0.08529954429253696
-0.5551886792452829    0.07516727798155384
-0.554245283018868    0.08247193508947913
-0.5533018867924528    0.08765588529509323
-0.5523584905660377    0.08152939868844693
-0.5514150943396225    0.07893742358564432
-0.5504716981132076    0.08011559408692259
-0.5495283018867925    0.08176503278870256
-0.5485849056603773    0.08482827609202571
-0.5476415094339622    0.09543181060354015
-0.5466981132075472    0.08954095809714878
-0.5457547169811321    0.08553517839279258
-0.5448113207547169    0.09024786039790512
-0.5438679245283018    0.09590307880405147
-0.5429245283018869    0.09896632210737497
-0.5419811320754717    0.08789151939534885
-0.5410377358490566    0.09778815160608519
-0.5400943396226414    0.0956674447037958
-0.5391509433962265    0.08859842169612615
-0.5382075471698113    0.09001222629764949
-0.5372641509433962    0.08930532399688261
-0.536320754716981    0.09543181060354015
-0.5353773584905661    0.09637434700456277
-0.534433962264151    0.10462154051349837
-0.5334905660377358    0.09802378570634082
-0.5325471698113207    0.09660998110481842
-0.5316037735849057    0.10202956541069848
-0.5306603773584906    0.09307546960097264
-0.5297169811320754    0.1006157608091527
-0.5287735849056603    0.09496054240302883
-0.5278301886792454    0.10155829721018718
-0.5268867924528302    0.10415027231298711
-0.5259433962264151    0.11074802712014467
-0.5249999999999999    0.11239746582194729
-0.524056603773585    0.10933422251862378
-0.5231132075471698    0.1189952206290916
-0.5221698113207547    0.10815605201733278
-0.5212264150943395    0.10226519951095414
-0.5202830188679246    0.10744914971657853
-0.5193396226415095    0.11852395242858037
-0.5183962264150943    0.10556407691452088
-0.5174528301886792    0.1154607091252708
-0.5165094339622642    0.11357563632322555
-0.5155660377358491    0.11334000222295658
-0.5146226415094339    0.11334000222295658
-0.5136792452830188    0.11828831832833865
-0.5127358490566039    0.11404690452373688
-0.5117924528301887    0.11711014782704661
-0.5108490566037736    0.1197021229298585
-0.5099056603773584    0.11239746582194729
-0.5089622641509435    0.12347226853396306
-0.5080188679245283    0.12606424363676041
-0.5070754716981132    0.12535734133599355
-0.506132075471698    0.12771368233856484
-0.5051886792452831    0.1262998777370309
-0.504245283018868    0.12441480493497103
-0.5033018867924528    0.11923085472934725
-0.5023584905660377    0.1267711459375422
-0.5014150943396227    0.12017339113038389
-0.5004716981132076    0.13054129154161734
-0.4995283018867924    0.12088029343113663
-0.49858490566037733    0.13690341224853536
-0.49764150943396224    0.14090919195286492
-0.49669811320754714    0.12912748694009876
-0.49575471698113205    0.14043792375235367
-0.49481132075471695    0.1340758030454675
-0.49386792452830186    0.14043792375235367
-0.49292452830188677    0.1366677781482797
-0.49198113207547167    0.13478270534621864
-0.4910377358490566    0.14656441035901724
-0.4900943396226415    0.1380815827497974
-0.4891509433962264    0.14562187395799459
-0.4882075471698113    0.14467933755695495
-0.4872641509433962    0.1524552628654086
-0.4863207547169811    0.13501833944647423
-0.485377358490566    0.1585817494720556
-0.4844339622641509    0.13949538735133116
-0.4834905660377358    0.14750694676003984
-0.48254716981132073    0.14656441035899997
-0.48160377358490564    0.1545759697677095
-0.48066037735849054    0.15009892186283438
-0.47971698113207545    0.16871401578304876
-0.47877358490566035    0.15669667666999193
-0.47783018867924526    0.16211626097589044
-0.47688679245283017    0.1512770923641125
-0.47594339622641507    0.14939201956208506
-0.475    0.16023118817382634
-0.4740566037735849    0.1581104812715443
-0.4731132075471698    0.15975991997331507
-0.4721698113207547    0.15740357897077734
-0.4712264150943396    0.16470823607868323
-0.4702830188679245    0.16376569967768
-0.4693396226415094    0.16329443147714948
-0.4683962264150943    0.17484050238969578
-0.4674528301886792    0.16824274758251764
-0.46650943396226413    0.16305879737691303
-0.46556603773584904    0.16494387017893886
-0.46462264150943394    0.18285206179838803
-0.46367924528301885    0.16989218628430702
-0.46273584905660375    0.17601867289097406
-0.46179245283018866    0.1790819161942765
-0.46084905660377357    0.1654151383794696
-0.45990566037735847    0.18214515949759963
-0.4589622641509434    0.1793175502945532
-0.4580188679245283    0.18261642769811087
-0.4570754716981132    0.18638657330222286
-0.4561320754716981    0.19699010781370413
-0.455188679245283    0.19439813271091513
-0.4542452830188679    0.17955318439478773
-0.4533018867924528    0.20052461931756216
-0.4523584905660377    0.20570856952316233
-0.4514150943396226    0.1845015005001776
-0.45047169811320753    0.19251305990884723
-0.44952830188679244    0.1887429143047794
-0.44858490566037734    0.20028898521728292
-0.44764150943396225    0.18685784150273416
-0.44669811320754715    0.1948694009114035
-0.44575471698113206    0.20570856952318653
-0.44481132075471697    0.20240969211958357
-0.44386792452830187    0.2106568856285553
-0.4429245283018868    0.20900744692674111
-0.4419811320754717    0.18780037790375678
-0.4410377358490566    0.20217405801932792
-0.4400943396226415    0.21277759253085618
-0.4391509433962264    0.21654773813492115
-0.4382075471698113    0.21277759253085618
-0.4372641509433962    0.21277759253083114
-0.4363207547169811    0.20924308102702138
-0.435377358490566    0.21819717683671055
-0.43443396226415093    0.21513393353341273
-0.43349056603773584    0.21890407913747745
-0.43254716981132074    0.21913971323775885
-0.43160377358490565    0.2177259086361993
-0.43066037735849055    0.23209958875181988
-0.42971698113207546    0.22997888184949192
-0.42877358490566037    0.21937534733801453
-0.42783018867924527    0.22243859064131186
-0.4268867924528302    0.23704790485718863
-0.4259433962264151    0.2368122707569051
-0.425    0.23987551406025648
-0.4240566037735849    0.23492719795486008
-0.4231132075471698    0.24788707346894873
-0.4221698113207547    0.23068578415025878
-0.4212264150943396    0.24128931866179038
-0.4202830188679245    0.24270312326329577
-0.4193396226415094    0.242231855062813
-0.41839622641509433    0.25000778037122023
-0.41745283018867924    0.24623763476715915
-0.41650943396226414    0.24576636656661893
-0.41556603773584905    0.25472046237636276
-0.41462264150943395    0.2615538512837459
-0.41367924528301886    0.2502434144715053
-0.41273584905660377    0.2556629987773552
-0.41179245283018867    0.25566299877738535
-0.4108490566037736    0.2613182171834903
-0.4099056603773585    0.263438924085822
-0.4089622641509434    0.2771057019006173
-0.4080188679245283    0.2683872401911907
-0.4070754716981132    0.2796976770034292
-0.4061320754716981    0.28134711570525167
-0.405188679245283    0.26084694898297905
-0.4042452830188679    0.2594331443814758
-0.4033018867924528    0.27781260420138415
-0.40235849056603773    0.27569189729911603
-0.40141509433962264    0.2775769701011286
-0.40047169811320754    0.2832321885072969
-0.39952830188679245    0.28488162720905297
-0.39858490566037735    0.28134711570525167
-0.39764150943396226    0.29053684561518806
-0.39669811320754716    0.2870023341113874
-0.39575471698113207    0.29430699121927806
-0.394811320754717    0.2898299433144553
-0.3938679245283019    0.3051461598310369
-0.3929245283018868    0.294778259419824
-0.3919811320754717    0.31881293764586327
-0.3910377358490566    0.2792264088029508
-0.3900943396226415    0.30915193953538256
-0.3891509433962264    0.3232899855507582
-0.3882075471698113    0.29430699121927806
-0.3872641509433962    0.3063243303323511
-0.38632075471698113    0.3166922307435626
-0.38537735849056604    0.31645659664334425
-0.38443396226415094    0.3223474491496977
-0.38349056603773585    0.31150828053797547
-0.38254716981132075    0.3310659108591559
-0.38160377358490566    0.32776703345561564
-0.38066037735849056    0.3298877403578777
-0.37971698113207547    0.3322440813604731
-0.3787735849056604    0.3181060353450964
-0.3778301886792453    0.3468533955763237
-0.3768867924528302    0.34449705457372665
-0.3759433962264151    0.34025564076916537
-0.375    0.31692786484381824
-0.3740566037735849    0.3489741024786246
-0.3731132075471698    0.34473268867398227
-0.3721698113207547    0.3529798821829707
-0.3712264150943396    0.3692386351005674
-0.37028301886792453    0.3437901522730002
-0.36933962264150944    0.35368678448369606
-0.36839622641509434    0.36122707569191864
-0.36745283018867925    0.35250861398241795
-0.36650943396226415    0.35604312548629424
-0.36556603773584906    0.38031343781258187
-0.36462264150943396    0.3692386351006109
-0.36367924528301887    0.3694742692008231
-0.3627358490566038    0.3847904857174841
-0.3617924528301887    0.3871468267199951
-0.3608490566037736    0.3730087807047014
-0.3599056603773585    0.3800778037123263
-0.3589622641509434    0.37465821940649097
-0.3580188679245283    0.3836123152161607
-0.3570754716981132    0.40057797043461296
-0.3561320754716981    0.3890318995220401
-0.355188679245283    0.3951583861287329
-0.35424528301886793    0.40175614093584394
-0.35330188679245284    0.38761809492055194
-0.35235849056603774    0.3918595087251076
-0.35141509433962265    0.39398021562745467
-0.35047169811320755    0.3977503612314983
-0.34952830188679246    0.41683672335225314
-0.34858490566037736    0.40623318884070087
-0.34764150943396227    0.4019917750361469
-0.3466981132075472    0.405526286539934
-0.3457547169811321    0.40646882294100434
-0.344811320754717    0.4189574302545047
-0.3438679245283019    0.4010492386351243
-0.3429245283018868    0.42531955096140667
-0.3419811320754717    0.41989996665557666
-0.3410377358490566    0.42202067355782785
-0.3400943396226415    0.4229632099589002
-0.3391509433962264    0.4300322329665192
-0.33820754716981133    0.4295609647660585
-0.33726415094339623    0.43144603756805294
-0.33632075471698114    0.4467622540847213
-0.33537735849056605    0.4404001333777668
-0.33443396226415095    0.45053239968881176
-0.33349056603773586    0.45877959319770567
-0.33254716981132076    0.4297965988663141
-0.33160377358490567    0.46113593420026194
-0.3306603773584906    0.45571634989443616
-0.3297169811320755    0.4590152272979613
-0.3287735849056604    0.4637279093031284
-0.3278301886792453    0.46490607980435195
-0.3268867924528302    0.45736578859622573
-0.3259433962264151    0.4646704457040964
-0.325    0.47221073691233195
-0.3240566037735849    0.4719751028120208
-0.3231132075471698    0.4832855396243478
-0.32216981132075473    0.48045793042122337
-0.32122641509433963    0.46938312770926416
-0.32028301886792454    0.4894120262309372
-0.31933962264150945    0.49860175614096525
-0.31839622641509435    0.49553851283758343
-0.31745283018867926    0.5037857063465897
-0.31650943396226416    0.5198088251639131
-0.31556603773584907    0.4929465377348296
-0.314622641509434    0.514153606757778
-0.3136792452830189    0.5216938979660195
-0.3127358490566038    0.49247526953426035
-0.3117924528301887    0.5407802600867275
-0.3108490566037736    0.5176881182616124
-0.3099056603773585    0.5136823385573273
-0.3089622641509434    0.5188662887628905
-0.3080188679245283    0.49059019673227305
-0.3070754716981132    0.5388951872846188
-0.30613207547169813    0.5289985550739448
-0.30518867924528303    0.5238146048682587
-0.30424528301886794    0.5429009669890285
-0.30330188679245285    0.5502056240968889
-0.30235849056603775    0.5509125263977206
-0.30141509433962266    0.5586884517060916
-0.30047169811320756    0.5537401356007885
-0.29952830188679247    0.5209869956651912
-0.2985849056603774    0.5487918194954198
-0.2976415094339623    0.5730621318216848
-0.2966981132075472    0.5403089918862162
-0.2957547169811321    0.5867289096365111
-0.294811320754717    0.5707057908191957
-0.2938679245283019    0.5815449594308874
-0.2929245283018868    0.571177059019707
-0.2919811320754717    0.5886139824385561
-0.2910377358490566    0.5751828387240531
-0.29009433962264153    0.573533400022196
-0.28915094339622643    0.5768322774258426
-0.28820754716981134    0.5909703234411123
-0.28726415094339625    0.5725908636212409
-0.28632075471698115    0.6074647104590063
-0.28537735849056606    0.5782460820273766
-0.28443396226415096    0.6013382238523599
-0.28349056603773587    0.6157119039680257
-0.2825471698113208    0.5959186395464806
-0.2816037735849057    0.6305568522841319
-0.2806603773584906    0.5947404690452024
-0.2797169811320755    0.5897921529399037
-0.2787735849056604    0.6284361453817571
-0.2778301886792453    0.6326775591864329
-0.2768867924528302    0.6274936089807346
-0.27594339622641506    0.656240969211921
-0.27499999999999997    0.6487006780038174
-0.2740566037735849    0.6470512393019516
-0.2731132075471698    0.6581260420140436
-0.2721698113207547    0.643045459597606
-0.2712264150943396    0.6614249194176227
-0.2702830188679245    0.6557697010114099
-0.2693396226415094    0.6699077470268262
-0.2683962264150943    0.6859308658441301
-0.2674528301886792    0.6760342336334734
-0.2665094339622641    0.6590685784149887
-0.265566037735849    0.6941780593531587
-0.26462264150943393    0.6772124041346719
-0.26367924528301884    0.6991263754585275
-0.26273584905660374    0.7106724463709709
-0.26179245283018865    0.7024252528621067
-0.26084905660377355    0.7179771034788953
-0.25990566037735846    0.7318795153940635
-0.25896226415094337    0.702425252862024
-0.2580188679245283    0.7153851283761676
-0.2570754716981132    0.7455462932088037
-0.2561320754716981    0.7153851283761676
-0.255188679245283    0.7387129043013906
-0.2542452830188679    0.7003045459598057
-0.2533018867924528    0.7429543181059918
-0.2523584905660377    0.7330576858953417
-0.2514150943396226    0.7450750250082925
-0.2504716981132075    0.7500233411137489
-0.24952830188679243    0.7577992664220963
-0.24858490566037733    0.7747649216405926
-0.24764150943396224    0.7568567300210738
-0.24669811320754714    0.7808914082472397
-0.24575471698113205    0.7634544848282314
-0.24481132075471695    0.7872535289541422
-0.24386792452830186    0.7724085806379452
-0.24292452830188677    0.7929087473602779
-0.24198113207547167    0.8145870845837024
-0.24103773584905658    0.7983283316661581
-0.24009433962264148    0.7983283316660641
-0.2391509433962264    0.8009203067689703
-0.2382075471698113    0.8094031343780786
-0.2372641509433962    0.8148227186840539
-0.2363207547169811    0.8035122818716879
-0.235377358490566    0.8308458375014384
-0.23443396226415092    0.7969145270645304
-0.23349056603773582    0.8235411803935131
-0.23254716981132073    0.8332021785038969
-0.23160377358490564    0.8188284983884
-0.23066037735849054    0.8353228854061976
-0.22971698113207545    0.8546448816272596
-0.22877358490566035    0.8108169389796124
-0.22783018867924526    0.8306102034011827
-0.22688679245283017    0.8487540291207682
-0.22594339622641507    0.850874736023169
-0.22499999999999998    0.8848060464598793
-0.22405660377358488    0.8925819717684199
-0.2231132075471698    0.8921107035678036
-0.2221698113207547    0.8991797265755783
-0.2212264150943396    0.889989996665503
-0.2202830188679245    0.9088407246860601
-0.2193396226415094    0.9387662554184177
-0.21839622641509432    0.904834944981714
-0.21745283018867922    0.9255707458041027
-0.21650943396226413    0.9392375236190396
-0.21556603773584904    0.9227431366010351
-0.21462264150943394    0.9392375236190396
-0.21367924528301885    0.921564966099757
-0.21273584905660375    0.9312259642103473
-0.21179245283018866    0.935467378014839
-0.21084905660377357    0.9538468378348901
-0.20990566037735847    0.9691630543513937
-0.20896226415094338    0.9658641769479287
-0.20801886792452828    0.9863643436700545
-0.2070754716981132    1.0054507057908786
-0.2061320754716981    0.9814160275646863
-0.205188679245283    0.9898988551740052
-0.2042452830188679    1.0122840946981733
-0.2033018867924528    0.9849505390686366
-0.20235849056603772    1.020060020006609
-0.20141509433962262    1.0169967767034056
-0.20047169811320753    1.0193531177058421
-0.19952830188679244    1.048807380237919
-0.19858490566037734    1.0367900411247586
-0.19764150943396225    1.021473824608263
-0.19669811320754715    1.0558764032454644
-0.19575471698113206    1.0622385239524914
-0.19481132075471697    1.0382038457262923
-0.19386792452830187    1.0784972768701315
-0.19292452830188678    1.0747271312659146
-0.19198113207547168    1.0841524952762671
-0.1910377358490566    1.0862732021784403
-0.1900943396226415    1.0940491274870048
-0.1891509433962264    1.0714282538623359
-0.1882075471698113    1.0912215182839369
-0.1872641509433962    1.0855662998776734
-0.18632075471698112    1.153193286651174
-0.18537735849056602    1.138348338334934
-0.18443396226415093    1.1418828498389026
-0.18349056603773584    1.143296654440302
-0.18254716981132074    1.144474824941715
-0.18160377358490565    1.1336356563298213
-0.18066037735849055    1.1854751583861987
-0.17971698113207546    1.1607335778592183
-0.17877358490566037    1.1932510836946353
-0.17783018867924527    1.1805268422806912
-0.17688679245283018    1.2043258864066513
-0.17594339622641508    1.203147715905231
-0.175    1.1652106257642123
-0.1740566037735849    1.2102167389129
-0.1731132075471698    1.1946648882961692
-0.1721698113207547    1.1998488385016524
-0.1712264150943396    1.2547515838613612
-0.17028301886792452    1.2641769478714386
-0.16933962264150942    1.2571079248639179
-0.16839622641509433    1.209038568411622
-0.16745283018867924    1.2436767811493454
-0.16650943396226414    1.247682560853545
-0.16556603773584905    1.2688896298767005
-0.16462264150943395    1.2903323329998133
-0.16367924528301886    1.27053906857849
-0.16273584905660377    1.2844414804934225
-0.16179245283018867    1.28844726019792
-0.16084905660377358    1.2797287984883101
-0.15990566037735848    1.3452350783595326
-0.1589622641509434    1.303763476714384
-0.1580188679245283    1.3226142047349896
-0.1570754716981132    1.3402867622540062
-0.1561320754716981    1.3303901300434264
-0.155188679245283    1.3424074691563068
-0.15424528301886792    1.3600800266756388
-0.15330188679245282    1.3654996109813582
-0.15235849056603773    1.3956607758142427
-0.15141509433962264    1.3855285095030865
-0.15047169811320754    1.398959653217822
-0.14952830188679245    1.4024941647214917
-0.14858490566037735    1.4086206513283037
-0.14764150943396226    1.4112126264309497
-0.14669811320754716    1.435011670556937
-0.14575471698113207    1.4201667222406638
-0.14481132075471698    1.4557474713794345
-0.14386792452830188    1.4368967433588131
-0.1429245283018868    1.4583394464822468
-0.1419811320754717    1.4672935422917892
-0.1410377358490566    1.461638323885826
-0.1400943396226415    1.4720062242969016
-0.1391509433962264    1.4491497165722762
-0.13820754716981132    1.4835522952094273
-0.13726415094339622    1.486851172613181
-0.13632075471698113    1.529265310659019
-0.13537735849056604    1.5259664332556198
-0.13443396226415094    1.5007535845280882
-0.13349056603773585    1.551650550183486
-0.13254716981132075    1.5565988662886716
-0.13160377358490566    1.5617828164944794
-0.13066037735849056    1.5683805713014531
-0.12971698113207547    1.551650550183486
-0.12877358490566038    1.5813404468155126
-0.12783018867924528    1.5867600311215788
-0.1268867924528302    1.59547849283085
-0.1259433962264151    1.578984105813142
-0.125    1.6077314660441429
-0.1240566037735849    1.61597865955328
-0.12311320754716981    1.6213982438589691
-0.12216981132075472    1.6362431921752663
-0.12122641509433962    1.6034900522395414
-0.12028301886792453    1.6897321329332997
-0.11933962264150944    1.6418984105812087
-0.11839622641509434    1.6411915082806348
-0.11745283018867925    1.6390708013781412
-0.11650943396226415    1.6510881404913724
-0.11556603773584906    1.6706457708123952
-0.11462264150943396    1.664990552406456
-0.11367924528301887    1.6876114260308002
-0.11273584905660378    1.7161231521619331
-0.11179245283018868    1.7304968322773244
-0.11084905660377359    1.7354451483828968
-0.1099056603773585    1.73450261198167
-0.1089622641509434    1.725784150272415
-0.1080188679245283    1.7575947538067214
-0.10707547169811321    1.720364565966535
-0.10613207547169812    1.7382727575857602
-0.10518867924528302    1.8143825719685411
-0.10424528301886793    1.807077914860403
-0.10330188679245284    1.7634856063133197
-0.10235849056603774    1.7879915527396975
-0.10141509433962265    1.828756252084136
-0.10047169811320755    1.8169745470711396
-0.09952830188679246    1.7785661887296815
-0.09858490566037736    1.8169745470711396
-0.09764150943396227    1.8497276870068893
-0.09669811320754718    1.855854173613318
-0.09575471698113208    1.8296987884851585
-0.09481132075471699    1.8605668556184305
-0.0938679245283019    1.8761187062355227
-0.0929245283018868    1.8827164610424592
-0.0919811320754717    1.898975213960321
-0.09103773584905661    1.8989752139600975
-0.09009433962264152    1.8553829054130249
-0.08915094339622642    1.9051017005667439
-0.08820754716981133    1.8652795376237625
-0.08726415094339623    1.9058086028675107
-0.08632075471698114    1.9256018672892101
-0.08537735849056605    1.9338490607979304
-0.08443396226415095    1.929136378793045
-0.08349056603773586    1.9359697677002312
-0.08254716981132076    1.8770612426365454
-0.08160377358490567    1.9673091030342293
-0.08066037735849058    1.9385617428032713
-0.07971698113207548    1.96188951872835
-0.07877358490566039    2.0010047793710193
-0.0778301886792453    2.0297521396019707
-0.0768867924528302    1.9602400800267914
-0.0759433962264151    1.9647171279314177
-0.07500000000000001    1.9835678559521013
-0.07405660377358492    1.9748493942424092
-0.07311320754716982    1.9856885628544019
-0.07216981132075473    2.022447482494046
-0.07122641509433963    2.0330510170057887
-0.07028301886792454    2.0106657774812646
-0.06933962264150945    2.021740580193517
-0.06839622641509435    2.067217961542615
-0.06745283018867926    2.0094876069802234
-0.06650943396226416    2.0559075247303453
-0.06556603773584907    2.068160497943881
-0.06462264150943398    2.0966722240745685
-0.06367924528301888    2.105861953984786
-0.06273584905660379    2.1049194175835155
-0.06179245283018869    2.081120373457942
-0.0608490566037736    2.085126153162043
-0.059905660377358505    2.0848905190620326
-0.05896226415094341    2.1209425364008982
-0.05801886792452832    2.087011225964334
-0.05707547169811322    2.134373680115469
-0.05613207547169813    2.129896632210863
-0.055188679245283034    2.1053906857840268
-0.05424528301886794    2.132252973213419
-0.053301886792452846    2.1522818717348966
-0.05235849056603775    2.1289540958098403
-0.05141509433962266    2.1136378792929738
-0.050471698113207564    2.1442703123264577
-0.04952830188679247    2.0943158830720128
-0.048584905660377375    2.1664199177504893
-0.04764150943396228    2.1932822051793757
-0.04669811320754719    2.1697187951540684
-0.04575471698113209    2.141207069022882
-0.044811320754717    2.2024719350896045
-0.043867924528301905    2.192104034678098
-0.04292452830188681    2.1687762587530455
-0.04198113207547172    2.1548738468377087
-0.04103773584905662    2.192575302878867
-0.04009433962264153    2.2345181727241106
-0.039150943396226434    2.209540958097274
-0.03820754716981134    2.190454595976308
-0.037264150943396246    2.203178837390371
-0.03632075471698115    2.2606735578524852
-0.03537735849056606    2.238288318328464
-0.034433962264150964    2.213311103701104
-0.033490566037735814    2.212839835500593
-0.03254716981132072    2.22061576080929
-0.031603773584905626    2.210012226297525
-0.03066037735849053    2.189040791375032
-0.029716981132075437    2.1789085250637825
-0.028773584905660343    2.2536045348450813
-0.02783018867924525    2.2743403356673113
-0.026886792452830155    2.2486562187397126
-0.02594339622641506    2.2470067800376587
-0.024999999999999967    2.2248571746138914
-0.024056603773584873    2.262087362454019
-0.02311320754716978    2.232397465822072
-0.022169811320754684    2.227213515616186
-0.02122641509433959    2.2618517283540296
-0.020283018867924496    2.2503056574412375
-0.019339622641509402    2.2385239524287193
-0.018396226415094308    2.244886073135358
-0.017452830188679214    2.285415138379595
-0.01650943396226412    2.2590241191506957
-0.015566037735849025    2.2814093586752486
-0.014622641509433931    2.2543114371455832
-0.013679245283018837    2.2931910636880315
-0.012735849056603743    2.3019095253972197
-0.011792452830188649    2.268213849060932
-0.010849056603773555    2.229098588418231
-0.00990566037735846    2.247242414138179
-0.008962264150943366    2.284001333777792
-0.008018867924528272    2.2724552628655337
-0.007075471698113178    2.30567967100131
-0.006132075471698084    2.263501167055819
-0.00518867924528299    2.2606735578524852
-0.004245283018867896    2.253840168945337
-0.0033018867924528017    2.281644992775236
-0.0023584905660377076    2.303794598199536
-0.0014150943396226134    2.2785817494719125
-0.0004716981132075193    2.252661998444059
0.0004716981132075748    2.292248527286739
0.0014150943396227245    2.2705701900632214
0.002358490566037763    2.2335756363236134
0.0033018867924528017    2.317461376014091
0.004245283018867951    2.279524285872935
0.005188679245283101    2.2668000444591314
0.00613207547169814    2.290599088585489
0.007075471698113178    2.274575969767567
0.008018867924528328    2.2533689007445608
0.008962264150943478    2.2844726019783037
0.009905660377358516    2.2413515616320514
0.010849056603773555    2.2154318106034045
0.011792452830188704    2.2792886517726796
0.012735849056603854    2.277167944870379
0.013679245283018893    2.2774035789711706
0.014622641509433931    2.2552539735466057
0.015566037735849081    2.276696676669868
0.01650943396226423    2.302380793597731
0.01745283018867927    2.228156052017733
0.018396226415094308    2.2295698566187423
0.019339622641509457    2.2479493164386812
0.020283018867924607    2.2606735578524852
0.021226415094339646    2.2137823719021363
0.022169811320754684    2.2668000444591314
0.023113207547169834    2.2507769256417487
0.024056603773584984    2.235931977325644
0.025000000000000022    2.2097765921977897
0.02594339622641506    2.212132933199826
0.02688679245283021    2.2326330999220656
0.02783018867924536    2.2338112704233435
0.0287735849056604    2.207184617094977
0.029716981132075437    2.270805824163477
0.030660377358490587    2.220851394909284
0.03160377358490574    2.2034144714903676
0.032547169811320775    2.2029432032903746
0.033490566037735814    2.2111903967988034
0.034433962264150964    2.2180237857062166
0.03537735849056611    2.1883338890740074
0.03632075471698115    2.1991730576862842
0.03726415094339619    2.215903078803916
0.03820754716981134    2.218495053906728
0.03915094339622649    2.150868067133363
0.04009433962264153    2.1850350116709434
0.04103773584905657    2.1668911859507456
0.04198113207547172    2.1784372568632713
0.042924528301886866    2.1402645326218597
0.043867924528301905    2.1437990441261987
0.04481132075471694    2.196345448482699
0.04575471698113209    2.175845281760459
0.04669811320754724    2.1668911859507456
0.04764150943396228    2.1402645326223637
0.04858490566037732    2.1280115594085673
0.04952830188679247    2.172782038457136
0.05047169811320762    2.1376725575190476
0.05141509433962266    2.1261264866070224
0.052358490566037696    2.100206735578403
0.053301886792452846    2.0815916416582083
0.054245283018867996    2.146862287429017
0.055188679245283034    2.105155051684267
0.05613207547169807    2.1256552184060107
0.05707547169811322    2.0905457374679224
0.05801886792452837    2.085126153162043
0.05896226415094341    2.076407691453073
0.05990566037735845    2.117879293097575
0.0608490566037736    2.0745226186505397
0.06179245283018875    2.0903101033676665
0.06273584905660379    2.115994220296028
0.06367924528301883    2.032108480604527
0.06462264150943398    2.07829276425463
0.06556603773584913    2.0702812048459385
0.06650943396226416    2.082534178059721
0.0674528301886792    2.048367233522165
0.06839622641509435    2.0177348004889333
0.0693396226415095    2.022683116594302
0.07028301886792454    2.0636834500392665
0.07122641509433958    2.04648216072012
0.07216981132075473    2.0151428253861217
0.07311320754716988    1.9906368789595366
0.07405660377358492    2.0073669000781584
0.07499999999999996    1.9805046126485448
0.0759433962264151    1.9724930532398535
0.07688679245283025    1.9911081471600478
0.0778301886792453    1.9498721796157719
0.07877358490566033    1.9835678559518677
0.07971698113207548    1.942331888407133
0.08066037735849063    1.9526997888183808
0.08160377358490567    1.9562343003226754
0.08254716981132071    1.9432744248081555
0.08349056603773586    1.9185328442813145
0.08443396226415101    1.9114638212736457
0.08537735849056605    1.8895498499503174
0.08632075471698109    1.9084005779703228
0.08726415094339623    1.8855440702455268
0.08820754716981138    1.8827164610424592
0.08915094339622642    1.907458041569749
0.09009433962264146    1.8780037790373467
0.09103773584905661    1.843836834500281
0.09198113207547176    1.8681071468266106
0.0929245283018868    1.8772968767370217
0.09386792452830184    1.8539691008112729
0.09481132075471699    1.890492386350895
0.09575471698113214    1.8256930087805976
0.09669811320754718    1.811083694565175
0.09764150943396221    1.7870490163386747
0.09858490566037736    1.7823363343335623
0.09952830188679251    1.820980326775485
0.10047169811320755    1.8070779148608285
0.10141509433962259    1.7868133822384191
0.10235849056603774    1.8016583305545237
0.10330188679245289    1.756652217405699
0.10424528301886793    1.7639568745140386
0.10518867924528297    1.7832788707345848
0.10613207547169812    1.7533533400021202
0.10707547169811327    1.7128242747581524
0.1080188679245283    1.754767144604067
0.10896226415094334    1.7514682672000752
0.1099056603773585    1.7177725908635206
0.11084905660377364    1.7300255640768132
0.11179245283018868    1.6918528398357997
0.11273584905660372    1.7102322996553405
0.11367924528301887    1.6744159164164851
0.11462264150943402    1.6979793264420477
0.11556603773584906    1.7173013226634135
0.1165094339622641    1.6664043570077938
0.11745283018867925    1.6880826942313114
0.1183962264150944    1.6440191174835095
0.11933962264150944    1.6492030676895213
0.12028301886792447    1.6291741691674049
0.12122641509433962    1.6296454373679161
0.12216981132075477    1.6192775369566685
0.12311320754716981    1.6183350005560269
0.12405660377358485    1.6077314660441429
0.125    1.5846393242190913
0.12594339622641515    1.5966566633321282
0.1268867924528302    1.5436389907749755
0.12783018867924523    1.5488229409802359
0.12877358490566038    1.5825186173167907
0.12971698113207553    1.5434033566743566
0.13066037735849056    1.549058575080856
0.1316037735849056    1.5848749583193469
0.13254716981132075    1.5304434811602972
0.1334905660377359    1.5016961209291106
0.13443396226415094    1.506880071135089
0.13537735849056598    1.4804890519061042
0.13632075471698113    1.5141847282426588
0.13726415094339628    1.5009892186283438
0.13820754716981132    1.4687073468936684
0.13915094339622636    1.490150050016585
0.1400943396226415    1.4526842280759402
0.14103773584905666    1.4314771590529338
0.1419811320754717    1.4463221073693788
0.14292452830188673    1.4312415249526782
0.14386792452830188    1.4229943314437312
0.14481132075471703    1.4368967433588131
0.14575471698113207    1.4194598199402308
0.1466981132075471    1.4149827720350399
0.14764150943396226    1.439488718461625
0.1485849056603774    1.4343047682560013
0.14952830188679245    1.4145115038348617
0.15047169811320749    1.398488385017146
0.15141509433962264    1.3756318772923501
0.15235849056603779    1.369976658886215
0.15330188679245282    1.3353384461489524
0.15424528301886786    1.3570167833721556
0.155188679245283    1.3539535400688325
0.15613207547169816    1.3421718350560512
0.1570754716981132    1.3431143714573899
0.15801886792452824    1.3061198177169402
0.1589622641509434    1.328269423140969
0.15990566037735854    1.3016427698120832
0.16084905660377358    1.306591085917759
0.16179245283018862    1.2995220629097826
0.16273584905660377    1.2964588196064595
0.16367924528301891    1.2674758252750173
0.16462264150943395    1.323085472935657
0.165566037735849    1.2976369901077378
0.16650943396226414    1.247682560853545
0.1674528301886793    1.2356652217405077
0.16839622641509433    1.2401422696456565
0.16933962264150937    1.2384928309435752
0.17028301886792452    1.2429698788484322
0.17122641509433967    1.214693786817757
0.1721698113207547    1.212337445815486
0.17311320754716975    1.2050327887072763
0.1740566037735849    1.160969211959474
0.17500000000000004    1.200084472601908
0.17594339622641508    1.1812337445817358
0.17688679245283012    1.1765210625763454
0.17783018867924527    1.1937223518950062
0.17877358490566042    1.1824119150827361
0.17971698113207546    1.1941936200957985
0.1806603773584905    1.1784061353783903
0.18160377358490565    1.1235033900188294
0.1825471698113208    1.1077159053017023
0.18349056603773584    1.1293942425254857
0.18443396226415087    1.1305724130264982
0.18537735849056602    1.1025319550960786
0.18632075471698117    1.1315149494275207
0.1872641509433962    1.1154918306104005
0.18820754716981125    1.1326931199287986
0.1891509433962264    1.095227297988154
0.19009433962264155    1.0961698343891766
0.1910377358490566    1.095934200289179
0.19198113207547163    1.0787329109702604
0.19292452830188678    1.050456818939585
0.19386792452830193    1.06742247415799
0.19481132075471697    1.049278648438554
0.195754716981132    1.0495142825385626
0.19669811320754715    1.0492786484383068
0.1976415094339623    1.0257152384127441
0.19858490566037734    1.0353762365234687
0.19952830188679238    1.016996776703286
0.20047169811320753    1.0096921195953614
0.20141509433962268    1.032784261420413
0.20235849056603772    1.0431521618319062
0.20330188679245276    0.9880137823718438
0.2042452830188679    1.020766922307376
0.20518867924528306    0.9943759030787457
0.2061320754716981    0.9717550294544344
0.20707547169811313    0.9764677114593182
0.20801886792452828    0.9880137823718438
0.20896226415094343    0.9701055907524161
0.20990566037735858    0.9693986884516494
0.21084905660377362    0.9448927420252865
0.21179245283018866    0.943007669223019
0.2127358490566038    0.9458352784260866
0.21367924528301896    0.9267489163053808
0.214622641509434    0.9097832610871898
0.21556603773584904    0.9274558186061477
0.2165094339622642    0.9453640102255753
0.21745283018867934    0.9491341558296653
0.21839622641509437    0.9067200177838659
0.2193396226415094    0.9048349449816075
0.22028301886792456    0.9053062131821187
0.2212264150943397    0.8970590196731718
0.22216981132075475    0.9168522840948602
0.2231132075471698    0.8937601422695931
0.22405660377358494    0.8878692897632023
0.2250000000000001    0.8942314104701043
0.22594339622641513    0.8928176058687807
0.22688679245283017    0.8683116594419853
0.22783018867924532    0.8402712015115658
0.22877358490566047    0.8600644659330384
0.2297169811320755    0.857708124930684
0.23066037735849054    0.862185172835339
0.2316037735849057    0.8256618872957168
0.23254716981132084    0.8291963987995512
0.23349056603773588    0.8416850061132976
0.23443396226415092    0.8181215960875369
0.23537735849056607    0.8025697454706655
0.23632075471698122    0.7959719906635079
0.23726415094339626    0.8035122818718771
0.2382075471698113    0.82495498499495
0.23915094339622645    0.7973857952650416
0.2400943396226416    0.779477603645614
0.24103773584905663    0.7884316994555134
0.24198113207547167    0.7700522396353889
0.24292452830188682    0.761805046126442
0.24386792452830197    0.7922018450594178
0.244811320754717    0.7684028009337803
0.24575471698113205    0.788902967655839
0.2466981132075472    0.7580349005223519
0.24764150943396235    0.7615694120261863
0.2485849056603774    0.742718684005911
0.24952830188679243    0.7577992664220963
0.2504716981132076    0.7297588084916767
0.2514150943396227    0.7252817605868197
0.25235849056603776    0.7516727798156269
0.2533018867924528    0.7177414693786398
0.25424528301886795    0.743425586306503
0.2551886792452831    0.7241035900855416
0.25613207547169814    0.7196265421808541
0.2570754716981132    0.7226897854840079
0.25801886792452833    0.7222185172834966
0.2589622641509435    0.7205690785817073
0.2599056603773585    0.7069023007670473
0.26084905660377355    0.7059597643658584
0.2617924528301887    0.7132644214737828
0.26273584905660385    0.7052528620650915
0.2636792452830189    0.6960631321552859
0.26462264150943393    0.6845170612425963
0.2655660377358491    0.6732066244303262
0.26650943396226423    0.6682583083249581
0.26745283018867927    0.6734422585307404
0.2683962264150943    0.6854595976436189
0.26933962264150946    0.6487006780037411
0.2702830188679246    0.6680226742247024
0.27122641509433965    0.6503501167056834
0.2721698113207547    0.6541202623096205
0.27311320754716983    0.6487006780037411
0.274056603773585    0.6166544403689758
0.275    0.6206602200734676
0.27594339622641506    0.6296143158830352
0.2768867924528302    0.6211314882738326
0.27783018867924536    0.6204245859730658
0.2787735849056604    0.6279648771813936
0.27971698113207544    0.6131199288651413
0.2806603773584906    0.6265510725797121
0.28160377358490574    0.5973324441480143
0.2825471698113208    0.6152406357675867
0.2834905660377358    0.5909703234411123
0.28443396226415096    0.5982749805490368
0.2853773584905661    0.6128842947648857
0.28632075471698115    0.6008669556519902
0.2872641509433962    0.5926197621429018
0.28820754716981134    0.5862576414359999
0.2891509433962265    0.5770679115260304
0.29009433962264153    0.5801311548294902
0.29103773584905657    0.5674069134155497
0.2919811320754717    0.5681138157163166
0.29292452830188687    0.5638724019117154
0.2938679245283019    0.5721195954207969
0.29481132075471694    0.5537401356007233
0.2957547169811321    0.5697632544181059
0.29669811320754724    0.5886139824385561
0.2976415094339623    0.5454929420919048
0.2985849056603773    0.5384239190841076
0.29952830188679247    0.5353606757807845
0.3004716981132076    0.5683494498165722
0.30141509433962266    0.55939535400699
0.3023584905660377    0.5473780148938214
0.30330188679245285    0.5355963098810401
0.304245283018868    0.5584528176058359
0.30518867924528303    0.5292341891742628
0.3061320754716981    0.5308836278759275
0.3070754716981132    0.5202800933644243
0.3080188679245284    0.5165099477603343
0.3089622641509434    0.5063776814494616
0.30990566037735845    0.5271134822718374
0.3108490566037736    0.514153606757778
0.31179245283018875    0.49671668333886165
0.3127358490566038    0.5073202178504842
0.3136792452830188    0.49789485384013976
0.314622641509434    0.5108547293541993
0.3155660377358491    0.5167455818605898
0.31650943396226416    0.4764521507169899
0.3174528301886792    0.48540624652659153
0.31839622641509435    0.47433144381457704
0.3193396226415095    0.4934178059352829
0.32028301886792454    0.47668778481724555
0.3212264150943396    0.4894120262309372
0.32216981132075473    0.4837568078248021
0.3231132075471699    0.48446371012556905
0.3240566037735849    0.4632566411026716
0.32499999999999996    0.4781015894186671
0.3259433962264151    0.4564232521951494
0.32688679245283025    0.4700900300099758
0.3278301886792453    0.46184283650113755
0.32877358490566033    0.45430254529284875
0.3297169811320755    0.45500944759361567
0.33066037735849063    0.4707969323107426
0.33160377358490567    0.44275647438042726
0.3325471698113207    0.4415783038790449
0.33349056603773586    0.44794042458594685
0.334433962264151    0.44699788818492436
0.33537735849056605    0.4510036678893761
0.3363207547169811    0.43827942647546614
0.33726415094339623    0.44464154718236804
0.3382075471698114    0.43427364677112046
0.3391509433962264    0.41565855285102377
0.34009433962264146    0.43144603756805294
0.3410377358490566    0.43285984216958673
0.34198113207547176    0.4349805490718873
0.3429245283018868    0.4274402578638079
0.34386792452830184    0.4224919417583391
0.344811320754717    0.4019917750360996
0.34575471698113214    0.4198999666555272
0.3466981132075472    0.4022274091364499
0.3476415094339622    0.3984572635322652
0.34858490566037736    0.4029343114371221
0.3495283018867925    0.3923307769256189
0.35047169811320755    0.39256641102596695
0.3514150943396226    0.3840835834166719
0.35235849056603774    0.3899744359230626
0.3533018867924529    0.3918595087251076
0.35424528301886793    0.3989285317328703
0.35518867924528297    0.37041680560184553
0.3561320754716981    0.38596865621871695
0.35707547169811327    0.38290541291539376
0.3580188679245283    0.36947426920091003
0.35896226415094334    0.3640546848949437
0.3599056603773585    0.375836389907725
0.36084905660377364    0.36476158719571056
0.3617924528301887    0.37465821940653504
0.3627358490566037    0.37230187840389056
0.36367924528301887    0.38149160831386003
0.364622641509434    0.36429031899519926
0.36556603773584906    0.3659397576970748
0.3665094339622641    0.35462932088471855
0.36745283018867925    0.35957763699008677
0.3683962264150944    0.3539224185839517
0.36933962264150944    0.34873846837841
0.3702830188679245    0.32753139935532144
0.3712264150943396    0.3407269089696366
0.3721698113207548    0.34025564076912534
0.3731132075471698    0.33130154495948944
0.37405660377358485    0.3357785928642684
0.375    0.34402578637321535
0.37594339622641515    0.33436478826273464
0.3768867924528302    0.33153717905974517
0.3778301886792452    0.3206980104479083
0.3787735849056604    0.3421407135711703
0.3797169811320755    0.3084450372346157
0.38066037735849056    0.3126864510392906
0.3816037735849056    0.33271534956094523
0.38254716981132075    0.3204623763476527
0.3834905660377359    0.31174391463819445
0.38443396226415094    0.3018472824275292
0.385377358490566    0.3075025008335932
0.38632075471698113    0.30538179393129256
0.3872641509433963    0.2952495276203006
0.3882075471698113    0.31669223074363717
0.38915094339622636    0.2973702345226012
0.3900943396226415    0.2796976770034292
0.39103773584905666    0.3112726464376832
0.3919811320754717    0.28558852950988706
0.39292452830188673    0.29595642992106747
0.3938679245283019    0.2865310659108424
0.39481132075471703    0.2961920640213231
0.39575471698113207    0.2910081138157678
0.3966981132075471    0.2903012115149324
0.39764150943396226    0.2844103590085417
0.3985849056603774    0.27239301989550474
0.39952830188679245    0.28346782260758596
0.4004716981132075    0.2641458263865578
0.40141509433962264    0.27262865399576036
0.4023584905660378    0.28181838390572983
0.4033018867924528    0.27451372679787
0.40424528301886786    0.2839390908080305
0.405188679245283    0.26885850839167036
0.40613207547169816    0.2761631654995948
0.4070754716981132    0.26202511948431884
0.40801886792452824    0.2669734355896254
0.4089622641509434    0.26555963098809154
0.40990566037735854    0.253306657774799
0.4108490566037736    0.26226075358457457
0.4117924528301886    0.2561342669778665
0.41273584905660377    0.27074358119371533
0.4136792452830189    0.2504790485717314
0.41462264150943395    0.2504790485717904
0.415566037735849    0.2438812937645739
0.41650943396226414    0.241289318661762
0.4174528301886793    0.2490652439701977
0.41839622641509433    0.2549560964766484
0.41933962264150937    0.24411692786482955
0.4202830188679245    0.24011114816048387
0.42122641509433967    0.2377548071579276
0.4221698113207547    0.23916861175951767
0.42311320754716975    0.22432366344335686
0.4240566037735849    0.22361676114258996
0.42500000000000004    0.2384617094586945
0.4259433962264151    0.23092141825056878
0.4268867924528301    0.2332777592530707
0.42783018867924527    0.22738690674668002
0.4287735849056604    0.23045015005000316
0.42971698113207546    0.22715127264647783
0.4306603773584905    0.22785817494719127
0.43160377358490565    0.21489829943313177
0.4325471698113208    0.22126042014003372
0.43349056603773584    0.2064154718239778
0.4344339622641509    0.22573746804489064
0.435377358490566    0.19887518061574916
0.4363207547169812    0.21442703123262052
0.4372641509433962    0.21631210403471646
0.43820754716981125    0.22008224963875556
0.4391509433962264    0.20193842391907232
0.44009433962264155    0.20947871512725236
0.4410377358490566    0.19746137601426186
0.4419811320754716    0.21277759253083114
0.4429245283018868    0.1993464488162604
0.4438679245283019    0.20453039902188422
0.44481132075471697    0.2024096921196312
0.445754716981132    0.19651883961319289
0.44669811320754715    0.19981771701677165
0.4476415094339623    0.2012315216183054
0.44858490566037745    0.20594420362341798
0.4495283018867925    0.19911081471605163
0.45047169811320753    0.1974613760142154
0.4514150943396227    0.19769701011447102
0.45235849056603783    0.19298432810935848
0.45330188679245287    0.18968545070582435
0.4542452830188679    0.1783750138935096
0.45518867924528306    0.18426586639990028
0.4561320754716982    0.18285206179836652
0.45707547169811324    0.18732910970326752
0.4580188679245283    0.1783750138935096
0.45896226415094343    0.18426586639990028
0.4599056603773586    0.1748405023896752
0.4608490566037736    0.18285206179840957
0.46179245283018866    0.18638657330220093
0.4627358490566038    0.18520840280092277
0.46367924528301896    0.17790374569299836
0.464622641509434    0.17107035678562543
0.46556603773584904    0.17177725908635205
0.4665094339622642    0.16800711348226202
0.46745283018867934    0.16635767478047261
0.4683962264150944    0.16612204068025613
0.4693396226415094    0.17059908858507392
0.47028301886792456    0.16659330888072826
0.4712264150943397    0.16140935867510445
0.47216981132075475    0.16706457708127884
0.4731132075471698    0.16235189507612696
0.47405660377358494    0.15080582416360125
0.4750000000000001    0.15999555407357072
0.4759433962264151    0.16588640658000042
0.47688679245283017    0.1616449927753601
0.4778301886792453    0.16070245637433758
0.47877358490566047    0.1493920195620675
0.4797169811320755    0.14444370345673332
0.48066037735849054    0.1442080693564437
0.4816037735849057    0.14538623985772184
0.48254716981132084    0.14727131265976684
0.4834905660377359    0.14562187395801174
0.4844339622641509    0.15080582416360125
0.48537735849056607    0.1451506057574662
0.4863207547169812    0.1435011670556768
0.48726415094339626    0.15457596976772767
0.4882075471698113    0.13384016894519613
0.48915094339622645    0.13973102145158678
0.4900943396226416    0.1387884850505643
0.49103773584905663    0.14538623985775606
0.49198113207547167    0.1406735578526093
0.4929245283018868    0.14467933755695495
0.49386792452830197    0.1399666555518424
0.494811320754717    0.13548960764701737
0.49575471698113205    0.13313326664442923
0.4966981132075472    0.12724241413803855
0.49764150943396235    0.13949538735133116
0.4985849056603774    0.124650439035256
0.4995283018867924    0.11828831832832473
0.5004716981132076    0.12912748694008358
0.5014150943396227    0.1328976325441736
0.5023584905660378    0.13713904634880716
0.5033018867924528    0.12158719573190352
0.504245283018868    0.12794931643880544
0.5051886792452831    0.13148382794263982
0.5061320754716981    0.12889185283985827
0.5070754716981132    0.122529732132926
0.5080188679245283    0.13431143714570737
0.5089622641509435    0.1197021229298585
0.5099056603773585    0.11216183172170482
0.5108490566037736    0.1197021229298585
0.5117924528301887    0.1145181727242347
0.5127358490566039    0.1189952206290916
0.5136792452830189    0.11428253862400597
0.5146226415094339    0.11121929532065593
0.5155660377358491    0.106742247415799
0.5165094339622642    0.10933422251861091
0.5174528301886793    0.12323663443372192
0.5183962264150943    0.11192619762142281
0.5193396226415095    0.10862732021784403
0.5202830188679246    0.10650661331554338
0.5212264150943396    0.10226519951096617
0.5221698113207547    0.11121929532065593
0.5231132075471698    0.11310436812270094
0.524056603773585    0.10391463821273149
0.525    0.10061576080917639
0.5259433962264151    0.10038012670889708
0.5268867924528302    0.10721351561631026
0.5278301886792454    0.09378237190173953
0.5287735849056604    0.10108702900968776
0.5297169811320754    0.1057997110147765
0.5306603773584906    0.10391463821273149
0.5316037735849057    0.09566744470378455
0.5325471698113208    0.10391463821275594
0.5334905660377358    0.09401800600199516
0.534433962264151    0.106742247415799
0.5353773584905661    0.0935467378014839
0.5363207547169812    0.09071912859843773
0.5372641509433962    0.09119039679892764
0.5382075471698113    0.09260420140046138
0.5391509433962265    0.09943759030787458
0.5400943396226415    0.08624208069357976
0.5410377358490566    0.0935467378014839
0.5419811320754717    0.09213293319995014
0.5429245283018869    0.08883405579637137
0.5438679245283019    0.08954095809715931
0.5448113207547169    0.08883405579637137
0.5457547169811321    0.08765588529509323
0.5466981132075472    0.09496054240301767
0.5476415094339623    0.07658108258309679
0.5485849056603773    0.08977659219739387
0.5495283018867925    0.08954095809713825
0.5504716981132076    0.07799488718461253
0.5514150943396227    0.08742025119485818
0.5523584905660377    0.08482827609202571
0.5533018867924528    0.08058686228742443
0.554245283018868    0.0857708124930482
0.555188679245283    0.07634544848284111
0.5561320754716981    0.08624208069355946
0.5570754716981132    0.08270756918972506
0.5580188679245284    0.07893742358563502
0.5589622641509434    0.07469600978105133
0.5599056603773584    0.08435700789151446
0.5608490566037736    0.07045459597643246
0.5617924528301887    0.0777592530843569
0.5627358490566038    0.07398910748028428
0.5636792452830188    0.06786262087362056
0.564622641509434    0.06856952317438744
0.5655660377358491    0.07681671668333438
0.5665094339622642    0.07092586417696041
0.5674528301886792    0.07422474158052249
0.5683962264150944    0.07021896187617684
0.5693396226415095    0.07092586417694371
0.5702830188679245    0.06762698677338086
0.5712264150943396    0.07634544848282314
0.5721698113207547    0.0706902300766881
0.5731132075471699    0.06527064577080867
0.5740566037735849    0.07116149827721609
0.575    0.06786262087362056
0.5759433962264151    0.06338557296876365
0.5768867924528303    0.07210403467822185
0.5778301886792453    0.06927642547517063
0.5787735849056603    0.06479937757029741
0.5797169811320755    0.05985106146492925
0.5806603773584906    0.055374013560072335
0.5816037735849057    0.07186840057798315
0.5825471698113207    0.059144159164162366
0.5834905660377359    0.0603223296654405
0.584433962264151    0.06079359786595176
0.585377358490566    0.05985106146494334
0.5863207547169811    0.0664488162720868
0.5872641509433962    0.05890852506390674
0.5882075471698114    0.05631654996109484
0.5891509433962264    0.053960208958551276
0.5900943396226415    0.05773035456262861
0.5910377358490566    0.050896965655215426
0.5919811320754718    0.05655218406135047
0.5929245283018868    0.05443147715906264
0.5938679245283018    0.05254640435700481
0.594811320754717    0.05396020895853857
0.5957547169811321    0.051368233855726676
0.5966981132075472    0.05890852506392061
0.5976415094339622    0.05396020895853857
0.5985849056603774    0.04618428365010289
0.5995283018867925    0.05513837945981671
0.6004716981132076    0.05608091586085241
0.6014150943396226    0.052310770256749184
0.6023584905660377    0.05254640435700481
0.6033018867924529    0.04948316105368166
0.6042452830188679    0.04594864954985807
0.605188679245283    0.04901189285317041
0.6061320754716981    0.05301767255751607
0.6070754716981133    0.044534844948313494
0.6080188679245283    0.04901189285318194
0.6089622641509433    0.045477381349336
0.6099056603773585    0.04712682005112539
0.6108490566037736    0.04594864954984726
0.6117924528301887    0.04641991775036944
0.6127358490566037    0.04571301544959163
0.6136792452830189    0.0393508947426897
0.614622641509434    0.041235967544734714
0.6155660377358491    0.040529065243977376
0.6165094339622641    0.04100033344447909
0.6174528301886792    0.0419428698455016
0.6183962264150944    0.03746582194064469
0.6193396226415094    0.045241747249091024
0.6202830188679245    0.048069356452147896
0.6212264150943396    0.04217850394575723
0.6221698113207548    0.04877625875291478
0.6231132075471698    0.03864399244193192
0.6240566037735849    0.03746582194064469
0.625    0.03699455374013343
0.6259433962264151    0.044063576747802244
0.6268867924528302    0.035580749138608044
0.6278301886792452    0.035580749138599675
0.6287735849056604    0.03887962654217845
0.6297169811320755    0.0358163832388553
0.6306603773584906    0.039586528842954646
0.6316037735849056    0.03628765143936655
0.6325471698113208    0.035580749138599675
0.6334905660377359    0.03487384683783279
0.6344339622641509    0.038172724241420555
0.635377358490566    0.027333555629652728
0.6363207547169811    0.03086806713348713
0.6372641509433963    0.03133933533399839
0.6382075471698113    0.03204623763477281
0.6391509433962264    0.02874736023118649
0.6400943396226415    0.0332244081360434
0.6410377358490567    0.03110370123374276
0.6419811320754717    0.025448482827613698
0.6429245283018867    0.03251750583527652
0.6438679245283019    0.029925530732464626
0.644811320754717    0.031574969434254016
0.6457547169811321    0.02827609203068189
0.6466981132075471    0.024505946426585205
0.6476415094339623    0.02874736023118649
0.6485849056603774    0.0306324330332315
0.6495283018867924    0.02756918972991484
0.6504716981132075    0.027333555629652728
0.6514150943396226    0.02686228742914147
0.6523584905660378    0.029689896632208997
0.6533018867924528    0.03251750583528417
0.6542452830188679    0.027333555629652728
0.655188679245283    0.02474158052684083
0.6561320754716982    0.02686228742914147
0.6570754716981132    0.02898299433144894
0.6580188679245282    0.025919751028118963
0.6589622641509434    0.025212848727352084
0.6599056603773585    0.027333555629652728
0.6608490566037736    0.028747360231193255
0.6617924528301886    0.02120706902300643
0.6627358490566038    0.019086362120705785
0.6636792452830189    0.01932199622096141
0.664622641509434    0.021913971323778463
0.665566037735849    0.025212848727352084
0.6665094339622641    0.02238523952428456
0.6674528301886793    0.02332777592530707
0.6683962264150943    0.025684116927869382
0.6693396226415094    0.024270312326329577
0.6702830188679245    0.023092141825051444
0.6712264150943397    0.0209714349227508
0.6721698113207547    0.022149605424034147
0.6731132075471697    0.01932199622096141
0.6740566037735849    0.02120706902300643
0.675    0.02073580082249517
0.6759433962264151    0.020264532621988688
0.6768867924528301    0.020500166722239546
0.6778301886792453    0.018143825719683274
0.6787735849056604    0.018143825719683274
0.6797169811320755    0.01837945981994323
0.6806603773584905    0.01861509392019453
0.6816037735849056    0.02238523952428456
0.6825471698113208    0.01531621651661575
0.6834905660377358    0.02050016672224437
0.6844339622641509    0.020500166722239546
0.685377358490566    0.01861509392019453
0.6863207547169812    0.019793264421472664
0.6872641509433962    0.01720128931866482
0.6882075471698113    0.01861509392019453
0.6891509433962264    0.01555185061687138
0.6900943396226416    0.015080582416360126
0.6910377358490567    0.01625875291763826
0.6919811320754717    0.016258752917642085
0.6929245283018868    0.017201289318660766
0.6938679245283019    0.012017339113036974
0.6948113207547171    0.01625875291763826
0.6957547169811321    0.01649438701789777
0.6966981132075472    0.015787484717127008
0.6976415094339623    0.014138046015337618
0.6985849056603775    0.012959875514059482
0.6995283018867925    0.014138046015340945
0.7004716981132075    0.013902411915081991
0.7014150943396227    0.009896632210736332
0.7023584905660378    0.014844948316104499
0.7033018867924529    0.013431143714573898
0.7042452830188679    0.01319550961431511
0.7051886792452831    0.016023118817382633
0.7061320754716982    0.018850728020450156
0.7070754716981132    0.013195509614318215
0.7080188679245283    0.012252973213292603
0.7089622641509434    0.013666777814826364
0.7099056603773586    0.013431143714570735
0.7108490566037736    0.014609314215852308
0.7117924528301887    0.012252973213292603
0.7127358490566038    0.012724241413803856
0.713679245283019    0.01083916861175884
0.714622641509434    0.011074802712017074
0.715566037735849    0.01083916861175884
0.7165094339622642    0.013902411915081991
0.7174528301886793    0.01083916861175884
0.7183962264150944    0.012252973213295486
0.7193396226415094    0.01083916861175884
0.7202830188679246    0.01319550961431511
0.7212264150943397    0.013431143714570735
0.7221698113207548    0.009896632210738662
0.7231132075471698    0.009896632210736332
0.7240566037735849    0.010132266310991959
0.7250000000000001    0.012724241413803856
0.7259433962264151    0.011546070912528439
0.7268867924528302    0.009189729909969451
0.7278301886792453    0.008247193508946944
0.7287735849056605    0.01083916861175884
0.7297169811320755    0.010132266310994344
0.7306603773584905    0.014138046015337618
0.7316037735849057    0.009425364010225078
0.7325471698113208    0.008247193508946944
0.7334905660377359    0.011781705012784121
0.7344339622641509    0.009896632210736332
0.7353773584905661    0.006833388907413182
0.7363207547169812    0.011074802712014468
0.7372641509433963    0.00871846170946025
0.7382075471698113    0.010367900411247586
0.7391509433962264    0.00777592530843569
0.7400943396226416    0.006126486606646301
0.7410377358490566    0.00777592530843752
0.7419811320754717    0.010603534511503214
0.7429245283018868    0.00848282760920257
0.743867924528302    0.007540291208180063
0.744811320754717    0.006597754807159108
0.745754716981132    0.008011559408691317
0.7466981132075472    0.00541958430587942
0.7476415094339623    0.007304657107924435
0.7485849056603774    0.00871846170946025
0.7495283018867924    0.004948316105368166
0.7504716981132076    0.0035345115038344045
0.7514150943396227    0.007304657107924435
0.7523584905660378    0.0063621207069034244
0.7533018867924528    0.006126486606646301
0.754245283018868    0.005183950205623793
0.7551886792452831    0.009425364010225078
0.7561320754716981    0.0070690230076704726
0.7570754716981132    0.009425364010225078
0.7580188679245283    0.00777592530843569
0.7589622641509435    0.004477047904856912
0.7599056603773585    0.00871846170946025
0.7608490566037736    0.00777592530843569
0.7617924528301887    0.005183950205623793
0.7627358490566039    0.004477047904856912
0.7636792452830189    0.005655218406136378
0.7646226415094339    0.004241413804601285
0.7655660377358491    0.007304657107924435
0.7665094339622642    0.0058908525063906736
0.7674528301886793    0.006597754807159108
0.7683962264150943    0.004948316105368166
0.7693396226415095    0.004477047904856912
0.7702830188679246    0.004241413804601285
0.7712264150943396    0.005183950205625013
0.7721698113207547    0.0037701456040900314
0.7731132075471698    0.0028276092030675233
0.774056603773585    0.004477047904856912
0.775    0.004005779704346601
0.7759433962264151    0.004477047904856912
0.7768867924528302    0.0023563410025562695
0.7778301886792454    0.004005779704345658
0.7787735849056604    0.0037701456040909187
0.7797169811320754    0.004477047904856912
0.7806603773584906    0.004241413804601285
0.7816037735849057    0.0030632433033231507
0.7825471698113208    0.006126486606647743
0.7834905660377358    0.0035345115038344045
0.784433962264151    0.0032988774035787776
0.7853773584905661    0.0025919751028118964
0.7863207547169812    0.0035345115038352363
0.7872641509433962    0.0037701456040900314
0.7882075471698113    0.004241413804601285
0.7891509433962265    0.004005779704345658
0.7900943396226415    0.004005779704346601
0.7910377358490566    0.0023563410025562695
0.7919811320754717    0.0011781705012781348
0.7929245283018869    0.0016494387017893888
0.7938679245283019    0.002827609203068189
0.7948113207547169    0.005655218406135047
0.7957547169811321    0.004005779704345658
0.7966981132075472    0.004005779704345658
0.7976415094339623    0.001649438701789777
0.7985849056603773    0.0028276092030675233
0.7995283018867925    0.0021207069023006426
0.8004716981132076    0.0018850728020450157
0.8014150943396227    0.002356341002556824
0.8023584905660377    0.0018850728020450157
0.8033018867924528    0.0018850728020450157
0.804245283018868    0.0011781705012781348
0.805188679245283    0.0021207069023011418
0.8061320754716981    0.0016494387017893888
0.8070754716981132    0.0023563410025562695
0.8080188679245284    0.0018850728020450157
0.8089622641509434    0.001649438701789777
0.8099056603773584    0.0023563410025562695
0.8108490566037736    0.0018850728020450157
0.8117924528301887    0.0021207069023006426
0.8127358490566038    0.0009425364010227297
0.8136792452830188    0.0016494387017893888
0.814622641509434    0.0030632433033231507
0.8155660377358491    0.0016494387017893888
0.8165094339622642    0.001178170501278412
0.8174528301886792    0.0023563410025562695
0.8183962264150944    0.0016494387017893888
0.8193396226415095    0.0025919751028118964
0.8202830188679245    0.0014138046015340945
0.8212264150943396    0.0023563410025562695
0.8221698113207547    0.0014138046015337617
0.8231132075471699    0.0009425364010225078
0.8240566037735849    0.001178170501278412
0.825    0.0014138046015337617
0.8259433962264151    0.0016494387017893888
0.8268867924528303    0.0014138046015337617
0.8278301886792453    0.00047126820051136484
0.8287735849056603    0.0014138046015337617
0.8297169811320755    0.0009425364010225078
0.8306603773584906    0.0007069023007668808
0.8316037735849057    0.001178170501278412
0.8325471698113207    0.0004712682005112539
0.8334905660377359    0.0018850728020450157
0.834433962264151    0.0004712682005112539
0.835377358490566    0.00047126820051136484
0.8363207547169811    0.0018850728020450157
0.8372641509433962    0.0014138046015337617
0.8382075471698114    0.0009425364010225078
0.8391509433962264    0.001178170501278412
0.8400943396226415    0.00023563410025562696
0.8410377358490566    0.0009425364010225078
0.8419811320754718    0.0014138046015337617
0.8429245283018868    0.00047126820051136484
0.8438679245283018    0.0007069023007668808
0.844811320754717    0.0016494387017893888
0.8457547169811321    0.0004712682005112539
0.8466981132075472    0.001649438701789777
0.8476415094339622    0.0
0.8485849056603774    0.0007069023007668808
0.8495283018867925    0.0009425364010225078
0.8504716981132076    0.0007069023007670473
0.8514150943396226    0.00023563410025562696
0.8523584905660377    0.0004712682005112539
0.8533018867924529    0.0004712682005112539
0.8542452830188679    0.00047126820051136484
0.855188679245283    0.00023563410025562696
0.8561320754716981    0.0007069023007668808
0.8570754716981133    0.00023563410025562696
0.8580188679245283    0.00047126820051136484
0.8589622641509433    0.0004712682005112539
0.8599056603773585    0.00023563410025562696
0.8608490566037736    0.00023563410025562696
0.8617924528301887    0.00047126820051136484
0.8627358490566037    0.0
0.8636792452830189    0.00023563410025562696
0.864622641509434    0.0
0.8655660377358491    0.00023563410025568242
0.8665094339622641    0.0
0.8674528301886792    0.0
0.8683962264150944    0.0
0.8693396226415094    0.00023563410025568242
0.8702830188679245    0.0004712682005112539
0.8712264150943396    0.00023563410025562696
0.8721698113207548    0.00023563410025562696
0.8731132075471698    0.00047126820051136484
0.8740566037735849    0.0004712682005112539
0.875    0.00023563410025562696
0.8759433962264151    0.0004712682005112539
0.8768867924528302    0.00023563410025568242
0.8778301886792452    0.0
0.8787735849056604    0.0004712682005112539
0.8797169811320755    0.0
0.8806603773584906    0.0
0.8816037735849056    0.0
0.8825471698113208    0.00023563410025562696
0.8834905660377359    0.0
0.8844339622641509    0.0
0.885377358490566    0.0
0.8863207547169811    0.0
0.8872641509433963    0.0
0.8882075471698113    0.00023563410025568242
0.8891509433962264    0.0
0.8900943396226415    0.00023563410025562696
0.8910377358490567    0.0004712682005112539
0.8919811320754717    0.0
0.8929245283018867    0.00023563410025562696
0.8938679245283019    0.0
0.894811320754717    0.0
0.8957547169811321    0.00023563410025568242
0.8966981132075471    0.0
0.8976415094339623    0.0
0.8985849056603774    0.0
0.8995283018867924    0.0
0.9004716981132075    0.0
0.9014150943396226    0.0
0.9023584905660378    0.0
0.9033018867924528    0.0
0.9042452830188679    0.0
0.905188679245283    0.0
0.9061320754716982    0.0
0.9070754716981132    0.0
0.9080188679245282    0.00023563410025562696
0.9089622641509434    0.00023563410025562696
0.9099056603773585    0.0
0.9108490566037736    0.0
0.9117924528301886    0.0
0.9127358490566038    0.0
0.9136792452830189    0.0
0.914622641509434    0.00023563410025568242
0.915566037735849    0.0
0.9165094339622641    0.0
0.9174528301886793    0.0
0.9183962264150943    0.0
0.9193396226415094    0.0
0.9202830188679245    0.0
0.9212264150943397    0.0
0.9221698113207547    0.0
0.9231132075471697    0.0
0.9240566037735849    0.0
0.925    0.0
0.9259433962264151    0.0
0.9268867924528301    0.0
0.9278301886792453    0.0
0.9287735849056604    0.0
0.9297169811320755    0.0
0.9306603773584905    0.0
0.9316037735849056    0.0
0.9325471698113208    0.0
0.933490566037736    0.0
0.934433962264151    0.0
0.935377358490566    0.0
0.9363207547169812    0.0
0.9372641509433963    0.0
0.9382075471698114    0.0
0.9391509433962264    0.0
0.9400943396226416    0.0
0.9410377358490567    0.0
0.9419811320754717    0.0
0.9429245283018868    0.0
0.9438679245283019    0.0
0.9448113207547171    0.0
0.9457547169811321    0.0
0.9466981132075472    0.0
0.9476415094339623    0.0
0.9485849056603775    0.0
0.9495283018867925    0.0
0.9504716981132075    0.0
0.9514150943396227    0.00023563410025562696
0.9523584905660378    0.0
0.9533018867924529    0.0
0.9542452830188679    0.0
0.9551886792452831    0.0
0.9561320754716982    0.0
0.9570754716981132    0.0
0.9580188679245283    0.0
0.9589622641509434    0.0
0.9599056603773586    0.0
0.9608490566037736    0.0
0.9617924528301887    0.0
0.9627358490566038    0.0
0.963679245283019    0.0
0.964622641509434    0.0
0.965566037735849    0.0
0.9665094339622642    0.0
0.9674528301886793    0.0
0.9683962264150944    0.0
0.9693396226415094    0.0
0.9702830188679246    0.0
0.9712264150943397    0.0
0.9721698113207548    0.0
0.9731132075471698    0.0
0.9740566037735849    0.0
0.9750000000000001    0.0
0.9759433962264151    0.0
0.9768867924528302    0.0
0.9778301886792453    0.0
0.9787735849056605    0.0
0.9797169811320755    0.0
0.9806603773584905    0.0
0.9816037735849057    0.0
0.9825471698113208    0.0
0.9834905660377359    0.0
0.9844339622641509    0.0
0.9853773584905661    0.0
0.9863207547169812    0.0
0.9872641509433963    0.0
0.9882075471698113    0.0
0.9891509433962264    0.0
0.9900943396226416    0.0
0.9910377358490566    0.0
0.9919811320754717    0.0
0.9929245283018868    0.0
0.993867924528302    0.0
0.994811320754717    0.0
0.995754716981132    0.0
0.9966981132075472    0.0
0.9976415094339623    0.0
0.9985849056603774    0.0
0.9995283018867924    0.0