-0.9995283018867924    0.0
-0.9985849056603773    0.0
-0.9976415094339622    0.0
-0.9966981132075472    0.0030632433033235106
-0.995754716981132    0.07705235078359002
-0.9948113207547169    0.3687673669000996
-0.9938679245283019    0.9123752361897876
-0.9929245283018868    1.7168300544627
-0.9919811320754717    2.79815494053557
-0.9910377358490565    4.056205401800839
-0.9900943396226415    5.8387773702341805
-0.9891509433962264    7.869000778037589
-0.9882075471698113    9.86976992330719
-0.9872641509433961    11.6219450928094
-0.9863207547169811    12.610430143380388
-0.9853773584905661    12.63446482160795
-0.9844339622641509    12.103581193730536
-0.9834905660377358    11.13229743247815
-0.9825471698113207    10.377561409358067
-0.9816037735849057    9.574756029788272
-0.9806603773584905    8.84169834389189
-0.9797169811320754    8.39375791930693
-0.9787735849056604    7.951943981326644
-0.9778301886792453    7.49363565633033
-0.9768867924528302    7.250932533066153
-0.975943396226415    6.941780593531587
-0.975    6.597754807157555
-0.9740566037735849    6.358821829499098
-0.9731132075471698    6.036238746248396
-0.9721698113207546    5.724966099811386
-0.9712264150943396    5.530332332999565
-0.9702830188679246    5.179708791819801
-0.9693396226415094    4.881867289096079
-0.9683962264150943    4.595571857286034
-0.9674528301886792    4.289011892852922
-0.9665094339622642    3.982923196621331
-0.965566037735849    3.6956852284092534
-0.9646226415094339    3.4065621873959997
-0.9636792452830188    3.172341891741506
-0.9627358490566038    2.851643881293933
-0.9617924528301887    2.658895187284495
-0.9608490566037735    2.333720128932004
-0.9599056603773585    2.09337334667099
-0.9589622641509434    1.9142914304769387
-0.9580188679245283    1.698450594642559
-0.9570754716981131    1.5728576192064951
-0.9561320754716981    1.4043792375235367
-0.9551886792452831    1.284912748694085
-0.9542452830188679    1.1315149494275207
-0.9533018867924528    1.0657730354563262
-0.9523584905660377    0.979766588862897
-0.9514150943396227    0.9050705790819696
-0.9504716981132075    0.8744381460486317
-0.9495283018867924    0.8171790596866104
-0.9485849056603773    0.7672246304323214
-0.9476415094339623    0.7601556074247421
-0.9466981132075472    0.7252817605868197
-0.945754716981132    0.7085517394687536
-0.944811320754717    0.6894653773479645
-0.9438679245283019    0.6746204290319394
-0.9429245283018868    0.6508213849060416
-0.9419811320754716    0.6449305323997269
-0.9410377358490566    0.6326775591863584
-0.9400943396226416    0.6204245859731388
-0.9391509433962264    0.6244303656774114
-0.9382075471698113    0.5975680782483402
-0.9372641509433962    0.6011025897521044
-0.9363207547169812    0.6041658330554986
-0.935377358490566    0.5980393464487812
-0.9344339622641509    0.5947404690452724
-0.9334905660377358    0.5846082027342104
-0.9325471698113208    0.5907346893409263
-0.9316037735849056    0.5747115705234742
-0.9306603773584905    0.5737690341225191
-0.9297169811320755    0.5400733577858969
-0.9287735849056604    0.5282916527731778
-0.9278301886792453    0.5158030454595675
-0.9268867924528301    0.48870512393022786
-0.9259433962264151    0.4606646659997507
-0.925    0.4832855396243478
-0.9240566037735849    0.4380437923752105
-0.9231132075471697    0.4373368900744951
-0.9221698113207547    0.4071757252417234
-0.9212264150943397    0.39610092252975554
-0.9202830188679245    0.39303767922638577
-0.9193396226415094    0.36994553740137787
-0.9183962264150943    0.3715949761031237
-0.9174528301886793    0.35792819828833944
-0.9165094339622641    0.3671179281982668
-0.915566037735849    0.34449705457376717
-0.914622641509434    0.33460042236299026
-0.9136792452830189    0.33766366566635314
-0.9127358490566038    0.34543959097474913
-0.9117924528301886    0.33200844726021744
-0.9108490566037736    0.3437901522729597
-0.9099056603773585    0.31669223074359987
-0.9089622641509434    0.31339335333998386
-0.9080188679245282    0.2999622096254484
-0.9070754716981132    0.295013893520045
-0.9061320754716982    0.30066911192621537
-0.905188679245283    0.2799333111036848
-0.9042452830188679    0.2745137267978377
-0.9033018867924528    0.27663443370010604
-0.9023584905660378    0.2693297765922133
-0.9014150943396226    0.27427809269754977
-0.9004716981132075    0.2728642880960481
-0.8995283018867924    0.2669734355896254
-0.8985849056603774    0.2693297765922133
-0.8976415094339623    0.28488162720905297
-0.8966981132075471    0.27262865399579245
-0.8957547169811321    0.2999622096254131
-0.894811320754717    0.2957207958208466
-0.8938679245283019    0.2947782594197893
-0.8929245283018867    0.30019784372570407
-0.8919811320754717    0.3112726464376832
-0.8910377358490567    0.3223474491497356
-0.8900943396226415    0.3148071579415176
-0.8891509433962264    0.32470379015229217
-0.8882075471698113    0.3364854951650353
-0.8872641509433963    0.3383705679671201
-0.8863207547169811    0.33342225186171215
-0.885377358490566    0.3583994664888508
-0.8844339622641509    0.3430832499721928
-0.8834905660377359    0.32682449705459304
-0.8825471698113208    0.34025564076912534
-0.8816037735849056    0.36570412359677607
-0.8806603773584906    0.35722129598753044
-0.8797169811320755    0.35580749138603857
-0.8787735849056604    0.33224408136043404
-0.8778301886792452    0.3317728131599618
-0.8768867924528302    0.3395487384683584
-0.8759433962264151    0.3327153495609844
-0.875    0.32140491274867516
-0.8740566037735849    0.33153717905970614
-0.8731132075471698    0.30820940313436007
-0.8721698113207548    0.30161164832723797
-0.8712264150943396    0.2844103590085417
-0.8702830188679245    0.2950138935200797
-0.8693396226415094    0.27946204290317356
-0.8683962264150944    0.2610825830832654
-0.8674528301886792    0.26791597199064787
-0.8665094339622641    0.2603756807824984
-0.8655660377358491    0.2535422918750546
-0.864622641509434    0.24718017116818175
-0.8636792452830189    0.2547204623763328
-0.8627358490566037    0.23799044125821125
-0.8617924528301887    0.23657663665664946
-0.8608490566037736    0.23280649105258683
-0.8599056603773585    0.24176058686227325
-0.8589622641509433    0.23681227075693295
-0.8580188679245283    0.25259975547403213
-0.8570754716981133    0.2549560964766184
-0.8561320754716981    0.239404245859717
-0.855188679245283    0.2577837056796862
-0.8542452830188679    0.253306657774799
-0.8533018867924529    0.2690941424919576
-0.8523584905660377    0.24812270756917518
-0.8514150943396226    0.2485939757697157
-0.8504716981132076    0.258961876180934
-0.8495283018867925    0.2530710236745731
-0.8485849056603774    0.23916861175946136
-0.8476415094339622    0.24718017116818175
-0.8466981132075472    0.2507146826719871
-0.8457547169811321    0.24718017116818175
-0.844811320754717    0.24953651217070894
-0.8438679245283018    0.24953651217073833
-0.8429245283018868    0.26555963098809154
-0.8419811320754718    0.2587262420807088
-0.8410377358490566    0.23280649105255943
-0.8400943396226415    0.249065243970227
-0.8391509433962264    0.2615538512837459
-0.8382075471698114    0.26178948538403235
-0.8372641509433962    0.2464732688673858
-0.8363207547169811    0.25212848727355053
-0.835377358490566    0.2573124374791447
-0.834433962264151    0.2636745581860776
-0.8334905660377359    0.2674447037901366
-0.8325471698113207    0.28205401800601865
-0.8316037735849057    0.2735711903967829
-0.8306603773584906    0.27168611759476985
-0.8297169811320755    0.2903012115149324
-0.8287735849056603    0.2771057019006499
-0.8278301886792453    0.2926575525174887
-0.8268867924528303    0.2943069912193127
-0.8259433962264151    0.28488162720905297
-0.825    0.28252528620652995
-0.8240566037735849    0.29831277092362374
-0.8231132075471699    0.2898299433144553
-0.8221698113207547    0.29100811381569924
-0.8212264150943396    0.27192175169502547
-0.8202830188679245    0.28605979771033113
-0.8193396226415095    0.27498499499834905
-0.8183962264150944    0.2695654106924373
-0.8174528301886792    0.26061131488272343
-0.816509433962264    0.2474158052684374
-0.8155660377358491    0.2676803378904237
-0.814622641509434    0.2568411692786334
-0.8136792452830188    0.24977214627096456
-0.8127358490566037    0.249065243970227
-0.8117924528301887    0.2549560964766184
-0.8108490566037736    0.24364565966431828
-0.8099056603773584    0.25542736467709964
-0.8089622641509433    0.24058241636102345
-0.8080188679245284    0.23704790485718863
-0.8070754716981132    0.24953651217070894
-0.8061320754716981    0.23045015005000316
-0.8051886792452829    0.2323352228520755
-0.804245283018868    0.2530710236745731
-0.8033018867924528    0.26037568078246776
-0.8023584905660377    0.245059464265852
-0.8014150943396225    0.242231855062813
-0.8004716981132076    0.2464732688674148
-0.7995283018867925    0.24176058686227325
-0.7985849056603773    0.2429387573635514
-0.7976415094339622    0.24105368456153475
-0.7966981132075472    0.23634100255642165
-0.7957547169811321    0.2290363454484694
-0.7948113207547169    0.2325708569523038
-0.7938679245283018    0.23021451594977463
-0.7929245283018869    0.24105368456153475
-0.7919811320754717    0.2325708569523038
-0.7910377358490566    0.22785817494719127
-0.7900943396226414    0.22644437034568415
-0.7891509433962265    0.23304212515284248
-0.7882075471698113    0.22078915193952245
-0.7872641509433962    0.23280649105255943
-0.786320754716981    0.22832944314772938
-0.7853773584905661    0.23021451594977463
-0.784433962264151    0.22856507724795813
-0.7834905660377358    0.211599422029553
-0.7825471698113207    0.22809380904747376
-0.7816037735849057    0.23728353895744428
-0.7806603773584906    0.22314549294207875
-0.7797169811320754    0.22950761364898065
-0.7787735849056603    0.22126042014005975
-0.7778301886792454    0.24788707346894873
-0.7768867924528302    0.24317439146380704
-0.7759433962264151    0.23563410025562695
-0.7749999999999999    0.2266800044459398
-0.774056603773585    0.23681227075693295
-0.7731132075471698    0.23704790485716074
-0.7721698113207547    0.25000778037122023
-0.7712264150943395    0.24576636656664783
-0.7702830188679246    0.2417605868623017
-0.7693396226415095    0.24223185506278452
-0.7683962264150943    0.26273202178502403
-0.7674528301886792    0.25236412137380615
-0.7665094339622642    0.25613426697789665
-0.7655660377358491    0.2610825830832347
-0.7646226415094339    0.2733355562965272
-0.7636792452830188    0.268151606090935
-0.7627358490566039    0.2723930198955368
-0.7617924528301887    0.2745137267978054
-0.7608490566037736    0.2657952650883472
-0.7599056603773584    0.2702723129932359
-0.7589622641509435    0.2754562631988603
-0.7580188679245283    0.26249638768476846
-0.7570754716981132    0.26555963098809154
-0.756132075471698    0.2540135600755958
-0.7551886792452831    0.2624963876847993
-0.754245283018868    0.2674447037901366
-0.7533018867924528    0.2643814604868135
-0.7523584905660377    0.2657952650883785
-0.7514150943396227    0.26508836278761155
-0.7504716981132076    0.26603089918860284
-0.7495283018867924    0.2632032899855353
-0.7485849056603773    0.26673780148940107
-0.7476415094339623    0.25613426697789665
-0.7466981132075472    0.2573124374791447
-0.745754716981132    0.2474158052684083
-0.7448113207547169    0.269565410692469
-0.743867924528302    0.2535422918750844
-0.7429245283018868    0.2584906079804228
-0.7419811320754717    0.24930087807045334
-0.7410377358490565    0.2636745581860776
-0.7400943396226416    0.262025119484288
-0.7391509433962264    0.2653239968878359
-0.7382075471698113    0.25990441258195657
-0.7372641509433961    0.2587262420807088
-0.7363207547169812    0.24246748916306868
-0.7353773584905661    0.25000778037122023
-0.7344339622641509    0.23634100255639381
-0.7334905660377358    0.2434100255640913
-0.7325471698113208    0.2636745581860776
-0.7316037735849057    0.2535422918750546
-0.7306603773584905    0.24176058686227325
-0.7297169811320754    0.2507146826720166
-0.7287735849056605    0.24058241636102345
-0.7278301886792453    0.2389329776592057
-0.7268867924528302    0.23092141825051443
-0.725943396226415    0.22008224963878148
-0.7250000000000001    0.23681227075693295
-0.7240566037735849    0.22243859064131186
-0.7231132075471698    0.22173168834054496
-0.7221698113207546    0.21725464043571363
-0.7212264150943397    0.209478715127277
-0.7202830188679246    0.213484494831598
-0.7193396226415094    0.21254195843057552
-0.7183962264150943    0.19416249861065946
-0.7174528301886793    0.20547293542293088
-0.7165094339622642    0.20523730132265108
-0.715566037735849    0.2054729354229067
-0.7146226415094339    0.19746137601423863
-0.713679245283019    0.20971434922753268
-0.7127358490566038    0.2038234967211173
-0.7117924528301887    0.20853617872622987
-0.7108490566037735    0.19581193731244906
-0.7099056603773586    0.19958208291653953
-0.7089622641509434    0.1932199622096141
-0.7080188679245283    0.20782927642546298
-0.7070754716981131    0.21183505612983355
-0.7061320754716982    0.20712237412472048
-0.7051886792452831    0.2087718128264855
-0.7042452830188679    0.20193842391907232
-0.7033018867924528    0.21442703123264575
-0.7023584905660378    0.21277759253085618
-0.7014150943396227    0.21536956763364304
-0.7004716981132075    0.19699010781370413
-0.6995283018867924    0.2047660331221639
-0.6985849056603775    0.22338112704236066
-0.6976415094339623    0.21701900633543242
-0.6966981132075472    0.2071223741246961
-0.695754716981132    0.22126042014005975
-0.6948113207547171    0.22597310214517285
-0.6938679245283019    0.21395576303210928
-0.6929245283018868    0.2316283205512813
-0.6919811320754716    0.22102478603980408
-0.6910377358490567    0.22550183394466156
-0.6900943396226416    0.23021451594974754
-0.6891509433962264    0.24246748916304012
-0.6882075471698113    0.23374902745360945
-0.6872641509433963    0.23045015005003028
-0.6863207547169812    0.23209958875179254
-0.685377358490566    0.23209958875179254
-0.6844339622641509    0.2382260753584669
-0.683490566037736    0.23610536845616598
-0.6825471698113208    0.239404245859717
-0.6816037735849056    0.23963987995997263
-0.6806603773584905    0.23751917305769993
-0.6797169811320756    0.23846170945872253
-0.6787735849056604    0.24765143936866396
-0.6778301886792453    0.2389329776592057
-0.6768867924528301    0.23610536845616598
-0.6759433962264152    0.23516283205514335
-0.675    0.2353984661553713
-0.6740566037735849    0.22408802934310124
-0.6731132075471697    0.23728353895744428
-0.6721698113207548    0.24128931866179038
-0.6712264150943397    0.23445592975434879
-0.6702830188679245    0.2297432477492363
-0.6693396226415094    0.2356341002556547
-0.6683962264150944    0.22290985884184933
-0.6674528301886793    0.22526619984437937
-0.6665094339622641    0.22856507724795813
-0.665566037735849    0.216312104034691
-0.6646226415094341    0.2266800044459398
-0.6636792452830189    0.19911081471600478
-0.6627358490566038    0.2099499833277636
-0.6617924528301886    0.2068867400244648
-0.6608490566037737    0.2262087362454285
-0.6599056603773585    0.22102478603977807
-0.6589622641509434    0.20429476492162857
-0.6580188679245282    0.20005335111705083
-0.6570754716981133    0.2012315216183291
-0.6561320754716982    0.20170278981881667
-0.655188679245283    0.2099499833277636
-0.6542452830188679    0.1934555963098925
-0.6533018867924529    0.2012315216183291
-0.6523584905660378    0.19180615760808034
-0.6514150943396226    0.17790374569299836
-0.6504716981132075    0.1861509392019672
-0.6495283018867926    0.17177725908637226
-0.6485849056603774    0.17955318439478773
-0.6476415094339623    0.17978881849504338
-0.6466981132075471    0.18426586639992198
-0.6457547169811322    0.176725575191741
-0.644811320754717    0.18944981660552407
-0.6438679245283019    0.1677714793820064
-0.6429245283018867    0.17484050238969578
-0.6419811320754718    0.17012782038458268
-0.6410377358490567    0.16847838168277326
-0.6400943396226415    0.15269089696564628
-0.6391509433962264    0.1663576747804922
-0.6382075471698113    0.15198399466487938
-0.6372641509433963    0.1771968433922523
-0.6363207547169811    0.15693231077024755
-0.635377358490566    0.15104145826385687
-0.6344339622641508    0.1472713126597842
-0.6334905660377359    0.15881738357231126
-0.6325471698113208    0.14279426475490994
-0.6316037735849056    0.14302989885516557
-0.6306603773584905    0.14185172835390414
-0.6297169811320755    0.13077692564188834
-0.6287735849056604    0.1413804601533762
-0.6278301886792452    0.14703567855951122
-0.6268867924528301    0.1305412915416327
-0.6259433962264151    0.1305412915416327
-0.625    0.1366677781482636
-0.6240566037735849    0.1293631210403392
-0.6231132075471697    0.1321907302434223
-0.6221698113207548    0.1274780482383092
-0.6212264150943396    0.1432655329554212
-0.6202830188679245    0.1267711459375273
-0.6193396226415093    0.12653551183728656
-0.6183962264150944    0.1253573413360083
-0.6174528301886792    0.12606424363676041
-0.6165094339622641    0.11805268422806911
-0.615566037735849    0.11805268422808299
-0.614622641509434    0.11805268422808299
-0.6136792452830189    0.12889185283982793
-0.6127358490566037    0.12629987773701606
-0.6117924528301886    0.13242636434367794
-0.6108490566037736    0.12394353673447436
-0.6099056603773585    0.12889185283982793
-0.6089622641509433    0.11640324552627972
-0.6080188679245282    0.12205846393242914
-0.6070754716981133    0.13289763254418924
-0.6061320754716981    0.1197021229298585
-0.605188679245283    0.11121929532065593
-0.6042452830188678    0.10579971101478895
-0.6033018867924529    0.1237079026342187
-0.6023584905660377    0.120644659330881
-0.6014150943396226    0.12417917083471541
-0.6004716981132074    0.1154607091252708
-0.5995283018867925    0.11522507502501514
-0.5985849056603774    0.10744914971656588
-0.5976415094339622    0.12205846393241478
-0.5966981132075471    0.11263309992220294
-0.5957547169811321    0.11145492942092466
-0.594811320754717    0.10650661331554338
-0.5938679245283018    0.10509280871400963
-0.5929245283018867    0.10155829721018718
-0.5919811320754718    0.10792041791708985
-0.5910377358490566    0.10462154051349837
-0.5900943396226415    0.11687451372679096
-0.5891509433962263    0.11192619762143598
-0.5882075471698114    0.10839168611760115
-0.5872641509433962    0.10273646771145335
-0.5863207547169811    0.09943759030787458
-0.5853773584905659    0.09896632210737497
-0.584433962264151    0.10273646771146544
-0.5834905660377359    0.10273646771145335
-0.5825471698113207    0.09731688340557393
-0.5816037735849056    0.10438590641325501
-0.5806603773584906    0.09331110370123925
-0.5797169811320755    0.09990885850838582
-0.5787735849056603    0.10202956541068647
-0.5778301886792452    0.10627097921530027
-0.5768867924528303    0.09236856730021664
-0.5759433962264151    0.1013226631099196
-0.575    0.09213293319995014
-0.5740566037735848    0.09472490830277318
-0.5731132075471699    0.09354673780149492
-0.5721698113207547    0.09684561520506267
-0.5712264150943396    0.09401800600199516
-0.5702830188679244    0.1034433700122324
-0.5693396226415095    0.09401800600200622
-0.5683962264150944    0.09236856730020578
-0.5674528301886792    0.09283983550071702
-0.566509433962264    0.08647771479382527
-0.5655660377358491    0.09378237190175057
-0.564622641509434    0.08412137379125882
-0.5636792452830188    0.0857708124930482
-0.5627358490566037    0.08223630098922348
-0.5617924528301887    0.09660998110481842
-0.5608490566037736    0.09166166499943888
-0.5599056603773584    0.09378237190173953
-0.5589622641509433    0.08506391019229134
-0.5580188679245284    0.09378237190175057
-0.5570754716981132    0.09566744470378455
-0.5561320754716981    0.09590307880404017
-0.5551886792452829    0.08789151939535919
-0.554245283018868    0.09967322440814193
-0.5533018867924528    0.09472490830276203
-0.5523584905660377    0.0935467378014839
-0.5514150943396225    0.08694898299433658
-0.5504716981132076    0.09967322440814193
-0.5495283018867925    0.0935467378014839
-0.5485849056603773    0.09613871290429579
-0.5476415094339622    0.09590307880405147
-0.5466981132075472    0.10179393131044283
-0.5457547169811321    0.10391463821273149
-0.5448113207547169    0.10862732021784403
-0.5438679245283018    0.09354673780149492
-0.5429245283018869    0.10532844281427765
-0.5419811320754717    0.10391463821273149
-0.5410377358490566    0.09001222629764949
-0.5400943396226414    0.08718461709459223
-0.5391509433962265    0.10273646771146544
-0.5382075471698113    0.09590307880404017
-0.5372641509433962    0.09896632210736332
-0.536320754716981    0.09354673780149492
-0.5353773584905661    0.09731688340558538
-0.534433962264151    0.09448927420250641
-0.5334905660377358    0.0970812493053183
-0.5325471698113207    0.08789151939535919
-0.5316037735849057    0.08506391019229134
-0.5306603773584906    0.09448927420250641
-0.5297169811320754    0.09990885850838582
-0.5287735849056603    0.09331110370123925
-0.5278301886792454    0.08011559408692259
-0.5268867924528302    0.09566744470378455
-0.5259433962264151    0.08152939868844693
-0.5249999999999999    0.08647771479382527
-0.524056603773585    0.08223630098922348
-0.5231132075471698    0.08930532399688261
-0.5221698113207547    0.0761098143825675
-0.5212264150943395    0.08247193508947913
-0.5202830188679246    0.08223630098922348
-0.5193396226415095    0.07563854618205625
-0.5183962264150943    0.09119039679892764
-0.5174528301886792    0.07728798488385474
-0.5165094339622642    0.08152939868845652
-0.5155660377358491    0.0864777147938151
-0.5146226415094339    0.08294320328998069
-0.5136792452830188    0.08152939868845652
-0.5127358490566039    0.07870178948538867
-0.5117924528301887    0.08317883739023631
-0.5108490566037736    0.07398910748026687
-0.5099056603773584    0.07940869178615563
-0.5089622641509435    0.0827075691897348
-0.5080188679245283    0.08459264199177008
-0.5070754716981132    0.08082249638768005
-0.506132075471698    0.0827075691897348
-0.5051886792452831    0.07987995998666694
-0.504245283018868    0.08600644659330384
-0.5033018867924528    0.07917305768589065
-0.5023584905660377    0.08529954429254699
-0.5014150943396227    0.08506391019229134
-0.5004716981132076    0.08435700789151446
-0.4995283018867924    0.09119039679892764
-0.49858490566037733    0.08954095809714878
-0.49764150943396224    0.0874202511948376
-0.49669811320754714    0.08765588529510354
-0.49575471698113205    0.07846615538512378
-0.49481132075471695    0.09024786039791574
-0.49386792452830186    0.08506391019228134
-0.49292452830188677    0.09755251750584104
-0.49198113207547167    0.08624208069355946
-0.4910377358490566    0.09142603089919402
-0.4900943396226415    0.08930532399688261
-0.4891509433962264    0.08906968989663748
-0.4882075471698113    0.09496054240301767
-0.4872641509433962    0.09896632210737497
-0.4863207547169811    0.09778815160608519
-0.485377358490566    0.09496054240302883
-0.4844339622641509    0.09684561520506267
-0.4834905660377358    0.0909547626986827
-0.48254716981132073    0.09684561520506267
-0.48160377358490564    0.0956674447037958
-0.48066037735849054    0.10532844281426525
-0.47971698113207545    0.10250083361120979
-0.47877358490566035    0.11286873402244532
-0.47783018867924526    0.09990885850839759
-0.47688679245283017    0.10202956541068647
-0.47594339622641507    0.10579971101478895
-0.475    0.10014449260864146
-0.4740566037735849    0.1029721018117211
-0.4731132075471698    0.1006157608091527
-0.4721698113207547    0.09920195620763063
-0.4712264150943396    0.09731688340557393
-0.4702830188679245    0.10014449260865324
-0.4693396226415094    0.09496054240301767
-0.4683962264150943    0.11357563632322555
-0.4674528301886792    0.09920195620761896
-0.46650943396226413    0.10108702900967585
-0.46556603773584904    0.09307546960097264
-0.46462264150943394    0.09684561520507408
-0.46367924528301885    0.09755251750582956
-0.46273584905660375    0.10273646771146544
-0.46179245283018866    0.10367900411247585
-0.46084905660377357    0.10061576080916455
-0.45990566037735847    0.09213293319995014
-0.4589622641509434    0.10250083361120979
-0.4580188679245283    0.09260420140046138
-0.4570754716981132    0.09660998110481842
-0.4561320754716981    0.09731688340557393
-0.455188679245283    0.10202956541069848
-0.4542452830188679    0.08930532399688261
-0.4533018867924528    0.09071912859842705
-0.4523584905660377    0.08482827609202571
-0.4514150943396226    0.08954095809714878
-0.45047169811320753    0.08294320328998069
-0.44952830188679244    0.0883627875958705
-0.44858490566037734    0.0970812493053183
-0.44764150943396225    0.08906968989663748
-0.44669811320754715    0.09283983550071702
-0.44575471698113206    0.09354673780149492
-0.44481132075471697    0.1006157608091527
-0.44386792452830187    0.09189729909970532
-0.4429245283018868    0.09472490830276203
-0.4419811320754717    0.09425364010226187
-0.4410377358490566    0.08553517839279258
-0.4400943396226415    0.07917305768589997
-0.4391509433962264    0.09496054240301767
-0.4382075471698113    0.09119039679893837
-0.4372641509433962    0.09684561520506267
-0.4363207547169811    0.08600644659331397
-0.435377358490566    0.08529954429253696
-0.43443396226415093    0.08459264199178003
-0.43349056603773584    0.09448927420250641
-0.43254716981132074    0.08388573969101307
-0.43160377358490565    0.08529954429253696
-0.43066037735849055    0.08883405579638182
-0.42971698113207546    0.09236856730020578
-0.42877358490566037    0.08435700789152438
-0.42783018867924527    0.0935467378014839
-0.4268867924528302    0.09236856730021664
-0.4259433962264151    0.09236856730020578
-0.425    0.08930532399689313
-0.4240566037735849    0.08365010559074756
-0.4231132075471698    0.09142603089919402
-0.4221698113207547    0.09236856730020578
-0.4212264150943396    0.09189729909970532
-0.4202830188679245    0.0970812493053183
-0.4193396226415094    0.0909547626986827
-0.41839622641509433    0.09307546960097264
-0.41745283018867924    0.08553517839280264
-0.41650943396226414    0.09213293319995014
-0.41556603773584905    0.08718461709459223
-0.41462264150943395    0.08482827609202571
-0.41367924528301886    0.08459264199178003
-0.41273584905660377    0.09425364010225078
-0.41179245283018867    0.08671334889408093
-0.4108490566037736    0.09331110370122828
-0.4099056603773585    0.08600644659331397
-0.4089622641509434    0.08082249638768005
-0.4080188679245283    0.08577081249305832
-0.4070754716981132    0.08954095809713825
-0.4061320754716981    0.08742025119484789
-0.405188679245283    0.09048349449816075
-0.4042452830188679    0.08930532399689313
-0.4033018867924528    0.08553517839279258
-0.40235849056603773    0.07823052128487736
-0.40141509433962264    0.08317883739023631
-0.40047169811320754    0.07987995998666694
-0.39952830188679245    0.08365010559074756
-0.39858490566037735    0.08129376458820087
-0.39764150943396226    0.07728798488384564
-0.39669811320754716    0.07634544848283212
-0.39575471698113207    0.09448927420250641
-0.394811320754717    0.07281093697899729
-0.3938679245283019    0.07917305768589065
-0.3929245283018868    0.07351783927976427
-0.3919811320754717    0.08035122818716879
-0.3910377358490566    0.07116149827720772
-0.3900943396226415    0.07351783927975561
-0.3891509433962264    0.06927642547516248
-0.3882075471698113    0.06951205957540996
-0.3872641509433962    0.07328220517950862
-0.38632075471698113    0.06715571857285368
-0.38537735849056604    0.0633855729687711
-0.38443396226415094    0.07823052128486815
-0.38349056603773585    0.06786262087362856
-0.38254716981132075    0.0716327664777106
-0.38160377358490566    0.0671557185728616
-0.38066037735849056    0.07116149827719935
-0.37971698113207547    0.0680982549738842
-0.3787735849056604    0.0716327664777106
-0.3778301886792453    0.06880515727465117
-0.3768867924528302    0.06692008447259806
-0.3759433962264151    0.06692008447260593
-0.375    0.06621318217183117
-0.3740566037735849    0.06621318217183897
-0.3731132075471698    0.07021896187617684
-0.3721698113207547    0.0659775480715833
-0.3712264150943396    0.0725753028787331
-0.37028301886792453    0.06904079137490682
-0.36933962264150944    0.07116149827719935
-0.36839622641509434    0.0671557185728616
-0.36745283018867925    0.07540291208180062
-0.36650943396226415    0.060793597865958914
-0.36556603773584906    0.07233966877847747
-0.36462264150943396    0.06786262087362856
-0.36367924528301887    0.0787017894853794
-0.3627358490566038    0.0779948871846217
-0.3617924528301887    0.06974769367566558
-0.3608490566037736    0.06974769367567378
-0.3599056603773585    0.07021896187617684
-0.3589622641509434    0.06786262087362856
-0.3580188679245283    0.06856952317438744
-0.3570754716981132    0.060086695565191944
-0.3561320754716981    0.07658108258307876
-0.355188679245283    0.06527064577081634
-0.35424528301886793    0.06102923196620739
-0.35330188679245284    0.06220740246749284
-0.35235849056603774    0.06574191397131991
-0.35141509433962265    0.06927642547516248
-0.35047169811320755    0.0706902300766881
-0.34952830188679246    0.05867289096365802
-0.34858490566037736    0.05985106146492925
-0.34764150943396227    0.0671557185728616
-0.3466981132075472    0.05985106146492925
-0.3457547169811321    0.06173613426698153
-0.344811320754717    0.06951205957540996
-0.3438679245283019    0.061264866066470226
-0.3429245283018868    0.05961542736467362
-0.3419811320754717    0.060322329665447594
-0.3410377358490566    0.05019006335444854
-0.3400943396226415    0.06220740246749284
-0.3391509433962264    0.05749472046237298
-0.33820754716981133    0.057494720462379745
-0.33726415094339623    0.06267867066799677
-0.33632075471698114    0.05937979326442498
-0.33537735849056605    0.05702345226186172
-0.33443396226415095    0.06055796376570325
-0.33349056603773586    0.05796598866288423
-0.33254716981132076    0.0577303545626354
-0.33160377358490567    0.06102923196620739
-0.3306603773584906    0.05537401356007885
-0.3297169811320755    0.059379793264417995
-0.3287735849056604    0.05725908636212409
-0.3278301886792453    0.054902745359561085
-0.3268867924528302    0.055138379459823195
-0.3259433962264151    0.05301767255751607
-0.325    0.060322329665447594
-0.3240566037735849    0.06621318217183117
-0.3231132075471698    0.061264866066470226
-0.32216981132075473    0.06079359786595176
-0.32122641509433963    0.06197176836723718
-0.32028301886792454    0.0664488162720868
-0.31933962264150945    0.059144159164169326
-0.31839622641509435    0.0629143047682524
-0.31745283018867926    0.060793597865958914
-0.31650943396226416    0.059379793264417995
-0.31556603773584907    0.06173613426698153
-0.314622641509434    0.06150050016671863
-0.3136792452830189    0.06267867066800414
-0.3127358490566038    0.054902745359561085
-0.3117924528301887    0.05820162276314671
-0.3108490566037736    0.05655218406135047
-0.3099056603773585    0.05961542736468063
-0.3089622641509434    0.052075136156493555
-0.3080188679245283    0.05113259975547707
-0.3070754716981132    0.05820162276313986
-0.30613207547169813    0.05066133155496576
-0.30518867924528303    0.050896965655215426
-0.30424528301886794    0.053488940758033614
-0.30330188679245285    0.05042569745470417
-0.30235849056603775    0.05631654996110147
-0.30141509433962266    0.05961542736467362
-0.30047169811320756    0.045006113148830046
-0.29952830188679247    0.05019006335444854
-0.2985849056603774    0.04759808825164225
-0.2976415094339623    0.0506613315549598
-0.2966981132075472    0.050896965655221414
-0.2957547169811321    0.05019006335444854
-0.294811320754717    0.051839502056244026
-0.2938679245283019    0.05749472046237298
-0.2929245283018868    0.050190063354454445
-0.2919811320754717    0.04948316105368166
-0.2910377358490566    0.05113259975547707
-0.29009433962264153    0.05019006335444854
-0.28915094339622643    0.04901189285317617
-0.28820754716981134    0.05019006335444854
-0.28726415094339625    0.04689118595087528
-0.28632075471698115    0.0506613315549598
-0.28537735849056606    0.050190063354454445
-0.28443396226415096    0.048304990552403525
-0.28349056603773587    0.04477047904857439
-0.2825471698113208    0.043827942647546615
-0.2816037735849057    0.04217850394576219
-0.2806603773584906    0.04571301544959163
-0.2797169811320755    0.04076469934422826
-0.2787735849056604    0.04971879515393729
-0.2778301886792453    0.04689118595087528
-0.2768867924528302    0.051368233855726676
-0.27594339622641506    0.04524174724908037
-0.27499999999999997    0.04241413804601784
-0.2740566037735849    0.04594864954984726
-0.2731132075471698    0.04241413804601784
-0.2721698113207547    0.040057797043456585
-0.2712264150943396    0.04830499055240921
-0.2702830188679245    0.04217850394575723
-0.2693396226415094    0.04453484494831874
-0.2683962264150943    0.04524174724908037
-0.2674528301886792    0.05066133155496576
-0.2665094339622641    0.04477047904856912
-0.265566037735849    0.04594864954985266
-0.26462264150943393    0.05254640435700481
-0.26367924528301884    0.050190063354454445
-0.26273584905660374    0.04641991775035851
-0.26179245283018865    0.04948316105368748
-0.26084905660377355    0.04877625875291478
-0.25990566037735846    0.04759808825164225
-0.25896226415094337    0.04618428365010289
-0.2580188679245283    0.04312104034678481
-0.2570754716981132    0.047598088251636646
-0.2561320754716981    0.04901189285317617
-0.255188679245283    0.05301767255751607
-0.2542452830188679    0.05372457485828926
-0.2533018867924528    0.05278203845726044
-0.2523584905660377    0.04830499055240921
-0.2514150943396226    0.05254640435700481
-0.2504716981132075    0.055138379459823195
-0.24952830188679243    0.052075136156493555
-0.24858490566037733    0.060086695565191944
-0.24764150943396224    0.05655218406135047
-0.24669811320754714    0.05396020895854493
-0.24575471698113205    0.05820162276313986
-0.24481132075471695    0.05608091586084581
-0.24386792452830186    0.06173613426697426
-0.24292452830188677    0.060086695565191944
-0.24198113207547167    0.05678781816160609
-0.24103773584905658    0.0633855729687711
-0.24009433962264148    0.06574191397131991
-0.2391509433962264    0.05961542736468063
-0.2382075471698113    0.059379793264417995
-0.2372641509433962    0.05843725686340236
-0.2363207547169811    0.059144159164162366
-0.235377358490566    0.054195843058800576
-0.23443396226415092    0.06692008447259806
-0.23349056603773582    0.06362120706902676
-0.23254716981132073    0.05372457485828294
-0.23160377358490564    0.061500500166725876
-0.23066037735849054    0.055374013560072335
-0.22971698113207545    0.0650350116705607
-0.22877358490566035    0.054902745359561085
-0.22783018867924526    0.05725908636212409
-0.22688679245283017    0.05183950205623793
-0.22594339622641507    0.05396020895854493
-0.22499999999999998    0.05749472046237298
-0.22405660377358488    0.052310770256755346
-0.2231132075471698    0.05631654996109484
-0.2221698113207547    0.05136823385573272
-0.2212264150943396    0.05773035456262861
-0.2202830188679245    0.05937979326442498
-0.2193396226415094    0.05890852506390674
-0.21839622641509432    0.05796598866289105
-0.21745283018867922    0.05890852506390674
-0.21650943396226413    0.05867289096365802
-0.21556603773584904    0.04995442925419291
-0.21462264150943394    0.0530176725575223
-0.21367924528301885    0.051368233855726676
-0.21273584905660375    0.055845281760590164
-0.21179245283018866    0.055374013560072335
-0.21084905660377357    0.05490274535956754
-0.20990566037735847    0.05749472046237298
-0.20896226415094338    0.05372457485828926
-0.20801886792452828    0.048069356452147896
-0.2070754716981132    0.06362120706902676
-0.2061320754716981    0.05513837945981671
-0.205188679245283    0.0530176725575223
-0.2042452830188679    0.050896965655215426
-0.2033018867924528    0.04477047904857439
-0.20235849056603772    0.054902745359561085
-0.20141509433962262    0.04948316105368748
-0.20047169811320753    0.04971879515393729
-0.19952830188679244    0.04453484494831874
-0.19858490566037734    0.04665555185061414
-0.19764150943396225    0.04665555185061963
-0.19669811320754715    0.054902745359561085
-0.19575471698113206    0.04830499055240921
-0.19481132075471697    0.05254640435700481
-0.19386792452830187    0.05113259975547707
-0.19292452830188678    0.0506613315549598
-0.19198113207547168    0.05066133155496576
-0.1910377358490566    0.0516038679559823
-0.1900943396226415    0.05490274535956754
-0.1891509433962264    0.0541958430587942
-0.1882075471698113    0.04948316105368748
-0.1872641509433962    0.045477381349336
-0.18632075471698112    0.04830499055240921
-0.18537735849056602    0.055609647660327964
-0.18443396226415093    0.053488940758033614
-0.18349056603773584    0.044063576747802244
-0.18254716981132074    0.04924752695343183
-0.18160377358490565    0.04924752695342603
-0.18066037735849055    0.05278203845726665
-0.17971698113207546    0.05820162276313986
-0.17877358490566037    0.042649772146273496
-0.17783018867924527    0.048069356452147896
-0.17688679245283018    0.05396020895854493
-0.17594339622641508    0.04736245415138102
-0.175    0.04641991775036398
-0.1740566037735849    0.05325330665777169
-0.1731132075471698    0.04971879515394314
-0.1721698113207547    0.04924752695342603
-0.1712264150943396    0.04830499055240921
-0.17028301886792452    0.045006113148824745
-0.16933962264150942    0.059144159164169326
-0.16839622641509433    0.048069356452147896
-0.16745283018867924    0.051839502056244026
-0.16650943396226414    0.05278203845726044
-0.16556603773584905    0.05466711125931189
-0.16462264150943395    0.04712682005112539
-0.16367924528301886    0.054195843058800576
-0.16273584905660377    0.05867289096365111
-0.16179245283018867    0.0577303545626354
-0.16084905660377358    0.05725908636211735
-0.15990566037735848    0.0504256974547101
-0.1589622641509434    0.05301767255751607
-0.1580188679245283    0.05325330665777796
-0.1570754716981132    0.060086695565184874
-0.1561320754716981    0.06055796376570325
-0.155188679245283    0.0541958430587942
-0.15424528301886792    0.048540624652664864
-0.15330188679245282    0.06456374347004179
-0.15235849056603773    0.05796598866289105
-0.15141509433962264    0.05890852506390674
-0.15047169811320754    0.056552184061357126
-0.14952830188679245    0.059379793264417995
-0.14858490566037735    0.06362120706902676
-0.14764150943396226    0.06314993886850803
-0.14669811320754716    0.059144159164169326
-0.14575471698113207    0.0629143047682524
-0.14481132075471698    0.05843725686340236
-0.14386792452830188    0.05749472046237298
-0.1429245283018868    0.059144159164169326
-0.1419811320754717    0.05843725686339548
-0.1410377358490566    0.058908525063913676
-0.1400943396226415    0.06267867066799677
-0.1391509433962264    0.05937979326442498
-0.13820754716981132    0.06809825497387618
-0.13726415094339622    0.06102923196621457
-0.13632075471698113    0.06527064577080867
-0.13537735849056604    0.0633855729687711
-0.13443396226415094    0.06362120706901928
-0.13349056603773585    0.06974769367567378
-0.13254716981132075    0.05867289096365111
-0.13160377358490566    0.05937979326442498
-0.13066037735849056    0.0629143047682524
-0.12971698113207547    0.06527064577081634
-0.12877358490566038    0.05702345226186172
-0.12783018867924528    0.062443036567748494
-0.1268867924528302    0.061264866066463
-0.1259433962264151    0.06055796376570325
-0.125    0.06432810936978617
-0.1240566037735849    0.06385684116928242
-0.12311320754716981    0.06244303656774114
-0.12216981132075472    0.06856952317439552
-0.12122641509433962    0.06385684116927491
-0.12028301886792453    0.05796598866289105
-0.11933962264150944    0.05773035456262861
-0.11839622641509434    0.05372457485828926
-0.11745283018867925    0.06362120706901928
-0.11650943396226415    0.06173613426698153
-0.11556603773584906    0.05843725686339548
-0.11462264150943396    0.04971879515394314
-0.11367924528301887    0.05372457485828294
-0.11273584905660378    0.05466711125931189
-0.11179245283018868    0.05348894075802732
-0.11084905660377359    0.059144159164169326
-0.1099056603773585    0.05678781816160609
-0.1089622641509434    0.050190063354454445
-0.1080188679245283    0.05631654996109484
-0.10707547169811321    0.0530176725575223
-0.10613207547169812    0.048069356452147896
-0.10518867924528302    0.050190063354454445
-0.10424528301886793    0.047598088251636646
-0.10330188679245284    0.05278203845726665
-0.10235849056603774    0.04170723574524597
-0.10141509433962265    0.0379370901411604
-0.10047169811320755    0.04571301544959163
-0.09952830188679246    0.05136823385573272
-0.09858490566037736    0.04948316105368166
-0.09764150943396227    0.04406357674780743
-0.09669811320754718    0.054902745359561085
-0.09575471698113208    0.048540624652664864
-0.09481132075471699    0.0428854062465241
-0.0938679245283019    0.0452417472490857
-0.0929245283018868    0.04712682005112539
-0.0919811320754717    0.04477047904857439
-0.09103773584905661    0.041235967544734714
-0.09009433962264152    0.041000333444483915
-0.08915094339622642    0.045006113148824745
-0.08820754716981133    0.04806935645215356
-0.08726415094339623    0.04689118595086977
-0.08632075471698114    0.04312104034678481
-0.08537735849056605    0.043827942647546615
-0.08443396226415095    0.04453484494831874
-0.08349056603773586    0.047598088251636646
-0.08254716981132076    0.04948316105368748
-0.08160377358490567    0.040529065243967835
-0.08066037735849058    0.042649772146273496
-0.07971698113207548    0.0516038679559823
-0.07877358490566039    0.04147160164499523
-0.0778301886792453    0.044063576747802244
-0.0768867924528302    0.04029343114371695
-0.0759433962264151    0.040057797043456585
-0.07500000000000001    0.04830499055240921
-0.07405660377358492    0.04618428365010289
-0.07311320754716982    0.04429921084806308
-0.07216981132075473    0.04335667444703536
-0.07122641509433963    0.04665555185061963
-0.07028301886792454    0.04147160164499034
-0.06933962264150945    0.043592308547296114
-0.06839622641509435    0.04312104034677973
-0.06745283018867926    0.041707235745250884
-0.06650943396226416    0.0419428698455016
-0.06556603773584907    0.041000333444483915
-0.06462264150943398    0.0428854062465241
-0.06367924528301888    0.03911526064243868
-0.06273584905660379    0.04665555185061414
-0.06179245283018869    0.045006113148830046
-0.0608490566037736    0.04618428365010289
-0.059905660377358505    0.043592308547296114
-0.05896226415094341    0.05278203845726044
-0.05801886792452832    0.04641991775036398
-0.05707547169811322    0.04736245415138102
-0.05613207547169813    0.041000333444483915
-0.055188679245283034    0.04312104034677973
-0.05424528301886794    0.0478337223518979
-0.053301886792452846    0.047598088251636646
-0.05235849056603775    0.050190063354454445
-0.05141509433962266    0.04594864954984726
-0.050471698113207564    0.048540624652664864
-0.04952830188679247    0.0516038679559823
-0.048584905660377375    0.05066133155496576
-0.04764150943396228    0.04477047904856912
-0.04669811320754719    0.04429921084806308
-0.04575471698113209    0.04712682005112539
-0.044811320754717    0.048540624652664864
-0.043867924528301905    0.04712682005112539
-0.04292452830188681    0.04641991775036398
-0.04198113207547172    0.04594864954984726
-0.04103773584905662    0.050896965655221414
-0.04009433962264153    0.04641991775035851
-0.039150943396226434    0.052546404357010995
-0.03820754716981134    0.04924752695342603
-0.037264150943396246    0.04665555185061963
-0.03632075471698115    0.04429921084805787
-0.03537735849056606    0.04712682005113093
-0.034433962264150964    0.04924752695342603
-0.033490566037735814    0.0506613315549598
-0.03254716981132072    0.051839502056244026
-0.031603773584905626    0.05278203845726044
-0.03066037735849053    0.04665555185061963
-0.029716981132075437    0.05278203845726044
-0.028773584905660343    0.05631654996110147
-0.02783018867924525    0.052310770256749184
-0.026886792452830155    0.055138379459823195
-0.02594339622641506    0.05348894075802732
-0.024999999999999967    0.055138379459823195
-0.024056603773584873    0.050896965655215426
-0.02311320754716978    0.05278203845726665
-0.022169811320754684    0.04971879515393729
-0.02122641509433959    0.052310770256755346
-0.020283018867924496    0.04971879515393729
-0.019339622641509402    0.055845281760590164
-0.018396226415094308    0.05678781816160609
-0.017452830188679214    0.05608091586084581
-0.01650943396226412    0.05183950205623793
-0.015566037735849025    0.05961542736468063
-0.014622641509433931    0.054667111259305456
-0.013679245283018837    0.059144159164169326
-0.012735849056603743    0.06244303656774114
-0.011792452830188649    0.0577303545626354
-0.010849056603773555    0.05702345226186172
-0.00990566037735846    0.05490274535956754
-0.008962264150943366    0.05773035456262861
-0.008018867924528272    0.05796598866289105
-0.007075471698113178    0.06479937757029741
-0.006132075471698084    0.05443147715905623
-0.00518867924528299    0.059379793264417995
-0.004245283018867896    0.06479937757030504
-0.0033018867924528017    0.05867289096365111
-0.0023584905660377076    0.05560964766033451
-0.0014150943396226134    0.05773035456262861
-0.0004716981132075193    0.055138379459823195
0.0004716981132075748    0.05702345226186172
0.0014150943396227245    0.054902745359561085
0.002358490566037763    0.05113259975548309
0.0033018867924528017    0.055845281760583586
0.004245283018867951    0.05513837945981671
0.005188679245283101    0.055374013560072335
0.00613207547169814    0.06197176836724448
0.007075471698113178    0.05278203845726044
0.008018867924528328    0.05843725686339548
0.008962264150943478    0.05749472046237298
0.009905660377358516    0.06150050016673311
0.010849056603773555    0.05325330665777169
0.011792452830188704    0.055609647660327964
0.012735849056603854    0.05631654996109484
0.013679245283018893    0.05537401356008537
0.014622641509433931    0.05301767255751607
0.015566037735849081    0.05702345226186172
0.01650943396226423    0.06055796376569613
0.01745283018867927    0.053960208958551276
0.018396226415094308    0.05348894075802732
0.019339622641509457    0.05254640435700481
0.020283018867924607    0.055845281760583586
0.021226415094339646    0.0657419139713354
0.022169811320754684    0.05348894075802732
0.023113207547169834    0.052075136156493555
0.024056603773584984    0.059144159164162366
0.025000000000000022    0.05443147715906264
0.02594339622641506    0.05890852506390674
0.02688679245283021    0.052310770256749184
0.02783018867924536    0.05867289096365111
0.0287735849056604    0.05537401356008537
0.029716981132075437    0.05183950205623793
0.030660377358490587    0.05749472046237298
0.03160377358490574    0.05702345226186172
0.032547169811320775    0.05890852506392061
0.033490566037735814    0.059379793264417995
0.034433962264150964    0.055374013560072335
0.03537735849056611    0.059144159164162366
0.03632075471698115    0.05678781816161946
0.03726415094339619    0.05678781816160609
0.03820754716981134    0.059144159164162366
0.03915094339622649    0.05820162276313986
0.04009433962264153    0.05372457485829559
0.04103773584905657    0.05796598866288423
0.04198113207547172    0.05867289096365111
0.042924528301886866    0.06338557296876365
0.043867924528301905    0.05419584305880696
0.04481132075471694    0.05749472046237298
0.04575471698113209    0.05843725686339548
0.04669811320754724    0.05749472046237298
0.04764150943396228    0.05537401356008537
0.04858490566037732    0.06055796376569613
0.04952830188679247    0.05443147715904983
0.05047169811320762    0.05725908636211735
0.05141509433962266    0.051368233855738764
0.052358490566037696    0.05890852506390674
0.053301886792452846    0.04924752695342603
0.054245283018867996    0.050896965655215426
0.055188679245283034    0.05419584305880696
0.05613207547169807    0.055609647660327964
0.05707547169811322    0.050896965655215426
0.05801886792452837    0.0516038679559823
0.05896226415094341    0.054902745359574005
0.05990566037735845    0.05372457485828294
0.0608490566037736    0.05301767255751607
0.06179245283018875    0.05372457485828294
0.06273584905660379    0.05419584305880696
0.06367924528301883    0.051368233855726676
0.06462264150943398    0.05678781816160609
0.06556603773584913    0.048304990552403525
0.06650943396226416    0.05372457485829559
0.0674528301886792    0.051368233855726676
0.06839622641509435    0.04736245415138102
0.0693396226415095    0.055374013560072335
0.07028301886792454    0.058201622763153556
0.07122641509433958    0.05655218406135047
0.07216981132075473    0.05820162276313986
0.07311320754716988    0.05820162276313986
0.07405660377358492    0.05678781816161946
0.07499999999999996    0.05042569745470417
0.0759433962264151    0.0506613315549598
0.07688679245283025    0.06338557296876365
0.0778301886792453    0.06079359786596606
0.07877358490566033    0.05843725686339548
0.07971698113207548    0.06479937757029741
0.08066037735849063    0.06762698677336494
0.08160377358490567    0.06173613426698879
0.08254716981132071    0.06173613426697426
0.08349056603773586    0.06527064577080867
0.08443396226415101    0.05773035456262861
0.08537735849056605    0.0631499388685229
0.08632075471698109    0.0683338890741318
0.08726415094339623    0.06786262087362056
0.08820754716981138    0.06409247526953053
0.08915094339622642    0.06644881627210245
0.09009433962264146    0.06597754807157555
0.09103773584905661    0.06739135267310932
0.09198113207547176    0.06856952317438744
0.0929245283018868    0.0669200844726138
0.09386792452830184    0.06527064577080867
0.09481132075471699    0.061264866066463
0.09575471698113214    0.06739135267310932
0.09669811320754718    0.07021896187619336
0.09764150943396221    0.06856952317438744
0.09858490566037736    0.0664488162720868
0.09952830188679251    0.06456374347004179
0.10047169811320755    0.0657419139713354
0.10141509433962259    0.06338557296876365
0.10235849056603774    0.05985106146492925
0.10330188679245289    0.06150050016671863
0.10424528301886793    0.06550627987107971
0.10518867924528297    0.06220740246748552
0.10613207547169812    0.06974769367566558
0.10707547169811327    0.05796598866288423
0.1080188679245283    0.06550627987107971
0.10896226415094334    0.06102923196620739
0.1099056603773585    0.060086695565184874
0.11084905660377364    0.06456374347004179
0.11179245283018868    0.06008669556519902
0.11273584905660372    0.05749472046237298
0.11367924528301887    0.05725908636211735
0.11462264150943402    0.05773035456262861
0.11556603773584906    0.0629143047682672
0.1165094339622641    0.05820162276313986
0.11745283018867925    0.0629143047682524
0.1183962264150944    0.06809825497387618
0.11933962264150944    0.05325330665778423
0.12028301886792447    0.0603223296654405
0.12122641509433962    0.06692008447259806
0.12216981132075477    0.06055796376569613
0.12311320754716981    0.06668445037235812
0.12405660377358485    0.0629143047682524
0.125    0.05820162276313986
0.12594339622641515    0.06856952317438744
0.1268867924528302    0.06150050016673311
0.12783018867924523    0.06150050016671863
0.12877358490566038    0.05702345226186172
0.12971698113207553    0.05348894075802732
0.13066037735849056    0.05937979326443197
0.1316037735849056    0.06362120706901928
0.13254716981132075    0.06338557296876365
0.1334905660377359    0.06550627987106429
0.13443396226415094    0.05937979326443197
0.13537735849056598    0.06385684116927491
0.13632075471698113    0.06314993886850803
0.13726415094339628    0.059379793264417995
0.13820754716981132    0.0657419139713354
0.13915094339622636    0.06974769367566558
0.1400943396226415    0.06597754807157555
0.14103773584905666    0.06338557296876365
0.1419811320754717    0.07446037568079564
0.14292452830188673    0.06456374347004179
0.14386792452830188    0.06197176836722989
0.14481132075471703    0.06055796376569613
0.14575471698113207    0.05443147715906264
0.1466981132075471    0.0664488162720868
0.14764150943396226    0.06362120706901928
0.1485849056603774    0.06786262087362056
0.14952830188679245    0.0631499388685229
0.15047169811320749    0.06479937757029741
0.15141509433962264    0.06362120706901928
0.15235849056603779    0.06503501167055303
0.15330188679245282    0.05843725686340923
0.15424528301886786    0.06220740246748552
0.155188679245283    0.0603223296654405
0.15613207547169816    0.06668445037234243
0.1570754716981132    0.06338557296877857
0.15801886792452824    0.06786262087362056
0.1589622641509434    0.0690407913748987
0.15990566037735854    0.06550627987106429
0.16084905660377358    0.07493164388130702
0.16179245283018862    0.06197176836722989
0.16273584905660377    0.06739135267310932
0.16367924528301891    0.0664488162720868
0.16462264150943395    0.06479937757031266
0.165566037735849    0.06409247526953053
0.16650943396226414    0.06432810936978617
0.1674528301886793    0.06432810936978617
0.16839622641509433    0.06479937757031266
0.16933962264150937    0.07540291208180062
0.17028301886792452    0.0690407913748987
0.17122641509433967    0.06668445037234243
0.1721698113207547    0.07398910748028428
0.17311320754716975    0.05443147715904983
0.1740566037735849    0.06927642547515432
0.17500000000000004    0.06503501167055303
0.17594339622641508    0.06739135267312518
0.17688679245283012    0.06385684116927491
0.17783018867924527    0.0699833277759212
0.17877358490566042    0.0690407913748987
0.17971698113207546    0.06621318217184675
0.1806603773584905    0.0777592530843569
0.18160377358490565    0.0716327664777106
0.1825471698113208    0.0699833277759212
0.18349056603773584    0.07446037568079564
0.18443396226415087    0.07281093697898873
0.18537735849056602    0.06786262087362056
0.18632075471698117    0.07186840057796622
0.1872641509433962    0.07139713237747176
0.18820754716981125    0.07045459597643246
0.1891509433962264    0.0716327664777106
0.19009433962264155    0.06951205957540996
0.1910377358490566    0.06668445037235812
0.19198113207547163    0.07658108258307876
0.19292452830188678    0.06786262087362056
0.19386792452830193    0.0857708124930482
0.19481132075471697    0.07446037568079564
0.195754716981132    0.07587418028231188
0.19669811320754715    0.08200066688895818
0.1976415094339623    0.07092586417694371
0.19858490566037734    0.06786262087363654
0.19952830188679238    0.06880515727464306
0.20047169811320753    0.07375347338001124
0.20141509433962268    0.07634544848282314
0.20235849056603772    0.0789374235856536
0.20330188679245276    0.07681671668333438
0.2042452830188679    0.07398910748026687
0.20518867924528306    0.07799488718461253
0.2061320754716981    0.06998332777593767
0.20707547169811313    0.0690407913748987
0.20801886792452828    0.07375347338001124
0.20896226415094343    0.06927642547515432
0.20990566037735858    0.06974769367566558
0.21084905660377362    0.07045459597644904
0.21179245283018866    0.0664488162720868
0.2127358490566038    0.0777592530843569
0.21367924528301896    0.0706902300766881
0.214622641509434    0.07658108258309679
0.21556603773584904    0.07469600978103375
0.2165094339622642    0.07728798488384564
0.21745283018867934    0.07328220517949999
0.21839622641509437    0.0657419139713354
0.2193396226415094    0.06762698677336494
0.22028301886792456    0.07233966877847747
0.2212264150943397    0.06974769367566558
0.22216981132075475    0.07281093697900587
0.2231132075471698    0.07540291208180062
0.22405660377358494    0.06220740246748552
0.2250000000000001    0.07092586417694371
0.22594339622641513    0.07092586417696041
0.22688679245283017    0.07233966877847747
0.22783018867924532    0.06951205957540996
0.22877358490566047    0.06597754807157555
0.2297169811320755    0.06432810936980131
0.23066037735849054    0.07210403467822185
0.2316037735849057    0.0603223296654405
0.23254716981132084    0.06951205957540996
0.23349056603773588    0.0723396687784945
0.23443396226415092    0.06055796376569613
0.23537735849056607    0.05725908636211735
0.23632075471698122    0.06432810936978617
0.23726415094339626    0.06126486606647743
0.2382075471698113    0.06786262087362056
0.23915094339622645    0.06362120706901928
0.2400943396226416    0.05254640435700481
0.24103773584905663    0.05985106146494334
0.24198113207547167    0.06880515727464306
0.24292452830188682    0.05372457485828294
0.24386792452830197    0.06244303656774114
0.244811320754717    0.06267867066801153
0.24575471698113205    0.06503501167055303
0.2466981132075472    0.05820162276313986
0.24764150943396235    0.05890852506390674
0.2485849056603774    0.06008669556519902
0.24952830188679243    0.05655218406135047
0.2504716981132076    0.055845281760583586
0.2514150943396227    0.05513837945981671
0.25235849056603776    0.05961542736468765
0.2533018867924528    0.06314993886850803
0.25424528301886795    0.05678781816160609
0.2551886792452831    0.05820162276313986
0.25613207547169814    0.05678781816161946
0.2570754716981132    0.061264866066463
0.25801886792452833    0.06079359786595176
0.2589622641509435    0.060086695565184874
0.2599056603773585    0.05961542736468765
0.26084905660377355    0.05985106146492925
0.2617924528301887    0.0629143047682524
0.26273584905660385    0.06244303656774114
0.2636792452830189    0.06102923196622175
0.26462264150943393    0.06409247526953053
0.2655660377358491    0.06150050016671863
0.26650943396226423    0.06668445037234243
0.26745283018867927    0.06220740246750016
0.2683962264150943    0.06856952317438744
0.26933962264150946    0.06574191397131991
0.2702830188679246    0.06314993886850803
0.27122641509433965    0.07116149827721609
0.2721698113207547    0.06668445037234243
0.27311320754716983    0.0683338890741318
0.274056603773585    0.06974769367566558
0.275    0.07257530287875018
0.27594339622641506    0.06668445037234243
0.2768867924528302    0.06079359786595176
0.27783018867924536    0.07540291208180062
0.2787735849056604    0.07045459597644904
0.27971698113207544    0.06739135267310932
0.2806603773584906    0.06880515727464306
0.28160377358490574    0.06856952317438744
0.2825471698113208    0.06880515727465927
0.2834905660377358    0.06974769367566558
0.28443396226415096    0.06550627987106429
0.2853773584905661    0.07446037568077812
0.28632075471698115    0.06362120706903425
0.2872641509433962    0.06197176836722989
0.28820754716981134    0.06527064577080867
0.2891509433962265    0.07186840057796622
0.29009433962264153    0.07092586417696041
0.29103773584905657    0.06102923196620739
0.2919811320754717    0.06974769367566558
0.29292452830188687    0.05843725686339548
0.2938679245283019    0.06220740246750016
0.29481132075471694    0.06550627987106429
0.2957547169811321    0.06432810936978617
0.29669811320754724    0.055609647660327964
0.2976415094339623    0.06338557296877857
0.2985849056603773    0.0664488162720868
0.29952830188679247    0.06338557296876365
0.3004716981132076    0.06527064577080867
0.30141509433962266    0.05843725686340923
0.3023584905660377    0.06197176836722989
0.30330188679245285    0.05890852506390674
0.304245283018868    0.05867289096365111
0.30518867924528303    0.059144159164176285
0.3061320754716981    0.05183950205623793
0.3070754716981132    0.06150050016671863
0.3080188679245284    0.0603223296654405
0.3089622641509434    0.0629143047682672
0.30990566037735845    0.06503501167055303
0.3108490566037736    0.051368233855726676
0.31179245283018875    0.06267867066799677
0.3127358490566038    0.06762698677338086
0.3136792452830188    0.061264866066463
0.314622641509434    0.06102923196620739
0.3155660377358491    0.05961542736467362
0.31650943396226416    0.06220740246750016
0.3174528301886792    0.0603223296654405
0.31839622641509435    0.06055796376569613
0.3193396226415095    0.06314993886850803
0.32028301886792454    0.0657419139713354
0.3212264150943396    0.06338557296876365
0.32216981132075473    0.06621318217183117
0.3231132075471699    0.05725908636211735
0.3240566037735849    0.06527064577082403
0.32499999999999996    0.06197176836722989
0.3259433962264151    0.059144159164162366
0.32688679245283025    0.05890852506390674
0.3278301886792453    0.06385684116928993
0.32877358490566033    0.06197176836722989
0.3297169811320755    0.06267867066799677
0.33066037735849063    0.07045459597643246
0.33160377358490567    0.054902745359574005
0.3325471698113207    0.05867289096365111
0.33349056603773586    0.05843725686339548
0.334433962264151    0.059144159164162366
0.33537735849056605    0.06197176836724448
0.3363207547169811    0.06597754807157555
0.33726415094339623    0.06173613426697426
0.3382075471698114    0.06432810936978617
0.3391509433962264    0.06008669556519902
0.34009433962264146    0.05820162276313986
0.3410377358490566    0.05961542736467362
0.34198113207547176    0.050896965655215426
0.3429245283018868    0.06150050016673311
0.34386792452830184    0.06173613426697426
0.344811320754717    0.06150050016671863
0.34575471698113214    0.05985106146492925
0.3466981132075472    0.06550627987107971
0.3476415094339622    0.06409247526953053
0.34858490566037736    0.06338557296876365
0.3495283018867925    0.05749472046237298
0.35047169811320755    0.060557963765710376
0.3514150943396226    0.05890852506390674
0.35235849056603774    0.05749472046237298
0.3533018867924529    0.06527064577080867
0.35424528301886793    0.06244303656775584
0.35518867924528297    0.061264866066463
0.3561320754716981    0.06314993886850803
0.35707547169811327    0.05725908636211735
0.3580188679245283    0.05961542736468765
0.35896226415094334    0.06574191397131991
0.3599056603773585    0.06550627987106429
0.36084905660377364    0.06762698677336494
0.3617924528301887    0.07351783927977291
0.3627358490566037    0.06574191397131991
0.36367924528301887    0.0629143047682524
0.364622641509434    0.06880515727464306
0.36556603773584906    0.05985106146494334
0.3665094339622641    0.05890852506390674
0.36745283018867925    0.06409247526953053
0.3683962264150944    0.0603223296654405
0.36933962264150944    0.06362120706903425
0.3702830188679245    0.0716327664777106
0.3712264150943396    0.0706902300766881
0.3721698113207548    0.06597754807157555
0.3731132075471698    0.07045459597644904
0.37405660377358485    0.06786262087362056
0.375    0.0725753028787331
0.37594339622641515    0.06621318217183117
0.3768867924528302    0.05961542736468765
0.3778301886792452    0.0683338890741318
0.3787735849056604    0.06692008447259806
0.3797169811320755    0.06220740246748552
0.38066037735849056    0.06079359786596606
0.3816037735849056    0.0699833277759212
0.38254716981132075    0.06597754807157555
0.3834905660377359    0.07021896187617684
0.38443396226415094    0.06856952317440358
0.385377358490566    0.07304657107924435
0.38632075471698113    0.06479937757029741
0.3872641509433963    0.06762698677336494
0.3882075471698113    0.0669200844726138
0.38915094339622636    0.06102923196620739
0.3900943396226415    0.06055796376569613
0.39103773584905666    0.061264866066463
0.3919811320754717    0.06479937757031266
0.39292452830188673    0.06762698677336494
0.3938679245283019    0.06621318217183117
0.39481132075471703    0.06150050016671863
0.39575471698113207    0.06597754807159108
0.3966981132075471    0.06692008447259806
0.39764150943396226    0.06079359786595176
0.3985849056603774    0.06692008447259806
0.39952830188679245    0.06267867066801153
0.4004716981132075    0.06362120706901928
0.40141509433962264    0.06880515727464306
0.4023584905660378    0.05773035456262861
0.4033018867924528    0.05985106146494334
0.40424528301886786    0.06150050016671863
0.405188679245283    0.06220740246748552
0.40613207547169816    0.05725908636211735
0.4070754716981132    0.06008669556519902
0.40801886792452824    0.05773035456262861
0.4089622641509434    0.06150050016671863
0.40990566037735854    0.06102923196620739
0.4108490566037736    0.05937979326443197
0.4117924528301886    0.05678781816160609
0.41273584905660377    0.06197176836722989
0.4136792452830189    0.05796598866288423
0.41462264150943395    0.0563165499611081
0.415566037735849    0.0629143047682524
0.41650943396226414    0.05678781816160609
0.4174528301886793    0.06621318217183117
0.41839622641509433    0.05372457485829559
0.41933962264150937    0.05749472046237298
0.4202830188679245    0.05183950205623793
0.42122641509433967    0.052075136156493555
0.4221698113207547    0.05702345226187515
0.42311320754716975    0.06244303656774114
0.4240566037735849    0.05631654996109484
0.42500000000000004    0.05513837945981671
0.4259433962264151    0.05183950205625013
0.4268867924528301    0.05796598866288423
0.42783018867924527    0.0541958430587942
0.4287735849056604    0.05372457485828294
0.42971698113207546    0.06197176836724448
0.4306603773584905    0.05961542736467362
0.43160377358490565    0.05796598866288423
0.4325471698113208    0.05890852506390674
0.43349056603773584    0.05985106146494334
0.4344339622641509    0.056080915860839214
0.435377358490566    0.05961542736467362
0.4363207547169812    0.060086695565184874
0.4372641509433962    0.06220740246750016
0.43820754716981125    0.05278203845726044
0.4391509433962264    0.0603223296654405
0.44009433962264155    0.06079359786595176
0.4410377358490566    0.07186840057798315
0.4419811320754716    0.0706902300766881
0.4429245283018868    0.055374013560072335
0.4438679245283019    0.06055796376569613
0.44481132075471697    0.06173613426698879
0.445754716981132    0.06739135267310932
0.44669811320754715    0.06550627987106429
0.4476415094339623    0.06927642547515432
0.44858490566037745    0.06150050016671863
0.4495283018867925    0.06856952317440358
0.45047169811320753    0.06362120706901928
0.4514150943396227    0.06338557296876365
0.45235849056603783    0.0690407913748987
0.45330188679245287    0.06715571857286949
0.4542452830188679    0.06762698677336494
0.45518867924528306    0.07540291208180062
0.4561320754716982    0.07516727798154499
0.45707547169811324    0.06927642547517063
0.4580188679245283    0.07893742358563502
0.45896226415094343    0.07092586417694371
0.4599056603773586    0.07422474158052249
0.4608490566037736    0.07563854618207405
0.46179245283018866    0.0690407913748987
0.4627358490566038    0.07705235078359002
0.46367924528301896    0.07304657107924435
0.464622641509434    0.07139713237747176
0.46556603773584904    0.07493164388128938
0.4665094339622642    0.0761098143825675
0.46745283018867934    0.07681671668333438
0.4683962264150944    0.07940869178616498
0.4693396226415094    0.0857708124930482
0.47028301886792456    0.07304657107924435
0.4712264150943397    0.07304657107924435
0.47216981132075475    0.0723396687784945
0.4731132075471698    0.08011559408691317
0.47405660377358494    0.07233966877847747
0.4750000000000001    0.06503501167055303
0.4759433962264151    0.06951205957542632
0.47688679245283017    0.07328220517949999
0.4778301886792453    0.06739135267310932
0.47877358490566047    0.07233966877847747
0.4797169811320755    0.07092586417696041
0.48066037735849054    0.06880515727464306
0.4816037735849057    0.07375347338001124
0.48254716981132084    0.08105813048793567
0.4834905660377359    0.0751672779815627
0.4844339622641509    0.07398910748026687
0.48537735849056607    0.07375347338001124
0.4863207547169812    0.07351783927975561
0.48726415094339626    0.06904079137491495
0.4882075471698113    0.06432810936978617
0.48915094339622645    0.07328220517949999
0.4900943396226416    0.0683338890741318
0.49103773584905663    0.07069023007670473
0.49198113207547167    0.06692008447259806
0.4929245283018868    0.07351783927975561
0.49386792452830197    0.06880515727464306
0.494811320754717    0.07281093697900587
0.49575471698113205    0.0716327664777106
0.4966981132075472    0.07375347338001124
0.49764150943396235    0.06550627987106429
0.4985849056603774    0.07304657107926155
0.4995283018867924    0.06809825497387618
0.5004716981132076    0.0822363009892138
0.5014150943396227    0.06715571857285368
0.5023584905660378    0.07069023007670473
0.5033018867924528    0.07375347338001124
0.504245283018868    0.07823052128486815
0.5051886792452831    0.07351783927975561
0.5061320754716981    0.07587418028232973
0.5070754716981132    0.07493164388128938
0.5080188679245283    0.07728798488384564
0.5089622641509435    0.07728798488384564
0.5099056603773585    0.08341447149051157
0.5108490566037736    0.06668445037234243
0.5117924528301887    0.07446037568077812
0.5127358490566039    0.07846615538512378
0.5136792452830189    0.08082249638769907
0.5146226415094339    0.07658108258307876
0.5155660377358491    0.0838857396910032
0.5165094339622642    0.0716327664777106
0.5174528301886793    0.07658108258309679
0.5183962264150943    0.08247193508946943
0.5193396226415095    0.08294320328998069
0.5202830188679246    0.07398910748026687
0.5212264150943396    0.07917305768590929
0.5221698113207547    0.08176503278870256
0.5231132075471698    0.07681671668333438
0.524056603773585    0.07304657107924435
0.525    0.07705235078360816
0.5259433962264151    0.08011559408691317
0.5268867924528302    0.07987995998665753
0.5278301886792454    0.07752361898410128
0.5287735849056604    0.07398910748028428
0.5297169811320754    0.07799488718461253
0.5306603773584906    0.0812937645881913
0.5316037735849057    0.08105813048793567
0.5325471698113208    0.0911903967989491
0.5334905660377358    0.08341447149049194
0.534433962264151    0.08977659219739387
0.5353773584905661    0.08341447149049194
0.5363207547169812    0.08247193508948886
0.5372641509433962    0.08694898299432635
0.5382075471698113    0.09236856730020578
0.5391509433962265    0.08152939868844693
0.5400943396226415    0.08529954429255704
0.5410377358490566    0.08317883739023631
0.5419811320754717    0.08883405579637137
0.5429245283018869    0.08247193508946943
0.5438679245283019    0.08624208069357976
0.5448113207547169    0.09448927420250641
0.5457547169811321    0.09142603089918326
0.5466981132075472    0.09213293319995014
0.5476415094339623    0.08482827609204567
0.5485849056603773    0.09142603089918326
0.5495283018867925    0.08529954429253696
0.5504716981132076    0.08930532399688261
0.5514150943396227    0.08577081249306841
0.5523584905660377    0.09119039679892764
0.5533018867924528    0.09142603089918326
0.554245283018868    0.08930532399688261
0.555188679245283    0.07964432588642066
0.5561320754716981    0.08812715349560449
0.5570754716981132    0.08836278759586011
0.5580188679245284    0.0935467378014839
0.5589622641509434    0.08624208069357976
0.5599056603773584    0.08859842169611575
0.5608490566037736    0.08200066688895818
0.5617924528301887    0.0857708124930482
0.5627358490566038    0.08647771479383544
0.5636792452830188    0.08341447149049194
0.564622641509434    0.09048349449816075
0.5655660377358491    0.08317883739023631
0.5665094339622642    0.09213293319997183
0.5674528301886792    0.09637434700455141
0.5683962264150944    0.07634544848282314
0.5693396226415095    0.07752361898410128
0.5702830188679245    0.08459264199179
0.5712264150943396    0.09496054240301767
0.5721698113207547    0.09425364010225078
0.5731132075471699    0.08105813048793567
0.5740566037735849    0.08317883739025589
0.575    0.08365010559074756
0.5759433962264151    0.07917305768589065
0.5768867924528303    0.07964432588640191
0.5778301886792453    0.08742025119485818
0.5787735849056603    0.08529954429253696
0.5797169811320755    0.08152939868844693
0.5806603773584906    0.0838857396910032
0.5816037735849057    0.08954095809715931
0.5825471698113207    0.09260420140046138
0.5834905660377359    0.07799488718461253
0.584433962264151    0.07964432588640191
0.585377358490566    0.089776592197415
0.5863207547169811    0.08506391019228134
0.5872641509433962    0.08883405579637137
0.5882075471698114    0.0857708124930482
0.5891509433962264    0.09519617650329569
0.5900943396226415    0.0874202511948376
0.5910377358490566    0.08789151939534885
0.5919811320754718    0.08859842169611575
0.5929245283018868    0.08930532399690363
0.5938679245283018    0.09519617650327329
0.594811320754717    0.08671334889407072
0.5957547169811321    0.1013226631099196
0.5966981132075472    0.09071912859843773
0.5976415094339622    0.08883405579637137
0.5985849056603774    0.090954762698672
0.5995283018867925    0.1013226631099196
0.6004716981132076    0.08859842169613659
0.6014150943396226    0.09378237190173953
0.6023584905660377    0.09472490830276203
0.6033018867924529    0.0987306880071077
0.6042452830188679    0.09731688340559684
0.605188679245283    0.11027675891963341
0.6061320754716981    0.09283983550071702
0.6070754716981133    0.10155829721017522
0.6080188679245283    0.09260420140048319
0.6089622641509433    0.0987306880071077
0.6099056603773585    0.09684561520506267
0.6108490566037736    0.09307546960097264
0.6117924528301887    0.10792041791710255
0.6127358490566037    0.10038012670889708
0.6136792452830189    0.09472490830276203
0.614622641509434    0.10108702900966396
0.6155660377358491    0.0992019562076423
0.6165094339622641    0.09849505390685206
0.6174528301886792    0.09731688340557393
0.6183962264150944    0.10556407691452088
0.6193396226415094    0.10415027231301163
0.6202830188679245    0.10367900411247585
0.6212264150943396    0.08859842169611575
0.6221698113207548    0.09260420140046138
0.6231132075471698    0.09071912859843773
0.6240566037735849    0.10297210181170899
0.625    0.11027675891963341
0.6259433962264151    0.10956985661886653
0.6268867924528302    0.10744914971659118
0.6278301886792452    0.09684561520506267
0.6287735849056604    0.10297210181170899
0.6297169811320755    0.09001222629764949
0.6306603773584906    0.09967322440815367
0.6316037735849056    0.10532844281426525
0.6325471698113208    0.09849505390685206
0.6334905660377359    0.10956985661886653
0.6344339622641509    0.10297210181173322
0.635377358490566    0.10627097921528776
0.6363207547169811    0.0987306880071077
0.6372641509433963    0.10556407691452088
0.6382075471698113    0.10273646771147753
0.6391509433962264    0.11475380682449032
0.6400943396226415    0.10603534511503214
0.6410377358490567    0.10509280871400963
0.6419811320754717    0.1020295654107105
0.6429245283018867    0.10933422251861091
0.6438679245283019    0.10532844281426525
0.644811320754717    0.11734578192730222
0.6457547169811321    0.11498944092477302
0.6466981132075471    0.11640324552627972
0.6476415094339623    0.10886295431809966
0.6485849056603774    0.10697788151605464
0.6495283018867924    0.11004112481940369
0.6504716981132075    0.11381127042346781
0.6514150943396226    0.11475380682449032
0.6523584905660378    0.10933422251861091
0.6533018867924528    0.10509280871403437
0.6542452830188679    0.11404690452372344
0.655188679245283    0.11522507502500158
0.6561320754716982    0.10956985661886653
0.6570754716981132    0.1112192953206821
0.6580188679245282    0.11357563632321219
0.6589622641509434    0.12088029343113663
0.6599056603773585    0.11711014782704661
0.6608490566037736    0.1192308547293753
0.6617924528301886    0.11663887962653535
0.6627358490566038    0.11546070912525722
0.6636792452830189    0.11923085472934725
0.664622641509434    0.11216183172170482
0.665566037735849    0.11263309992218969
0.6665094339622641    0.11357563632321219
0.6674528301886793    0.10956985661886653
0.6683962264150943    0.11475380682451734
0.6693396226415094    0.11121929532065593
0.6702830188679245    0.11051239301988904
0.6712264150943397    0.11310436812270094
0.6721698113207547    0.11475380682451734
0.6731132075471697    0.11216183172167843
0.6740566037735849    0.11475380682449032
0.675    0.10792041791707714
0.6759433962264151    0.11169056352119347
0.6768867924528301    0.11239746582193406
0.6778301886792453    0.11828831832832473
0.6787735849056604    0.11404690452372344
0.6797169811320755    0.1138112704234946
0.6806603773584905    0.12205846393241478
0.6816037735849056    0.12535734133599355
0.6825471698113208    0.11687451372679096
0.6834905660377358    0.12559297543627873
0.6844339622641509    0.13054129154161734
0.685377358490566    0.1293631210403392
0.6863207547169812    0.1267711459375273
0.6872641509433962    0.12677114593755714
0.6882075471698113    0.13596087584749675
0.6891509433962264    0.13219073024340675
0.6900943396226416    0.134547071245963
0.6910377358490567    0.1435011670556768
0.6919811320754717    0.1449149716572447
0.6929245283018868    0.15174836056462376
0.6938679245283019    0.14373680115593243
0.6948113207547171    0.15598977436922506
0.6957547169811321    0.16400133377795495
0.6966981132075472    0.15716794487050317
0.6976415094339623    0.15881738357229255
0.6985849056603775    0.152219628765135
0.6995283018867925    0.17154162498613681
0.7004716981132075    0.17955318439478773
0.7014150943396227    0.17672557519172022
0.7023584905660378    0.16706457708123953
0.7033018867924529    0.1753117705902277
0.7042452830188679    0.1771968433922315
0.7051886792452831    0.17672557519172022
0.7061320754716982    0.18473713460041155
0.7070754716981132    0.18450150050019934
0.7080188679245283    0.17460486828941957
0.7089622641509434    0.18756474380347907
0.7099056603773586    0.17059908858507392
0.7108490566037736    0.17908191619431862
0.7117924528301887    0.18520840280092277
0.7127358490566038    0.1793175502945321
0.713679245283019    0.18403023229964466
0.714622641509434    0.1878003779037789
0.715566037735849    0.1731910636878858
0.7165094339622642    0.1689496498832845
0.7174528301886793    0.16305879737689385
0.7183962264150944    0.17271979548741523
0.7193396226415094    0.17083472268532954
0.7202830188679246    0.17413360008890832
0.7212264150943397    0.15952428587305945
0.7221698113207548    0.15504723796823902
0.7231132075471698    0.14844948316104498
0.7240566037735849    0.1590530176725482
0.7250000000000001    0.16235189507612696
0.7259433962264151    0.14632877625877877
0.7268867924528302    0.15598977436922506
0.7278301886792453    0.15528287206845814
0.7287735849056605    0.14632877625874435
0.7297169811320755    0.14302989885519923
0.7306603773584905    0.14656441035899997
0.7316037735849057    0.14844948316104498
0.7325471698113208    0.15174836056462376
0.7334905660377359    0.15834611537181859
0.7344339622641509    0.1564610425697363
0.7353773584905661    0.16588640657996137
0.7363207547169812    0.16211626097587134
0.7372641509433963    0.15457596976772767
0.7382075471698113    0.16305879737689385
0.7391509433962264    0.15928865177280382
0.7400943396226416    0.1609380904745932
0.7410377358490566    0.16164499277539815
0.7419811320754717    0.16470823607868323
0.7429245283018868    0.1689496498832845
0.743867924528302    0.1689496498832845
0.744811320754717    0.16635767478051178
0.745754716981132    0.15716794487050317
0.7466981132075472    0.14844948316104498
0.7476415094339623    0.17861064799376522
0.7485849056603774    0.16635767478051178
0.7495283018867924    0.1644726019784276
0.7504716981132076    0.16800711348226202
0.7514150943396227    0.16023118817382634
0.7523584905660378    0.15622540846951743
0.7533018867924528    0.16140935867510445
0.754245283018868    0.15975991997331507
0.7551886792452831    0.16824274758251764
0.7561320754716981    0.15716794487054017
0.7570754716981132    0.16282316327663823
0.7580188679245283    0.15952428587305945
0.7589622641509435    0.152219628765135
0.7599056603773585    0.15834611537181859
0.7608490566037736    0.14844948316104498
0.7617924528301887    0.14844948316104498
0.7627358490566039    0.14656441035899997
0.7636792452830189    0.15740357897079585
0.7646226415094339    0.1564610425697363
0.7655660377358491    0.15009892186283438
0.7665094339622642    0.14632877625874435
0.7674528301886793    0.13713904634880716
0.7683962264150943    0.1425586306546543
0.7693396226415095    0.14043792375235367
0.7702830188679246    0.1458575080582331
0.7712264150943396    0.14797821496056857
0.7721698113207547    0.14892075136155625
0.7731132075471698    0.13737468044903053
0.774056603773585    0.13761031454928613
0.775    0.1378459486495742
0.7759433962264151    0.13761031454928613
0.7768867924528302    0.13690341224851926
0.7778301886792454    0.13572524174724113
0.7787735849056604    0.13431143714573898
0.7797169811320754    0.1435011670556768
0.7806603773584906    0.13336890074468485
0.7816037735849057    0.13761031454928613
0.7825471698113208    0.1326619984439492
0.7834905660377358    0.14632877625874435
0.784433962264151    0.12135156163164788
0.7853773584905661    0.1328976325441736
0.7863207547169812    0.13101255974215942
0.7872641509433962    0.1232366344336929
0.7882075471698113    0.12724241413803855
0.7891509433962265    0.13925975325107554
0.7900943396226415    0.13313326664446057
0.7910377358490566    0.13313326664442923
0.7919811320754717    0.12794931643880544
0.7929245283018869    0.13831721685005302
0.7938679245283019    0.12889185283985827
0.7948113207547169    0.12771368233854982
0.7957547169811321    0.134547071245963
0.7966981132075472    0.13596087584749675
0.7976415094339623    0.1312481938424151
0.7985849056603773    0.1390241191508199
0.7995283018867925    0.14727131265976684
0.8004716981132076    0.14208736245414305
0.8014150943396227    0.139495387351364
0.8023584905660377    0.15009892186283438
0.8033018867924528    0.14892075136155625
0.804245283018868    0.1493920195620675
0.805188679245283    0.1581104812715629
0.8061320754716981    0.16188062687561572
0.8070754716981132    0.17107035678558516
0.8080188679245284    0.16070245637433758
0.8089622641509434    0.1849727687007107
0.8099056603773584    0.17696120929197584
0.8108490566037736    0.17766811159274273
0.8117924528301887    0.18167389129708836
0.8127358490566038    0.17978881849508568
0.8136792452830188    0.18308769589862214
0.814622641509434    0.18662220740245655
0.8155660377358491    0.19180615760808034
0.8165094339622642    0.19062798710684709
0.8174528301886792    0.2038234967211173
0.8183962264150944    0.19816827831498227
0.8193396226415095    0.19604757141268164
0.8202830188679245    0.18426586639994366
0.8212264150943396    0.1913348894075691
0.8221698113207547    0.195811937312426
0.8231132075471699    0.19557630321217037
0.8240566037735849    0.21395576303215963
0.825    0.2012315216183054
0.8259433962264151    0.19958208291651602
0.8268867924528303    0.2047660331221398
0.8278301886792453    0.20052461931758575
0.8287735849056603    0.21442703123262052
0.8297169811320755    0.20594420362341798
0.8306603773584906    0.21913971323773307
0.8316037735849057    0.20028898521733005
0.8325471698113207    0.2038234967211173
0.8334905660377359    0.21913971323773307
0.834433962264151    0.22526619984437937
0.835377358490566    0.2224385906413642
0.8363207547169811    0.21395576303210928
0.8372641509433962    0.21984661553849996
0.8382075471698114    0.20947871512725236
0.8391509433962264    0.21961098143829602
0.8400943396226415    0.22149605424028934
0.8410377358490566    0.22149605424028934
0.8419811320754718    0.23139268645102568
0.8429245283018868    0.23469156385465967
0.8438679245283018    0.24765143936866396
0.844811320754717    0.22785817494719127
0.8457547169811321    0.2377548071579276
0.8466981132075472    0.24011114816054038
0.8476415094339622    0.22856507724795813
0.8485849056603774    0.23492719795486008
0.8495283018867925    0.24011114816048387
0.8504716981132076    0.24081805046130741
0.8514150943396226    0.22314549294207875
0.8523584905660377    0.23469156385460443
0.8533018867924529    0.25212848727352083
0.8542452830188679    0.24623763476718813
0.855188679245283    0.24576636656661893
0.8561320754716981    0.2674447037901366
0.8570754716981133    0.2542491941758215
0.8580188679245283    0.25401356007562564
0.8589622641509433    0.253306657774799
0.8599056603773585    0.25259975547403213
0.8608490566037736    0.2474158052684083
0.8617924528301887    0.254484828276137
0.8627358490566037    0.24576636656661893
0.8636792452830189    0.25259975547403213
0.864622641509434    0.26603089918860284
0.8655660377358491    0.2549560964766484
0.8665094339622641    0.25401356007556586
0.8674528301886792    0.2693297765921816
0.8683962264150944    0.258961876180934
0.8693396226415094    0.2636745581861086
0.8702830188679245    0.2556629987773552
0.8712264150943396    0.25754807157940024
0.8721698113207548    0.26343892408579095
0.8731132075471698    0.2610825830832961
0.8740566037735849    0.25778370567965586
0.875    0.25778370567965586
0.8759433962264151    0.2641458263865578
0.8768867924528302    0.2504790485717904
0.8778301886792452    0.2695654106924373
0.8787735849056604    0.2610825830832347
0.8797169811320755    0.26343892408579095
0.8806603773584906    0.26862287429147796
0.8816037735849056    0.27286428809601604
0.8825471698113208    0.25943314438144527
0.8834905660377359    0.25660553517837775
0.8844339622641509    0.2639101922863643
0.885377358490566    0.25542736467709964
0.8863207547169811    0.26249638768476846
0.8872641509433963    0.28181838390572983
0.8882075471698113    0.28205401800605184
0.8891509433962264    0.27121484939422663
0.8900943396226415    0.2761631654995948
0.8910377358490567    0.28747360231186486
0.8919811320754717    0.2853528954096314
0.8929245283018867    0.2992553073246462
0.8938679245283019    0.3042036234300144
0.894811320754717    0.2839390908080305
0.8957547169811321    0.31433588974108034
0.8966981132075471    0.3228187173502089
0.8976415094339623    0.30891630543512694
0.8985849056603774    0.32753139935532144
0.8995283018867924    0.32729576525514287
0.9004716981132075    0.3324797154606896
0.9014150943396226    0.34284761587193724
0.9023584905660378    0.33460042236299026
0.9033018867924528    0.3473246637768759
0.9042452830188679    0.3692386351005674
0.905188679245283    0.37018117150158997
0.9061320754716982    0.37795709681002565
0.9070754716981132    0.3880893631211089
0.9080188679245282    0.3843192175169276
0.9089622641509434    0.4076469934422346
0.9099056603773585    0.4206068689562941
0.9108490566037736    0.43215293986892156
0.9117924528301886    0.4326242080693311
0.9127358490566038    0.45265310659105934
0.9136792452830189    0.4830499055240352
0.914622641509434    0.4703256641103421
0.915566037735849    0.5143892408580337
0.9165094339622641    0.5365388462820626
0.9174528301886793    0.552090696898934
0.9183962264150943    0.5773035456264219
0.9193396226415094    0.5895565188395786
0.9202830188679245    0.6159475380682088
0.9212264150943397    0.6154762698676975
0.9221698113207547    0.648465043903638
0.9231132075471697    0.646815605201696
0.9240566037735849    0.6807469156385062
0.925    0.68970101144822
0.9259433962264151    0.7059597643660245
0.9268867924528301    0.6894653773479645
0.9278301886792453    0.68216072024004
0.9287735849056604    0.7269311992886092
0.9297169811320755    0.7372990997000303
0.9306603773584905    0.7102011781704597
0.9316037735849056    0.7241035900855416
0.9325471698113208    0.7469600978103375
0.933490566037736    0.7436612204067586
0.934433962264151    0.7863109925532122
0.935377358490566    0.7848971879514934
0.9363207547169812    0.8061042569744998
0.9372641509433963    0.8397999333110544
0.9382075471698114    0.8456907858176442
0.9391509433962264    0.8706680004445416
0.9400943396226416    0.927927086806659
0.9410377358490567    0.9507835945314548
0.9419811320754717    0.9328754029122466
0.9429245283018868    0.9943759030787457
0.9438679245283019    0.9910770256751669
0.9448113207547171    1.035847504723736
0.9457547169811321    1.0561120373459687
0.9466981132075472    1.0440946982326829
0.9476415094339623    1.0735489607646365
0.9485849056603775    1.0822674224740947
0.9495283018867925    1.1199688785152584
0.9504716981132075    1.1366988996331444
0.9514150943396227    1.1680382349671428
0.9523584905660378    1.2344870512392296
0.9533018867924529    1.2474469267535828
0.9542452830188679    1.3332177392463374
0.9551886792452831    1.3478270534621861
0.9561320754716982    1.42629320884731
0.9570754716981132    1.517954873847106
0.9580188679245283    1.56154718239404
0.9589622641509434    1.6553295542957793
0.9599056603773586    1.785635211737141
0.9608490566037736    1.8061353784598058
0.9617924528301887    1.9428031566076442
0.9627358490566038    2.055436256529834
0.963679245283019    2.118350561298086
0.964622641509434    2.2074202511952326
0.965566037735849    2.2792886517726796
0.9665094339622642    2.394749360897937
0.9674528301886793    2.4571923974656777
0.9683962264150944    2.671148160498416
0.9693396226415094    2.749614315882911
0.9702830188679246    3.010696898966146
0.9712264150943397    3.2800266755583274
0.9721698113207548    3.5729198621769123
0.9731132075471698    3.987635878625975
0.9740566037735849    4.539962209625165
0.9750000000000001    5.1061909525394364
0.9759433962264151    5.843725686340924
0.9768867924528302    6.626973435589252
0.9778301886792453    7.69298210514571
0.9787735849056605    9.013004334777731
0.9797169811320755    10.601649438703662
0.9806603773584905    12.26711125930794
0.9816037735849057    14.426462154050505
0.9825471698113208    16.92159164165734
0.9834905660377359    19.700188951876328
0.9844339622641509    22.895387351337995
0.9853773584905661    26.29558741802669
0.9863207547169812    29.947209069688142
0.9872641509433963    33.62451483828537
0.9882075471698113    36.76033344447934
0.9891509433962264    39.054938312768634
0.9900943396226416    41.02271868400337
0.9910377358490566    42.142923196628544
0.9919811320754717    41.1096676669977
0.9929245283018868    33.34505279537428
0.993867924528302    17.572177392463125
0.994811320754717    4.4313348894083635
0.995754716981132    1.2285961987328389
0.9966981132075472    1.2224697121261927
0.9976415094339623    1.5040524619316669
0.9985849056603774    1.812733133266965
0.9995283018867924    0.9243925753028246