-0.9995283018867924    0.0
-0.9985849056603773    0.0
-0.9976415094339622    0.0
-0.9966981132075472    0.0
-0.995754716981132    0.0
-0.9948113207547169    0.0
-0.9938679245283019    0.0
-0.9929245283018868    0.0
-0.9919811320754717    0.0
-0.9910377358490565    0.0
-0.9900943396226415    0.0
-0.9891509433962264    0.0
-0.9882075471698113    0.0
-0.9872641509433961    0.0
-0.9863207547169811    0.0
-0.9853773584905661    0.0
-0.9844339622641509    0.0
-0.9834905660377358    0.0
-0.9825471698113207    0.0
-0.9816037735849057    0.0
-0.9806603773584905    0.0
-0.9797169811320754    0.0
-0.9787735849056604    0.0
-0.9778301886792453    0.0
-0.9768867924528302    0.0
-0.975943396226415    0.0
-0.975    0.0
-0.9740566037735849    0.0
-0.9731132075471698    0.0
-0.9721698113207546    0.0
-0.9712264150943396    0.0
-0.9702830188679246    0.0
-0.9693396226415094    0.0
-0.9683962264150943    0.0
-0.9674528301886792    0.0
-0.9665094339622642    0.0
-0.965566037735849    0.0
-0.9646226415094339    0.0
-0.9636792452830188    0.0
-0.9627358490566038    0.0
-0.9617924528301887    0.0
-0.9608490566037735    0.0
-0.9599056603773585    0.0
-0.9589622641509434    0.0
-0.9580188679245283    0.0
-0.9570754716981131    0.0
-0.9561320754716981    0.0
-0.9551886792452831    0.0
-0.9542452830188679    0.0
-0.9533018867924528    0.0
-0.9523584905660377    0.0
-0.9514150943396227    0.0
-0.9504716981132075    0.0
-0.9495283018867924    0.0
-0.9485849056603773    0.0
-0.9476415094339623    0.0
-0.9466981132075472    0.0
-0.945754716981132    0.0
-0.944811320754717    0.0
-0.9438679245283019    0.0
-0.9429245283018868    0.0
-0.9419811320754716    0.0
-0.9410377358490566    0.0
-0.9400943396226416    0.0
-0.9391509433962264    0.0
-0.9382075471698113    0.0
-0.9372641509433962    0.0
-0.9363207547169812    0.0
-0.935377358490566    0.0
-0.9344339622641509    0.0
-0.9334905660377358    0.0
-0.9325471698113208    0.0
-0.9316037735849056    0.00023563410025562696
-0.9306603773584905    0.0
-0.9297169811320755    0.0
-0.9287735849056604    0.0
-0.9278301886792453    0.0
-0.9268867924528301    0.0
-0.9259433962264151    0.00023563410025562696
-0.925    0.0
-0.9240566037735849    0.0
-0.9231132075471697    0.0
-0.9221698113207547    0.0
-0.9212264150943397    0.0
-0.9202830188679245    0.0
-0.9193396226415094    0.00023563410025565466
-0.9183962264150943    0.0
-0.9174528301886793    0.0
-0.9165094339622641    0.0
-0.915566037735849    0.0
-0.914622641509434    0.0
-0.9136792452830189    0.0
-0.9127358490566038    0.0
-0.9117924528301886    0.00023563410025565466
-0.9108490566037736    0.0
-0.9099056603773585    0.00023563410025565466
-0.9089622641509434    0.0004712682005112539
-0.9080188679245282    0.0
-0.9070754716981132    0.0
-0.9061320754716982    0.0
-0.905188679245283    0.0007069023007668808
-0.9042452830188679    0.00023563410025565466
-0.9033018867924528    0.00023563410025562696
-0.9023584905660378    0.0
-0.9014150943396226    0.00023563410025562696
-0.9004716981132075    0.00023563410025565466
-0.8995283018867924    0.0004712682005112539
-0.8985849056603774    0.0
-0.8976415094339623    0.0
-0.8966981132075471    0.00023563410025565466
-0.8957547169811321    0.0004712682005112539
-0.894811320754717    0.0004712682005113093
-0.8938679245283019    0.00023563410025562696
-0.8929245283018867    0.0
-0.8919811320754717    0.0
-0.8910377358490567    0.00023563410025565466
-0.8900943396226415    0.0011781705012781348
-0.8891509433962264    0.00023563410025565466
-0.8882075471698113    0.00023563410025562696
-0.8872641509433963    0.00023563410025565466
-0.8863207547169811    0.00023563410025562696
-0.885377358490566    0.0011781705012782733
-0.8844339622641509    0.0009425364010225078
-0.8834905660377359    0.0004712682005113093
-0.8825471698113208    0.0007069023007668808
-0.8816037735849056    0.0007069023007669641
-0.8806603773584906    0.0004712682005112539
-0.8797169811320755    0.0007069023007669641
-0.8787735849056604    0.0
-0.8778301886792452    0.0009425364010226187
-0.8768867924528302    0.0004712682005112539
-0.8759433962264151    0.00023563410025565466
-0.875    0.0004712682005112539
-0.8740566037735849    0.0004712682005113093
-0.8731132075471698    0.0004712682005112539
-0.8721698113207548    0.0004712682005113093
-0.8712264150943396    0.0009425364010225078
-0.8702830188679245    0.0007069023007669641
-0.8693396226415094    0.0007069023007668808
-0.8683962264150944    0.0009425364010226187
-0.8674528301886792    0.0021207069023006426
-0.8665094339622641    0.0004712682005113093
-0.8655660377358491    0.0014138046015337617
-0.864622641509434    0.0011781705012782733
-0.8636792452830189    0.0011781705012781348
-0.8627358490566037    0.0016494387017895829
-0.8617924528301887    0.00023563410025562696
-0.8608490566037736    0.0004712682005113093
-0.8599056603773585    0.0018850728020450157
-0.8589622641509433    0.0014138046015339282
-0.8580188679245283    0.0014138046015337617
-0.8570754716981133    0.0016494387017895829
-0.8561320754716981    0.0014138046015337617
-0.855188679245283    0.0016494387017895829
-0.8542452830188679    0.0014138046015337617
-0.8533018867924529    0.0011781705012782733
-0.8523584905660377    0.0007069023007668808
-0.8514150943396226    0.0014138046015339282
-0.8504716981132076    0.0011781705012781348
-0.8495283018867925    0.0018850728020452373
-0.8485849056603774    0.0014138046015337617
-0.8476415094339622    0.0021207069023008924
-0.8466981132075472    0.0009425364010225078
-0.8457547169811321    0.0007069023007669641
-0.844811320754717    0.0023563410025562695
-0.8438679245283018    0.0014138046015339282
-0.8429245283018868    0.0018850728020450157
-0.8419811320754718    0.0011781705012782733
-0.8410377358490566    0.0021207069023006426
-0.8400943396226415    0.0016494387017895829
-0.8391509433962264    0.0016494387017893888
-0.8382075471698114    0.0021207069023008924
-0.8372641509433962    0.0014138046015337617
-0.8363207547169811    0.0014138046015339282
-0.835377358490566    0.0021207069023006426
-0.834433962264151    0.0032988774035791657
-0.8334905660377359    0.0028276092030675233
-0.8325471698113207    0.0014138046015339282
-0.8316037735849057    0.0014138046015337617
-0.8306603773584906    0.0028276092030678564
-0.8297169811320755    0.0018850728020450157
-0.8287735849056603    0.0021207069023008924
-0.8278301886792453    0.0018850728020450157
-0.8268867924528303    0.0028276092030678564
-0.8259433962264151    0.0023563410025562695
-0.825    0.0016494387017895829
-0.8240566037735849    0.0030632433033231507
-0.8231132075471699    0.0030632433033235106
-0.8221698113207547    0.0028276092030675233
-0.8212264150943396    0.0037701456040904746
-0.8202830188679245    0.0037701456040900314
-0.8193396226415095    0.0035345115038348204
-0.8183962264150944    0.0037701456040900314
-0.8174528301886792    0.0023563410025562695
-0.816509433962264    0.0023563410025565466
-0.8155660377358491    0.004948316105368748
-0.814622641509434    0.0021207069023006426
-0.8136792452830188    0.0028276092030675233
-0.8127358490566037    0.0030632433033235106
-0.8117924528301887    0.0035345115038348204
-0.8108490566037736    0.0030632433033231507
-0.8099056603773584    0.0023563410025562695
-0.8089622641509433    0.0030632433033235106
-0.8080188679245284    0.004241413804601785
-0.8070754716981132    0.0028276092030675233
-0.8061320754716981    0.0021207069023006426
-0.8051886792452829    0.0051839502056244035
-0.804245283018868    0.0037701456040904746
-0.8033018867924528    0.004241413804601285
-0.8023584905660377    0.004477047904856912
-0.8014150943396225    0.0032988774035791657
-0.8004716981132076    0.0035345115038348204
-0.7995283018867925    0.006833388907413182
-0.7985849056603773    0.0035345115038344045
-0.7976415094339622    0.005890852506391367
-0.7966981132075472    0.004712682005113093
-0.7957547169811321    0.004241413804601285
-0.7948113207547169    0.004241413804601285
-0.7938679245283018    0.004712682005113093
-0.7929245283018869    0.0044770479048574395
-0.7919811320754717    0.0037701456040900314
-0.7910377358490566    0.004241413804601285
-0.7900943396226414    0.006833388907413986
-0.7891509433962265    0.004948316105368748
-0.7882075471698113    0.005183950205623793
-0.7872641509433962    0.004948316105368166
-0.786320754716981    0.0051839502056244035
-0.7853773584905661    0.00801155940869226
-0.784433962264151    0.0058908525063906736
-0.7834905660377358    0.006833388907413182
-0.7825471698113207    0.006833388907413986
-0.7816037735849057    0.006126486606647021
-0.7806603773584906    0.004948316105368166
-0.7797169811320754    0.00777592530843569
-0.7787735849056603    0.005419584305880058
-0.7778301886792454    0.004712682005113093
-0.7768867924528302    0.005655218406135047
-0.7759433962264151    0.00848282760920257
-0.7749999999999999    0.006126486606647021
-0.774056603773585    0.006126486606647021
-0.7731132075471698    0.0058908525063906736
-0.7721698113207547    0.009660998110480705
-0.7712264150943395    0.007775925308436605
-0.7702830188679246    0.0065977548071583314
-0.7693396226415095    0.007304657107924435
-0.7683962264150943    0.008954095809713824
-0.7674528301886792    0.006362120706902677
-0.7665094339622642    0.008954095809714879
-0.7655660377358491    0.008247193508946944
-0.7646226415094339    0.008247193508946944
-0.7636792452830188    0.00801155940869226
-0.7627358490566039    0.005419584305880058
-0.7617924528301887    0.007304657107924435
-0.7608490566037736    0.008011559408691317
-0.7599056603773584    0.008718461709459223
-0.7589622641509435    0.00848282760920357
-0.7580188679245283    0.008954095809713824
-0.7570754716981132    0.009189729909969451
-0.756132075471698    0.01060353451150446
-0.7551886792452831    0.009425364010226187
-0.754245283018868    0.008011559408691317
-0.7533018867924528    0.012959875514059482
-0.7523584905660377    0.008718461709459223
-0.7514150943396227    0.009189729909970534
-0.7504716981132076    0.011074802712014468
-0.7495283018867924    0.010367900411247586
-0.7485849056603773    0.010367900411248807
-0.7476415094339623    0.01107480271201577
-0.7466981132075472    0.011074802712014468
-0.745754716981132    0.010132266310991959
-0.7448113207547169    0.009896632210737496
-0.743867924528302    0.009896632210737496
-0.7429245283018868    0.012959875514059482
-0.7419811320754717    0.011781705012781347
-0.7410377358490565    0.012724241413805354
-0.7400943396226416    0.009896632210737496
-0.7391509433962264    0.014138046015337618
-0.7382075471698113    0.01319550961431511
-0.7372641509433961    0.011781705012782733
-0.7363207547169812    0.011310436812271426
-0.7353773584905661    0.010367900411247586
-0.7344339622641509    0.014844948316104499
-0.7334905660377358    0.012252973213294042
-0.7325471698113208    0.012959875514061006
-0.7316037735849057    0.014373680115593245
-0.7306603773584905    0.013666777814826364
-0.7297169811320754    0.014844948316106246
-0.7287735849056605    0.012488607313549699
-0.7278301886792453    0.015787484717127008
-0.7268867924528302    0.013431143714570735
-0.725943396226415    0.010839168611760116
-0.7250000000000001    0.010839168611760116
-0.7240566037735849    0.012724241413803856
-0.7231132075471698    0.01319550961431511
-0.7221698113207546    0.012959875514061006
-0.7212264150943397    0.015787484717128864
-0.7202830188679246    0.019793264421472664
-0.7193396226415094    0.014373680115593245
-0.7183962264150943    0.016730021118151483
-0.7174528301886793    0.0176725575191741
-0.7165094339622642    0.017436923418916395
-0.715566037735849    0.015787484717127008
-0.7146226415094339    0.012488607313549699
-0.713679245283019    0.0176725575191741
-0.7127358490566038    0.014373680115593245
-0.7117924528301887    0.016730021118149516
-0.7108490566037735    0.013902411915083627
-0.7099056603773586    0.01861509392019672
-0.7089622641509434    0.01531621651661575
-0.7080188679245283    0.014138046015337618
-0.7070754716981131    0.015080582416361898
-0.7061320754716982    0.02214960542403154
-0.7051886792452831    0.01790819161942765
-0.7042452830188679    0.02167833722351768
-0.7033018867924528    0.020971434922753267
-0.7023584905660378    0.020264532621986305
-0.7014150943396227    0.02144270312326205
-0.7004716981132075    0.019793264421472664
-0.6995283018867924    0.01908636212070803
-0.6985849056603775    0.025448482827610707
-0.6976415094339623    0.019086362120705785
-0.6966981132075472    0.021913971323773308
-0.695754716981132    0.020264532621986305
-0.6948113207547171    0.024977214627099398
-0.6938679245283019    0.02073580082249517
-0.6929245283018868    0.024034678226073948
-0.6919811320754716    0.02474158052684374
-0.6910377358490567    0.02262087362454285
-0.6900943396226416    0.022620873624540187
-0.6891509433962264    0.02474158052684083
-0.6882075471698113    0.024270312326332432
-0.6872641509433963    0.02403467822607678
-0.6863207547169812    0.02238523952428456
-0.685377358490566    0.023799044125818323
-0.6844339622641509    0.022856507724798504
-0.683490566037736    0.020971434922753267
-0.6825471698113208    0.022856507724795815
-0.6816037735849056    0.02474158052684083
-0.6806603773584905    0.03110370123374642
-0.6797169811320756    0.023563410025565466
-0.6787735849056604    0.03016116483272025
-0.6778301886792453    0.025684116927863338
-0.6768867924528301    0.02968989663221249
-0.6759433962264152    0.024505946426588085
-0.675    0.027804823830163982
-0.6740566037735849    0.02332777592530707
-0.6731132075471697    0.02403467822607678
-0.6721698113207548    0.028982994331445525
-0.6712264150943397    0.03110370123374276
-0.6702830188679245    0.03086806713348713
-0.6693396226415094    0.02921862843170118
-0.6683962264150944    0.028747360231189872
-0.6674528301886793    0.028982994331442115
-0.6665094339622641    0.02921862843169774
-0.665566037735849    0.029454262531956838
-0.6646226415094341    0.03369567633655862
-0.6636792452830189    0.03039679893297588
-0.6627358490566038    0.025448482827607713
-0.6617924528301886    0.029925530732468144
-0.6608490566037737    0.033460042236302966
-0.6599056603773585    0.03251750583527652
-0.6589622641509434    0.03110370123374276
-0.6580188679245282    0.03181060353451338
-0.6570754716981133    0.029925530732468144
-0.6561320754716982    0.03746582194064469
-0.655188679245283    0.03510948093808842
-0.6542452830188679    0.035816383238859516
-0.6533018867924529    0.032753139935536
-0.6523584905660378    0.03864399244192282
-0.6514150943396226    0.03510948093808842
-0.6504716981132075    0.033460042236302966
-0.6495283018867926    0.037701456040904746
-0.6485849056603774    0.0341669445370659
-0.6476415094339623    0.03628765143936655
-0.6466981132075471    0.0379370901411604
-0.6457547169811322    0.036758919639882134
-0.644811320754717    0.03463821273757716
-0.6438679245283019    0.03793709014115594
-0.6429245283018867    0.03699455374013779
-0.6419811320754718    0.03864399244192737
-0.6410377358490567    0.03723018784038906
-0.6400943396226415    0.035580749138599675
-0.6391509433962264    0.043592308547296114
-0.6382075471698113    0.039822162943200956
-0.6372641509433963    0.043592308547296114
-0.6363207547169811    0.0393508947426897
-0.635377358490566    0.04217850394575723
-0.6344339622641508    0.03958652884294998
-0.6334905660377359    0.04029343114371695
-0.6325471698113208    0.04335667444703536
-0.6316037735849056    0.04995442925419291
-0.6306603773584905    0.041942869845506534
-0.6297169811320755    0.04689118595087528
-0.6287735849056604    0.04100033344447909
-0.6278301886792452    0.044063576747802244
-0.6268867924528301    0.042649772146273496
-0.6259433962264151    0.051839502056244026
-0.625    0.0419428698455016
-0.6240566037735849    0.050896965655215426
-0.6231132075471697    0.04429921084806308
-0.6221698113207548    0.04665555185061963
-0.6212264150943396    0.047598088251636646
-0.6202830188679245    0.048069356452147896
-0.6193396226415093    0.04877625875292052
-0.6183962264150944    0.04665555185061963
-0.6174528301886792    0.048304990552403525
-0.6165094339622641    0.05513837945981671
-0.615566037735849    0.0504256974547101
-0.614622641509434    0.0478337223518979
-0.6136792452830189    0.0506613315549598
-0.6127358490566037    0.05372457485828294
-0.6117924528301886    0.04971879515394314
-0.6108490566037736    0.05372457485828926
-0.6099056603773585    0.05749472046237298
-0.6089622641509433    0.04736245415138102
-0.6080188679245282    0.04736245415138659
-0.6070754716981133    0.05325330665777796
-0.6061320754716981    0.055374013560072335
-0.605188679245283    0.05796598866288423
-0.6042452830188678    0.0504256974547101
-0.6033018867924529    0.05843725686340236
-0.6023584905660377    0.0603223296654405
-0.6014150943396226    0.05890852506390674
-0.6004716981132074    0.056552184061357126
-0.5995283018867925    0.06314993886851546
-0.5985849056603774    0.05773035456262861
-0.5976415094339622    0.0629143047682524
-0.5966981132075471    0.05631654996110147
-0.5957547169811321    0.061264866066470226
-0.594811320754717    0.06456374347004179
-0.5938679245283018    0.06338557296876365
-0.5929245283018867    0.059144159164169326
-0.5919811320754718    0.06432810936979373
-0.5910377358490566    0.0629143047682524
-0.5900943396226415    0.06102923196620739
-0.5891509433962263    0.0671557185728616
-0.5882075471698114    0.06527064577081634
-0.5872641509433962    0.0629143047682524
-0.5863207547169811    0.06809825497387618
-0.5853773584905659    0.06644881627209462
-0.584433962264151    0.0650350116705607
-0.5834905660377359    0.06809825497387618
-0.5825471698113207    0.06951205957540996
-0.5816037735849056    0.07116149827720772
-0.5806603773584906    0.078466155385133
-0.5797169811320755    0.07516727798154499
-0.5787735849056603    0.06974769367566558
-0.5778301886792452    0.06998332777592943
-0.5768867924528303    0.07328220517950862
-0.5759433962264151    0.08082249638768005
-0.575    0.07634544848282314
-0.5740566037735848    0.07775925308436604
-0.5731132075471699    0.08247193508947913
-0.5721698113207547    0.07398910748026687
-0.5712264150943396    0.07987995998665753
-0.5702830188679244    0.0796443258864113
-0.5693396226415095    0.07469600978104253
-0.5683962264150944    0.07799488718461253
-0.5674528301886792    0.07917305768589065
-0.566509433962264    0.07658108258308778
-0.5655660377358491    0.07940869178615563
-0.564622641509434    0.08247193508946943
-0.5636792452830188    0.08317883739023631
-0.5627358490566037    0.07823052128487736
-0.5617924528301887    0.07422474158053123
-0.5608490566037736    0.08600644659330384
-0.5599056603773584    0.08459264199177008
-0.5589622641509433    0.07634544848283212
-0.5580188679245284    0.08459264199178003
-0.5570754716981132    0.0838857396910032
-0.5561320754716981    0.08836278759586011
-0.5551886792452829    0.08624208069356962
-0.554245283018868    0.08624208069356962
-0.5533018867924528    0.08859842169611575
-0.5523584905660377    0.09401800600199516
-0.5514150943396225    0.09071912859842705
-0.5504716981132076    0.10202956541069848
-0.5495283018867925    0.09496054240301767
-0.5485849056603773    0.09236856730020578
-0.5476415094339622    0.09425364010226187
-0.5466981132075472    0.09213293319996099
-0.5457547169811321    0.09236856730020578
-0.5448113207547169    0.09731688340557393
-0.5438679245283018    0.09708124930532973
-0.5429245283018869    0.09990885850839759
-0.5419811320754717    0.08789151939534885
-0.5410377358490566    0.09731688340557393
-0.5400943396226414    0.09684561520507408
-0.5391509433962265    0.09990885850839759
-0.5382075471698113    0.10367900411247585
-0.5372641509433962    0.10202956541068647
-0.536320754716981    0.10697788151606723
-0.5353773584905661    0.10933422251862378
-0.534433962264151    0.10462154051349837
-0.5334905660377358    0.10344337001222023
-0.5325471698113207    0.10886295431811246
-0.5316037735849057    0.11121929532066901
-0.5306603773584906    0.1013226631099196
-0.5297169811320754    0.11357563632321219
-0.5287735849056603    0.10061576080916455
-0.5278301886792454    0.11098366122041337
-0.5268867924528302    0.10886295431809966
-0.5259433962264151    0.11734578192730222
-0.5249999999999999    0.12347226853396306
-0.524056603773585    0.11027675891964639
-0.5231132075471698    0.12135156163164788
-0.5221698113207547    0.10815605201733278
-0.5212264150943395    0.11616761142603775
-0.5202830188679246    0.11522507502501514
-0.5193396226415095    0.10956985661886653
-0.5183962264150943    0.11192619762142281
-0.5174528301886792    0.12441480493498568
-0.5165094339622642    0.11498944092475949
-0.5155660377358491    0.12370790263420416
-0.5146226415094339    0.1258286095365048
-0.5136792452830188    0.13242636434367794
-0.5127358490566039    0.11640324552629341
-0.5117924528301887    0.1284205846393167
-0.5108490566037736    0.12889185283982793
-0.5099056603773584    0.1314838279426553
-0.5089622641509435    0.12135156163166216
-0.5080188679245283    0.12794931643880544
-0.5070754716981132    0.12889185283982793
-0.506132075471698    0.1298343892408657
-0.5051886792452831    0.1336045348449562
-0.504245283018868    0.13148382794263982
-0.5033018867924528    0.13242636434366234
-0.5023584905660377    0.1321907302434223
-0.5014150943396227    0.13124819384239966
-0.5004716981132076    0.1399666555518424
-0.4995283018867924    0.13384016894519613
-0.49858490566037733    0.13690341224853536
-0.49764150943396224    0.14208736245414305
-0.49669811320754714    0.1336045348449562
-0.49575471698113205    0.1493920195620675
-0.49481132075471695    0.1409091919528815
-0.49386792452830186    0.1293631210403392
-0.49292452830188677    0.14703567855952854
-0.49198113207547167    0.14397243525618808
-0.4910377358490566    0.1352539735467458
-0.4900943396226415    0.1496276536623231
-0.4891509433962264    0.1491563854618294
-0.4882075471698113    0.1493920195620675
-0.4872641509433962    0.15504723796822079
-0.4863207547169811    0.14986328776257876
-0.485377358490566    0.14467933755697196
-0.4844339622641509    0.13831721685005302
-0.4834905660377358    0.14656441035901724
-0.48254716981132073    0.15716794487050317
-0.48160377358490564    0.1607024563743565
-0.48066037735849054    0.17436923418916395
-0.47971698113207545    0.16353006557742433
-0.47877358490566035    0.1564610425697363
-0.47783018867924526    0.16188062687563476
-0.47688679245283017    0.16989218628430702
-0.47594339622641507    0.16470823607870264
-0.475    0.1644726019784276
-0.4740566037735849    0.16188062687563476
-0.4731132075471698    0.16847838168277326
-0.4721698113207547    0.1771968433922523
-0.4712264150943396    0.17059908858507392
-0.4702830188679245    0.17507613648995143
-0.4693396226415094    0.17696120929197584
-0.4683962264150943    0.17295542958765053
-0.4674528301886792    0.1677714793820064
-0.46650943396226413    0.1861509392019672
-0.46556603773584904    0.16730021118149513
-0.46462264150943394    0.18002445259532018
-0.46367924528301885    0.18615093920194528
-0.46273584905660375    0.18167389129710979
-0.46179245283018866    0.18520840280092277
-0.46084905660377357    0.1861509392019672
-0.45990566037735847    0.1880360120039903
-0.4589622641509434    0.20028898521730648
-0.4580188679245283    0.18403023229964466
-0.4570754716981132    0.18803601200401243
-0.4561320754716981    0.19109925530731345
-0.455188679245283    0.19510503501168208
-0.4542452830188679    0.18544403690117842
-0.4533018867924528    0.19699010781372733
-0.4523584905660377    0.19204179170833596
-0.4514150943396226    0.19699010781372733
-0.45047169811320753    0.2000533511170273
-0.44952830188679244    0.19675447371347166
-0.44858490566037734    0.1967544737134485
-0.44764150943396225    0.18803601200401243
-0.44669811320754715    0.20076025341779416
-0.44575471698113206    0.2042947649216526
-0.44481132075471697    0.19699010781370413
-0.44386792452830187    0.2059442036234422
-0.4429245283018868    0.19793264421472664
-0.4419811320754717    0.2064154718239535
-0.4410377358490566    0.2113637879292974
-0.4400943396226415    0.20806491052574308
-0.4391509433962264    0.2113637879292974
-0.4382075471698113    0.21560520173392403
-0.4372641509433962    0.22880071134821378
-0.4363207547169811    0.216312104034691
-0.435377358490566    0.22385239524284561
-0.43443396226415093    0.22290985884184933
-0.43349056603773584    0.23280649105255943
-0.43254716981132074    0.2271512726464511
-0.43160377358490565    0.2229098588418231
-0.43066037735849055    0.22126042014005975
-0.42971698113207546    0.22785817494719127
-0.42877358490566037    0.22361676114261628
-0.42783018867924527    0.23987551406022822
-0.4268867924528302    0.23327775925309813
-0.4259433962264151    0.23634100255639381
-0.425    0.23728353895744428
-0.4240566037735849    0.24977214627096456
-0.4231132075471698    0.2507146826720166
-0.4221698113207547    0.24859397576968642
-0.4212264150943396    0.24034678226076778
-0.4202830188679245    0.25990441258195657
-0.4193396226415094    0.2530710236745731
-0.41839622641509433    0.2542491941758215
-0.41745283018867924    0.2502434144715053
-0.41650943396226414    0.25825497388016716
-0.41556603773584905    0.25236412137380615
-0.41462264150943395    0.25801933977991154
-0.41367924528301886    0.2601400466822428
-0.41273584905660377    0.25825497388016716
-0.41179245283018867    0.24977214627099398
-0.4108490566037736    0.26626653328885846
-0.4099056603773585    0.262025119484288
-0.4089622641509434    0.2615538512837459
-0.4080188679245283    0.28111148160499605
-0.4070754716981132    0.26273202178502403
-0.4061320754716981    0.2775769701011612
-0.405188679245283    0.2799333111036848
-0.4042452830188679    0.26603089918863415
-0.4033018867924528    0.28794487051237616
-0.40235849056603773    0.2799333111037177
-0.40141509433962264    0.2813471157052186
-0.40047169811320754    0.28016894520397345
-0.39952830188679245    0.2749849949983167
-0.39858490566037735    0.28676670001113175
-0.39764150943396226    0.29407135711902244
-0.39669811320754716    0.29524952762033535
-0.39575471698113207    0.2872379682116093
-0.394811320754717    0.2895943092141996
-0.3938679245283019    0.2844103590085417
-0.3929245283018868    0.2827609203067856
-0.3919811320754717    0.30443925753027
-0.3910377358490566    0.30231855062800495
-0.3900943396226415    0.2971346004223456
-0.3891509433962264    0.2968989663221249
-0.3882075471698113    0.29572079582081184
-0.3872641509433962    0.30467489163056155
-0.38632075471698113    0.30443925753027
-0.38537735849056604    0.32611759475382607
-0.38443396226415094    0.32305435145046457
-0.38349056603773585    0.31504279204181035
-0.38254716981132075    0.3129220851394726
-0.38160377358490566    0.3232899855507582
-0.38066037735849056    0.31339335333998386
-0.37971698113207547    0.3289452039568939
-0.3787735849056604    0.3261175947537877
-0.3778301886792453    0.31009447593644157
-0.3768867924528302    0.3407269089696366
-0.3759433962264151    0.34284761587197754
-0.375    0.3459108591752604
-0.3740566037735849    0.33012337445817225
-0.3731132075471698    0.330359008558389
-0.3721698113207547    0.3284739357563826
-0.3712264150943396    0.35203734578190665
-0.37028301886792453    0.33436478826277405
-0.36933962264150944    0.3506235411803729
-0.36839622641509434    0.3536867844837377
-0.36745283018867925    0.3513304434811398
-0.36650943396226415    0.3390774702678871
-0.36556603773584906    0.3744225853061912
-0.36462264150943396    0.35651439368680554
-0.36367924528301887    0.3518017116816511
-0.3627358490566038    0.3635834166944752
-0.3617924528301887    0.37536512170721376
-0.3608490566037736    0.3734800489052127
-0.3599056603773585    0.3649972212959662
-0.3589622641509434    0.373244414804957
-0.3580188679245283    0.3826697788151382
-0.3570754716981132    0.38149160831390494
-0.3561320754716981    0.3904457041235739
-0.355188679245283    0.39209514282540936
-0.35424528301886793    0.3899744359230626
-0.35330188679245284    0.39492275202847726
-0.35235849056603774    0.3836123152161607
-0.35141509433962265    0.39704345893077814
-0.35047169811320755    0.3826697788151382
-0.34952830188679246    0.39115260642438676
-0.34858490566037736    0.4010492386350771
-0.34764150943396227    0.40128487273537994
-0.3466981132075472    0.39303767922638577
-0.3457547169811321    0.41141713904637306
-0.344811320754717    0.4161298210514372
-0.3438679245283019    0.41848616205404277
-0.3429245283018868    0.4050550183394227
-0.3419811320754717    0.412830943647907
-0.3410377358490566    0.4135378459486253
-0.3400943396226415    0.426497721462735
-0.3391509433962264    0.43568745137265424
-0.33820754716981133    0.4328598421696377
-0.33726415094339623    0.43945759697674425
-0.33632075471698114    0.4340380126709159
-0.33537735849056605    0.4224919417583391
-0.33443396226415095    0.42932533066580286
-0.33349056603773586    0.45053239968875874
-0.33254716981132076    0.44275647438037513
-0.33160377358490567    0.4455840835833906
-0.3306603773584906    0.4561876180949475
-0.3297169811320755    0.45477381349336005
-0.3287735849056604    0.46090030010006056
-0.3278301886792453    0.46278537290205135
-0.3268867924528302    0.47103256641105373
-0.3259433962264151    0.4665555185061414
-0.325    0.4627853729021058
-0.3240566037735849    0.4677336890074195
-0.3231132075471698    0.46419917750363976
-0.32216981132075473    0.4719751028120208
-0.32122641509433963    0.498130487940454
-0.32028301886792454    0.4863487829276141
-0.31933962264150945    0.4776303212182121
-0.31839622641509435    0.48140046682224585
-0.31745283018867926    0.4868200511281826
-0.31650943396226416    0.5016649994442298
-0.31556603773584907    0.48540624652664865
-0.314622641509434    0.48682005112812526
-0.3136792452830189    0.5087340224519584
-0.3127358490566038    0.5120328998554774
-0.3117924528301887    0.5153317772591168
-0.3108490566037736    0.5334756029787394
-0.3099056603773585    0.5030788040458227
-0.3089622641509434    0.5327687006779726
-0.3080188679245283    0.5207513615649968
-0.3070754716981132    0.52805601867286
-0.30613207547169813    0.5318261642770126
-0.30518867924528303    0.553975769700979
-0.30424528301886794    0.5353606757808475
-0.30330188679245285    0.5511481604979115
-0.30235849056603775    0.5325330665777797
-0.30141509433962266    0.5575102812048134
-0.30047169811320756    0.5466711125931188
-0.29952830188679247    0.5697632544181059
-0.2985849056603774    0.5544470379015555
-0.2976415094339623    0.5669356452150385
-0.2966981132075472    0.5579815494053902
-0.2957547169811321    0.5744759364232186
-0.294811320754717    0.5558608425030894
-0.2938679245283019    0.5403089918861526
-0.2929245283018868    0.5872001778370914
-0.2919811320754717    0.5690563521173391
-0.2910377358490566    0.588849616538881
-0.29009433962264153    0.5695276203178503
-0.28915094339622643    0.5721195954207295
-0.28820754716981134    0.6065221740579838
-0.28726415094339625    0.6003956874514081
-0.28632075471698115    0.5761253751250079
-0.28537735849056606    0.6062865399577995
-0.28443396226415096    0.6029876625541495
-0.28349056603773587    0.616183172168537
-0.2825471698113208    0.6079359786595175
-0.2816037735849057    0.5942692008447611
-0.2806603773584906    0.6159475380682088
-0.2797169811320755    0.6117061242636795
-0.2787735849056604    0.6270223407802233
-0.2778301886792453    0.6296143158831093
-0.2768867924528302    0.6241947315771559
-0.27594339622641506    0.6413960208958166
-0.27499999999999997    0.6432810936979373
-0.2740566037735849    0.6713215516282812
-0.2731132075471698    0.6545915305102087
-0.2721698113207547    0.6472868734022073
-0.2712264150943396    0.6249016338779962
-0.2702830188679245    0.6659019673224018
-0.2693396226415094    0.6774480382350073
-0.2683962264150943    0.6781549405356944
-0.2674528301886792    0.6732066244304055
-0.2665094339622641    0.6623674558185674
-0.265566037735849    0.6826319884406316
-0.26462264150943393    0.6767411359341606
-0.26367924528301884    0.6906435478493239
-0.26273584905660374    0.7257530287873311
-0.26179245283018865    0.6861664999444665
-0.26084905660377355    0.708080471268159
-0.25990566037735846    0.6946493275536699
-0.25896226415094337    0.7123218850727603
-0.2580188679245283    0.7318795153940635
-0.2570754716981132    0.716327664777106
-0.2561320754716981    0.7236323218851155
-0.255188679245283    0.7177414693786398
-0.2542452830188679    0.7318795153940635
-0.2533018867924528    0.741540513504458
-0.2523584905660377    0.7530865844170724
-0.2514150943396226    0.754264754918262
-0.2504716981132075    0.7335289540958531
-0.24952830188679243    0.7490808047126382
-0.24858490566037733    0.7537934867178393
-0.24764150943396224    0.7688740691341108
-0.24669811320754714    0.7620406802267873
-0.24575471698113205    0.7719373124374339
-0.24481132075471695    0.7856040902523527
-0.24386792452830186    0.7905524063576284
-0.24292452830188677    0.799742136267692
-0.24198113207547167    0.8018628431698985
-0.24103773584905658    0.7717016783372691
-0.24009433962264148    0.8119951094808905
-0.2391509433962264    0.8025697454707599
-0.2382075471698113    0.8280182282982731
-0.2372641509433962    0.7964432588641128
-0.2363207547169811    0.8310814716015963
-0.235377358490566    0.8282538623986263
-0.23443396226415092    0.8209492052906043
-0.23349056603773582    0.8301389352006715
-0.23254716981132073    0.8365010559074757
-0.23160377358490564    0.8595931977326282
-0.23066037735849054    0.8605357341335497
-0.22971698113207545    0.8650127820385084
-0.22877358490566035    0.8711392686450529
-0.22783018867924526    0.9024786039791575
-0.22688679245283017    0.8892830943647361
-0.22594339622641507    0.8452195176170333
-0.22499999999999998    0.9107257974879982
-0.22405660377358488    0.904834944981714
-0.2231132075471698    0.9074269200844194
-0.2221698113207547    0.8873980215627956
-0.2212264150943396    0.8713749027453085
-0.2202830188679245    0.8914038012671417
-0.2193396226415094    0.9045993108813519
-0.21839622641509432    0.8923463376681643
-0.21745283018867922    0.9427720351227634
-0.21650943396226413    0.9349961098144378
-0.21556603773584904    0.9536112037345224
-0.21462264150943394    0.9258063799044672
-0.21367924528301885    0.9227431366010351
-0.21273584905660375    0.958795153940259
-0.21179245283018866    0.9434789374235304
-0.21084905660377357    0.936174280315716
-0.20990566037735847    0.9743470045570174
-0.20896226415094338    0.9533755696343789
-0.20801886792452828    0.9901344892741445
-0.2070754716981132    0.9686917861509964
-0.2061320754716981    1.0007380237856478
-0.205188679245283    1.0165255085028944
-0.2042452830188679    1.020766922307376
-0.2033018867924528    1.017939313104428
-0.20235849056603772    1.030192286317601
-0.20141509433962262    1.0424452595310163
-0.20047169811320753    1.0198243859063534
-0.19952830188679244    1.0438590641325503
-0.19858490566037734    1.0518706235411186
-0.19764150943396225    1.0337267978215572
-0.19669811320754715    1.0834455929753728
-0.19575471698113206    1.0669512059576043
-0.19481132075471697    1.0671868400577345
-0.19386792452830187    1.0777903745693644
-0.19292452830188678    1.0853306657774178
-0.19198113207547168    1.1112504168056674
-0.1910377358490566    1.0973480048904547
-0.1900943396226415    1.1180838057130815
-0.1891509433962264    1.0994687117927555
-0.1882075471698113    1.1022963209959524
-0.1872641509433962    1.1187907080137167
-0.18632075471698112    1.1407046793376243
-0.18537735849056602    1.1232677559185738
-0.18443396226415093    1.1428253862399251
-0.18349056603773584    1.154607091252572
-0.18254716981132074    1.1769923307769952
-0.18160377358490565    1.162854284761519
-0.18066037735849055    1.1755785261754612
-0.17971698113207546    1.1722796487717442
-0.17877358490566037    1.1744003556741829
-0.17783018867924527    1.189952206290916
-0.17688679245283018    1.2092742025120198
-0.17594339622641508    1.224119150827982
-0.175    1.1908947426920788
-0.1740566037735849    1.2394353673445977
-0.1731132075471698    1.236607758141676
-0.1721698113207547    1.2179926642213357
-0.1712264150943396    1.2743092141825807
-0.17028301886792452    1.232366344336929
-0.16933962264150942    1.2731310436813021
-0.16839622641509433    1.2915105035010912
-0.16745283018867924    1.2495676336557366
-0.16650943396226414    1.276665555184987
-0.16556603773584905    1.2686539957764449
-0.16462264150943395    1.282320773591122
-0.16367924528301886    1.2806713348894831
-0.16273584905660377    1.3197865955317665
-0.16179245283018867    1.322378570634734
-0.16084905660377358    1.2933955763031364
-0.15990566037735848    1.3014071357119807
-0.1589622641509434    1.3490052239634642
-0.1580188679245283    1.3454707124597882
-0.1570754716981132    1.3393442258529837
-0.1561320754716981    1.3850572413027382
-0.155188679245283    1.3909480938089658
-0.15424528301886792    1.3485339557631117
-0.15330188679245282    1.3770456818938839
-0.15235849056603773    1.353717905968736
-0.15141509433962264    1.4171034789373407
-0.15047169811320754    1.412390796932394
-0.14952830188679245    1.3874135823051315
-0.14858490566037735    1.3671490496833085
-0.14764150943396226    1.3907124597087102
-0.14669811320754716    1.4416094253640954
-0.14575471698113207    1.4350116705567681
-0.14481132075471698    1.4359542069579598
-0.14386792452830188    1.4354829387572796
-0.1429245283018868    1.4774258086029548
-0.1419811320754717    1.431948427253445
-0.1410377358490566    1.4550405690786676
-0.1400943396226415    1.4564543736800304
-0.1391509433962264    1.5066444370346561
-0.13820754716981132    1.5365699677669433
-0.13726415094339622    1.505230632433122
-0.13632075471698113    1.5271446037567185
-0.13537735849056604    1.4885006113149708
-0.13443396226415094    1.524788262754162
-0.13349056603773585    1.5629609869957575
-0.13254716981132075    1.5478804045792136
-0.13160377358490566    1.5641391574970358
-0.13066037735849056    1.5537712570856042
-0.12971698113207547    1.5304434811604772
-0.12877358490566038    1.5528287206845817
-0.12783018867924528    1.5943003223297596
-0.1268867924528302    1.5806335445147455
-0.1259433962264151    1.5643747915972914
-0.125    1.59547849283085
-0.1240566037735849    1.589116372124135
-0.12311320754716981    1.6136223185505334
-0.12216981132075472    1.6357719239747548
-0.12122641509433962    1.6223407802599916
-0.12028301886792453    1.664283650105689
-0.11933962264150944    1.6122085139489997
-0.11839622641509434    1.674651550516938
-0.11745283018867925    1.684548182727477
-0.11650943396226415    1.6831343781261414
-0.11556603773584906    1.6308236078691942
-0.11462264150943396    1.693737912637646
-0.11367924528301887    1.6664043570077938
-0.11273584905660378    1.679364232522051
-0.11179245283018868    1.6883183283315673
-0.11084905660377359    1.7158875180616775
-0.1099056603773585    1.7335600755806475
-0.1089622641509434    1.7121173724575869
-0.1080188679245283    1.7300255640768132
-0.10707547169811321    1.7206002000667906
-0.10613207547169812    1.7354451483826927
-0.10518867924528302    1.7345026119818743
-0.10424528301886793    1.7472268533954738
-0.10330188679245284    1.7776236523286588
-0.10235849056603774    1.790112259641998
-0.10141509433962265    1.7832788707347946
-0.10047169811320755    1.8000088918527342
-0.09952830188679246    1.7811581638324938
-0.09858490566037736    1.8320551294874996
-0.09764150943396227    1.770083361120478
-0.09669811320754718    1.8106124263642374
-0.09575471698113208    1.8073135489608716
-0.09481132075471699    1.7943536734465992
-0.0938679245283019    1.862216294320439
-0.0929245283018868    1.9053373346669995
-0.0919811320754717    1.8285206179838804
-0.09103773584905661    1.8332332999887777
-0.09009433962264152    1.896147604757253
-0.08915094339622642    1.9079293097698116
-0.08820754716981133    1.8714060242304096
-0.08726415094339623    1.864572635322776
-0.08632075471698114    1.9081649438702917
-0.08537735849056605    1.923481160386683
-0.08443396226415095    1.9032166277649227
-0.08349056603773586    1.9270156718905171
-0.08254716981132076    1.9201822829833302
-0.08160377358490567    1.9350272312992085
-0.08066037735849058    1.9058086028677352
-0.07971698113207548    1.9491652773145463
-0.07877358490566039    1.9416249861065946
-0.0778301886792453    1.9211248193841266
-0.0768867924528302    1.952464154718355
-0.0759433962264151    1.9621251528286057
-0.07500000000000001    1.9658952984329268
-0.07405660377358492    1.9847460264531458
-0.07311320754716982    1.978855173946988
-0.07216981132075473    2.0002978770700173
-0.07122641509433963    1.9866310992554246
-0.07028301886792454    2.030223407802482
-0.06933962264150945    2.0120795820830355
-0.06839622641509435    2.016792264087911
-0.06745283018867926    2.06603979104158
-0.06650943396226416    2.0375280649104064
-0.06556603773584907    2.0196198732912163
-0.06462264150943398    2.0507235745247216
-0.06367924528301888    2.060384572635445
-0.06273584905660379    2.054964988329323
-0.06179245283018869    2.0773502278538514
-0.0608490566037736    2.0789996665553967
-0.059905660377358505    2.092902078470725
-0.05896226415094341    2.0789996665553967
-0.05801886792452832    2.072401911748483
-0.05707547169811322    2.103976881182493
-0.05613207547169813    2.078764032455386
-0.055188679245283034    2.118350561298086
-0.05424528301886794    2.0891319328666342
-0.053301886792452846    2.097614760475591
-0.05235849056603775    2.070752473046693
-0.05141509433962266    2.095258419473035
-0.050471698113207564    2.1070401244860646
-0.04952830188679247    2.1383794598198147
-0.048584905660377375    2.1369656552185323
-0.04764150943396228    2.128718461709334
-0.04669811320754719    2.150868067133616
-0.04575471698113209    2.17042569745458
-0.044811320754717    2.1544025786374505
-0.043867924528301905    2.1784372568632713
-0.04292452830188681    2.117408024897313
-0.04198113207547172    2.112930976992207
-0.04103773584905662    2.138615093920322
-0.04009433962264153    2.1888051572745186
-0.039150943396226434    2.16854062465279
-0.03820754716981134    2.1534600422361745
-0.037264150943396246    2.196581082583213
-0.03632075471698115    2.2015293986883226
-0.03537735849056606    2.1334311437146973
-0.034433962264150964    2.2022363009890893
-0.033490566037735814    2.1862131821717066
-0.03254716981132072    2.164534844948444
-0.031603773584905626    2.1857419139711958
-0.03066037735849053    2.1918684005781
-0.029716981132075437    2.2361676114258997
-0.028773584905660343    2.2234433700123577
-0.02783018867924525    2.1970523507834656
-0.026886792452830155    2.235696343225652
-0.02594339622641506    2.230276758919509
-0.024999999999999967    2.227449149716704
-0.024056603773584873    2.181500500166594
-0.02311320754716978    2.2594953873514725
-0.022169811320754684    2.218966322107239
-0.02122641509433959    2.2371101478271855
-0.020283018867924496    2.1996443258862777
-0.019339622641509402    2.232397465822072
-0.018396226415094308    2.233104368122577
-0.017452830188679214    2.203178837390371
-0.01650943396226412    2.2566677781481395
-0.015566037735849025    2.2078915193954844
-0.014622641509433931    2.222500833611073
-0.013679245283018837    2.2081271534957403
-0.012735849056603743    2.2269778815159307
-0.011792452830188649    2.213075469601109
-0.010849056603773555    2.2135467378013596
-0.00990566037735846    2.2802311881739703
-0.008962264150943366    2.2180237857062166
-0.008018867924528272    2.226742247415937
-0.007075471698113178    2.235460709125133
-0.006132075471698084    2.2425297321330655
-0.00518867924528299    2.245357341335869
-0.004245283018867896    2.2533689007448254
-0.0033018867924528017    2.2201444926085174
-0.0023584905660377076    2.2352250750251406
-0.0014150943396226134    2.241115927531268
-0.0004716981132075193    2.2227364677115906
0.0004716981132075748    2.28517950427907
0.0014150943396227245    2.2660931421583643
0.002358490566037763    2.2389952206294943
0.0033018867924528017    2.236638879626411
0.004245283018867951    2.2437079026340796
0.005188679245283101    2.265857508058109
0.00613207547169814    2.2715127264647785
0.007075471698113178    2.24747804823817
0.008018867924528328    2.2404090252305013
0.008962264150943478    2.2491274869399596
0.009905660377358516    2.2048282760924205
0.010849056603773555    2.2503056574412375
0.011792452830188704    2.265857508058109
0.012735849056603854    2.2439435367343354
0.013679245283018893    2.226742247416199
0.014622641509433931    2.2319261976212985
0.015566037735849081    2.20435700789139
0.01650943396226423    2.219673224408006
0.01745283018867927    2.2557252417476477
0.018396226415094308    2.196345448482699
0.019339622641509457    2.243001000333313
0.020283018867924607    2.235460709125133
0.021226415094339646    2.208127153496
0.022169811320754684    2.2213226631097953
0.023113207547169834    2.239230854729223
0.024056603773584984    2.22108702900954
0.025000000000000022    2.228156052017733
0.02594339622641506    2.173488940757903
0.02688679245283021    2.2199088585082616
0.02783018867924536    2.2488918528397037
0.0287735849056604    2.2293342225190114
0.029716981132075437    2.2484205846391925
0.030660377358490587    2.2199088585082616
0.03160377358490574    2.2250928087138853
0.032547169811320775    2.1817361342673633
0.033490566037735814    2.2062420806934355
0.034433962264150964    2.2010581304878114
0.03537735849056611    2.1807935978658275
0.03632075471698115    2.211897299100091
0.03726415094339619    2.1579370901410315
0.03820754716981134    2.18173613426685
0.03915094339622649    2.15534511503822
0.04009433962264153    2.1506324330336133
0.04103773584905657    2.1522818717348966
0.04198113207547172    2.177494720462249
0.042924528301886866    2.176080915860715
0.043867924528301905    2.118821829499096
0.04481132075471694    2.13484494831598
0.04575471698113209    2.1145804156939962
0.04669811320754724    2.109867733688884
0.04764150943396228    2.1258908525067666
0.04858490566037732    2.0552006224295782
0.04952830188679247    2.1282471935088227
0.05047169811320762    2.1369656552182805
0.05141509433962266    2.10279871068171
0.052358490566037696    2.0985572968766135
0.053301886792452846    2.0728731799487505
0.054245283018867996    2.073580082249517
0.055188679245283034    2.078292764255119
0.05613207547169807    2.1070401244858163
0.05707547169811322    2.124241413804477
0.05801886792452837    2.071695009447472
0.05896226415094341    2.029752139602448
0.05990566037735845    2.041533844614752
0.0608490566037736    2.0469534289206313
0.06179245283018875    2.0332866511058048
0.06273584905660379    2.022447482494522
0.06367924528301883    2.0514304768254883
0.06462264150943398    2.0740513504500284
0.06556603773584913    2.0271601644991586
0.06650943396226416    2.048838501723159
0.0674528301886792    2.018677336889956
0.06839622641509435    2.004068022674107
0.0693396226415095    1.9764988329441988
0.07028301886792454    2.042476381016255
0.07122641509433958    2.011137045681776
0.07216981132075473    1.9969989996664383
0.07311320754716988    1.9571768367232376
0.07405660377358492    1.9769701011451755
0.07499999999999996    1.9868667333554466
0.0759433962264151    1.9338490607979304
0.07688679245283025    1.9576481049237489
0.0778301886792453    1.9385617428034994
0.07877358490566033    1.9343203289984416
0.07971698113207548    1.9319639879958852
0.08066037735849063    1.9583550072245157
0.08160377358490567    1.9425675225078458
0.08254716981132071    1.9420962543068774
0.08349056603773586    1.9043947982659768
0.08443396226415101    1.8987395798598419
0.08537735849056605    1.9133488940761414
0.08632075471698109    1.8888429476491058
0.08726415094339623    1.8855440702455268
0.08820754716981138    1.8737623652327458
0.08915094339622642    1.8608024897191242
0.09009433962264146    1.8674002445258437
0.09103773584905661    1.8454862732020703
0.09198113207547176    1.8231010336777858
0.0929245283018868    1.8886073135492945
0.09386792452830184    1.8306413248859659
0.09481132075471699    1.8228653995775301
0.09575471698113214    1.8249861064798307
0.09669811320754718    1.812733133266965
0.09764150943396221    1.8346471045903117
0.09858490566037736    1.7568878515059547
0.09952830188679251    1.8066066466598918
0.10047169811320755    1.7507613648997205
0.10141509433962259    1.7648994109146459
0.10235849056603774    1.7945893075468549
0.10330188679245289    1.7832788707345848
0.10424528301886793    1.7790374569304024
0.10518867924528297    1.7658419473156683
0.10613207547169812    1.7399221962875493
0.10707547169811327    1.7512326330998196
0.1080188679245283    1.727433588974408
0.10896226415094334    1.6605135045014032
0.1099056603773585    1.7356807824829483
0.11084905660377364    1.7429854395908726
0.11179245283018868    1.6979793264424476
0.11273584905660372    1.7107035678558518
0.11367924528301887    1.6824274758251765
0.11462264150943402    1.6666399911080494
0.11556603773584906    1.6642836501058849
0.1165094339622641    1.6805424030231315
0.11745283018867925    1.7015138379458823
0.1183962264150944    1.6400133377791637
0.11933962264150944    1.6623985773038394
0.12028301886792447    1.6016049794374965
0.12122641509433962    1.6079671001443985
0.12216981132075477    1.6343581193730286
0.12311320754716981    1.6171568300547485
0.12405660377358485    1.6381282649771185
0.125    1.5848749583193469
0.12594339622641515    1.5679093031009417
0.1268867924528302    1.5523574524844357
0.12783018867924523    1.5629609869955734
0.12877358490566038    1.5681449372011973
0.12971698113207553    1.5570701344891829
0.13066037735849056    1.555891963988271
0.1316037735849056    1.5606046459930174
0.13254716981132075    1.5450527953761461
0.1334905660377359    1.567673669000686
0.13443396226415094    1.5035811937315096
0.13537735849056598    1.527380237856974
0.13632075471698113    1.5125352895408695
0.13726415094339628    1.4750694676002247
0.13820754716981132    1.4644659330890661
0.13915094339622636    1.51465599644317
0.1400943396226415    1.4467933755695495
0.14103773584905666    1.488736245415051
0.1419811320754717    1.4550405690788388
0.14292452830188673    1.4590463487828422
0.14386792452830188    1.4371323774590687
0.14481132075471703    1.4284139157496107
0.14575471698113207    1.4079137490277025
0.1466981132075471    1.4081493831276266
0.14764150943396226    1.4460864732687828
0.1485849056603774    1.418046015338363
0.14952830188679245    1.4090919195289808
0.15047169811320749    1.3798732910969513
0.15141509433962264    1.386471045904109
0.15235849056603779    1.3720973657885156
0.15330188679245282    1.3527753695678728
0.15424528301886786    1.3478270534621861
0.155188679245283    1.3581949538734337
0.15613207547169816    1.3678559519839146
0.1570754716981132    1.3440569078584124
0.15801886792452824    1.3254418139379016
0.1589622641509434    1.3480626875624417
0.15990566037735854    1.3219073024340673
0.16084905660377358    1.2981082583085544
0.16179245283018862    1.3365166166499163
0.16273584905660377    1.2870334555962346
0.16367924528301891    1.306826720017707
0.16462264150943395    1.282085139491168
0.165566037735849    1.2516883405578905
0.16650943396226414    1.284205846393167
0.1674528301886793    1.2863265532954675
0.16839622641509433    1.2083316661111396
0.16933962264150937    1.2460331221517553
0.17028301886792452    1.2234122485272152
0.17122641509433967    1.208331666110855
0.1721698113207547    1.227889296432361
0.17311320754716975    1.224826053128749
0.1740566037735849    1.2123374458152008
0.17500000000000004    1.2017339113036976
0.17594339622641508    1.2055040569080713
0.17688679245283012    1.2057396910080431
0.17783018867924527    1.204561520506765
0.17877358490566042    1.1612048460597295
0.17971698113207546    1.1736934533735541
0.1806603773584905    1.1567277981548727
0.18160377358490565    1.1494231410469484
0.1825471698113208    1.1494231410469484
0.18349056603773584    1.123267755918838
0.18443396226415087    1.1388196065354452
0.18537735849056602    1.12562409692113
0.18632075471698117    1.1138423919083487
0.1872641509433962    1.149187506946963
0.18820754716981125    1.1100722463042587
0.1891509433962264    1.1345781927308438
0.19009433962264155    1.0942847615871316
0.1910377358490566    1.1004112481940367
0.19198113207547163    1.0718995220628469
0.19292452830188678    1.0879226408802296
0.19386792452830193    1.0603534511503214
0.19481132075471697    1.0740202289654004
0.195754716981132    1.0608247193508327
0.19669811320754715    1.05234189174163
0.1976415094339623    1.062474158052622
0.19858490566037734    1.0575258419475027
0.19952830188679238    1.0483361120372843
0.20047169811320753    1.0280715794153004
0.20141509433962268    0.9990885850838582
0.20235849056603772    1.0047438034902298
0.20330188679245276    0.985421807269032
0.2042452830188679    0.9863643436700545
0.20518867924528306    0.9840080026674981
0.2061320754716981    0.983065466266707
0.20707547169811313    0.9924908302767007
0.20801886792452828    0.9967322440813021
0.20896226415094343    0.9757608091585512
0.20990566037735858    0.9745826386572731
0.21084905660377362    0.9927264643771901
0.21179245283018866    0.9995598532843696
0.2127358490566038    0.961387129042958
0.21367924528301896    0.9328754029120272
0.214622641509434    0.9446571079250307
0.21556603773584904    0.9218006002000126
0.2165094339622642    0.927220184505892
0.21745283018867934    0.9156741135933663
0.21839622641509437    0.9267489163055989
0.2193396226415094    0.9149672112925995
0.22028301886792456    0.9031855062798182
0.2212264150943397    0.9048349449816075
0.22216981132075475    0.9201511614984398
0.2231132075471698    0.8944670445703599
0.22405660377358494    0.8970590196731718
0.2250000000000001    0.8511103701233246
0.22594339622641513    0.8944670445705705
0.22688679245283017    0.8643058797376397
0.22783018867924532    0.873024341447098
0.22877358490566047    0.824248082694183
0.2297169811320755    0.8463976881184112
0.23066037735849054    0.8504034678225576
0.2316037735849057    0.8336734467044081
0.23254716981132084    0.8471045904189789
0.23349056603773588    0.837679226408951
0.23443396226415092    0.8261331554962281
0.23537735849056607    0.8244837167944387
0.23632075471698122    0.8218917416916268
0.23726415094339626    0.8011559408693202
0.2382075471698113    0.8013915749693873
0.23915094339622645    0.7957363565632521
0.2400943396226416    0.7980926975658085
0.24103773584905663    0.7893742358565361
0.24198113207547167    0.778770701344847
0.24292452830188682    0.769345337334622
0.24386792452830197    0.7766499944425465
0.244811320754717    0.799035233967019
0.24575471698113205    0.7724085806379452
0.2466981132075472    0.7568567300210738
0.24764150943396235    0.7750005557407571
0.2485849056603774    0.777592530843752
0.24952830188679243    0.7474313660108487
0.2504716981132076    0.7483739024118712
0.2514150943396227    0.7443681227075255
0.25235849056603776    0.7215116149828996
0.2533018867924528    0.7340002222962779
0.25424528301886795    0.7200978103811959
0.2551886792452831    0.7233966877847747
0.25613207547169814    0.7264599310882689
0.2570754716981132    0.7125575191730159
0.25801886792452833    0.7127931532732715
0.2589622641509435    0.6998332777592121
0.2599056603773585    0.6892297432478711
0.26084905660377355    0.7010114482604902
0.2617924528301887    0.7033677892630466
0.26273584905660385    0.6809825497387618
0.2636792452830189    0.6821607202402006
0.26462264150943393    0.6746204290318599
0.2655660377358491    0.6845170612425963
0.26650943396226423    0.6717928198287925
0.26745283018867927    0.6993620095588654
0.2683962264150943    0.6831032566410625
0.26933962264150946    0.6642525286206125
0.2702830188679246    0.6826319884405513
0.27122641509433965    0.6628387240192347
0.2721698113207547    0.6369189729909597
0.27311320754716983    0.6680226742247024
0.274056603773585    0.6350339001889146
0.275    0.6249016338780697
0.27594339622641506    0.6390396798932603
0.2768867924528302    0.6263154384794564
0.27783018867924536    0.6173613426697426
0.2787735849056604    0.6117061242637515
0.27971698113207544    0.6298499499832908
0.2806603773584906    0.6109992219628407
0.28160377358490574    0.625372902078434
0.2825471698113208    0.5921484939425299
0.2834905660377358    0.6074647104590063
0.28443396226415096    0.5820162276313985
0.2853773584905661    0.6109992219628407
0.28632075471698115    0.6095854173614504
0.2872641509433962    0.5928553962431574
0.28820754716981134    0.5954473713459694
0.2891509433962265    0.5841369345336992
0.29009433962264153    0.5801311548294902
0.29103773584905657    0.5940335667444356
0.2919811320754717    0.5857863732354885
0.29292452830188687    0.5768322774257748
0.2938679245283019    0.5591597199067344
0.29481132075471694    0.579188618428331
0.2957547169811321    0.5584528176058359
0.29669811320754724    0.553975769700979
0.2976415094339623    0.5622229632100583
0.2985849056603773    0.5560964766032797
0.29952830188679247    0.5504412581971445
0.3004716981132076    0.5544470379014902
0.30141509433962266    0.5256996776704275
0.3023584905660377    0.5249927753695369
0.30330188679245285    0.514153606757778
0.304245283018868    0.5320617983772057
0.30518867924528303    0.5421940646883253
0.3061320754716981    0.5037857063465304
0.3070754716981132    0.5313548960764388
0.3080188679245284    0.4995442925419291
0.3089622641509434    0.5245215071691491
0.30990566037735845    0.5068489496498536
0.3108490566037736    0.4884694898299146
0.31179245283018875    0.5108547293541993
0.3127358490566038    0.514153606757899
0.3136792452830188    0.5172168500611012
0.314622641509434    0.4828142714237797
0.3155660377358491    0.4936534400355384
0.31650943396226416    0.48116483272210353
0.3174528301886792    0.47857285761917834
0.31839622641509435    0.478808491719434
0.3193396226415095    0.4837568078248021
0.32028301886792454    0.49412470823616605
0.3212264150943396    0.478808491719434
0.32216981132075473    0.47503834611534396
0.3231132075471699    0.46231410470154005
0.3240566037735849    0.45500944759372275
0.32499999999999996    0.4696187618094645
0.3259433962264151    0.45995776369898383
0.32688679245283025    0.4554807157941269
0.3278301886792453    0.44888296098707503
0.32877358490566033    0.4434633766810899
0.3297169811320755    0.44511281538287933
0.33066037735849063    0.43686562187393235
0.33160377358490567    0.45689452039576817
0.3325471698113207    0.43450928087137614
0.33349056603773586    0.43380237857060927
0.334433962264151    0.43144603756805294
0.33537735849056605    0.42908969656559764
0.3363207547169811    0.4387506946759774
0.33726415094339623    0.4264977214626848
0.3382075471698114    0.4015205068355883
0.3391509433962264    0.4085895298433533
0.34009433962264146    0.39398021562740826
0.3410377358490566    0.40623318884070087
0.34198113207547176    0.4149516505501591
0.3429245283018868    0.41919306435485904
0.34386792452830184    0.4109458708458134
0.344811320754717    0.41942869845501596
0.34575471698113214    0.3989285317327764
0.3466981132075472    0.4074113593420749
0.3476415094339622    0.4083538957430015
0.34858490566037736    0.4050550183394227
0.3495283018867925    0.38031343781258187
0.35047169811320755    0.3949227520285237
0.3514150943396226    0.4102389685450465
0.35235849056603774    0.37277314660440186
0.3533018867924529    0.3836123152161607
0.35424528301886793    0.3944514838280124
0.35518867924528297    0.38808936312101755
0.3561320754716981    0.3767789263087475
0.35707547169811327    0.38502611981769447
0.3580188679245283    0.3654684894965634
0.35896226415094334    0.35085917528062854
0.3599056603773585    0.35462932088471855
0.36084905660377364    0.3567500277870192
0.3617924528301887    0.37842836501062593
0.3627358490566037    0.3675891963987781
0.36367924528301887    0.36829609869954494
0.364622641509434    0.36853173279980056
0.36556603773584906    0.35604312548633615
0.3665094339622641    0.36028453929085363
0.36745283018867925    0.3539224185839517
0.3683962264150944    0.3459108591752604
0.36933962264150944    0.3506235411804554
0.3702830188679245    0.3489741024785835
0.3712264150943396    0.3607558074913648
0.3721698113207548    0.34496832277423783
0.3731132075471698    0.34284761587201795
0.37405660377358485    0.3426119817716816
0.375    0.32823830165608836
0.37594339622641515    0.3176347671445851
0.3768867924528302    0.329416472157444
0.3778301886792452    0.3247037901522539
0.3787735849056604    0.32800266755583274
0.3797169811320755    0.33365788596196777
0.38066037735849056    0.33530732466383606
0.3816037735849056    0.31857730354560765
0.38254716981132075    0.3150427920417732
0.3834905660377359    0.3190485717461189
0.38443396226415094    0.31056574413698945
0.385377358490566    0.29949094142490185
0.38632075471698113    0.3235256196509758
0.3872641509433963    0.31197954873845013
0.3882075471698113    0.313864621540569
0.38915094339622636    0.30632433033231504
0.3900943396226415    0.2999622096254131
0.39103773584905666    0.2964276981215787
0.3919811320754717    0.2867667000111655
0.39292452830188673    0.31174391463819445
0.3938679245283019    0.29100811381569924
0.39481132075471703    0.3056174280315482
0.39575471698113207    0.28511726130937576
0.3966981132075471    0.28888740691339865
0.39764150943396226    0.2844103590085417
0.3985849056603774    0.29147938201621054
0.39952830188679245    0.28464599310886435
0.4004716981132075    0.28794487051237616
0.40141509433962264    0.27427809269754977
0.4023584905660378    0.2820540180059855
0.4033018867924528    0.2763987995999155
0.40424528301886786    0.2716861175947379
0.405188679245283    0.27404245859729415
0.40613207547169816    0.25801933977991154
0.4070754716981132    0.26720906968994385
0.40801886792452824    0.27074358119371533
0.4089622641509434    0.2761631654995948
0.40990566037735854    0.2716861175947379
0.4108490566037736    0.2690941424919893
0.4117924528301886    0.24788707346891956
0.41273584905660377    0.24576636656661893
0.4136792452830189    0.2632032899855353
0.41462264150943395    0.25401356007562564
0.415566037735849    0.2759275313993391
0.41650943396226414    0.24694453706789704
0.4174528301886793    0.24529509836610766
0.41839622641509433    0.24670890296769946
0.41933962264150937    0.25495609647658835
0.4202830188679245    0.2464732688673858
0.42122641509433967    0.2504790485717314
0.4221698113207547    0.2332777592531256
0.42311320754716975    0.2509503167722427
0.4240566037735849    0.245059464265852
0.42500000000000004    0.23280649105255943
0.4259433962264151    0.2398755140602847
0.4268867924528301    0.22338112704233434
0.42783018867924527    0.2262087362454019
0.4287735849056604    0.22078915193952245
0.42971698113207546    0.22880071134826763
0.4306603773584905    0.23209958875179254
0.43160377358490565    0.22102478603977807
0.4325471698113208    0.2325708569523038
0.43349056603773584    0.23233522285210287
0.4344339622641509    0.22385239524284561
0.435377358490566    0.2141913971323649
0.4363207547169812    0.22361676114258996
0.4372641509433962    0.21324886073139257
0.43820754716981125    0.21183505612980863
0.4391509433962264    0.2061798377236736
0.44009433962264155    0.22503056574412372
0.4410377358490566    0.22479493164392103
0.4419811320754716    0.2156052017338987
0.4429245283018868    0.21536956763364304
0.4438679245283019    0.20028898521728292
0.44481132075471697    0.19463376681119368
0.445754716981132    0.1948694009114035
0.44669811320754715    0.1986395465154935
0.4476415094339623    0.19816827831498227
0.44858490566037745    0.2000533511170273
0.4495283018867925    0.21230632433036986
0.45047169811320753    0.19251305990884723
0.4514150943396227    0.20193842391907232
0.45235849056603783    0.19816827831498227
0.45330188679245287    0.1998177170168187
0.4542452830188679    0.19463376681114786
0.45518867924528306    0.19958208291651602
0.4561320754716982    0.1932199622096141
0.45707547169811324    0.19793264421477325
0.4580188679245283    0.18944981660552407
0.45896226415094343    0.18827164610424596
0.4599056603773586    0.18403023229964466
0.4608490566037736    0.18167389129713116
0.46179245283018866    0.1771968433922315
0.4627358490566038    0.18049572079581025
0.46367924528301896    0.18167389129708836
0.464622641509434    0.17648994109150612
0.46556603773584904    0.1764899410914646
0.4665094339622642    0.17224852728686332
0.46745283018867934    0.17672557519172022
0.4683962264150944    0.15858174947207426
0.4693396226415094    0.17413360008890832
0.47028301886792456    0.15952428587305945
0.4712264150943397    0.17059908858507392
0.47216981132075475    0.17201289318664817
0.4731132075471698    0.16140935867510445
0.47405660377358494    0.16140935867510445
0.4750000000000001    0.1731910636878858
0.4759433962264151    0.16023118817386403
0.47688679245283017    0.15669667666999193
0.4778301886792453    0.16494387017893886
0.47877358490566047    0.16282316327663823
0.4797169811320755    0.16612204068025613
0.48066037735849054    0.15457596976769128
0.4816037735849057    0.15339779926641317
0.48254716981132084    0.1616449927753601
0.4834905660377359    0.15339779926644925
0.4844339622641509    0.1609380904745932
0.48537735849056607    0.1390241191508199
0.4863207547169812    0.14844948316104498
0.48726415094339626    0.154340335667472
0.4882075471698113    0.1486851172613006
0.48915094339622645    0.14043792375235367
0.4900943396226416    0.14208736245414305
0.49103773584905663    0.14562187395801174
0.49198113207547167    0.14774258086027808
0.4929245283018868    0.14208736245414305
0.49386792452830197    0.1423229965543987
0.494811320754717    0.13713904634880716
0.49575471698113205    0.14397243525618808
0.4966981132075472    0.13973102145158678
0.49764150943396235    0.1442080693564437
0.4985849056603774    0.14750694676005718
0.4995283018867924    0.13242636434366234
0.5004716981132076    0.13242636434366234
0.5014150943396227    0.13219073024340675
0.5023584905660378    0.13431143714573898
0.5033018867924528    0.13643214404800802
0.504245283018868    0.13925975325107554
0.5051886792452831    0.13831721685005302
0.5061320754716981    0.1258286095365344
0.5070754716981132    0.12629987773701606
0.5080188679245283    0.1267711459375273
0.5089622641509435    0.12135156163164788
0.5099056603773585    0.12535734133602305
0.5108490566037736    0.11734578192730222
0.5117924528301887    0.11357563632321219
0.5127358490566039    0.12111592753139226
0.5136792452830189    0.11970212292988668
0.5146226415094339    0.11640324552627972
0.5155660377358491    0.11593197732576846
0.5165094339622642    0.1267711459375273
0.5174528301886793    0.11828831832835257
0.5183962264150943    0.1197021229298585
0.5193396226415095    0.11852395242858037
0.5202830188679246    0.11758141602755787
0.5212264150943396    0.1206446593309094
0.5221698113207547    0.11004112481937778
0.5231132075471698    0.10627097921528776
0.524056603773585    0.10909858841835528
0.525    0.10014449260866502
0.5259433962264151    0.10627097921528776
0.5268867924528302    0.1006157608091527
0.5278301886792454    0.10697788151605464
0.5287735849056604    0.11334000222298324
0.5297169811320754    0.11522507502500158
0.5306603773584906    0.10438590641324275
0.5316037735849057    0.10627097921528776
0.5325471698113208    0.10674224741582414
0.5334905660377358    0.1006157608091527
0.534433962264151    0.09472490830276203
0.5353773584905661    0.10462154051349837
0.5363207547169812    0.10391463821275594
0.5372641509433962    0.09119039679892764
0.5382075471698113    0.10485717461375399
0.5391509433962265    0.09755251750582956
0.5400943396226415    0.09496054240304001
0.5410377358490566    0.09119039679892764
0.5419811320754717    0.09849505390685206
0.5429245283018869    0.09613871290429579
0.5438679245283019    0.09496054240304001
0.5448113207547169    0.09825941980659644
0.5457547169811321    0.08906968989662699
0.5466981132075472    0.09283983550071702
0.5476415094339623    0.09755251750585253
0.5485849056603773    0.09660998110480705
0.5495283018867925    0.09566744470378455
0.5504716981132076    0.08671334889407072
0.5514150943396227    0.08694898299434682
0.5523584905660377    0.09236856730020578
0.5533018867924528    0.08671334889407072
0.554245283018868    0.0812937645881913
0.555188679245283    0.08506391019230135
0.5561320754716981    0.08506391019228134
0.5570754716981132    0.08765588529509323
0.5580188679245284    0.08035122818716879
0.5589622641509434    0.09166166499946046
0.5599056603773584    0.08365010559074756
0.5608490566037736    0.08412137379125882
0.5617924528301887    0.08058686228742443
0.5627358490566038    0.07658108258309679
0.5636792452830188    0.08152939868844693
0.564622641509434    0.08082249638768005
0.5655660377358491    0.07469600978103375
0.5665094339622642    0.08341447149051157
0.5674528301886792    0.08058686228742443
0.5683962264150944    0.06809825497387618
0.5693396226415095    0.07516727798154499
0.5702830188679245    0.08506391019230135
0.5712264150943396    0.07139713237745497
0.5721698113207547    0.07281093697898873
0.5731132075471699    0.07351783927975561
0.5740566037735849    0.07304657107926155
0.575    0.06762698677336494
0.5759433962264151    0.07422474158052249
0.5768867924528303    0.07139713237745497
0.5778301886792453    0.07092586417696041
0.5787735849056603    0.06527064577080867
0.5797169811320755    0.07446037568077812
0.5806603773584906    0.06809825497387618
0.5816037735849057    0.06456374347005699
0.5825471698113207    0.06432810936978617
0.5834905660377359    0.06927642547515432
0.584433962264151    0.07446037568077812
0.585377358490566    0.06833388907414789
0.5863207547169811    0.0629143047682524
0.5872641509433962    0.07092586417694371
0.5882075471698114    0.06362120706901928
0.5891509433962264    0.06244303656775584
0.5900943396226415    0.07304657107924435
0.5910377358490566    0.05749472046237298
0.5919811320754718    0.05890852506390674
0.5929245283018868    0.06432810936980131
0.5938679245283018    0.05985106146492925
0.594811320754717    0.05796598866288423
0.5957547169811321    0.06055796376569613
0.5966981132075472    0.05702345226187515
0.5976415094339622    0.05348894075802732
0.5985849056603774    0.0603223296654405
0.5995283018867925    0.059379793264417995
0.6004716981132076    0.05301767255752854
0.6014150943396226    0.05678781816160609
0.6023584905660377    0.05843725686339548
0.6033018867924529    0.0516038679559823
0.6042452830188679    0.05325330665778423
0.605188679245283    0.055609647660327964
0.6061320754716981    0.05513837945981671
0.6070754716981133    0.056080915860839214
0.6080188679245283    0.052075136156505816
0.6089622641509433    0.05254640435700481
0.6099056603773585    0.05843725686339548
0.6108490566037736    0.05843725686339548
0.6117924528301887    0.0483049905524149
0.6127358490566037    0.052310770256749184
0.6136792452830189    0.04524174724908037
0.614622641509434    0.048304990552403525
0.6155660377358491    0.05537401356008537
0.6165094339622641    0.04995442925419291
0.6174528301886792    0.05278203845726044
0.6183962264150944    0.055845281760583586
0.6193396226415094    0.048776258752926266
0.6202830188679245    0.048069356452147896
0.6212264150943396    0.04641991775035851
0.6221698113207548    0.04594864954984726
0.6231132075471698    0.04901189285318194
0.6240566037735849    0.045006113148824745
0.625    0.04241413804601286
0.6259433962264151    0.048304990552403525
0.6268867924528302    0.04453484494832398
0.6278301886792452    0.045006113148824745
0.6287735849056604    0.04689118595086977
0.6297169811320755    0.04641991775035851
0.6306603773584906    0.044299210848068295
0.6316037735849056    0.04029343114371221
0.6325471698113208    0.03699455374013343
0.6334905660377359    0.04264977214626848
0.6344339622641509    0.039586528842954646
0.635377358490566    0.04147160164499034
0.6363207547169811    0.03793709014115594
0.6372641509433963    0.0428854062465241
0.6382075471698113    0.042885406246534204
0.6391509433962264    0.04170723574524597
0.6400943396226415    0.03817272424141157
0.6410377358490567    0.039822162943200956
0.6419811320754717    0.04005779704346601
0.6429245283018867    0.03723018784038906
0.6438679245283019    0.03487384683783279
0.644811320754717    0.03534511503834405
0.6457547169811321    0.03864399244193192
0.6466981132075471    0.03534511503834405
0.6476415094339623    0.03440257863732153
0.6485849056603774    0.036523285539622176
0.6495283018867924    0.03746582194065351
0.6504716981132075    0.036523285539622176
0.6514150943396226    0.03346004223629903
0.6523584905660378    0.032988774035787774
0.6533018867924528    0.03157496943426145
0.6542452830188679    0.040057797043456585
0.655188679245283    0.028982994331442115
0.6561320754716982    0.03440257863732153
0.6570754716981132    0.03840835834167623
0.6580188679245282    0.03086806713348713
0.6589622641509434    0.03723018784038906
0.6599056603773585    0.031574969434254016
0.6608490566037736    0.03369567633656259
0.6617924528301886    0.032281871735020895
0.6627358490566038    0.03086806713348713
0.6636792452830189    0.0341669445370659
0.664622641509434    0.02756918972991484
0.665566037735849    0.027804823830163982
0.6665094339622641    0.029689896632208997
0.6674528301886793    0.03133933533399839
0.6683962264150943    0.03039679893298303
0.6693396226415094    0.03039679893297588
0.6702830188679245    0.028276092030675236
0.6712264150943397    0.026626653328885846
0.6721698113207547    0.0334600422363069
0.6731132075471697    0.024505946426585205
0.6740566037735849    0.02921862843169774
0.675    0.025919751028118963
0.6759433962264151    0.031810603534517125
0.6768867924528301    0.028982994331442115
0.6778301886792453    0.0209714349227508
0.6787735849056604    0.026626653328885846
0.6797169811320755    0.022620873624545512
0.6806603773584905    0.028040457930419607
0.6816037735849056    0.0270979215293971
0.6825471698113208    0.025212848727352084
0.6834905660377358    0.020028898521733004
0.6844339622641509    0.020264532621983918
0.685377358490566    0.023563410025562694
0.6863207547169812    0.027333555629652728
0.6872641509433962    0.02639101922863643
0.6882075471698113    0.020028898521728292
0.6891509433962264    0.024034678226073948
0.6900943396226416    0.020264532621983918
0.6910377358490567    0.019793264421472664
0.6919811320754717    0.025448482827613698
0.6929245283018868    0.024034678226073948
0.6938679245283019    0.025684116927863338
0.6948113207547171    0.02474158052684083
0.6957547169811321    0.021913971323778463
0.6966981132075472    0.020500166722239546
0.6976415094339623    0.02073580082249517
0.6985849056603775    0.01932199622096141
0.6995283018867925    0.020735800822500053
0.7004716981132075    0.0209714349227508
0.7014150943396227    0.017436923418916395
0.7023584905660378    0.018850728020450156
0.7033018867924529    0.016023118817386404
0.7042452830188679    0.018143825719683274
0.7051886792452831    0.020028898521728292
0.7061320754716982    0.017201289318660766
0.7070754716981132    0.018143825719687545
0.7080188679245283    0.01625875291763826
0.7089622641509434    0.02167833722351768
0.7099056603773586    0.01861509392019453
0.7108490566037736    0.018143825719687545
0.7117924528301887    0.013902411915081991
0.7127358490566038    0.01790819161942765
0.713679245283019    0.020028898521728292
0.714622641509434    0.015787484717130724
0.715566037735849    0.01460931421584887
0.7165094339622642    0.01531621651661575
0.7174528301886793    0.01696565521840514
0.7183962264150944    0.018850728020454594
0.7193396226415094    0.01932199622096141
0.7202830188679246    0.018379459819938902
0.7212264150943397    0.016494387017893887
0.7221698113207548    0.013195509614318215
0.7231132075471698    0.013666777814826364
0.7240566037735849    0.012488607313548228
0.7250000000000001    0.014138046015337618
0.7259433962264151    0.014138046015340945
0.7268867924528302    0.016023118817382633
0.7278301886792453    0.01460931421584887
0.7287735849056605    0.014138046015337618
0.7297169811320755    0.013431143714573898
0.7306603773584905    0.015080582416360126
0.7316037735849057    0.012724241413803856
0.7325471698113208    0.016023118817382633
0.7334905660377359    0.0174369234189205
0.7344339622641509    0.01460931421584887
0.7353773584905661    0.011074802712014468
0.7363207547169812    0.01319550961431511
0.7372641509433963    0.016965655218409134
0.7382075471698113    0.011546070912525722
0.7391509433962264    0.010132266310991959
0.7400943396226416    0.010132266310991959
0.7410377358490566    0.009896632210738662
0.7419811320754717    0.009189729909969451
0.7429245283018868    0.011310436812270093
0.743867924528302    0.011074802712014468
0.744811320754717    0.011310436812272756
0.745754716981132    0.008718461709458197
0.7466981132075472    0.012017339113036974
0.7476415094339623    0.015080582416360126
0.7485849056603774    0.008247193508948885
0.7495283018867924    0.010603534511503214
0.7504716981132076    0.011781705012781347
0.7514150943396227    0.008954095809713824
0.7523584905660378    0.009425364010227297
0.7533018867924528    0.00848282760920257
0.754245283018868    0.009425364010225078
0.7551886792452831    0.010132266310991959
0.7561320754716981    0.010839168611761391
0.7570754716981132    0.008247193508946944
0.7580188679245283    0.009896632210736332
0.7589622641509435    0.006597754807157555
0.7599056603773585    0.007304657107926154
0.7608490566037736    0.009896632210736332
0.7617924528301887    0.008718461709458197
0.7627358490566039    0.00541958430587942
0.7636792452830189    0.005183950205625013
0.7646226415094339    0.010132266310991959
0.7655660377358491    0.010367900411247586
0.7665094339622642    0.007540291208180063
0.7674528301886793    0.008482827609204567
0.7683962264150943    0.006597754807157555
0.7693396226415095    0.006126486606646301
0.7702830188679246    0.008011559408691317
0.7712264150943396    0.00777592530843752
0.7721698113207547    0.006597754807157555
0.7731132075471698    0.008954095809713824
0.774056603773585    0.008247193508946944
0.775    0.006833388907414789
0.7759433962264151    0.00541958430587942
0.7768867924528302    0.01083916861175884
0.7778301886792454    0.007069023007668809
0.7787735849056604    0.0058908525063920605
0.7797169811320754    0.004712682005112539
0.7806603773584906    0.005183950205623793
0.7816037735849057    0.006126486606646301
0.7825471698113208    0.006126486606647743
0.7834905660377358    0.0058908525063906736
0.784433962264151    0.004241413804601285
0.7853773584905661    0.007069023007668809
0.7863207547169812    0.005655218406136378
0.7872641509433962    0.004948316105368166
0.7882075471698113    0.005183950205623793
0.7891509433962265    0.00541958430587942
0.7900943396226415    0.006597754807159108
0.7910377358490566    0.004477047904856912
0.7919811320754717    0.004477047904856912
0.7929245283018869    0.005183950205623793
0.7938679245283019    0.0042414138046022835
0.7948113207547169    0.0028276092030675233
0.7957547169811321    0.0035345115038344045
0.7966981132075472    0.0035345115038344045
0.7976415094339623    0.0070690230076704726
0.7985849056603773    0.004005779704345658
0.7995283018867925    0.0058908525063906736
0.8004716981132076    0.0030632433033231507
0.8014150943396227    0.005655218406136378
0.8023584905660377    0.004712682005112539
0.8033018867924528    0.004477047904856912
0.804245283018868    0.0035345115038344045
0.805188679245283    0.0037701456040909187
0.8061320754716981    0.0037701456040900314
0.8070754716981132    0.004477047904856912
0.8080188679245284    0.0032988774035787776
0.8089622641509434    0.004477047904857966
0.8099056603773584    0.004948316105368166
0.8108490566037736    0.004241413804601285
0.8117924528301887    0.004948316105368166
0.8127358490566038    0.002356341002556824
0.8136792452830188    0.0035345115038344045
0.814622641509434    0.0035345115038344045
0.8155660377358491    0.0035345115038344045
0.8165094339622642    0.0018850728020454594
0.8174528301886792    0.0035345115038344045
0.8183962264150944    0.0025919751028118964
0.8193396226415095    0.0021207069023006426
0.8202830188679245    0.0037701456040909187
0.8212264150943396    0.0025919751028118964
0.8221698113207547    0.0030632433033231507
0.8231132075471699    0.0014138046015337617
0.8240566037735849    0.0021207069023011418
0.825    0.0018850728020450157
0.8259433962264151    0.0014138046015337617
0.8268867924528303    0.0032988774035787776
0.8278301886792453    0.001178170501278412
0.8287735849056603    0.0023563410025562695
0.8297169811320755    0.0030632433033231507
0.8306603773584906    0.0016494387017893888
0.8316037735849057    0.0018850728020454594
0.8325471698113207    0.0014138046015337617
0.8334905660377359    0.0014138046015337617
0.834433962264151    0.0028276092030675233
0.835377358490566    0.0025919751028125066
0.8363207547169811    0.0023563410025562695
0.8372641509433962    0.0014138046015337617
0.8382075471698114    0.0021207069023006426
0.8391509433962264    0.002827609203068189
0.8400943396226415    0.0021207069023006426
0.8410377358490566    0.0007069023007668808
0.8419811320754718    0.0016494387017893888
0.8429245283018868    0.0021207069023011418
0.8438679245283018    0.0014138046015337617
0.844811320754717    0.0011781705012781348
0.8457547169811321    0.0009425364010225078
0.8466981132075472    0.003298877403579554
0.8476415094339622    0.0028276092030675233
0.8485849056603774    0.0023563410025562695
0.8495283018867925    0.0011781705012781348
0.8504716981132076    0.0018850728020454594
0.8514150943396226    0.0018850728020450157
0.8523584905660377    0.0014138046015337617
0.8533018867924529    0.0011781705012781348
0.8542452830188679    0.001178170501278412
0.855188679245283    0.0014138046015337617
0.8561320754716981    0.0011781705012781348
0.8570754716981133    0.0018850728020450157
0.8580188679245283    0.0007069023007670473
0.8589622641509433    0.0009425364010225078
0.8599056603773585    0.0016494387017893888
0.8608490566037736    0.0018850728020450157
0.8617924528301887    0.001178170501278412
0.8627358490566037    0.0009425364010225078
0.8636792452830189    0.0011781705012781348
0.864622641509434    0.0007069023007668808
0.8655660377358491    0.0009425364010227297
0.8665094339622641    0.0004712682005112539
0.8674528301886792    0.00023563410025562696
0.8683962264150944    0.0016494387017893888
0.8693396226415094    0.0009425364010227297
0.8702830188679245    0.0009425364010225078
0.8712264150943396    0.0007069023007668808
0.8721698113207548    0.0004712682005112539
0.8731132075471698    0.001178170501278412
0.8740566037735849    0.0007069023007668808
0.875    0.0004712682005112539
0.8759433962264151    0.0011781705012781348
0.8768867924528302    0.0007069023007670473
0.8778301886792452    0.0004712682005112539
0.8787735849056604    0.0004712682005112539
0.8797169811320755    0.0
0.8806603773584906    0.0007069023007670473
0.8816037735849056    0.0004712682005112539
0.8825471698113208    0.00023563410025562696
0.8834905660377359    0.0007069023007668808
0.8844339622641509    0.001178170501278412
0.885377358490566    0.0004712682005112539
0.8863207547169811    0.00023563410025562696
0.8872641509433963    0.0009425364010225078
0.8882075471698113    0.00047126820051136484
0.8891509433962264    0.0007069023007668808
0.8900943396226415    0.0009425364010225078
0.8910377358490567    0.0004712682005112539
0.8919811320754717    0.00047126820051136484
0.8929245283018867    0.0007069023007668808
0.8938679245283019    0.0
0.894811320754717    0.0
0.8957547169811321    0.00047126820051136484
0.8966981132075471    0.00023563410025562696
0.8976415094339623    0.0004712682005112539
0.8985849056603774    0.00023563410025562696
0.8995283018867924    0.00047126820051136484
0.9004716981132075    0.00023563410025562696
0.9014150943396226    0.0
0.9023584905660378    0.00023563410025562696
0.9033018867924528    0.0
0.9042452830188679    0.0
0.905188679245283    0.0
0.9061320754716982    0.00023563410025562696
0.9070754716981132    0.0
0.9080188679245282    0.0
0.9089622641509434    0.00023563410025562696
0.9099056603773585    0.0
0.9108490566037736    0.0
0.9117924528301886    0.00023563410025562696
0.9127358490566038    0.0
0.9136792452830189    0.0
0.914622641509434    0.0
0.915566037735849    0.0
0.9165094339622641    0.00023563410025562696
0.9174528301886793    0.0
0.9183962264150943    0.0
0.9193396226415094    0.0
0.9202830188679245    0.0
0.9212264150943397    0.0
0.9221698113207547    0.0
0.9231132075471697    0.0
0.9240566037735849    0.0
0.925    0.00023563410025562696
0.9259433962264151    0.0
0.9268867924528301    0.0
0.9278301886792453    0.0
0.9287735849056604    0.0
0.9297169811320755    0.0
0.9306603773584905    0.0
0.9316037735849056    0.0
0.9325471698113208    0.00023563410025562696
0.933490566037736    0.0
0.934433962264151    0.0
0.935377358490566    0.0
0.9363207547169812    0.0
0.9372641509433963    0.0
0.9382075471698114    0.0
0.9391509433962264    0.0
0.9400943396226416    0.0
0.9410377358490567    0.00023563410025562696
0.9419811320754717    0.0
0.9429245283018868    0.0
0.9438679245283019    0.0
0.9448113207547171    0.0
0.9457547169811321    0.0
0.9466981132075472    0.0
0.9476415094339623    0.0
0.9485849056603775    0.0
0.9495283018867925    0.0
0.9504716981132075    0.0
0.9514150943396227    0.0
0.9523584905660378    0.0
0.9533018867924529    0.0
0.9542452830188679    0.0
0.9551886792452831    0.0
0.9561320754716982    0.0
0.9570754716981132    0.0
0.9580188679245283    0.0
0.9589622641509434    0.0
0.9599056603773586    0.0
0.9608490566037736    0.0
0.9617924528301887    0.0
0.9627358490566038    0.0
0.963679245283019    0.0
0.964622641509434    0.0
0.965566037735849    0.0
0.9665094339622642    0.0
0.9674528301886793    0.0
0.9683962264150944    0.0
0.9693396226415094    0.0
0.9702830188679246    0.0
0.9712264150943397    0.0
0.9721698113207548    0.0
0.9731132075471698    0.0
0.9740566037735849    0.0
0.9750000000000001    0.0
0.9759433962264151    0.0
0.9768867924528302    0.0
0.9778301886792453    0.0
0.9787735849056605    0.0
0.9797169811320755    0.0
0.9806603773584905    0.0
0.9816037735849057    0.0
0.9825471698113208    0.0
0.9834905660377359    0.0
0.9844339622641509    0.0
0.9853773584905661    0.0
0.9863207547169812    0.0
0.9872641509433963    0.0
0.9882075471698113    0.0
0.9891509433962264    0.0
0.9900943396226416    0.0
0.9910377358490566    0.0
0.9919811320754717    0.0
0.9929245283018868    0.0
0.993867924528302    0.0
0.994811320754717    0.0
0.995754716981132    0.0
0.9966981132075472    0.0
0.9976415094339623    0.0
0.9985849056603774    0.0
0.9995283018867924    0.0