-0.9995283018867924    0.0
-0.9985849056603773    0.0
-0.9976415094339622    0.0
-0.9966981132075472    0.0
-0.995754716981132    0.020500166722239546
-0.9948113207547169    0.28087584750474043
-0.9938679245283019    1.1953717905967955
-0.9929245283018868    2.7783616761144243
-0.9919811320754717    4.1342002889849745
-0.9910377358490565    5.015707458041866
-0.9900943396226415    5.471895076136169
-0.9891509433962264    5.488389463154709
-0.9882075471698113    5.092052906524099
-0.9872641509433961    4.630210070023614
-0.9863207547169811    4.07411359341979
-0.9853773584905661    3.6770701344894916
-0.9844339622641509    3.4869134155827677
-0.9834905660377358    3.333515616316747
-0.9825471698113207    3.331394909414054
-0.9816037735849057    3.31490052239655
-0.9806603773584905    3.413631210403268
-0.9797169811320754    3.5293275536291957
-0.9787735849056604    3.613448927420039
-0.9778301886792453    3.7322085139493146
-0.9768867924528302    3.7838123819048577
-0.975943396226415    3.9438079359788922
-0.975    4.0590330110034305
-0.9740566037735849    4.141740580193642
-0.9731132075471698    4.150459041902613
-0.9721698113207546    4.221149271979798
-0.9712264150943396    4.174964988329198
-0.9702830188679246    4.237172390797182
-0.9693396226415094    4.240235634100007
-0.9683962264150943    4.152108480604891
-0.9674528301886792    4.103803490051999
-0.9665094339622642    4.072935422918991
-0.965566037735849    4.120769145270404
-0.9646226415094339    4.0321707235747635
-0.9636792452830188    4.092257419139473
-0.9627358490566038    4.065159497610555
-0.9617924528301887    4.097205735244842
-0.9608490566037735    4.086366566633563
-0.9599056603773585    4.0738779593195344
-0.9589622641509434    3.9935267311328357
-0.9580188679245283    3.917652550850054
-0.9570754716981131    3.887255751917535
-0.9561320754716981    3.801249305323774
-0.9551886792452831    3.676363232188724
-0.9542452830188679    3.5616094253638013
-0.9533018867924528    3.4871490496834334
-0.9523584905660377    3.40326330999202
-0.9514150943396227    3.316785595198595
-0.9504716981132075    3.1947271312657906
-0.9495283018867924    3.0969389796600697
-0.9485849056603773    3.042743136600911
-0.9476415094339623    2.9522596421030975
-0.9466981132075472    2.9103167722572487
-0.945754716981132    2.7406602200735195
-0.944811320754717    2.738775147271152
-0.9438679245283019    2.5599288651774326
-0.9429245283018868    2.5156296543290733
-0.9419811320754716    2.4138357230189267
-0.9410377358490566    2.3122774258084675
-0.9400943396226416    2.28894964988343
-0.9391509433962264    2.2036501055906235
-0.9382075471698113    2.1053906857842746
-0.9372641509433962    2.0184417027897004
-0.9363207547169812    1.9333777925976467
-0.935377358490566    1.8862509725462937
-0.9344339622641509    1.7993019895521791
-0.9334905660377358    1.7606579971100444
-0.9325471698113208    1.7069334222519625
-0.9316037735849056    1.640484605979675
-0.9306603773584905    1.5641391574970358
-0.9297169811320755    1.531857285761831
-0.9287735849056604    1.5403401133712147
-0.9278301886792453    1.4352473046570238
-0.9268867924528301    1.4427875958653738
-0.9259433962264151    1.3871779482048758
-0.925    1.365263976881263
-0.9240566037735849    1.315780815827421
-0.9231132075471697    1.2538090474603387
-0.9221698113207547    1.218463932421847
-0.9212264150943397    1.1878314993887553
-0.9202830188679245    1.1491875069466928
-0.9193396226415094    1.0940491274870048
-0.9183962264150943    1.0525775258418857
-0.9174528301886793    1.0233588974103083
-0.9165094339622641    1.006864510392294
-0.915566037735849    0.963507835945372
-0.914622641509434    0.9474847171278761
-0.9136792452830189    0.9260420140047229
-0.9127358490566038    0.9401800600199516
-0.9117924528301886    0.9156741135934741
-0.9108490566037736    0.8770301211514435
-0.9099056603773585    0.8862198510615173
-0.9089622641509434    0.886219851061413
-0.9080188679245282    0.8268400577970924
-0.9070754716981132    0.8155296209847249
-0.9061320754716982    0.7825408469490293
-0.905188679245283    0.7714660442369227
-0.9042452830188679    0.7314082471935521
-0.9033018867924528    0.737770367900368
-0.9023584905660378    0.7219828831833259
-0.9014150943396226    0.7120862509725047
-0.9004716981132075    0.6569478715127652
-0.8995283018867924    0.6611892853172893
-0.8985849056603774    0.6437523618984485
-0.8976415094339623    0.6350339001889146
-0.8966981132075471    0.6437523618984485
-0.8957547169811321    0.5959186395464806
-0.894811320754717    0.6055796376570326
-0.8938679245283019    0.5827231299321655
-0.8929245283018867    0.5692919862176617
-0.8919811320754717    0.5523263309991896
-0.8910377358490567    0.5346537734800805
-0.8900943396226415    0.5511481604979115
-0.8891509433962264    0.5365388462821257
-0.8882075471698113    0.5311192619761831
-0.8872641509433963    0.49153273313329565
-0.8863207547169811    0.49624541513835035
-0.885377358490566    0.5096765588529811
-0.8844339622641509    0.5268778481715819
-0.8834905660377359    0.5002511948427548
-0.8825471698113208    0.48446371012556905
-0.8816037735849056    0.5021362676448002
-0.8806603773584906    0.5214582638657025
-0.8797169811320755    0.5143892408580942
-0.8787735849056604    0.5322974324774613
-0.8778301886792452    0.5393664554851936
-0.8768867924528302    0.5315905301766944
-0.8759433962264151    0.5671712793153608
-0.875    0.5570390130043021
-0.8740566037735849    0.5685850839168947
-0.8731132075471698    0.5659931088140159
-0.8721698113207548    0.576596643325587
-0.8712264150943396    0.5923841280426462
-0.8702830188679245    0.6015738579526864
-0.8693396226415094    0.6109992219628407
-0.8683962264150944    0.5730621318217523
-0.8674528301886792    0.5862576414359999
-0.8665094339622641    0.5897921529399037
-0.8655660377358491    0.5650505724129934
-0.864622641509434    0.557510281204879
-0.8636792452830189    0.5617516950094147
-0.8627358490566037    0.5789529843281436
-0.8617924528301887    0.5872001778370223
-0.8608490566037736    0.6088785150606116
-0.8599056603773585    0.5869645437367668
-0.8589622641509433    0.6062865399577995
-0.8580188679245283    0.6220740246748552
-0.8570754716981133    0.6574191397132766
-0.8561320754716981    0.6835745248415738
-0.855188679245283    0.7073735689674754
-0.8542452830188679    0.7040746915638133
-0.8533018867924529    0.7330576858953417
-0.8523584905660377    0.7368278314993455
-0.8514150943396226    0.7377703679004548
-0.8504716981132076    0.7483739024118712
-0.8495283018867925    0.7693453373347126
-0.8485849056603774    0.7747649216405014
-0.8476415094339622    0.7629832166278099
-0.8466981132075472    0.7825408469489371
-0.8457547169811321    0.7872535289541422
-0.844811320754717    0.8094031343780786
-0.8438679245283018    0.7980926975659024
-0.8429245283018868    0.8266044236967394
-0.8419811320754718    0.8070467933756172
-0.8410377358490566    0.8301389352005738
-0.8400943396226415    0.8515816383239361
-0.8391509433962264    0.8664265866399403
-0.8382075471698114    0.8678403912415762
-0.8372641509433962    0.8652484161386622
-0.8363207547169811    0.8892830943648408
-0.835377358490566    0.9189729909969452
-0.834433962264151    0.9187373568967976
-0.8334905660377359    0.9453640102255753
-0.8325471698113207    0.9762320773591775
-0.8316037735849057    0.9927264643769563
-0.8306603773584906    1.0094564854952246
-0.8297169811320755    0.9865999777703102
-0.8287735849056603    0.9957897076803967
-0.8278301886792453    0.998617316883347
-0.8268867924528303    0.9910770256752837
-0.8259433962264151    0.9698699566521605
-0.825    0.9696343225520191
-0.8240566037735849    0.9418294987217409
-0.8231132075471699    0.9274558186062568
-0.8221698113207547    0.9135534066910658
-0.8212264150943396    0.9067200177837592
-0.8202830188679245    0.8923463376680593
-0.8193396226415095    0.8810359008558929
-0.8183962264150944    0.8857485828609016
-0.8174528301886792    0.8631277092363615
-0.816509433962264    0.8760875847505242
-0.8155660377358491    0.8687829276425989
-0.814622641509434    0.8635989774368728
-0.8136792452830188    0.8459264199177008
-0.8127358490566037    0.8440413471157552
-0.8117924528301887    0.8308458375014384
-0.8108490566037736    0.8183572301877925
-0.8099056603773584    0.8275469600977619
-0.8089622641509433    0.8466333222185672
-0.8080188679245284    0.8258975213960696
-0.8070754716981132    0.838150494609265
-0.8061320754716981    0.7905524063576284
-0.8051886792452829    0.8006846726687147
-0.804245283018868    0.765575191730622
-0.8033018867924528    0.7398910748026687
-0.8023584905660377    0.7316438812937217
-0.8014150943396225    0.7132644214738667
-0.8004716981132076    0.7236323218851155
-0.7995283018867925    0.7099655440702041
-0.7985849056603773    0.660718017116778
-0.7976415094339622    0.6329131932866885
-0.7966981132075472    0.6234878292764623
-0.7957547169811321    0.6109992219628407
-0.7948113207547169    0.5789529843280754
-0.7938679245283018    0.5662287429143382
-0.7929245283018869    0.5523263309992545
-0.7919811320754717    0.5282916527731156
-0.7910377358490566    0.5299410914749051
-0.7900943396226414    0.5174524841614176
-0.7891509433962265    0.5332399688785465
-0.7882075471698113    0.5353606757807845
-0.7872641509433962    0.5537401356007233
-0.786320754716981    0.5396020895854492
-0.7853773584905661    0.5518550627987433
-0.784433962264151    0.5622229632099259
-0.7834905660377358    0.5636367678114597
-0.7825471698113207    0.5662287429143382
-0.7816037735849057    0.5725908636212409
-0.7806603773584906    0.5699988885183616
-0.7797169811320754    0.5914415916416237
-0.7787735849056603    0.5504412581972093
-0.7778301886792454    0.5523263309992545
-0.7768867924528302    0.5537401356007233
-0.7759433962264151    0.579895520729098
-0.7749999999999999    0.5822518617317227
-0.774056603773585    0.5634011337112703
-0.7731132075471698    0.5629298655106928
-0.7721698113207547    0.5497343558963778
-0.7712264150943395    0.5379526508836596
-0.7702830188679246    0.5365388462821257
-0.7693396226415095    0.5311192619761831
-0.7683962264150943    0.5205157274646799
-0.7674528301886792    0.5014293653440332
-0.7665094339622642    0.5047282427476123
-0.7655660377358491    0.4818717350227571
-0.7646226415094339    0.4828142714237797
-0.7636792452830188    0.4378081582750064
-0.7627358490566039    0.4526531065911127
-0.7617924528301887    0.43827942647546614
-0.7608490566037736    0.42791152606421856
-0.7599056603773584    0.42461264866068976
-0.7589622641509435    0.4262620873624793
-0.7580188679245283    0.42508391686115105
-0.7570754716981132    0.4206068689562941
-0.756132075471698    0.43615871957321684
-0.7551886792452831    0.40741135934202694
-0.754245283018868    0.41565855285092596
-0.7533018867924528    0.4387506946759774
-0.7523584905660377    0.41636545515174184
-0.7514150943396227    0.4137734800489296
-0.7504716981132076    0.423198844059106
-0.7495283018867924    0.4158941869511816
-0.7485849056603773    0.41094587084586176
-0.7476415094339623    0.44487718128267606
-0.7466981132075472    0.43238857396907543
-0.745754716981132    0.44110703567853365
-0.7448113207547169    0.42060686895634364
-0.743867924528302    0.4125953095476514
-0.7429245283018868    0.4133022118483697
-0.7419811320754717    0.4128309436478584
-0.7410377358490565    0.41118150494611744
-0.7400943396226416    0.39021007002336416
-0.7391509433962264    0.3756007558074694
-0.7382075471698113    0.3633477825941767
-0.7372641509433961    0.3588707346893621
-0.7363207547169812    0.3395487384683984
-0.7353773584905661    0.3313015449594115
-0.7344339622641509    0.3310659108591559
-0.7334905660377358    0.321404912748713
-0.7325471698113208    0.29548516172059097
-0.7316037735849057    0.29289318661774427
-0.7306603773584905    0.29807713682336806
-0.7297169811320754    0.29124374791598917
-0.7287735849056605    0.2903012115149666
-0.7278301886792453    0.2771057019006173
-0.7268867924528302    0.27522062909857226
-0.725943396226415    0.28629543181062045
-0.7250000000000001    0.25801933977994185
-0.7240566037735849    0.26461709458706906
-0.7231132075471698    0.26014004668221213
-0.7221698113207546    0.26603089918863415
-0.7212264150943397    0.2594331443814758
-0.7202830188679246    0.2641458263865578
-0.7193396226415094    0.2561342669778665
-0.7183962264150943    0.2738068244970707
-0.7174528301886793    0.25472046237636276
-0.7165094339622642    0.26980104479269285
-0.715566037735849    0.2632032899855353
-0.7146226415094339    0.262025119484288
-0.713679245283019    0.25990441258198715
-0.7127358490566038    0.2558986328776109
-0.7117924528301887    0.26603089918860284
-0.7108490566037735    0.2657952650883785
-0.7099056603773586    0.2537779259753401
-0.7089622641509434    0.25283538957428775
-0.7080188679245283    0.25024341447147586
-0.7070754716981131    0.2575480715794306
-0.7061320754716982    0.2584906079804532
-0.7051886792452831    0.24835834166943083
-0.7042452830188679    0.253306657774799
-0.7033018867924528    0.2507146826720166
-0.7023584905660378    0.2474158052684374
-0.7014150943396227    0.23728353895741633
-0.7004716981132075    0.22832944314770254
-0.6995283018867924    0.23681227075693295
-0.6985849056603775    0.22832944314772938
-0.6976415094339623    0.20900744692674111
-0.6966981132075472    0.23115705235077003
-0.695754716981132    0.22573746804491718
-0.6948113207547171    0.21725464043571363
-0.6938679245283019    0.21961098143824434
-0.6929245283018868    0.20217405801932792
-0.6919811320754716    0.20405913082139696
-0.6910377358490567    0.2047660331221639
-0.6900943396226416    0.19369123041012534
-0.6891509433962264    0.193926864510381
-0.6882075471698113    0.18756474380350113
-0.6872641509433963    0.18379459819941063
-0.6863207547169812    0.18026008669555463
-0.685377358490566    0.18026008669555463
-0.6844339622641509    0.19180615760810293
-0.683490566037736    0.19863954651551688
-0.6825471698113208    0.18520840280092277
-0.6816037735849056    0.20500166722239546
-0.6806603773584905    0.20005335111705083
-0.6797169811320756    0.2059442036234422
-0.6787735849056604    0.22055351783926683
-0.6778301886792453    0.1986395465154935
-0.6768867924528301    0.22267422474159368
-0.6759433962264152    0.22055351783929278
-0.675    0.1986395465154935
-0.6740566037735849    0.21866844503722183
-0.6731132075471697    0.2158408358341797
-0.6721698113207548    0.23634100255642165
-0.6712264150943397    0.22597310214514624
-0.6702830188679245    0.22078915193952245
-0.6693396226415094    0.20759364232523178
-0.6683962264150944    0.21961098143827015
-0.6674528301886793    0.1974613760142154
-0.6665094339622641    0.20947871512725236
-0.665566037735849    0.19699010781372733
-0.6646226415094341    0.2184328109369919
-0.6636792452830189    0.1913348894075691
-0.6627358490566038    0.1878003779037347
-0.6617924528301886    0.19109925530733596
-0.6608490566037737    0.18638657330222286
-0.6599056603773585    0.19251305990884723
-0.6589622641509434    0.1764899410914646
-0.6580188679245282    0.17837501389353058
-0.6570754716981133    0.17460486828944013
-0.6561320754716982    0.18473713460041155
-0.655188679245283    0.19204179170833596
-0.6542452830188679    0.18756474380350113
-0.6533018867924529    0.19204179170835856
-0.6523584905660378    0.18497276870066717
-0.6514150943396226    0.19604757141268164
-0.6504716981132075    0.20099588751807346
-0.6495283018867926    0.1913348894075916
-0.6485849056603774    0.19251305990884723
-0.6476415094339623    0.18214515949759963
-0.6466981132075471    0.19604757141270468
-0.6457547169811322    0.20240969211960738
-0.644811320754717    0.19463376681114786
-0.6438679245283019    0.20193842391907232
-0.6429245283018867    0.19534066911193773
-0.6419811320754718    0.18803601200401243
-0.6410377358490567    0.1870934756029678
-0.6400943396226415    0.18308769589862214
-0.6391509433962264    0.19534066911193773
-0.6382075471698113    0.18143825719683276
-0.6372641509433963    0.19651883961321603
-0.6363207547169811    0.19227742580859158
-0.635377358490566    0.18167389129708836
-0.6344339622641508    0.1840302322996663
-0.6334905660377359    0.1819095253973654
-0.6325471698113208    0.18167389129708836
-0.6316037735849056    0.1731910636878858
-0.6306603773584905    0.18167389129710979
-0.6297169811320755    0.17766811159276363
-0.6287735849056604    0.19039235300654658
-0.6278301886792452    0.16730021118149513
-0.6268867924528301    0.1564610425697547
-0.6259433962264151    0.16305879737691303
-0.625    0.16824274758251764
-0.6240566037735849    0.16046682227408196
-0.6231132075471697    0.1595242858730782
-0.6221698113207548    0.17224852728688358
-0.6212264150943396    0.1574035789707588
-0.6202830188679245    0.16682894298098389
-0.6193396226415093    0.16447260197844696
-0.6183962264150944    0.17766811159276363
-0.6174528301886792    0.17201289318660767
-0.6165094339622641    0.1731910636878858
-0.615566037735849    0.16753584528177048
-0.614622641509434    0.17648994109148536
-0.6136792452830189    0.18473713460041155
-0.6127358490566037    0.18002445259529898
-0.6117924528301886    0.1809669889963428
-0.6108490566037736    0.17648994109148536
-0.6099056603773585    0.1880360120039903
-0.6089622641509433    0.19628320551293724
-0.6080188679245282    0.18544403690120023
-0.6070754716981133    0.19746137601423863
-0.6061320754716981    0.19463376681114786
-0.605188679245283    0.1896854507057797
-0.6042452830188678    0.19463376681117076
-0.6033018867924529    0.18379459819941063
-0.6023584905660377    0.1703634544848183
-0.6014150943396226    0.18403023229964466
-0.6004716981132074    0.1684783816827931
-0.5995283018867925    0.17813937979327496
-0.5985849056603774    0.1835589640991334
-0.5976415094339622    0.18379459819938904
-0.5966981132075471    0.18049572079583148
-0.5957547169811321    0.18591530510171153
-0.594811320754717    0.17059908858507392
-0.5938679245283018    0.17978881849504338
-0.5929245283018867    0.1762543069912297
-0.5919811320754718    0.17648994109148536
-0.5910377358490566    0.19039235300654658
-0.5900943396226415    0.18261642769811087
-0.5891509433962263    0.18803601200401243
-0.5882075471698114    0.19251305990886988
-0.5872641509433962    0.1809669889963215
-0.5863207547169811    0.20028898521728292
-0.5853773584905659    0.18073135489608713
-0.584433962264151    0.19109925530733596
-0.5834905660377359    0.20523730132265108
-0.5825471698113207    0.21984661553849996
-0.5816037735849056    0.2059442036234422
-0.5806603773584906    0.20358786262088566
-0.5797169811320755    0.21254195843057552
-0.5787735849056603    0.20830054462597422
-0.5778301886792452    0.22314549294210498
-0.5768867924528303    0.22102478603980408
-0.5759433962264151    0.22385239524284561
-0.575    0.21749027453594366
-0.5740566037735848    0.22338112704236066
-0.5731132075471699    0.22644437034568415
-0.5721698113207547    0.21631210403466555
-0.5712264150943396    0.21961098143824434
-0.5702830188679244    0.21654773813494665
-0.5693396226415095    0.21819717683673623
-0.5683962264150944    0.20453039902188422
-0.5674528301886792    0.22314549294207875
-0.566509433962264    0.21442703123264575
-0.5655660377358491    0.2141913971323901
-0.564622641509434    0.2177259086361993
-0.5636792452830188    0.21089251972878612
-0.5627358490566037    0.21042125152829963
-0.5617924528301887    0.2021740580193517
-0.5608490566037736    0.20453039902188422
-0.5599056603773584    0.20240969211958357
-0.5589622641509433    0.21230632433034488
-0.5580188679245284    0.19981771701679518
-0.5570754716981132    0.1932199622096141
-0.5561320754716981    0.19227742580859158
-0.5551886792452829    0.19722574191398298
-0.554245283018868    0.20146715571858476
-0.5533018867924528    0.19557630321217037
-0.5523584905660377    0.18756474380347907
-0.5514150943396225    0.17012782038458268
-0.5504716981132076    0.18049572079583148
-0.5495283018867925    0.1703634544848183
-0.5485849056603773    0.15316216516615752
-0.5476415094339622    0.15551850616873208
-0.5466981132075472    0.16211626097589044
-0.5457547169811321    0.15575414026896942
-0.5448113207547169    0.1583461153717813
-0.5438679245283018    0.1451506057574833
-0.5429245283018869    0.1585817494720556
-0.5419811320754717    0.15033455596308998
-0.5410377358490566    0.1581104812715257
-0.5400943396226414    0.15269089696566424
-0.5391509433962265    0.15881738357231126
-0.5382075471698113    0.14680004445925557
-0.5372641509433962    0.14821384906078935
-0.536320754716981    0.14703567855952854
-0.5353773584905661    0.14185172835390414
-0.534433962264151    0.13973102145158678
-0.5334905660377358    0.15528287206845814
-0.5325471698113207    0.15787484717128863
-0.5316037735849057    0.17130599088586096
-0.5306603773584906    0.1651795042791945
-0.5297169811320754    0.15763921307101444
-0.5287735849056603    0.16093809047461213
-0.5278301886792454    0.15504723796822079
-0.5268867924528302    0.16871401578302891
-0.5259433962264151    0.1809669889963215
-0.5249999999999999    0.18332332999889933
-0.524056603773585    0.18049572079583148
-0.5231132075471698    0.18379459819938904
-0.5221698113207547    0.17342669778814143
-0.5212264150943395    0.1809669889963428
-0.5202830188679246    0.19274869400912553
-0.5193396226415095    0.18143825719683276
-0.5183962264150943    0.19439813271089224
-0.5174528301886792    0.17436923418918446
-0.5165094339622642    0.1913348894075916
-0.5155660377358491    0.16847838168277326
-0.5146226415094339    0.18002445259529898
-0.5136792452830188    0.17861064799378626
-0.5127358490566039    0.17059908858509398
-0.5117924528301887    0.18120262309657714
-0.5108490566037736    0.17436923418916395
-0.5099056603773584    0.17177725908637226
-0.5089622641509435    0.1533977992664312
-0.5080188679245283    0.17012782038456267
-0.5070754716981132    0.15504723796820255
-0.506132075471698    0.1616449927753791
-0.5051886792452831    0.15033455596310769
-0.504245283018868    0.15080582416360125
-0.5033018867924528    0.13973102145158678
-0.5023584905660377    0.14703567855952854
-0.5014150943396227    0.1366677781482797
-0.5004716981132076    0.15174836056462376
-0.4995283018867924    0.1387884850505643
-0.49858490566037733    0.1340758030454675
-0.49764150943396224    0.13242636434366234
-0.49669811320754714    0.14302989885518239
-0.49575471698113205    0.13313326664442923
-0.49481132075471695    0.13690341224853536
-0.49386792452830186    0.13690341224851926
-0.49292452830188677    0.1305412915416327
-0.49198113207547167    0.13784594864954178
-0.4910377358490566    0.12300100033345175
-0.4900943396226415    0.14279426475490994
-0.4891509433962264    0.14491497165722764
-0.4882075471698113    0.14043792375235367
-0.4872641509433962    0.13996665555185886
-0.4863207547169811    0.14797821496053373
-0.485377358490566    0.1366677781482797
-0.4844339622641509    0.13596087584749675
-0.4834905660377358    0.1425586306546711
-0.48254716981132073    0.1399666555518424
-0.48160377358490564    0.1435011670556937
-0.48066037735849054    0.14797821496053373
-0.47971698113207545    0.15269089696566424
-0.47877358490566035    0.15057019006334563
-0.47783018867924526    0.16188062687563476
-0.47688679245283017    0.15057019006334563
-0.47594339622641507    0.1321907302434223
-0.475    0.15363343336666876
-0.4740566037735849    0.15363343336668686
-0.4731132075471698    0.15598977436922506
-0.4721698113207547    0.15575414026898773
-0.4712264150943396    0.15245526286539066
-0.4702830188679245    0.1524552628654086
-0.4693396226415094    0.15952428587305945
-0.4683962264150943    0.16093809047461213
-0.4674528301886792    0.1581104812715257
-0.46650943396226413    0.14797821496055116
-0.46556603773584904    0.15339779926641317
-0.46462264150943394    0.16235189507614609
-0.46367924528301885    0.15151272646436814
-0.46273584905660375    0.1581104812715443
-0.46179245283018866    0.14821384906078935
-0.46084905660377357    0.15151272646438596
-0.45990566037735847    0.16565077247970575
-0.4589622641509434    0.14774258086029549
-0.4580188679245283    0.15151272646436814
-0.4570754716981132    0.14609314215850588
-0.4561320754716981    0.14727131265976684
-0.455188679245283    0.14232299655441544
-0.4542452830188679    0.13219073024340675
-0.4533018867924528    0.131719462042911
-0.4523584905660377    0.12158719573190352
-0.4514150943396226    0.12135156163166216
-0.45047169811320753    0.12300100033343726
-0.44952830188679244    0.12441480493498568
-0.44858490566037734    0.11923085472934725
-0.44764150943396225    0.11805268422808299
-0.44669811320754715    0.12347226853394852
-0.44575471698113206    0.11239746582194729
-0.44481132075471697    0.11192619762142281
-0.44386792452830187    0.10485717461376634
-0.4429245283018868    0.1161676114260241
-0.4419811320754717    0.12205846393242914
-0.4410377358490566    0.1267711459375273
-0.4400943396226415    0.11263309992220294
-0.4391509433962264    0.11805268422806911
-0.4382075471698113    0.12441480493498568
-0.4372641509433962    0.13949538735133116
-0.4363207547169811    0.14161609425364846
-0.435377358490566    0.1496276536623231
-0.43443396226415093    0.14585750805825026
-0.43349056603773584    0.15057019006334563
-0.43254716981132074    0.14844948316106246
-0.43160377358490565    0.15575414026896942
-0.43066037735849055    0.16871401578304876
-0.42971698113207546    0.18026008669555463
-0.42877358490566037    0.16447260197844696
-0.42783018867924527    0.17978881849504338
-0.4268867924528302    0.18120262309659846
-0.4259433962264151    0.1809669889963215
-0.425    0.18261642769813238
-0.4240566037735849    0.18120262309657714
-0.4231132075471698    0.19321996220963683
-0.4221698113207547    0.1896854507057797
-0.4212264150943396    0.18073135489608713
-0.4202830188679245    0.19157052350782472
-0.4193396226415094    0.18379459819941063
-0.41839622641509433    0.1913348894075691
-0.41745283018867924    0.18426586639992198
-0.41650943396226414    0.17342669778814143
-0.41556603773584905    0.190392353006569
-0.41462264150943395    0.17978881849504338
-0.41367924528301886    0.17224852728688358
-0.41273584905660377    0.1793175502945321
-0.41179245283018867    0.16753584528177048
-0.4108490566037736    0.17248416138711892
-0.4099056603773585    0.16918528398356006
-0.4089622641509434    0.1750761364899308
-0.4080188679245283    0.17271979548739488
-0.4070754716981132    0.17554740469044208
-0.4061320754716981    0.1559897743692434
-0.405188679245283    0.16565077247970575
-0.4042452830188679    0.16188062687563476
-0.4033018867924528    0.16706457708123953
-0.40235849056603773    0.1658864065799809
-0.40141509433962264    0.14986328776257876
-0.40047169811320754    0.13996665555185886
-0.39952830188679245    0.13360453484494048
-0.39858490566037735    0.13030565744137704
-0.39764150943396226    0.12559297543624917
-0.39669811320754716    0.12912748694009876
-0.39575471698113207    0.12889185283982793
-0.394811320754717    0.1314838279426553
-0.3938679245283019    0.12465043903522667
-0.3929245283018868    0.12088029343115085
-0.3919811320754717    0.1197021229298585
-0.3910377358490566    0.11239746582194729
-0.3900943396226415    0.11404690452372344
-0.3891509433962264    0.11852395242859431
-0.3882075471698113    0.11663887962653535
-0.3872641509433962    0.1133400022229699
-0.38632075471698113    0.11640324552627972
-0.38537735849056604    0.11286873402245859
-0.38443396226415094    0.10815605201733278
-0.38349056603773585    0.11192619762143598
-0.38254716981132075    0.10909858841835528
-0.38160377358490566    0.11663887962654906
-0.38066037735849056    0.11004112481937778
-0.37971698113207547    0.11616761142603775
-0.3787735849056604    0.11239746582193406
-0.3778301886792453    0.11758141602757168
-0.3768867924528302    0.1284205846393167
-0.3759433962264151    0.1267711459375422
-0.375    0.12488607313548228
-0.3740566037735849    0.1295987551406101
-0.3731132075471698    0.1366677781482636
-0.3721698113207547    0.13996665555185886
-0.3712264150943396    0.1496276536623231
-0.37028301886792453    0.156932310770266
-0.36933962264150944    0.14538623985772184
-0.36839622641509434    0.1654151383794696
-0.36745283018867925    0.1574035789707588
-0.36650943396226415    0.15410470156719816
-0.36556603773584906    0.1677714793820064
-0.36462264150943396    0.18073135489608713
-0.36367924528301887    0.1703634544848183
-0.3627358490566038    0.1642369678781913
-0.3617924528301887    0.17413360008890832
-0.3608490566037736    0.18850728020452373
-0.3599056603773585    0.18120262309657714
-0.3589622641509434    0.16706457708125916
-0.3580188679245283    0.16659330888072826
-0.3570754716981132    0.16706457708125916
-0.3561320754716981    0.16871401578302891
-0.355188679245283    0.1611737245748678
-0.35424528301886793    0.16376569967766072
-0.35330188679245284    0.16470823607870264
-0.35235849056603774    0.14562187395797746
-0.35141509433962265    0.15881738357231126
-0.35047169811320755    0.15057019006334563
-0.34952830188679246    0.15033455596310769
-0.34858490566037736    0.14562187395797746
-0.34764150943396227    0.13548960764700144
-0.3466981132075472    0.15198399466487938
-0.3457547169811321    0.13784594864955801
-0.344811320754717    0.12488607313548228
-0.3438679245283019    0.1319550961431666
-0.3429245283018868    0.1399666555518424
-0.3419811320754717    0.1314838279426553
-0.3410377358490566    0.1387884850505643
-0.3400943396226415    0.1319550961431666
-0.3391509433962264    0.14185172835388743
-0.33820754716981133    0.13289763254418924
-0.33726415094339623    0.15245526286539066
-0.33632075471698114    0.14185172835390414
-0.33537735849056605    0.1486851172613006
-0.33443396226415095    0.1392597532510919
-0.33349056603773586    0.14774258086027808
-0.33254716981132076    0.1366677781482797
-0.33160377358490567    0.16023118817382634
-0.3306603773584906    0.14609314215850588
-0.3297169811320755    0.1449149716572106
-0.3287735849056604    0.1451506057574833
-0.3278301886792453    0.14797821496053373
-0.3268867924528302    0.1451506057574833
-0.3259433962264151    0.13831721685005302
-0.325    0.13973102145160324
-0.3240566037735849    0.13831721685005302
-0.3231132075471698    0.14114482605313716
-0.32216981132075473    0.1435011670556768
-0.32122641509433963    0.15363343336668686
-0.32028301886792454    0.1413804601533762
-0.31933962264150945    0.14232299655441544
-0.31839622641509435    0.14632877625874435
-0.31745283018867926    0.14656441035901724
-0.31650943396226416    0.13407580304545172
-0.31556603773584907    0.13548960764700144
-0.314622641509434    0.1449149716572106
-0.3136792452830189    0.13808158274981364
-0.3127358490566038    0.13124819384238423
-0.3117924528301887    0.1347827053462345
-0.3108490566037736    0.1423229965543987
-0.3099056603773585    0.14774258086029549
-0.3089622641509434    0.14373680115593243
-0.3080188679245283    0.13713904634879104
-0.3070754716981132    0.1493920195620675
-0.30613207547169813    0.14373680115594936
-0.30518867924528303    0.14797821496053373
-0.30424528301886794    0.15009892186285204
-0.30330188679245285    0.14703567855951122
-0.30235849056603775    0.1472713126597842
-0.30141509433962266    0.13925975325107554
-0.30047169811320756    0.1425586306546711
-0.29952830188679247    0.13101255974212858
-0.2985849056603774    0.12912748694009876
-0.2976415094339623    0.13407580304545172
-0.2966981132075472    0.13713904634879104
-0.2957547169811321    0.12889185283982793
-0.294811320754717    0.12606424363677526
-0.2938679245283019    0.12111592753139226
-0.2929245283018868    0.1159319773257821
-0.2919811320754717    0.11640324552627972
-0.2910377358490566    0.12488607313549699
-0.29009433962264153    0.11828831832832473
-0.28915094339622643    0.10179393131044283
-0.28820754716981134    0.11758141602755787
-0.28726415094339625    0.10697788151606723
-0.28632075471698115    0.10815605201733278
-0.28537735849056606    0.10367900411248805
-0.28443396226415096    0.10532844281426525
-0.28349056603773587    0.10038012670890889
-0.2825471698113208    0.11286873402244532
-0.2816037735849057    0.11004112481939074
-0.2806603773584906    0.1006157608091527
-0.2797169811320755    0.10697788151606723
-0.2787735849056604    0.10014449260864146
-0.2778301886792453    0.09825941980660802
-0.2768867924528302    0.1013226631099196
-0.27594339622641506    0.09590307880404017
-0.27499999999999997    0.10132266310993152
-0.2740566037735849    0.09425364010225078
-0.2731132075471698    0.09378237190175057
-0.2721698113207547    0.08789151939534885
-0.2712264150943396    0.09802378570635234
-0.2702830188679245    0.09778815160608519
-0.2693396226415094    0.10061576080916455
-0.2683962264150943    0.09378237190173953
-0.2674528301886792    0.09448927420251753
-0.2665094339622641    0.09802378570634082
-0.265566037735849    0.09708124930532973
-0.26462264150943393    0.09024786039790512
-0.26367924528301884    0.09778815160609669
-0.26273584905660374    0.09802378570634082
-0.26179245283018865    0.09213293319996099
-0.26084905660377355    0.1013226631099196
-0.25990566037735846    0.09378237190175057
-0.25896226415094337    0.09660998110480705
-0.2580188679245283    0.09778815160609669
-0.2570754716981132    0.11074802712014467
-0.2561320754716981    0.10697788151606723
-0.255188679245283    0.10603534511503214
-0.2542452830188679    0.1029721018117211
-0.2533018867924528    0.09849505390685206
-0.2523584905660377    0.09731688340558538
-0.2514150943396226    0.10273646771145335
-0.2504716981132075    0.10155829721018718
-0.24952830188679243    0.10415027231298711
-0.24858490566037733    0.0909547626986827
-0.24764150943396224    0.09731688340557393
-0.24669811320754714    0.09873068800711932
-0.24575471698113205    0.09166166499943888
-0.24481132075471695    0.10485717461376634
-0.24386792452830186    0.11263309992218969
-0.24292452830188677    0.10579971101478895
-0.24198113207547167    0.11263309992218969
-0.24103773584905658    0.09496054240302883
-0.24009433962264148    0.10438590641324275
-0.2391509433962264    0.11781705012782735
-0.2382075471698113    0.10650661331554338
-0.2372641509433962    0.10650661331555591
-0.2363207547169811    0.10650661331554338
-0.235377358490566    0.10108702900967585
-0.23443396226415092    0.1032077359119646
-0.23349056603773582    0.10462154051351069
-0.23254716981132073    0.11098366122040029
-0.23160377358490564    0.10744914971657853
-0.23066037735849054    0.10650661331554338
-0.22971698113207545    0.1076847838168342
-0.22877358490566035    0.10438590641324275
-0.22783018867924526    0.12252973213294045
-0.22688679245283017    0.11239746582193406
-0.22594339622641507    0.11569634322552645
-0.22499999999999998    0.10226519951094211
-0.22405660377358488    0.10367900411248805
-0.2231132075471698    0.11640324552627972
-0.2221698113207547    0.11498944092475949
-0.2212264150943396    0.11593197732576846
-0.2202830188679245    0.10509280871402199
-0.2193396226415094    0.12512170723573793
-0.21839622641509432    0.11852395242859431
-0.21745283018867922    0.1189952206290916
-0.21650943396226413    0.11216183172169163
-0.21556603773584904    0.11546070912525722
-0.21462264150943394    0.11381127042348121
-0.21367924528301885    0.1189952206290916
-0.21273584905660375    0.11875958652884996
-0.21179245283018866    0.11334000222295658
-0.21084905660377357    0.11121929532066901
-0.20990566037735847    0.11640324552627972
-0.20896226415094338    0.12300100033345175
-0.20801886792452828    0.11640324552627972
-0.2070754716981132    0.11946648882961694
-0.2061320754716981    0.12347226853394852
-0.205188679245283    0.12252973213294045
-0.2042452830188679    0.11663887962653535
-0.2033018867924528    0.12158719573191783
-0.20235849056603772    0.12111592753139226
-0.20141509433962262    0.12818495053907616
-0.20047169811320753    0.11946648882960285
-0.19952830188679244    0.11828831832833865
-0.19858490566037734    0.12606424363676041
-0.19764150943396225    0.12158719573191783
-0.19669811320754715    0.13007002334110607
-0.19575471698113206    0.12488607313549699
-0.19481132075471697    0.12229409803267038
-0.19386792452830187    0.1270067800377979
-0.19292452830188678    0.12889185283982793
-0.19198113207547168    0.13077692564188834
-0.1910377358490566    0.1189952206290916
-0.1900943396226415    0.12394353673447436
-0.1891509433962264    0.12535734133599355
-0.1882075471698113    0.11687451372680473
-0.1872641509433962    0.12088029343113663
-0.18632075471698112    0.13289763254418924
-0.18537735849056602    0.13596087584749675
-0.18443396226415093    0.13855285095032496
-0.18349056603773584    0.1284205846393167
-0.18254716981132074    0.1272424141380535
-0.18160377358490565    0.12889185283982793
-0.18066037735849055    0.1262998777370309
-0.17971698113207546    0.13525397354672988
-0.17877358490566037    0.1262998777370309
-0.17783018867924527    0.1460931421584887
-0.17688679245283018    0.1270067800377979
-0.17594339622641508    0.12865621873957234
-0.175    0.14491497165722764
-0.1740566037735849    0.13690341224851926
-0.1731132075471698    0.1366677781482797
-0.1721698113207547    0.1496276536623231
-0.1712264150943396    0.14562187395799459
-0.17028301886792452    0.13831721685005302
-0.16933962264150942    0.15269089696566424
-0.16839622641509433    0.15622540846948066
-0.16745283018867924    0.13501833944649014
-0.16650943396226414    0.1390241191508199
-0.16556603773584905    0.14467933755697196
-0.16462264150943395    0.1399666555518424
-0.16367924528301886    0.1512770923641303
-0.16273584905660377    0.1512770923641125
-0.16179245283018867    0.14656441035901724
-0.16084905660377358    0.13925975325107554
-0.15990566037735848    0.13713904634879104
-0.1589622641509434    0.13949538735133116
-0.1580188679245283    0.14208736245415976
-0.1570754716981132    0.13925975325107554
-0.1561320754716981    0.13713904634879104
-0.155188679245283    0.1460931421584887
-0.15424528301886792    0.12842058463933181
-0.15330188679245282    0.13501833944647423
-0.15235849056603773    0.12842058463933181
-0.15141509433962264    0.1267711459375273
-0.15047169811320754    0.1298343892408657
-0.14952830188679245    0.12959875514059482
-0.14858490566037735    0.12017339113038389
-0.14764150943396226    0.13737468044903053
-0.14669811320754716    0.1293631210403544
-0.14575471698113207    0.11875958652883599
-0.14481132075471698    0.1321907302434223
-0.14386792452830188    0.1319550961431511
-0.1429245283018868    0.1237079026342187
-0.1419811320754717    0.12912748694008358
-0.1410377358490566    0.1373746804490467
-0.1400943396226415    0.12959875514059482
-0.1391509433962264    0.14279426475492674
-0.13820754716981132    0.12441480493497103
-0.13726415094339622    0.1326619984439336
-0.13632075471698113    0.13949538735133116
-0.13537735849056604    0.13313326664444491
-0.13443396226415094    0.13242636434366234
-0.13349056603773585    0.1345470712459788
-0.13254716981132075    0.13525397354672988
-0.13160377358490566    0.1279493164388205
-0.13066037735849056    0.12724241413803855
-0.12971698113207547    0.1300700233411214
-0.12877358490566038    0.12653551183727166
-0.12783018867924528    0.12252973213294045
-0.1268867924528302    0.12441480493497103
-0.1259433962264151    0.12088029343115085
-0.125    0.12158719573190352
-0.1240566037735849    0.12088029343115085
-0.12311320754716981    0.120644659330881
-0.12216981132075472    0.1133400022229699
-0.12122641509433962    0.1083916861175884
-0.12028301886792453    0.1154607091252708
-0.11933962264150944    0.10956985661886653
-0.11839622641509434    0.10367900411248805
-0.11745283018867925    0.09849505390685206
-0.11650943396226415    0.09990885850839759
-0.11556603773584906    0.09660998110480705
-0.11462264150943396    0.09613871290430712
-0.11367924528301887    0.09189729909969452
-0.11273584905660378    0.09920195620763063
-0.11179245283018868    0.09331110370122828
-0.11084905660377359    0.10014449260865324
-0.1099056603773585    0.09236856730020578
-0.1089622641509434    0.08883405579638182
-0.1080188679245283    0.07658108258307876
-0.10707547169811321    0.08812715349561485
-0.10613207547169812    0.08789151939534885
-0.10518867924528302    0.0951961765032845
-0.10424528301886793    0.08624208069355946
-0.10330188679245284    0.08859842169612615
-0.10235849056603774    0.08906968989662699
-0.10141509433962265    0.08883405579638182
-0.10047169811320755    0.090954762698672
-0.09952830188679246    0.08294320328999046
-0.09858490566037736    0.08200066688895818
-0.09764150943396227    0.0883627875958705
-0.09669811320754718    0.08694898299432635
-0.09575471698113208    0.09189729909970532
-0.09481132075471699    0.090954762698672
-0.0938679245283019    0.08412137379126872
-0.0929245283018868    0.08718461709458197
-0.0919811320754717    0.09425364010226187
-0.09103773584905661    0.08954095809713825
-0.09009433962264152    0.08742025119484789
-0.08915094339622642    0.08011559408691317
-0.08820754716981133    0.08859842169612615
-0.08726415094339623    0.0761098143825675
-0.08632075471698114    0.09283983550072795
-0.08537735849056605    0.0838857396910032
-0.08443396226415095    0.08388573969101307
-0.08349056603773586    0.08294320328998069
-0.08254716981132076    0.08694898299433658
-0.08160377358490567    0.07846615538512378
-0.08066037735849058    0.08459264199178003
-0.07971698113207548    0.08105813048793567
-0.07877358490566039    0.08152939868845652
-0.0778301886792453    0.08718461709458197
-0.0768867924528302    0.08529954429254699
-0.0759433962264151    0.09119039679892764
-0.07500000000000001    0.08482827609203568
-0.07405660377358492    0.09166166499943888
-0.07311320754716982    0.08082249638768955
-0.07216981132075473    0.08459264199177008
-0.07122641509433963    0.07752361898411039
-0.07028301886792454    0.07469600978103375
-0.06933962264150945    0.07281093697899729
-0.06839622641509435    0.07705235078359002
-0.06745283018867926    0.07328220517950862
-0.06650943396226416    0.07328220517949999
-0.06556603773584907    0.07823052128487736
-0.06462264150943398    0.08317883739023631
-0.06367924528301888    0.08223630098922348
-0.06273584905660379    0.07281093697898873
-0.06179245283018869    0.07446037568078688
-0.0608490566037736    0.08035122818716879
-0.059905660377358505    0.07092586417695207
-0.05896226415094341    0.07493164388128938
-0.05801886792452832    0.078466155385133
-0.05707547169811322    0.07422474158052249
-0.05613207547169813    0.08247193508947913
-0.055188679245283034    0.07987995998665753
-0.05424528301886794    0.08577081249305832
-0.053301886792452846    0.07940869178614628
-0.05235849056603775    0.08152939868845652
-0.05141509433962266    0.08412137379125882
-0.050471698113207564    0.07422474158053123
-0.04952830188679247    0.08105813048793567
-0.048584905660377375    0.07422474158053123
-0.04764150943396228    0.08294320328998069
-0.04669811320754719    0.07658108258308778
-0.04575471698113209    0.07823052128486815
-0.044811320754717    0.08176503278871217
-0.043867924528301905    0.08789151939534885
-0.04292452830188681    0.07116149827720772
-0.04198113207547172    0.07917305768589065
-0.04103773584905662    0.08011559408692259
-0.04009433962264153    0.08365010559074756
-0.039150943396226434    0.07233966877848598
-0.03820754716981134    0.07917305768589065
-0.037264150943396246    0.08129376458820087
-0.03632075471698115    0.07681671668333438
-0.03537735849056606    0.07116149827720772
-0.034433962264150964    0.07328220517949999
-0.033490566037735814    0.0777592530843569
-0.03254716981132072    0.07775925308436604
-0.031603773584905626    0.07233966877847747
-0.03066037735849053    0.07163276647771903
-0.029716981132075437    0.0822363009892138
-0.028773584905660343    0.07281093697899729
-0.02783018867924525    0.0699833277759212
-0.026886792452830155    0.07893742358564432
-0.02594339622641506    0.07540291208180062
-0.024999999999999967    0.07752361898411039
-0.024056603773584873    0.07681671668333438
-0.02311320754716978    0.07351783927976427
-0.022169811320754684    0.07681671668333438
-0.02122641509433959    0.08082249638768955
-0.020283018867924496    0.08906968989662699
-0.019339622641509402    0.08600644659331397
-0.018396226415094308    0.08859842169611575
-0.017452830188679214    0.09331110370123925
-0.01650943396226412    0.09142603089918326
-0.015566037735849025    0.09401800600200622
-0.014622641509433931    0.09119039679892764
-0.013679245283018837    0.10014449260865324
-0.012735849056603743    0.09613871290429579
-0.011792452830188649    0.1055640769145333
-0.010849056603773555    0.10344337001222023
-0.00990566037735846    0.09990885850839759
-0.008962264150943366    0.11498944092474596
-0.008018867924528272    0.10415027231299936
-0.007075471698113178    0.10226519951094211
-0.006132075471698084    0.10320773591197675
-0.00518867924528299    0.10650661331554338
-0.004245283018867896    0.10862732021785682
-0.0033018867924528017    0.10933422251861091
-0.0023584905660377076    0.09331110370123925
-0.0014150943396226134    0.1057997110147765
-0.0004716981132075193    0.10532844281427765
0.0004716981132075748    0.1032077359119646
0.0014150943396227245    0.0970812493053183
0.002358490566037763    0.10909858841838095
0.0033018867924528017    0.10509280871400963
0.004245283018867951    0.11334000222295658
0.005188679245283101    0.10038012670889708
0.00613207547169814    0.10391463821275594
0.007075471698113178    0.11004112481937778
0.008018867924528328    0.1006157608091527
0.008962264150943478    0.10297210181170899
0.009905660377358516    0.09967322440815367
0.010849056603773555    0.09496054240301767
0.011792452830188704    0.11475380682449032
0.012735849056603854    0.10297210181170899
0.013679245283018893    0.10603534511505708
0.014622641509433931    0.10273646771145335
0.015566037735849081    0.09849505390685206
0.01650943396226423    0.10485717461375399
0.01745283018867927    0.10179393131045479
0.018396226415094308    0.11004112481937778
0.019339622641509457    0.11475380682449032
0.020283018867924607    0.10792041791707714
0.021226415094339646    0.10509280871403437
0.022169811320754684    0.1083916861175884
0.023113207547169834    0.11357563632321219
0.024056603773584984    0.11357563632321219
0.025000000000000022    0.10815605201735823
0.02594339622641506    0.10532844281426525
0.02688679245283021    0.1083916861175884
0.02783018867924536    0.10862732021784403
0.0287735849056604    0.11004112481940369
0.029716981132075437    0.10909858841835528
0.030660377358490587    0.10603534511503214
0.03160377358490574    0.09990885850838582
0.032547169811320775    0.10886295431812527
0.033490566037735814    0.10462154051349837
0.034433962264150964    0.11687451372679096
0.03537735849056611    0.11121929532065593
0.03632075471698115    0.10744914971659118
0.03726415094339619    0.10980549071912217
0.03820754716981134    0.11428253862397907
0.03915094339622649    0.11310436812270094
0.04009433962264153    0.1152250750250287
0.04103773584905657    0.11027675891963341
0.04198113207547172    0.11334000222295658
0.042924528301886866    0.11263309992218969
0.043867924528301905    0.1072135156163355
0.04481132075471694    0.11310436812270094
0.04575471698113209    0.1083916861175884
0.04669811320754724    0.09943759030787458
0.04764150943396228    0.10697788151607981
0.04858490566037732    0.10556407691452088
0.04952830188679247    0.10980549071912217
0.05047169811320762    0.11663887962653535
0.05141509433962266    0.10792041791710255
0.052358490566037696    0.11357563632321219
0.053301886792452846    0.10485717461375399
0.054245283018867996    0.10344337001222023
0.055188679245283034    0.11310436812272756
0.05613207547169807    0.11263309992218969
0.05707547169811322    0.11310436812270094
0.05801886792452837    0.11381127042346781
0.05896226415094341    0.10532844281429005
0.05990566037735845    0.10792041791707714
0.0608490566037736    0.11145492942091155
0.06179245283018875    0.11216183172167843
0.06273584905660379    0.10415027231301163
0.06367924528301883    0.10909858841835528
0.06462264150943398    0.11522507502500158
0.06556603773584913    0.10697788151605464
0.06650943396226416    0.1086273202178696
0.0674528301886792    0.11263309992218969
0.06839622641509435    0.11687451372679096
0.0693396226415095    0.11805268422806911
0.07028301886792454    0.11970212292988668
0.07122641509433958    0.11852395242858037
0.07216981132075473    0.11805268422806911
0.07311320754716988    0.11687451372679096
0.07405660377358492    0.11640324552630711
0.07499999999999996    0.12300100033343726
0.0759433962264151    0.11145492942091155
0.07688679245283025    0.12724241413803855
0.0778301886792453    0.12088029343116509
0.07877358490566033    0.12465043903522667
0.07971698113207548    0.12653551183727166
0.08066037735849063    0.10721351561631026
0.08160377358490567    0.10792041791710255
0.08254716981132071    0.11310436812270094
0.08349056603773586    0.11687451372679096
0.08443396226415101    0.11805268422806911
0.08537735849056605    0.12936312104036965
0.08632075471698109    0.12111592753139226
0.08726415094339623    0.0987306880071077
0.08820754716981138    0.11569634322551284
0.08915094339622642    0.11428253862400597
0.09009433962264146    0.1083916861175884
0.09103773584905661    0.11027675891963341
0.09198113207547176    0.10956985661886653
0.0929245283018868    0.10485717461377868
0.09386792452830184    0.10556407691452088
0.09481132075471699    0.09731688340557393
0.09575471698113214    0.10250083361119773
0.09669811320754718    0.09802378570636389
0.09764150943396221    0.1013226631099196
0.09858490566037736    0.10226519951094211
0.09952830188679251    0.09755251750582956
0.10047169811320755    0.10509280871403437
0.10141509433962259    0.10108702900966396
0.10235849056603774    0.10956985661886653
0.10330188679245289    0.10627097921528776
0.10424528301886793    0.09401800600201728
0.10518867924528297    0.1006157608091527
0.10613207547169812    0.09472490830276203
0.10707547169811327    0.0996732244081302
0.1080188679245283    0.09496054240304001
0.10896226415094334    0.09943759030787458
0.1099056603773585    0.10438590641324275
0.11084905660377364    0.09448927420250641
0.11179245283018868    0.09755251750585253
0.11273584905660372    0.09543181060352893
0.11367924528301887    0.09331110370122828
0.11462264150943402    0.09920195620761896
0.11556603773584906    0.11027675891965937
0.1165094339622641    0.10014449260864146
0.11745283018867925    0.1013226631099196
0.1183962264150944    0.08718461709458197
0.11933962264150944    0.09802378570636389
0.12028301886792447    0.09119039679892764
0.12122641509433962    0.09684561520506267
0.12216981132075477    0.09519617650327329
0.12311320754716981    0.09354673780150592
0.12405660377358485    0.08718461709458197
0.125    0.09448927420250641
0.12594339622641515    0.09896632210736332
0.1268867924528302    0.0963743470045741
0.12783018867924523    0.10226519951094211
0.12877358490566038    0.09307546960097264
0.12971698113207553    0.09778815160608519
0.13066037735849056    0.10697788151607981
0.1316037735849056    0.09401800600199516
0.13254716981132075    0.09825941980659644
0.1334905660377359    0.10438590641324275
0.13443396226415094    0.10650661331556846
0.13537735849056598    0.10085139490940834
0.13632075471698113    0.10179393131043085
0.13726415094339628    0.11475380682449032
0.13820754716981132    0.10014449260866502
0.13915094339622636    0.10250083361119773
0.1400943396226415    0.10415027231298711
0.14103773584905666    0.10532844281426525
0.1419811320754717    0.10438590641326731
0.14292452830188673    0.10485717461375399
0.14386792452830188    0.10367900411247585
0.14481132075471703    0.11145492942091155
0.14575471698113207    0.10768478381684686
0.1466981132075471    0.11074802712014467
0.14764150943396226    0.11286873402244532
0.1485849056603774    0.12017339113036975
0.14952830188679245    0.1206446593309094
0.15047169811320749    0.10344337001222023
0.15141509433962264    0.11546070912525722
0.15235849056603779    0.10250083361119773
0.15330188679245282    0.11310436812272756
0.15424528301886786    0.10933422251861091
0.155188679245283    0.10273646771145335
0.15613207547169816    0.12017339113036975
0.1570754716981132    0.1086273202178696
0.15801886792452824    0.10603534511503214
0.1589622641509434    0.11098366122040029
0.15990566037735854    0.11946648882960285
0.16084905660377358    0.11310436812272756
0.16179245283018862    0.10438590641324275
0.16273584905660377    0.11357563632321219
0.16367924528301891    0.11687451372679096
0.16462264150943395    0.10933422251863663
0.165566037735849    0.11004112481937778
0.16650943396226414    0.10862732021784403
0.1674528301886793    0.10391463821273149
0.16839622641509433    0.1112192953206821
0.16933962264150937    0.10862732021784403
0.17028301886792452    0.10909858841835528
0.17122641509433967    0.11263309992218969
0.1721698113207547    0.10226519951096617
0.17311320754716975    0.10391463821273149
0.1740566037735849    0.10509280871400963
0.17500000000000004    0.09990885850838582
0.17594339622641508    0.10038012670892071
0.17688679245283012    0.10627097921528776
0.17783018867924527    0.10250083361119773
0.17877358490566042    0.10273646771145335
0.17971698113207546    0.10697788151607981
0.1806603773584905    0.09920195620761896
0.18160377358490565    0.10415027231298711
0.1825471698113208    0.10250083361119773
0.18349056603773584    0.09331110370125024
0.18443396226415087    0.10556407691452088
0.18537735849056602    0.1013226631099196
0.18632075471698117    0.10155829721017522
0.1872641509433962    0.10250083361122185
0.18820754716981125    0.10532844281426525
0.1891509433962264    0.0996732244081302
0.19009433962264155    0.10815605201733278
0.1910377358490566    0.11711014782707417
0.19198113207547163    0.11192619762142281
0.19292452830188678    0.10179393131043085
0.19386792452830193    0.10485717461375399
0.19481132075471697    0.11286873402247188
0.195754716981132    0.1197021229298585
0.19669811320754715    0.10532844281426525
0.1976415094339623    0.0970812493053183
0.19858490566037734    0.11546070912528439
0.19952830188679238    0.10768478381682152
0.20047169811320753    0.12135156163164788
0.20141509433962268    0.10650661331554338
0.20235849056603772    0.09825941980661956
0.20330188679245276    0.11004112481937778
0.2042452830188679    0.10721351561631026
0.20518867924528306    0.10038012670889708
0.2061320754716981    0.10108702900968776
0.20707547169811313    0.09920195620761896
0.20801886792452828    0.10485717461375399
0.20896226415094343    0.09566744470378455
0.20990566037735858    0.09213293319995014
0.21084905660377362    0.09142603089920479
0.21179245283018866    0.09071912859841638
0.2127358490566038    0.08954095809713825
0.21367924528301896    0.08812715349560449
0.214622641509434    0.08294320329000021
0.21556603773584904    0.0838857396910032
0.2165094339622642    0.0838857396910032
0.21745283018867934    0.08058686228742443
0.21839622641509437    0.08859842169613659
0.2193396226415094    0.07493164388128938
0.22028301886792456    0.07846615538512378
0.2212264150943397    0.08105813048793567
0.22216981132075475    0.08058686228744338
0.2231132075471698    0.07375347338001124
0.22405660377358494    0.07446037568077812
0.2250000000000001    0.08812715349560449
0.22594339622641513    0.07304657107926155
0.22688679245283017    0.07446037568077812
0.22783018867924532    0.07139713237745497
0.22877358490566047    0.08035122818716879
0.2297169811320755    0.08317883739025589
0.23066037735849054    0.07823052128486815
0.2316037735849057    0.08294320328998069
0.23254716981132084    0.08105813048793567
0.23349056603773588    0.07681671668335247
0.23443396226415092    0.0822363009892138
0.23537735849056607    0.07540291208180062
0.23632075471698122    0.07728798488384564
0.23726415094339626    0.08270756918974453
0.2382075471698113    0.07728798488384564
0.23915094339622645    0.08035122818716879
0.2400943396226416    0.08152939868844693
0.24103773584905663    0.08129376458821043
0.24198113207547167    0.0838857396910032
0.24292452830188682    0.08082249638768005
0.24386792452830197    0.07893742358563502
0.244811320754717    0.08506391019230135
0.24575471698113205    0.08058686228742443
0.2466981132075472    0.07469600978103375
0.24764150943396235    0.09071912859841638
0.2485849056603774    0.08506391019230135
0.24952830188679243    0.08694898299432635
0.2504716981132076    0.08859842169611575
0.2514150943396227    0.08270756918972506
0.25235849056603776    0.08482827609204567
0.2533018867924528    0.07752361898410128
0.25424528301886795    0.07893742358563502
0.2551886792452831    0.07493164388128938
0.25613207547169814    0.08789151939536954
0.2570754716981132    0.08200066688895818
0.25801886792452833    0.08435700789151446
0.2589622641509435    0.08200066688895818
0.2599056603773585    0.08765588529511385
0.26084905660377355    0.09331110370122828
0.2617924528301887    0.08435700789151446
0.26273584905660385    0.09590307880404017
0.2636792452830189    0.0911903967989491
0.26462264150943393    0.08954095809713825
0.2655660377358491    0.08977659219739387
0.26650943396226423    0.08529954429253696
0.26745283018867927    0.09472490830278434
0.2683962264150943    0.09142603089918326
0.26933962264150946    0.08694898299432635
0.2702830188679246    0.0874202511948376
0.27122641509433965    0.0911903967989491
0.2721698113207547    0.08883405579637137
0.27311320754716983    0.09071912859841638
0.274056603773585    0.0857708124930482
0.275    0.08859842169613659
0.27594339622641506    0.0935467378014839
0.2768867924528302    0.1006157608091527
0.27783018867924536    0.09755251750582956
0.2787735849056604    0.0911903967989491
0.27971698113207544    0.09802378570634082
0.2806603773584906    0.10108702900966396
0.28160377358490574    0.11357563632321219
0.2825471698113208    0.10768478381684686
0.2834905660377358    0.10250083361119773
0.28443396226415096    0.10038012670889708
0.2853773584905661    0.10956985661886653
0.28632075471698115    0.10956985661889233
0.2872641509433962    0.1161676114260241
0.28820754716981134    0.11663887962653535
0.2891509433962265    0.12111592753139226
0.29009433962264153    0.11475380682451734
0.29103773584905657    0.11428253862397907
0.2919811320754717    0.12700678003778293
0.29292452830188687    0.12135156163164788
0.2938679245283019    0.12912748694011397
0.29481132075471694    0.12959875514059482
0.2957547169811321    0.14208736245414305
0.29669811320754724    0.13242636434366234
0.2976415094339623    0.12889185283985827
0.2985849056603773    0.13690341224851926
0.29952830188679247    0.13336890074468485
0.3004716981132076    0.13596087584749675
0.30141509433962266    0.1503345559631254
0.3023584905660377    0.13784594864954178
0.30330188679245285    0.14467933755695495
0.304245283018868    0.13761031454928613
0.30518867924528303    0.14138046015340947
0.3061320754716981    0.14373680115593243
0.3070754716981132    0.1458575080582331
0.3080188679245284    0.14467933755695495
0.3089622641509434    0.14562187395801174
0.30990566037735845    0.13171946204289547
0.3108490566037736    0.1380815827497974
0.31179245283018875    0.13831721685005302
0.3127358490566038    0.14444370345673332
0.3136792452830188    0.13124819384238423
0.314622641509434    0.12488607313548228
0.3155660377358491    0.1387884850505643
0.31650943396226416    0.13855285095034126
0.3174528301886792    0.14774258086027808
0.31839622641509435    0.13148382794263982
0.3193396226415095    0.13855285095030864
0.32028301886792454    0.14939201956210266
0.3212264150943396    0.14043792375235367
0.32216981132075473    0.14444370345669932
0.3231132075471699    0.1493920195620675
0.3240566037735849    0.1326619984439492
0.32499999999999996    0.13431143714570737
0.3259433962264151    0.1458575080582331
0.32688679245283025    0.13831721685005302
0.3278301886792453    0.1432655329554549
0.32877358490566033    0.15174836056462376
0.3297169811320755    0.15174836056462376
0.33066037735849063    0.13407580304545172
0.33160377358490567    0.13925975325110831
0.3325471698113207    0.13124819384238423
0.33349056603773586    0.14538623985772184
0.334433962264151    0.14208736245414305
0.33537735849056605    0.13195509614318215
0.3363207547169811    0.12300100033343726
0.33726415094339623    0.13124819384238423
0.3382075471698114    0.120644659330881
0.3391509433962264    0.12441480493500032
0.34009433962264146    0.11758141602755787
0.3410377358490566    0.12512170723573793
0.34198113207547176    0.1197021229298585
0.3429245283018868    0.12959875514062533
0.34386792452830184    0.12017339113036975
0.344811320754717    0.1319550961431511
0.34575471698113214    0.1258286095365048
0.3466981132075472    0.12983438924088103
0.3476415094339622    0.11946648882960285
0.34858490566037736    0.11169056352116717
0.3495283018867925    0.12088029343113663
0.35047169811320755    0.13054129154164806
0.3514150943396226    0.10768478381682152
0.35235849056603774    0.11711014782704661
0.3533018867924529    0.11852395242858037
0.35424528301886793    0.11593197732579576
0.35518867924528297    0.11216183172167843
0.3561320754716981    0.10509280871400963
0.35707547169811327    0.11169056352116717
0.3580188679245283    0.1112192953206821
0.35896226415094334    0.11381127042346781
0.3599056603773585    0.11569634322551284
0.36084905660377364    0.11051239301988904
0.3617924528301887    0.11051239301991506
0.3627358490566037    0.11263309992218969
0.36367924528301887    0.11381127042346781
0.364622641509434    0.11169056352116717
0.36556603773584906    0.10697788151607981
0.3665094339622641    0.11875958652883599
0.36745283018867925    0.1145181727242347
0.3683962264150944    0.10956985661886653
0.36933962264150944    0.11051239301991506
0.3702830188679245    0.11428253862397907
0.3712264150943396    0.11734578192730222
0.3721698113207548    0.12040902523062537
0.3731132075471698    0.12300100033346623
0.37405660377358485    0.11593197732576846
0.375    0.12182282983215914
0.37594339622641515    0.12135156163164788
0.3768867924528302    0.12417917083474463
0.3778301886792452    0.13101255974212858
0.3787735849056604    0.12347226853394852
0.3797169811320755    0.12135156163164788
0.38066037735849056    0.1326619984439492
0.3816037735849056    0.13242636434366234
0.38254716981132075    0.1416160942536318
0.3834905660377359    0.12912748694008358
0.38443396226415094    0.1326619984439492
0.385377358490566    0.13242636434366234
0.38632075471698113    0.13054129154161734
0.3872641509433963    0.1258286095365048
0.3882075471698113    0.14585750805826742
0.38915094339622636    0.1413804601533762
0.3900943396226415    0.1284205846393167
0.39103773584905666    0.13007002334110607
0.3919811320754717    0.12936312104036965
0.39292452830188673    0.14185172835388743
0.3938679245283019    0.1258286095365048
0.39481132075471703    0.1460931421584887
0.39575471698113207    0.1338401689452276
0.3966981132075471    0.12983438924085045
0.39764150943396226    0.12983438924085045
0.3985849056603774    0.11875958652883599
0.39952830188679245    0.12088029343116509
0.4004716981132075    0.13219073024340675
0.40141509433962264    0.13266199844391796
0.4023584905660378    0.12465043903522667
0.4033018867924528    0.13077692564190374
0.40424528301886786    0.13148382794263982
0.405188679245283    0.12300100033343726
0.40613207547169816    0.13336890074468485
0.4070754716981132    0.11711014782707417
0.40801886792452824    0.13313326664442923
0.4089622641509434    0.13124819384238423
0.40990566037735854    0.13643214404800802
0.4108490566037736    0.12700678003781282
0.4117924528301886    0.13572524174724113
0.41273584905660377    0.14043792375235367
0.4136792452830189    0.12865621873957234
0.41462264150943395    0.13431143714573898
0.415566037735849    0.14208736245414305
0.41650943396226414    0.13525397354672988
0.4174528301886793    0.1432655329554212
0.41839622641509433    0.13454707124599466
0.41933962264150937    0.12488607313548228
0.4202830188679245    0.13619650994775237
0.42122641509433967    0.1449149716572106
0.4221698113207547    0.13878848505059693
0.42311320754716975    0.13525397354672988
0.4240566037735849    0.13831721685005302
0.42500000000000004    0.13478270534621864
0.4259433962264151    0.13548960764701737
0.4268867924528301    0.13313326664442923
0.42783018867924527    0.13054129154161734
0.4287735849056604    0.11875958652883599
0.42971698113207546    0.11993775703014235
0.4306603773584905    0.12276536623318164
0.43160377358490565    0.1189952206290916
0.4325471698113208    0.12017339113036975
0.43349056603773584    0.12394353673448896
0.4344339622641509    0.11498944092474596
0.435377358490566    0.1145181727242347
0.4363207547169812    0.12370790263420416
0.4372641509433962    0.10509280871403437
0.43820754716981125    0.11310436812270094
0.4391509433962264    0.10179393131043085
0.44009433962264155    0.11239746582193406
0.4410377358490566    0.10462154051352299
0.4419811320754716    0.09802378570634082
0.4429245283018868    0.10367900411247585
0.4438679245283019    0.08883405579637137
0.44481132075471697    0.11216183172170482
0.445754716981132    0.10155829721017522
0.44669811320754715    0.10650661331554338
0.4476415094339623    0.09755251750582956
0.44858490566037745    0.09755251750582956
0.4495283018867925    0.10179393131045479
0.45047169811320753    0.10155829721017522
0.4514150943396227    0.10485717461375399
0.45235849056603783    0.10367900411247585
0.45330188679245287    0.09967322440815367
0.4542452830188679    0.10721351561631026
0.45518867924528306    0.10721351561631026
0.4561320754716982    0.10202956541068647
0.45707547169811324    0.09755251750585253
0.4580188679245283    0.09590307880404017
0.45896226415094343    0.10556407691452088
0.4599056603773586    0.10509280871400963
0.4608490566037736    0.10532844281429005
0.46179245283018866    0.10108702900966396
0.4627358490566038    0.10744914971656588
0.46367924528301896    0.11522507502500158
0.464622641509434    0.11640324552630711
0.46556603773584904    0.11428253862397907
0.4665094339622642    0.11498944092474596
0.46745283018867934    0.11428253862397907
0.4683962264150944    0.11475380682451734
0.4693396226415094    0.11946648882960285
0.47028301886792456    0.10485717461375399
0.4712264150943397    0.11828831832832473
0.47216981132075475    0.12182282983218781
0.4731132075471698    0.1258286095365048
0.47405660377358494    0.12818495053906107
0.4750000000000001    0.12488607313548228
0.4759433962264151    0.12606424363679009
0.47688679245283017    0.13501833944647423
0.4778301886792453    0.12653551183727166
0.47877358490566047    0.12300100033343726
0.4797169811320755    0.13525397354676172
0.48066037735849054    0.12158719573190352
0.4816037735849057    0.12912748694008358
0.48254716981132084    0.13077692564187296
0.4834905660377359    0.13007002334113668
0.4844339622641509    0.13148382794263982
0.48537735849056607    0.13737468044903053
0.4863207547169812    0.1354896076469855
0.48726415094339626    0.13548960764701737
0.4882075471698113    0.13643214404800802
0.48915094339622645    0.13619650994775237
0.4900943396226416    0.13219073024340675
0.49103773584905663    0.13548960764701737
0.49198113207547167    0.1442080693564437
0.4929245283018868    0.1399666555518424
0.49386792452830197    0.13148382794263982
0.494811320754717    0.14420806935647765
0.49575471698113205    0.14185172835388743
0.4966981132075472    0.1406735578526093
0.49764150943396235    0.1425586306546543
0.4985849056603774    0.14302989885519923
0.4995283018867924    0.14373680115593243
0.5004716981132076    0.1449149716572106
0.5014150943396227    0.1442080693564437
0.5023584905660378    0.15221962876517084
0.5033018867924528    0.1442080693564437
0.504245283018868    0.14114482605312054
0.5051886792452831    0.1449149716572106
0.5061320754716981    0.14774258086031286
0.5070754716981132    0.13973102145158678
0.5080188679245283    0.14185172835388743
0.5089622641509435    0.14986328776257876
0.5099056603773585    0.14680004445929015
0.5108490566037736    0.1432655329554212
0.5117924528301887    0.14562187395797746
0.5127358490566039    0.14915638546181187
0.5136792452830189    0.1515127264644038
0.5146226415094339    0.1451506057574662
0.5155660377358491    0.14844948316104498
0.5165094339622642    0.15669667666999193
0.5174528301886793    0.15339779926644925
0.5183962264150943    0.1432655329554212
0.5193396226415095    0.1581104812715257
0.5202830188679246    0.16400133377791637
0.5212264150943396    0.15646104256977314
0.5221698113207547    0.1564610425697363
0.5231132075471698    0.15457596976769128
0.524056603773585    0.16376569967766072
0.525    0.16517950427923336
0.5259433962264151    0.17177725908635205
0.5268867924528302    0.15881738357229255
0.5278301886792454    0.1555185061687138
0.5287735849056604    0.15858174947207426
0.5297169811320754    0.16847838168277326
0.5306603773584906    0.15033455596308998
0.5316037735849057    0.16282316327663823
0.5325471698113208    0.13666777814829578
0.5334905660377358    0.14821384906078935
0.534433962264151    0.1529265310659019
0.5353773584905661    0.1460931421584887
0.5363207547169812    0.15269089696568222
0.5372641509433962    0.13572524174724113
0.5382075471698113    0.13973102145158678
0.5391509433962265    0.13831721685005302
0.5400943396226415    0.15057019006338104
0.5410377358490566    0.14208736245414305
0.5419811320754717    0.13054129154161734
0.5429245283018869    0.12158719573190352
0.5438679245283019    0.13077692564190374
0.5448113207547169    0.13242636434366234
0.5457547169811321    0.12889185283982793
0.5466981132075472    0.11923085472934725
0.5476415094339623    0.12323663443372192
0.5485849056603773    0.12441480493497103
0.5495283018867925    0.11875958652883599
0.5504716981132076    0.11381127042346781
0.5514150943396227    0.11286873402247188
0.5523584905660377    0.11946648882960285
0.5533018867924528    0.1197021229298585
0.554245283018868    0.11145492942091155
0.555188679245283    0.11640324552630711
0.5561320754716981    0.10886295431809966
0.5570754716981132    0.11946648882960285
0.5580188679245284    0.11216183172167843
0.5589622641509434    0.12252973213295486
0.5599056603773584    0.10415027231298711
0.5608490566037736    0.12229409803267038
0.5617924528301887    0.11027675891963341
0.5627358490566038    0.12088029343116509
0.5636792452830188    0.12606424363676041
0.564622641509434    0.10509280871400963
0.5655660377358491    0.11428253862397907
0.5665094339622642    0.13171946204292648
0.5674528301886792    0.11498944092474596
0.5683962264150944    0.11522507502500158
0.5693396226415095    0.11828831832832473
0.5702830188679245    0.11498944092477302
0.5712264150943396    0.10768478381682152
0.5721698113207547    0.12606424363676041
0.5731132075471699    0.11828831832832473
0.5740566037735849    0.10744914971659118
0.575    0.11569634322551284
0.5759433962264151    0.11027675891963341
0.5768867924528303    0.11805268422806911
0.5778301886792453    0.10792041791710255
0.5787735849056603    0.12205846393241478
0.5797169811320755    0.10980549071912217
0.5806603773584906    0.12370790263420416
0.5816037735849057    0.11687451372681847
0.5825471698113207    0.11593197732576846
0.5834905660377359    0.12394353673445978
0.584433962264151    0.11805268422806911
0.585377358490566    0.11946648882963098
0.5863207547169811    0.11546070912525722
0.5872641509433962    0.11758141602755787
0.5882075471698114    0.12724241413803855
0.5891509433962264    0.12017339113039804
0.5900943396226415    0.13219073024340675
0.5910377358490566    0.13336890074468485
0.5919811320754718    0.13384016894519613
0.5929245283018868    0.124650439035256
0.5938679245283018    0.1390241191508199
0.594811320754717    0.12959875514059482
0.5957547169811321    0.13313326664442923
0.5966981132075472    0.12818495053909124
0.5976415094339622    0.1354896076469855
0.5985849056603774    0.1460931421584887
0.5995283018867925    0.13713904634877488
0.6004716981132076    0.1340758030454833
0.6014150943396226    0.13690341224851926
0.6023584905660377    0.1406735578526093
0.6033018867924529    0.1451506057574662
0.6042452830188679    0.14821384906082424
0.605188679245283    0.13949538735133116
0.6061320754716981    0.1555185061687138
0.6070754716981133    0.1451506057574662
0.6080188679245283    0.14185172835392082
0.6089622641509433    0.15198399466487938
0.6099056603773585    0.1380815827497974
0.6108490566037736    0.14703567855951122
0.6117924528301887    0.15481160386798334
0.6127358490566037    0.15009892186283438
0.6136792452830189    0.14703567855951122
0.614622641509434    0.15316216516615752
0.6155660377358491    0.1500989218628697
0.6165094339622641    0.15363343336666876
0.6174528301886792    0.14915638546181187
0.6183962264150944    0.14797821496053373
0.6193396226415094    0.15504723796823902
0.6202830188679245    0.14797821496053373
0.6212264150943396    0.14632877625874435
0.6221698113207548    0.14632877625874435
0.6231132075471698    0.15057019006338104
0.6240566037735849    0.1435011670556768
0.625    0.14373680115593243
0.6259433962264151    0.15858174947203696
0.6268867924528302    0.154340335667472
0.6278301886792452    0.1581104812715257
0.6287735849056604    0.1548116038679469
0.6297169811320755    0.1651795042791945
0.6306603773584906    0.16824274758255725
0.6316037735849056    0.15693231077024755
0.6325471698113208    0.15881738357229255
0.6334905660377359    0.17177725908635205
0.6344339622641509    0.17342669778818226
0.635377358490566    0.1809669889963215
0.6363207547169811    0.1878003779037347
0.6372641509433963    0.18520840280092277
0.6382075471698113    0.18261642769815387
0.6391509433962264    0.19769701011447102
0.6400943396226415    0.18261642769811087
0.6410377358490567    0.2028809603200948
0.6419811320754717    0.2075936423252562
0.6429245283018867    0.2073580082249517
0.6438679245283019    0.22432366344335686
0.644811320754717    0.22573746804489064
0.6457547169811321    0.239639879960029
0.6466981132075471    0.2384617094586945
0.6476415094339623    0.2507146826719871
0.6485849056603774    0.2530710236745433
0.6495283018867924    0.26014004668227336
0.6504716981132075    0.25542736467709964
0.6514150943396226    0.2544848282760771
0.6523584905660378    0.2738068244970385
0.6533018867924528    0.2646170945871314
0.6542452830188679    0.26037568078246776
0.655188679245283    0.27427809269754977
0.6561320754716982    0.2921862843169774
0.6570754716981132    0.2870023341114212
0.6580188679245282    0.30467489163052563
0.6589622641509434    0.2919506502167218
0.6599056603773585    0.28535289540956427
0.6608490566037736    0.28723796821167685
0.6617924528301886    0.3152784261420289
0.6627358490566038    0.31080137823717197
0.6636792452830189    0.2990196732243906
0.664622641509434    0.29430699121934734
0.665566037735849    0.29689896632208995
0.6665094339622641    0.31150828053793883
0.6674528301886793    0.3042036234300144
0.6683962264150943    0.30797376903417695
0.6693396226415094    0.2907724797154437
0.6702830188679245    0.2827609203067524
0.6712264150943397    0.29854840502387936
0.6721698113207547    0.2919506502167905
0.6731132075471697    0.2841747249082861
0.6740566037735849    0.28488162720905297
0.675    0.29949094142490185
0.6759433962264151    0.29501389352011437
0.6768867924528301    0.28299655440700794
0.6778301886792453    0.2789907747026623
0.6787735849056604    0.30019784372566877
0.6797169811320755    0.309387573635711
0.6806603773584905    0.3042036234300144
0.6816037735849056    0.30278981882848066
0.6825471698113208    0.29430699121927806
0.6834905660377358    0.304203623430086
0.6844339622641509    0.3150427920417732
0.685377358490566    0.3051461598310369
0.6863207547169812    0.3272957652550658
0.6872641509433962    0.3126864510392906
0.6882075471698113    0.32941647215736647
0.6891509433962264    0.33224408136043404
0.6900943396226416    0.34119817717014783
0.6910377358490567    0.3470890296765385
0.6919811320754717    0.34591085917534176
0.6929245283018868    0.3470890296765385
0.6938679245283019    0.34190507947091475
0.6948113207547171    0.33224408136043404
0.6957547169811321    0.33530732466383606
0.6966981132075472    0.330359008558389
0.6976415094339623    0.35533622318548547
0.6985849056603775    0.3522729798821623
0.6995283018867925    0.35792819828838157
0.7004716981132075    0.3649972212959662
0.7014150943396227    0.36429031899519926
0.7023584905660378    0.38549738801820566
0.7033018867924529    0.3723018784039782
0.7042452830188679    0.3864399244192282
0.7051886792452831    0.3819628765143713
0.7061320754716982    0.3984572635322652
0.7070754716981132    0.39327331332673393
0.7080188679245283    0.40599755474044524
0.7089622641509434    0.4121240413470915
0.7099056603773586    0.40599755474044524
0.7108490566037736    0.388796265421876
0.7117924528301887    0.41118150494606903
0.7127358490566038    0.3826697788151382
0.713679245283019    0.4095320662442796
0.714622641509434    0.3993997999333817
0.715566037735849    0.3909169723240851
0.7165094339622642    0.3986928976325208
0.7174528301886793    0.3993997999332877
0.7183962264150944    0.40340557963772833
0.7193396226415094    0.3975147271312427
0.7202830188679246    0.41165277314658033
0.7212264150943397    0.37041680560184553
0.7221698113207548    0.3899744359231544
0.7231132075471698    0.38078470601309317
0.7240566037735849    0.37112370790261245
0.7250000000000001    0.35769256418804174
0.7259433962264151    0.3525086139825009
0.7268867924528302    0.35722129598753044
0.7278301886792453    0.3633477825941767
0.7287735849056605    0.37795709681002565
0.7297169811320755    0.34379015227304066
0.7306603773584905    0.35345115038344044
0.7316037735849057    0.34543959097474913
0.7325471698113208    0.3459108591752604
0.7334905660377359    0.34496832277431905
0.7344339622641509    0.3456752250750047
0.7353773584905661    0.3496810047793504
0.7363207547169812    0.3527442480826735
0.7372641509433963    0.3499166388796884
0.7382075471698113    0.36052017339110926
0.7391509433962264    0.34826720017781665
0.7400943396226416    0.36688229409801115
0.7410377358490566    0.358399466488893
0.7419811320754717    0.3732444148049131
0.7429245283018868    0.3744225853061912
0.743867924528302    0.36052017339110926
0.744811320754717    0.3654684894965634
0.745754716981132    0.37230187840389056
0.7466981132075472    0.3692386351005674
0.7476415094339623    0.3744225853061912
0.7485849056603774    0.3711237079026998
0.7495283018867924    0.3558074913859967
0.7504716981132076    0.37277314660440186
0.7514150943396227    0.3715949761031237
0.7523584905660378    0.3576925641881259
0.7533018867924528    0.358163832388553
0.754245283018868    0.36523285539622175
0.7551886792452831    0.35203734578190665
0.7561320754716981    0.35557185728582474
0.7570754716981132    0.35203734578190665
0.7580188679245283    0.36287651439366553
0.7589622641509435    0.372066244303635
0.7599056603773585    0.3624052461932396
0.7608490566037736    0.36028453929085363
0.7617924528301887    0.38054907191283754
0.7627358490566039    0.3772501945092588
0.7636792452830189    0.3838479493165067
0.7646226415094339    0.38596865621871695
0.7655660377358491    0.389738801822807
0.7665094339622642    0.39515838612868637
0.7674528301886793    0.4019917750361942
0.7683962264150943    0.40741135934197903
0.7693396226415095    0.4107102367455578
0.7702830188679246    0.4224919417583391
0.7712264150943396    0.40882516394360896
0.7721698113207547    0.417543625652971
0.7731132075471698    0.438986328776233
0.774056603773585    0.426968989663196
0.775    0.4309747693676432
0.7759433962264151    0.44393464488160117
0.7768867924528302    0.4486473268867137
0.7778301886792454    0.4326242080693311
0.7787735849056604    0.44794042458605227
0.7797169811320754    0.4583083249971944
0.7806603773584906    0.4432277425808343
0.7816037735849057    0.4512393019895256
0.7825471698113208    0.46372790930318303
0.7834905660377358    0.46749805490716384
0.784433962264151    0.46749805490716384
0.7853773584905661    0.4729176392130433
0.7863207547169812    0.47268200511289893
0.7872641509433962    0.4898832944314485
0.7882075471698113    0.46749805490716384
0.7891509433962265    0.492710903634516
0.7900943396226415    0.48399244192517166
0.7910377358490566    0.4969523174391173
0.7919811320754717    0.4887051239301703
0.7929245283018869    0.4863487829276141
0.7938679245283019    0.484463710125683
0.7948113207547169    0.49035456263195965
0.7957547169811321    0.4729176392130433
0.7966981132075472    0.48140046682224585
0.7976415094339623    0.5004868289430695
0.7985849056603773    0.4877625875291478
0.7995283018867925    0.5068489496498536
0.8004716981132076    0.512268533955733
0.8014150943396227    0.4960097810382115
0.8023584905660377    0.514153606757778
0.8033018867924528    0.5070845837501092
0.804245283018868    0.5096765588529211
0.805188679245283    0.4917683672336092
0.8061320754716981    0.49153273313323786
0.8070754716981132    0.4995442925419291
0.8080188679245284    0.5101478270534323
0.8089622641509434    0.4950672446371887
0.8099056603773584    0.48658441702786964
0.8108490566037736    0.4898832944314485
0.8117924528301887    0.47739468711790023
0.8127358490566038    0.484463710125683
0.8136792452830188    0.47904412581968964
0.814622641509434    0.46278537290205135
0.8155660377358491    0.47032566411023147
0.8165094339622642    0.4502967655886091
0.8174528301886792    0.45760142269642756
0.8183962264150944    0.44440591308211247
0.8193396226415095    0.4620784706012845
0.8202830188679245    0.4500611314883534
0.8212264150943396    0.45877959319770567
0.8221698113207547    0.45218183839054815
0.8231132075471699    0.45218183839054815
0.8240566037735849    0.4658486162054841
0.825    0.45312437479157064
0.8259433962264151    0.4616072024007732
0.8268867924528303    0.46820495720793076
0.8278301886792453    0.4552450816939784
0.8287735849056603    0.46844059130818644
0.8297169811320755    0.4875269534288922
0.8306603773584906    0.4710325664109983
0.8316037735849057    0.47173946871187616
0.8325471698113207    0.45430254529284875
0.8334905660377359    0.4620784706012845
0.834433962264151    0.42673335556294045
0.835377358490566    0.4425208402801716
0.8363207547169811    0.4154229187506703
0.8372641509433962    0.42626208736242915
0.8382075471698114    0.41188840724683595
0.8391509433962264    0.3913882405246885
0.8400943396226415    0.4135378459486253
0.8410377358490566    0.4097677003445353
0.8419811320754718    0.41707235745245974
0.8429245283018868    0.4064688229410522
0.8438679245283018    0.393508947426897
0.844811320754717    0.4083538957430015
0.8457547169811321    0.41047460264530217
0.8466981132075472    0.40623318884079646
0.8476415094339622    0.4243770145603841
0.8485849056603774    0.4363943536734211
0.8495283018867925    0.44204957207955614
0.8504716981132076    0.4460553517840068
0.8514150943396226    0.4533600088918263
0.8523584905660377    0.46561298210511887
0.8533018867924529    0.4816361009225015
0.8542452830188679    0.4981304879405127
0.855188679245283    0.4795153940202008
0.8561320754716981    0.49106146493272657
0.8570754716981133    0.4922396354340047
0.8580188679245283    0.5011937312438365
0.8589622641509433    0.5021362676447411
0.8599056603773585    0.5221651661664694
0.8608490566037736    0.5176881182616124
0.8617924528301887    0.514153606757899
0.8627358490566037    0.5266422140713263
0.8636792452830189    0.5315905301766944
0.864622641509434    0.508498388351643
0.8655660377358491    0.5176881182617343
0.8665094339622641    0.5075558519506205
0.8674528301886792    0.5278203845726044
0.8683962264150944    0.5219295320662136
0.8693396226415094    0.5287629209737513
0.8702830188679245    0.5256996776703037
0.8712264150943396    0.5325330665777169
0.8721698113207548    0.5167455818605898
0.8731132075471698    0.5410158941870469
0.8740566037735849    0.5624585973101814
0.875    0.5676425475158053
0.8759433962264151    0.5787173502278198
0.8768867924528302    0.5664643770146605
0.8778301886792452    0.5638724019117154
0.8787735849056604    0.5749472046237297
0.8797169811320755    0.5711770590196398
0.8806603773584906    0.5959186395466208
0.8816037735849056    0.5714126931198953
0.8825471698113208    0.5669356452150385
0.8834905660377359    0.5549183061020015
0.8844339622641509    0.5426653328888367
0.885377358490566    0.5452573079915207
0.8863207547169811    0.5516194286984227
0.8872641509433963    0.5751828387239853
0.8882075471698113    0.5459642102924162
0.8891509433962264    0.5784817161275642
0.8900943396226415    0.5732977659219404
0.8910377358490567    0.5888496165388118
0.8919811320754717    0.5796598866289788
0.8929245283018867    0.6015738579526155
0.8938679245283019    0.587435811937278
0.894811320754717    0.5608091586083921
0.8957547169811321    0.5709414249195185
0.8966981132075471    0.5619873291096703
0.8976415094339623    0.5676425475158053
0.8985849056603774    0.52428587306877
0.8995283018867924    0.52829165277324
0.9004716981132075    0.5469067466933102
0.9014150943396226    0.5167455818605898
0.9023584905660378    0.5341825052795063
0.9033018867924528    0.5478492830944616
0.9042452830188679    0.5806024230298648
0.905188679245283    0.5610447927086477
0.9061320754716982    0.5872001778370223
0.9070754716981132    0.5872001778371606
0.9080188679245282    0.5820162276313985
0.9089622641509434    0.60510836945645
0.9099056603773585    0.6044014671556832
0.9108490566037736    0.622545292875513
0.9117924528301886    0.641160386795561
0.9127358490566038    0.6456374347004178
0.9136792452830189    0.6769767700344163
0.914622641509434    0.6809825497389222
0.915566037735849    0.6849883294431075
0.9165094339622641    0.6734422585305819
0.9174528301886793    0.7149138601755721
0.9183962264150943    0.7467244637102576
0.9193396226415094    0.7521440480159612
0.9202830188679245    0.7580349005223519
0.9212264150943397    0.7587418028231188
0.9221698113207547    0.7964432588642065
0.9231132075471697    0.8452195176169338
0.9240566037735849    0.7886673335555834
0.925    0.8188284983883036
0.9259433962264151    0.8320240080028146
0.9268867924528301    0.8397999333110544
0.9278301886792453    0.8383861287095207
0.9287735849056604    0.860300100033294
0.9297169811320755    0.873966877848326
0.9306603773584905    0.858415027231249
0.9316037735849056    0.8763232188506767
0.9325471698113208    0.8709036345447972
0.933490566037736    0.9086050905856975
0.934433962264151    0.9288696232079001
0.935377358490566    0.9220362343002683
0.9363207547169812    0.9281627209069145
0.9372641509433963    0.9644503723462812
0.9382075471698114    1.007571412693298
0.9391509433962264    1.0224163610091654
0.9400943396226416    1.0238301656106992
0.9410377358490567    1.0261865066132554
0.9419811320754717    1.0860375680784402
0.9429245283018868    1.1190263421139723
0.9438679245283019    1.1088940758029804
0.9448113207547171    1.1103078804045143
0.9457547169811321    1.0909858841838096
0.9466981132075472    1.0900433477825302
0.9476415094339623    1.1152561965098824
0.9485849056603775    1.0947560297876429
0.9495283018867925    1.1475380682451735
0.9504716981132075    1.144003556741069
0.9514150943396227    1.1678026008668871
0.9523584905660378    1.2236478826274708
0.9533018867924529    1.2566366566635543
0.9542452830188679    1.299286428809527
0.9551886792452831    1.323321107035601
0.9561320754716982    1.326384350338924
0.9570754716981132    1.3695053906860262
0.9580188679245283    1.3749249749915833
0.9589622641509434    1.4088562854283935
0.9599056603773586    1.4536267644769627
0.9608490566037736    1.5174836056465948
0.9617924528301887    1.5789841058129563
0.9627358490566038    1.59924863843494
0.963679245283019    1.6407202400799303
0.964622641509434    1.6661687229079303
0.965566037735849    1.7288473935755349
0.9665094339622642    1.750996998999564
0.9674528301886793    1.8009514282537569
0.9683962264150944    1.8492564188065956
0.9693396226415094    1.8480782483048823
0.9702830188679246    1.9920506835610703
0.9712264150943397    2.074286984550284
0.9721698113207548    2.1628854062469087
0.9731132075471698    2.1954029120816765
0.9740566037735849    2.3450305657439996
0.9750000000000001    2.524819384239043
0.9759433962264151    2.731234856063615
0.9768867924528302    2.9395354006889463
0.9778301886792453    3.1546693342223335
0.9787735849056605    3.2932221851726426
0.9797169811320755    3.441907302434753
0.9806603773584905    3.6497365788594056
0.9816037735849057    3.8764165833053195
0.9825471698113208    4.222327442480579
0.9834905660377359    4.803636767812342
0.9844339622641509    5.396492164054369
0.9853773584905661    6.087606980104122
0.9863207547169812    7.150552406357256
0.9872641509433963    8.206664443704907
0.9882075471698113    9.340771368233307
0.9891509433962264    10.61720128931804
0.9900943396226416    12.254387017894135
0.9910377358490566    14.51977325775515
0.9919811320754717    17.540131154828362
0.9929245283018868    21.40193842391783
0.993867924528302    26.497054573745253
0.994811320754717    32.43762587529749
0.995754716981132    35.82863621206859
0.9966981132075472    32.33748138268122
0.9976415094339623    12.322249638767756
0.9985849056603774    2.6459353117710576
0.9995283018867924    1.4361898410580463