-0.9995283018867924    0.0
-0.9985849056603773    0.0
-0.9976415094339622    0.0
-0.9966981132075472    0.0
-0.995754716981132    0.0
-0.9948113207547169    0.0
-0.9938679245283019    0.0
-0.9929245283018868    0.0
-0.9919811320754717    0.0
-0.9910377358490565    0.0
-0.9900943396226415    0.0
-0.9891509433962264    0.0
-0.9882075471698113    0.0
-0.9872641509433961    0.0
-0.9863207547169811    0.0
-0.9853773584905661    0.0
-0.9844339622641509    0.0
-0.9834905660377358    0.0
-0.9825471698113207    0.0
-0.9816037735849057    0.0
-0.9806603773584905    0.0
-0.9797169811320754    0.0
-0.9787735849056604    0.0
-0.9778301886792453    0.0
-0.9768867924528302    0.0
-0.975943396226415    0.0
-0.975    0.0
-0.9740566037735849    0.0
-0.9731132075471698    0.0
-0.9721698113207546    0.0
-0.9712264150943396    0.0
-0.9702830188679246    0.0
-0.9693396226415094    0.0
-0.9683962264150943    0.0
-0.9674528301886792    0.0
-0.9665094339622642    0.0
-0.965566037735849    0.0
-0.9646226415094339    0.0
-0.9636792452830188    0.0
-0.9627358490566038    0.0
-0.9617924528301887    0.0
-0.9608490566037735    0.0
-0.9599056603773585    0.0
-0.9589622641509434    0.0
-0.9580188679245283    0.0
-0.9570754716981131    0.0
-0.9561320754716981    0.0
-0.9551886792452831    0.0
-0.9542452830188679    0.0
-0.9533018867924528    0.0
-0.9523584905660377    0.0
-0.9514150943396227    0.0
-0.9504716981132075    0.0
-0.9495283018867924    0.0
-0.9485849056603773    0.0
-0.9476415094339623    0.0
-0.9466981132075472    0.0
-0.945754716981132    0.0
-0.944811320754717    0.0
-0.9438679245283019    0.0
-0.9429245283018868    0.0
-0.9419811320754716    0.0
-0.9410377358490566    0.0
-0.9400943396226416    0.0
-0.9391509433962264    0.0
-0.9382075471698113    0.0
-0.9372641509433962    0.0
-0.9363207547169812    0.0
-0.935377358490566    0.0
-0.9344339622641509    0.0
-0.9334905660377358    0.0
-0.9325471698113208    0.0
-0.9316037735849056    0.0
-0.9306603773584905    0.0
-0.9297169811320755    0.0
-0.9287735849056604    0.0
-0.9278301886792453    0.0
-0.9268867924528301    0.0
-0.9259433962264151    0.0
-0.925    0.0
-0.9240566037735849    0.0
-0.9231132075471697    0.0
-0.9221698113207547    0.0
-0.9212264150943397    0.0
-0.9202830188679245    0.0
-0.9193396226415094    0.0
-0.9183962264150943    0.0
-0.9174528301886793    0.0
-0.9165094339622641    0.0
-0.915566037735849    0.0
-0.914622641509434    0.0
-0.9136792452830189    0.0
-0.9127358490566038    0.0
-0.9117924528301886    0.0
-0.9108490566037736    0.0
-0.9099056603773585    0.0
-0.9089622641509434    0.0
-0.9080188679245282    0.0
-0.9070754716981132    0.0
-0.9061320754716982    0.0
-0.905188679245283    0.0
-0.9042452830188679    0.0
-0.9033018867924528    0.0
-0.9023584905660378    0.0
-0.9014150943396226    0.0
-0.9004716981132075    0.0
-0.8995283018867924    0.0
-0.8985849056603774    0.00023563410025565466
-0.8976415094339623    0.0
-0.8966981132075471    0.0
-0.8957547169811321    0.0
-0.894811320754717    0.0
-0.8938679245283019    0.0
-0.8929245283018867    0.0
-0.8919811320754717    0.0
-0.8910377358490567    0.00023563410025565466
-0.8900943396226415    0.0
-0.8891509433962264    0.00023563410025565466
-0.8882075471698113    0.0
-0.8872641509433963    0.00023563410025565466
-0.8863207547169811    0.0
-0.885377358490566    0.0
-0.8844339622641509    0.0
-0.8834905660377359    0.0
-0.8825471698113208    0.0
-0.8816037735849056    0.0
-0.8806603773584906    0.00023563410025562696
-0.8797169811320755    0.0
-0.8787735849056604    0.0
-0.8778301886792452    0.0004712682005113093
-0.8768867924528302    0.0
-0.8759433962264151    0.0
-0.875    0.00023563410025562696
-0.8740566037735849    0.0
-0.8731132075471698    0.00023563410025562696
-0.8721698113207548    0.00023563410025565466
-0.8712264150943396    0.00023563410025562696
-0.8702830188679245    0.0
-0.8693396226415094    0.0
-0.8683962264150944    0.0
-0.8674528301886792    0.0
-0.8665094339622641    0.0004712682005113093
-0.8655660377358491    0.0
-0.864622641509434    0.0009425364010226187
-0.8636792452830189    0.00023563410025562696
-0.8627358490566037    0.00023563410025565466
-0.8617924528301887    0.0009425364010225078
-0.8608490566037736    0.00023563410025565466
-0.8599056603773585    0.0011781705012781348
-0.8589622641509433    0.0
-0.8580188679245283    0.00023563410025562696
-0.8570754716981133    0.0009425364010226187
-0.8561320754716981    0.0011781705012781348
-0.855188679245283    0.00023563410025565466
-0.8542452830188679    0.0004712682005112539
-0.8533018867924529    0.0007069023007669641
-0.8523584905660377    0.0004712682005112539
-0.8514150943396226    0.0007069023007669641
-0.8504716981132076    0.0004712682005112539
-0.8495283018867925    0.0004712682005113093
-0.8485849056603774    0.0009425364010225078
-0.8476415094339622    0.0004712682005113093
-0.8466981132075472    0.0009425364010225078
-0.8457547169811321    0.0004712682005113093
-0.844811320754717    0.0007069023007668808
-0.8438679245283018    0.0
-0.8429245283018868    0.0011781705012781348
-0.8419811320754718    0.0018850728020452373
-0.8410377358490566    0.00023563410025562696
-0.8400943396226415    0.0011781705012782733
-0.8391509433962264    0.00023563410025562696
-0.8382075471698114    0.0011781705012782733
-0.8372641509433962    0.0016494387017893888
-0.8363207547169811    0.0011781705012782733
-0.835377358490566    0.0011781705012781348
-0.834433962264151    0.0009425364010226187
-0.8334905660377359    0.0009425364010225078
-0.8325471698113207    0.0009425364010226187
-0.8316037735849057    0.0023563410025562695
-0.8306603773584906    0.0023563410025565466
-0.8297169811320755    0.0028276092030675233
-0.8287735849056603    0.0011781705012782733
-0.8278301886792453    0.0018850728020450157
-0.8268867924528303    0.0016494387017895829
-0.8259433962264151    0.0011781705012781348
-0.825    0.0007069023007669641
-0.8240566037735849    0.0011781705012781348
-0.8231132075471699    0.0018850728020452373
-0.8221698113207547    0.0028276092030675233
-0.8212264150943396    0.0018850728020452373
-0.8202830188679245    0.0016494387017893888
-0.8193396226415095    0.0035345115038348204
-0.8183962264150944    0.0023563410025562695
-0.8174528301886792    0.0032988774035787776
-0.816509433962264    0.0023563410025565466
-0.8155660377358491    0.0016494387017895829
-0.814622641509434    0.0037701456040900314
-0.8136792452830188    0.0018850728020450157
-0.8127358490566037    0.0032988774035791657
-0.8117924528301887    0.0035345115038348204
-0.8108490566037736    0.0028276092030675233
-0.8099056603773584    0.0025919751028118964
-0.8089622641509433    0.0035345115038348204
-0.8080188679245284    0.0051839502056244035
-0.8070754716981132    0.004477047904856912
-0.8061320754716981    0.004712682005112539
-0.8051886792452829    0.004241413804601785
-0.804245283018868    0.00400577970434613
-0.8033018867924528    0.0037701456040900314
-0.8023584905660377    0.005183950205623793
-0.8014150943396225    0.004712682005113093
-0.8004716981132076    0.005890852506391367
-0.7995283018867925    0.005655218406135047
-0.7985849056603773    0.00541958430587942
-0.7976415094339622    0.00848282760920357
-0.7966981132075472    0.005419584305880058
-0.7957547169811321    0.008718461709458197
-0.7948113207547169    0.005183950205623793
-0.7938679245283018    0.006833388907413986
-0.7929245283018869    0.005890852506391367
-0.7919811320754717    0.006833388907413182
-0.7910377358490566    0.006833388907413182
-0.7900943396226414    0.007540291208180949
-0.7891509433962265    0.007775925308436605
-0.7882075471698113    0.005183950205623793
-0.7872641509433962    0.010132266310991959
-0.786320754716981    0.007069023007669641
-0.7853773584905661    0.008718461709459223
-0.784433962264151    0.008247193508946944
-0.7834905660377358    0.008011559408691317
-0.7825471698113207    0.010839168611760116
-0.7816037735849057    0.012724241413805354
-0.7806603773584906    0.012017339113036974
-0.7797169811320754    0.012724241413803856
-0.7787735849056603    0.010132266310993152
-0.7778301886792454    0.013195509614316663
-0.7768867924528302    0.01083916861175884
-0.7759433962264151    0.012017339113036974
-0.7749999999999999    0.012252973213294042
-0.774056603773585    0.01201733911303839
-0.7731132075471698    0.012017339113036974
-0.7721698113207547    0.011310436812270093
-0.7712264150943395    0.013666777814827972
-0.7702830188679246    0.012252973213294042
-0.7693396226415095    0.013902411915081991
-0.7683962264150943    0.01083916861175884
-0.7674528301886792    0.017201289318662792
-0.7665094339622642    0.015080582416361898
-0.7655660377358491    0.01625875291763826
-0.7646226415094339    0.014373680115593245
-0.7636792452830188    0.015316216516617557
-0.7627358490566039    0.014844948316106246
-0.7617924528301887    0.01861509392019453
-0.7608490566037736    0.014138046015337618
-0.7599056603773584    0.014844948316106246
-0.7589622641509435    0.022385239524287195
-0.7580188679245283    0.018143825719683274
-0.7570754716981132    0.01932199622096141
-0.756132075471698    0.017436923418918445
-0.7551886792452831    0.020028898521730648
-0.754245283018868    0.02144270312326205
-0.7533018867924528    0.01790819161942765
-0.7523584905660377    0.019321996220963686
-0.7514150943396227    0.01861509392019672
-0.7504716981132076    0.01861509392019453
-0.7495283018867924    0.018143825719683274
-0.7485849056603773    0.024270312326332432
-0.7476415094339623    0.02144270312326458
-0.7466981132075472    0.025684116927863338
-0.745754716981132    0.025448482827607713
-0.7448113207547169    0.022385239524287195
-0.743867924528302    0.02403467822607678
-0.7429245283018868    0.03133933533399839
-0.7419811320754717    0.024977214627096456
-0.7410377358490565    0.029925530732468144
-0.7400943396226416    0.02521284872735505
-0.7391509433962264    0.03086806713348713
-0.7382075471698113    0.028982994331442115
-0.7372641509433961    0.023799044125821126
-0.7363207547169812    0.02968989663221249
-0.7353773584905661    0.03086806713348713
-0.7344339622641509    0.035580749138599675
-0.7334905660377358    0.03110370123374642
-0.7325471698113208    0.03322440813604731
-0.7316037735849057    0.036758919639877805
-0.7306603773584905    0.032281871735020895
-0.7297169811320754    0.02968989663221249
-0.7287735849056605    0.03228187173502469
-0.7278301886792453    0.032753139935532145
-0.7268867924528302    0.0332244081360434
-0.725943396226415    0.038408358341671715
-0.7250000000000001    0.03887962654218302
-0.7240566037735849    0.03723018784038906
-0.7231132075471698    0.04477047904856912
-0.7221698113207546    0.037701456040904746
-0.7212264150943397    0.04217850394576219
-0.7202830188679246    0.039822162943200956
-0.7193396226415094    0.03864399244192282
-0.7183962264150943    0.04382794264755177
-0.7174528301886793    0.04429921084806308
-0.7165094339622642    0.043827942647546615
-0.715566037735849    0.044534844948313494
-0.7146226415094339    0.04712682005113093
-0.713679245283019    0.0478337223518979
-0.7127358490566038    0.03723018784038906
-0.7117924528301887    0.04571301544959163
-0.7108490566037735    0.042649772146273496
-0.7099056603773586    0.04736245415138659
-0.7089622641509434    0.04924752695342603
-0.7080188679245283    0.048304990552403525
-0.7070754716981131    0.0504256974547101
-0.7061320754716982    0.05325330665777796
-0.7051886792452831    0.0541958430587942
-0.7042452830188679    0.06055796376569613
-0.7033018867924528    0.05207513615649968
-0.7023584905660378    0.052546404357010995
-0.7014150943396227    0.056080915860839214
-0.7004716981132075    0.05890852506390674
-0.6995283018867924    0.05396020895854493
-0.6985849056603775    0.060086695565191944
-0.6976415094339623    0.05396020895853857
-0.6966981132075472    0.06432810936978617
-0.695754716981132    0.061500500166725876
-0.6948113207547171    0.06267867066800414
-0.6938679245283019    0.0629143047682524
-0.6929245283018868    0.06385684116927491
-0.6919811320754716    0.06432810936979373
-0.6910377358490567    0.06385684116928242
-0.6900943396226416    0.06220740246748552
-0.6891509433962264    0.0706902300766881
-0.6882075471698113    0.0680982549738842
-0.6872641509433963    0.06833388907413986
-0.6863207547169812    0.06786262087362056
-0.685377358490566    0.07351783927975561
-0.6844339622641509    0.07422474158053123
-0.683490566037736    0.07186840057797468
-0.6825471698113208    0.07139713237745497
-0.6816037735849056    0.08176503278870256
-0.6806603773584905    0.08294320328999046
-0.6797169811320756    0.08365010559075742
-0.6787735849056604    0.07964432588640191
-0.6778301886792453    0.07422474158052249
-0.6768867924528301    0.0883627875958705
-0.6759433962264152    0.07823052128487736
-0.675    0.07964432588640191
-0.6740566037735849    0.08011559408691317
-0.6731132075471697    0.07752361898411039
-0.6721698113207548    0.08412137379126872
-0.6712264150943397    0.08624208069355946
-0.6702830188679245    0.08011559408691317
-0.6693396226415094    0.09189729909970532
-0.6683962264150944    0.08742025119484789
-0.6674528301886793    0.09142603089918326
-0.6665094339622641    0.08930532399688261
-0.665566037735849    0.08765588529510354
-0.6646226415094341    0.09660998110481842
-0.6636792452830189    0.08341447149049194
-0.6627358490566038    0.09331110370122828
-0.6617924528301886    0.09613871290430712
-0.6608490566037737    0.10532844281427765
-0.6599056603773585    0.10415027231298711
-0.6589622641509434    0.10909858841835528
-0.6580188679245282    0.10579971101478895
-0.6570754716981133    0.09778815160609669
-0.6561320754716982    0.10415027231298711
-0.655188679245283    0.10697788151605464
-0.6542452830188679    0.10485717461376634
-0.6533018867924529    0.10980549071913508
-0.6523584905660378    0.11263309992218969
-0.6514150943396226    0.10603534511503214
-0.6504716981132075    0.10179393131044283
-0.6495283018867926    0.11663887962654906
-0.6485849056603774    0.11381127042346781
-0.6476415094339623    0.12158719573190352
-0.6466981132075471    0.12229409803268478
-0.6457547169811322    0.11734578192731604
-0.644811320754717    0.11546070912525722
-0.6438679245283019    0.1319550961431511
-0.6429245283018867    0.12394353673447436
-0.6419811320754718    0.12441480493498568
-0.6410377358490567    0.11428253862397907
-0.6400943396226415    0.12276536623318164
-0.6391509433962264    0.12559297543626396
-0.6382075471698113    0.13007002334110607
-0.6372641509433963    0.12158719573191783
-0.6363207547169811    0.12747804823829417
-0.635377358490566    0.13007002334110607
-0.6344339622641508    0.14279426475492674
-0.6334905660377359    0.1352539735467458
-0.6325471698113208    0.1435011670556768
-0.6316037735849056    0.13219073024340675
-0.6306603773584905    0.14585750805825026
-0.6297169811320755    0.14844948316106246
-0.6287735849056604    0.1319550961431511
-0.6278301886792452    0.14397243525618808
-0.6268867924528301    0.14750694676003984
-0.6259433962264151    0.14114482605313716
-0.625    0.15080582416360125
-0.6240566037735849    0.15151272646436814
-0.6231132075471697    0.1373746804490467
-0.6221698113207548    0.14467933755697196
-0.6212264150943396    0.15198399466487938
-0.6202830188679245    0.1390241191508199
-0.6193396226415093    0.1564610425697547
-0.6183962264150944    0.1595242858730782
-0.6174528301886792    0.15339779926641317
-0.6165094339622641    0.14467933755695495
-0.615566037735849    0.15881738357231126
-0.614622641509434    0.15410470156719816
-0.6136792452830189    0.15457596976769128
-0.6127358490566037    0.16824274758251764
-0.6117924528301886    0.16800711348228178
-0.6108490566037736    0.17295542958765053
-0.6099056603773585    0.17366233188839708
-0.6089622641509433    0.16800711348226202
-0.6080188679245282    0.15881738357231126
-0.6070754716981133    0.16659330888074786
-0.6061320754716981    0.1703634544848183
-0.605188679245283    0.17413360008890832
-0.6042452830188678    0.17319106368790618
-0.6033018867924529    0.18473713460043328
-0.6023584905660377    0.16989218628430702
-0.6014150943396226    0.18944981660552407
-0.6004716981132074    0.1861509392019672
-0.5995283018867925    0.17460486828944013
-0.5985849056603774    0.1845015005001559
-0.5976415094339622    0.19109925530731345
-0.5966981132075471    0.17790374569301928
-0.5957547169811321    0.17908191619429756
-0.594811320754717    0.1913348894075691
-0.5938679245283018    0.18403023229964466
-0.5929245283018867    0.1939268645104038
-0.5919811320754718    0.2047660331221639
-0.5910377358490566    0.193926864510381
-0.5900943396226415    0.18827164610424596
-0.5891509433962263    0.20924308102702138
-0.5882075471698114    0.20453039902190828
-0.5872641509433962    0.20853617872622987
-0.5863207547169811    0.19604757141268164
-0.5853773584905659    0.2106568856285553
-0.584433962264151    0.20146715571858476
-0.5834905660377359    0.21466266533287617
-0.5825471698113207    0.21607646993440993
-0.5816037735849056    0.21607646993443536
-0.5806603773584906    0.22361676114261628
-0.5797169811320755    0.19911081471600478
-0.5787735849056603    0.22102478603977807
-0.5778301886792452    0.20971434922753268
-0.5768867924528303    0.22503056574415023
-0.5759433962264151    0.22479493164386813
-0.575    0.22361676114258996
-0.5740566037735848    0.23539846615539906
-0.5731132075471699    0.21796154273648058
-0.5721698113207547    0.2156052017338987
-0.5712264150943396    0.2262087362454019
-0.5702830188679244    0.23987551406025648
-0.5693396226415095    0.2448238301656252
-0.5683962264150944    0.23068578415025878
-0.5674528301886792    0.23704790485716074
-0.566509433962264    0.23846170945872253
-0.5655660377358491    0.23516283205514335
-0.564622641509434    0.23516283205511573
-0.5636792452830188    0.23422029565409322
-0.5627358490566037    0.24293875736357998
-0.5617924528301887    0.2485939757697157
-0.5608490566037736    0.24718017116815266
-0.5599056603773584    0.25024341447147586
-0.5589622641509433    0.2535422918750844
-0.5580188679245284    0.2542491941758514
-0.5570754716981132    0.2667378014893697
-0.5561320754716981    0.25660553517837775
-0.5551886792452829    0.2589618761809645
-0.554245283018868    0.2549560964766184
-0.5533018867924528    0.2610825830832347
-0.5523584905660377    0.26037568078246776
-0.5514150943396225    0.2624963876847993
-0.5504716981132076    0.2624963876847993
-0.5495283018867925    0.2596687784817009
-0.5485849056603773    0.25377792597531024
-0.5476415094339622    0.27074358119374725
-0.5466981132075472    0.27639879959988295
-0.5457547169811321    0.27074358119371533
-0.5448113207547169    0.2997265755251575
-0.5438679245283018    0.2686228742914464
-0.5429245283018869    0.28794487051241
-0.5419811320754717    0.2825252862064967
-0.5410377358490566    0.2832321885072636
-0.5400943396226414    0.2771057019006499
-0.5391509433962265    0.28205401800601865
-0.5382075471698113    0.2945426253195337
-0.5372641509433962    0.28629543181058675
-0.536320754716981    0.28629543181062045
-0.5353773584905661    0.3030254529287719
-0.534433962264151    0.2872379682116093
-0.5334905660377358    0.3166922307435626
-0.5325471698113207    0.2917150161165005
-0.5316037735849057    0.30066911192621537
-0.5306603773584906    0.3098588418361494
-0.5297169811320754    0.28747360231186486
-0.5287735849056603    0.3143358897410434
-0.5278301886792454    0.321404912748713
-0.5268867924528302    0.30443925753027
-0.5259433962264151    0.30891630543512694
-0.5249999999999999    0.32093364454820167
-0.524056603773585    0.31221518283874244
-0.5231132075471698    0.316456596643307
-0.5221698113207547    0.32116927864841954
-0.5212264150943395    0.31951983994666777
-0.5202830188679246    0.33530732466379665
-0.5193396226415095    0.31834166944535197
-0.5183962264150943    0.3228187173502089
-0.5174528301886792    0.32493942425254785
-0.5165094339622642    0.3430832499722333
-0.5155660377358491    0.3395487384683584
-0.5146226415094339    0.3338935200622234
-0.5136792452830188    0.3435545181727445
-0.5127358490566039    0.3239968878515252
-0.5117924528301887    0.3287095698565996
-0.5108490566037736    0.346146493275516
-0.5099056603773584    0.3331866177614957
-0.5089622641509435    0.3291808380571496
-0.5080188679245283    0.3289452039568552
-0.5070754716981132    0.3527442480826735
-0.506132075471698    0.3588707346893621
-0.5051886792452831    0.35062354118041417
-0.504245283018868    0.3532155162831848
-0.5033018867924528    0.3452039568744935
-0.5023584905660377    0.35580749138603857
-0.5014150943396227    0.35698566188731684
-0.5004716981132076    0.3640546848949437
-0.4995283018867924    0.35604312548625233
-0.49858490566037733    0.36311214849396384
-0.49764150943396224    0.35627875958650795
-0.49669811320754714    0.35180171168169244
-0.49575471698113205    0.3614627097921318
-0.49481132075471695    0.3626408802934526
-0.49386792452830186    0.372066244303635
-0.49292452830188677    0.3687673669000996
-0.49198113207547167    0.3746582194064469
-0.4910377358490566    0.3847904857174841
-0.4900943396226415    0.39398021562740826
-0.4891509433962264    0.3796065355118597
-0.4882075471698113    0.38549738801820566
-0.4872641509433962    0.3899744359231085
-0.4863207547169811    0.3871468267199951
-0.485377358490566    0.3796065355118597
-0.4844339622641509    0.40081360453482145
-0.4834905660377358    0.39445148382796597
-0.48254716981132073    0.39657219073022015
-0.48160377358490564    0.3687673669000996
-0.48066037735849054    0.39680782483047583
-0.47971698113207545    0.4140091141491853
-0.47877358490566035    0.4010492386350771
-0.47783018867924526    0.405997554740493
-0.47688679245283017    0.4019917750360996
-0.47594339622641507    0.41636545515174184
-0.475    0.405526286539934
-0.4740566037735849    0.4154229187507192
-0.4731132075471698    0.4102389685450465
-0.4721698113207547    0.40976770034458354
-0.4712264150943396    0.4010492386350771
-0.4702830188679245    0.4140091141491853
-0.4693396226415094    0.41188840724683595
-0.4683962264150943    0.4262620873624793
-0.4674528301886792    0.39657219073022015
-0.46650943396226413    0.4283827942647802
-0.46556603773584904    0.4305035011670304
-0.46462264150943394    0.4234344781594115
-0.46367924528301885    0.4349805490718873
-0.46273584905660375    0.42461264866068976
-0.46179245283018866    0.4484116927864581
-0.46084905660377357    0.40976770034458354
-0.45990566037735847    0.44534844948313496
-0.4589622641509434    0.413537845948674
-0.4580188679245283    0.4392219628764887
-0.4570754716981132    0.44110703567858556
-0.4561320754716981    0.44534844948313496
-0.455188679245283    0.45171057019009003
-0.4542452830188679    0.43568745137265424
-0.4533018867924528    0.4444059130821647
-0.4523584905660377    0.44511281538287933
-0.4514150943396226    0.44629098588420996
-0.45047169811320753    0.44369901078134555
-0.44952830188679244    0.45642325219520313
-0.44858490566037734    0.45972212959872816
-0.44764150943396225    0.4493542291875335
-0.44669811320754715    0.45995776369898383
-0.44575471698113206    0.44652661998446563
-0.44481132075471697    0.4712682005112539
-0.44386792452830187    0.4644348116038954
-0.4429245283018868    0.46891185950869757
-0.4419811320754717    0.46160720240082753
-0.4410377358490566    0.48540624652659153
-0.4400943396226415    0.4861131488274156
-0.4391509433962264    0.47221073691227644
-0.4382075471698113    0.48587751472715995
-0.4372641509433962    0.4766877848171333
-0.4363207547169811    0.47668778481718943
-0.435377358490566    0.48917639213068154
-0.43443396226415093    0.5106190952540036
-0.43349056603773584    0.4922396354340047
-0.43254716981132074    0.46985439590977546
-0.43160377358490565    0.49506724463707225
-0.43066037735849055    0.4781015894187234
-0.42971698113207546    0.4882338557296591
-0.42877358490566037    0.48022229632102426
-0.42783018867924527    0.4875269534288922
-0.4268867924528302    0.4953028787373862
-0.4259433962264151    0.5056707791485755
-0.425    0.49624541513840875
-0.4240566037735849    0.4993086584416735
-0.4231132075471698    0.5035500722463341
-0.4221698113207547    0.494595976436561
-0.4212264150943396    0.5129754362565603
-0.4202830188679245    0.49742358563962846
-0.4193396226415094    0.5061420473491463
-0.41839622641509433    0.514153606757778
-0.41745283018867924    0.49600978103815313
-0.41650943396226414    0.5205157274646799
-0.41556603773584905    0.5249927753695987
-0.41462264150943395    0.5330043347782282
-0.41367924528301886    0.5000155607424992
-0.41273584905660377    0.5384239190841076
-0.41179245283018867    0.5242858730688317
-0.4108490566037736    0.5405446259864083
-0.4099056603773585    0.5443147715905624
-0.4089622641509434    0.5421940646881976
-0.4080188679245283    0.5525619650995102
-0.4070754716981132    0.5509125263976559
-0.4061320754716981    0.5306479937757344
-0.405188679245283    0.5426653328887089
-0.4042452830188679    0.5153317772591168
-0.4033018867924528    0.5459642102922877
-0.40235849056603773    0.5443147715905624
-0.40141509433962264    0.5511481604979115
-0.40047169811320754    0.531590530176757
-0.39952830188679245    0.563401133711204
-0.39858490566037735    0.5570390130043676
-0.39764150943396226    0.5393664554851302
-0.39669811320754716    0.5516194286984877
-0.39575471698113207    0.5363032121818069
-0.394811320754717    0.5817805935312115
-0.3938679245283019    0.5626942314104372
-0.3929245283018868    0.5499699899966981
-0.3919811320754717    0.5608091586083921
-0.3910377358490566    0.5605735245082025
-0.3900943396226415    0.5589240858063471
-0.3891509433962264    0.5775391797266097
-0.3882075471698113    0.5756541069244967
-0.3872641509433962    0.5692919862176617
-0.38632075471698113    0.5803667889296091
-0.38537735849056604    0.5921484939424603
-0.38443396226415094    0.583665666333188
-0.38349056603773585    0.5744759364232861
-0.38254716981132075    0.5732977659219404
-0.38160377358490566    0.588849616538881
-0.38066037735849056    0.5996887851505706
-0.37971698113207547    0.5810736912304445
-0.3787735849056604    0.6105279537623294
-0.3778301886792453    0.5869645437368358
-0.3768867924528302    0.5985106146492924
-0.3759433962264151    0.576596643325587
-0.375    0.5881427142380449
-0.3740566037735849    0.5815449594309557
-0.3731132075471698    0.6006313215515932
-0.3721698113207547    0.5860220073358132
-0.3712264150943396    0.6003956874513375
-0.37028301886792453    0.5989818828498742
-0.36933962264150944    0.6161831721684645
-0.36839622641509434    0.608642880960356
-0.36745283018867925    0.6128842947648857
-0.36650943396226415    0.608642880960356
-0.36556603773584906    0.6263154384794564
-0.36462264150943396    0.6147693675670031
-0.36367924528301887    0.6074647104590063
-0.3627358490566038    0.6171257085695596
-0.3617924528301887    0.6364477047904484
-0.3608490566037736    0.6399822162943581
-0.3599056603773585    0.6256085361786896
-0.3589622641509434    0.6343269978882224
-0.3580188679245283    0.6175969767699983
-0.3570754716981132    0.6220740246749283
-0.3561320754716981    0.6376258752917265
-0.355188679245283    0.6574191397132766
-0.35424528301886793    0.6197176836722988
-0.35330188679245284    0.6180682449705823
-0.35235849056603774    0.6538846282093649
-0.35141509433962265    0.648229409803306
-0.35047169811320755    0.6425741913970947
-0.34952830188679246    0.6548271646104644
-0.34858490566037736    0.6536489941091091
-0.34764150943396227    0.6529420918084192
-0.3466981132075472    0.6590685784149887
-0.3457547169811321    0.6805112815383307
-0.344811320754717    0.6656663332221462
-0.3438679245283019    0.6635456263199236
-0.3429245283018868    0.6574191397131992
-0.3419811320754717    0.6578904079137878
-0.3410377358490566    0.6585973102144773
-0.3400943396226415    0.6656663332222245
-0.3391509433962264    0.6439879959986284
-0.33820754716981133    0.6734422585306611
-0.33726415094339623    0.6746204290318599
-0.33632075471698114    0.687815938646256
-0.33537735849056605    0.6743847949316043
-0.33443396226415095    0.6708502834278489
-0.33349056603773586    0.6901722796487313
-0.33254716981132076    0.6774480382350073
-0.33160377358490567    0.7005401800599789
-0.3306603773584906    0.6965344003557152
-0.3297169811320755    0.68970101144822
-0.3287735849056604    0.6828676225408873
-0.3278301886792453    0.6805112815382507
-0.3268867924528302    0.7078448371679867
-0.3259433962264151    0.6732066244303262
-0.325    0.7040746915638962
-0.3240566037735849    0.7026608869622796
-0.3231132075471698    0.7038390574636406
-0.32216981132075473    0.7085517394686703
-0.32122641509433963    0.716563298877446
-0.32028301886792454    0.6993620095587008
-0.31933962264150945    0.7314082471935521
-0.31839622641509435    0.7361209291985786
-0.31745283018867926    0.7372990996999436
-0.31650943396226416    0.7420117817049693
-0.31556603773584907    0.7085517394687536
-0.314622641509434    0.7255173946870754
-0.3136792452830189    0.7575636323219298
-0.3127358490566038    0.7368278314993455
-0.3117924528301887    0.7549716572191176
-0.3108490566037736    0.7356496609980673
-0.3099056603773585    0.7453106591086357
-0.3089622641509434    0.7422474158052249
-0.3080188679245283    0.747195731910681
-0.3070754716981132    0.7356496609980673
-0.30613207547169813    0.7309369789930409
-0.30518867924528303    0.7608625097254195
-0.30424528301886794    0.73423585639662
-0.30330188679245285    0.7521440480159612
-0.30235849056603775    0.7561498277203959
-0.30141509433962266    0.7768856285428021
-0.30047169811320756    0.7747649216405926
-0.29952830188679247    0.773822385239479
-0.2985849056603774    0.7476670001111924
-0.2976415094339623    0.757327998221585
-0.2966981132075472    0.752615316216561
-0.2957547169811321    0.7601556074246526
-0.294811320754717    0.7695809714349682
-0.2938679245283019    0.7691097032343663
-0.2929245283018868    0.7940869178615563
-0.2919811320754717    0.7860753584527715
-0.2910377358490566    0.8002134044682033
-0.29009433962264153    0.7936156496609517
-0.28915094339622643    0.7834833833500519
-0.28820754716981134    0.7898455040568616
-0.28726415094339625    0.8018628431699929
-0.28632075471698115    0.7872535289540497
-0.28537735849056606    0.7955007224630902
-0.28443396226415096    0.7830121151494485
-0.28349056603773587    0.7815983105480065
-0.2825471698113208    0.7938512837612072
-0.2816037735849057    0.7907880404579771
-0.2806603773584906    0.7926731132599291
-0.2797169811320755    0.7964432588641128
-0.2787735849056604    0.8320240080026188
-0.2778301886792453    0.8025697454707599
-0.2768867924528302    0.8115238412803792
-0.27594339622641506    0.8086962320773117
-0.27499999999999997    0.8336734467045063
-0.2740566037735849    0.8070467933755223
-0.2731132075471698    0.8313171057019497
-0.2721698113207547    0.8192997665888149
-0.2712264150943396    0.8164721573858436
-0.2702830188679245    0.8294320328998068
-0.2693396226415094    0.840035567411409
-0.2683962264150943    0.8428631766143777
-0.2674528301886792    0.8452195176170333
-0.2665094339622641    0.8282538623985287
-0.265566037735849    0.8426275425142212
-0.26462264150943393    0.8673691230409628
-0.26367924528301884    0.846868956318823
-0.26273584905660374    0.8423919084138664
-0.26179245283018865    0.8496965655218908
-0.26084905660377355    0.8699610981437746
-0.25990566037735846    0.8716105368456667
-0.25896226415094337    0.858415027231249
-0.2580188679245283    0.8643058797377414
-0.2570754716981132    0.8706680004445416
-0.2561320754716981    0.8718461709459223
-0.255188679245283    0.8685472935422409
-0.2542452830188679    0.8494609314216351
-0.2533018867924528    0.8676047571412185
-0.2523584905660377    0.8650127820385084
-0.2514150943396226    0.8789151939534885
-0.2504716981132075    0.891168167166886
-0.24952830188679243    0.8873980215626911
-0.24858490566037733    0.8888118261643294
-0.24764150943396224    0.8963521173724049
-0.24669811320754714    0.8991797265755783
-0.24575471698113205    0.8668978548404516
-0.24481132075471695    0.917087918195008
-0.24386792452830186    0.9034211403800737
-0.24292452830188677    0.8947026786707208
-0.24198113207547167    0.9071912859841638
-0.24103773584905658    0.8866911192620286
-0.24009433962264148    0.9293408914081928
-0.2391509433962264    0.9213293319996099
-0.2382075471698113    0.9142603089918325
-0.2372641509433962    0.9029498721796687
-0.2363207547169811    0.9401800600199516
-0.235377358490566    0.9022429698789018
-0.23443396226415092    0.9269845504056364
-0.23349056603773582    0.9260420140047229
-0.23254716981132073    0.9175591863954113
-0.23160377358490564    0.9159097476937298
-0.23066037735849054    0.9095476269867201
-0.22971698113207545    0.9538468378348901
-0.22877358490566035    0.9305190619094709
-0.22783018867924526    0.9512548627320779
-0.22688679245283017    0.9592664221406573
-0.22594339622641507    0.9439502056241527
-0.22499999999999998    0.9811803934644306
-0.22405660377358488    0.9352317439146934
-0.2231132075471698    0.9345248416138164
-0.2221698113207547    0.945128376125431
-0.2212264150943396    0.9583238857396349
-0.2202830188679245    0.9623296654440938
-0.2193396226415094    0.9635078359452586
-0.21839622641509432    0.973168834055854
-0.21745283018867922    0.9856574413692876
-0.21650943396226413    0.9498410581305441
-0.21556603773584904    0.9877781482715882
-0.21462264150943394    0.9823585639658243
-0.21367924528301885    0.9816516616649419
-0.21273584905660375    0.9738757363566208
-0.21179245283018866    0.999324219184114
-0.21084905660377357    0.9585595198400032
-0.20990566037735847    0.9948471712792569
-0.20896226415094338    0.9988529509837202
-0.20801886792452828    1.0106346559963841
-0.2070754716981132    0.9653929087474171
-0.2061320754716981    1.000031121484881
-0.205188679245283    1.017939313104428
-0.2042452830188679    0.9861287095697988
-0.2033018867924528    1.006393242191901
-0.20235849056603772    0.9887206846726107
-0.20141509433962262    0.9936690007780957
-0.20047169811320753    1.0179393131043084
-0.19952830188679244    1.039382016227693
-0.19858490566037734    1.023123263309932
-0.19764150943396225    1.0254796043126093
-0.19669811320754715    0.9931977325774677
-0.19575471698113206    1.05092808714022
-0.19481132075471697    1.0191174836055865
-0.19386792452830187    1.0794398132711542
-0.19292452830188678    1.0066288762920383
-0.19198113207547168    1.042680893631272
-0.1910377358490566    1.0407958208291042
-0.1900943396226415    1.055640769145333
-0.1891509433962264    1.0382038457262923
-0.1882075471698113    1.0598821829499347
-0.1872641509433962    1.0615316216515993
-0.18632075471698112    1.057054573746867
-0.18537735849056602    1.041502723129871
-0.18443396226415093    1.0483361120374077
-0.18349056603773584    1.0636523285539001
-0.18254716981132074    1.0695431810604166
-0.18160377358490565    1.0759053017671927
-0.18066037735849055    1.0775547404691088
-0.17971698113207546    1.0751983994664258
-0.17877358490566037    1.093106591085982
-0.17783018867924527    1.089572079582019
-0.17688679245283018    1.0954629320885387
-0.17594339622641508    1.0817961542735834
-0.175    1.0813248860731992
-0.1740566037735849    1.102296320995823
-0.1731132075471698    1.1202045126153826
-0.1721698113207547    1.0766122040679595
-0.1712264150943396    1.0879226408803575
-0.17028301886792452    1.0992330776925
-0.16933962264150942    1.1152561965100136
-0.16839622641509433    1.1117216850060478
-0.16745283018867924    1.1152561965100136
-0.16650943396226414    1.1096009781037475
-0.16556603773584905    1.1319862176281652
-0.16462264150943395    1.1329287540290545
-0.16367924528301886    1.1067733689008101
-0.16273584905660377    1.1272735356229193
-0.16179245283018867    1.1260953651217738
-0.16084905660377358    1.1381127042346781
-0.15990566037735848    1.160026675558588
-0.1589622641509434    1.1081871735022135
-0.1580188679245283    1.159319773257821
-0.1570754716981132    1.147066800044392
-0.1561320754716981    1.1454173613427374
-0.155188679245283    1.1607335778592183
-0.15424528301886792    1.1612048460598663
-0.15330188679245282    1.1581416027564064
-0.15235849056603773    1.1557852617539863
-0.15141509433962264    1.1814693786817134
-0.15047169811320754    1.1946648882961692
-0.14952830188679245    1.1642680893630528
-0.14858490566037735    1.1685095031677915
-0.14764150943396226    1.1776992330776237
-0.14669811320754716    1.1703945759698369
-0.14575471698113207    1.1835900855840142
-0.14481132075471698    1.1925441813938684
-0.14386792452830188    1.2038546182059982
-0.1429245283018868    1.1809981104813414
-0.1419811320754717    1.1960786928975624
-0.1410377358490566    1.2003201067023048
-0.1400943396226415    1.1981993997998632
-0.1391509433962264    1.2080960320107417
-0.13820754716981132    1.227889296432072
-0.13726415094339622    1.2182282983217347
-0.13632075471698113    1.1998488385016524
-0.13537735849056604    1.2255329554296601
-0.13443396226415094    1.2526308769589127
-0.13349056603773585    1.2236478826276147
-0.13254716981132075    1.2271823941313054
-0.13160377358490566    1.2196421029232687
-0.13066037735849056    1.239199733244342
-0.12971698113207547    1.209745470712531
-0.12877358490566038    1.2429698788484322
-0.12783018867924528    1.265826386573377
-0.1268867924528302    1.257579193064281
-0.1259433962264151    1.2587573635657072
-0.125    1.2340157830387184
-0.1240566037735849    1.25969989996673
-0.12311320754716981    1.2300100033343728
-0.12216981132075472    1.2813782371902502
-0.12122641509433962    1.2719528731798744
-0.12028301886792453    1.2740735800823249
-0.11933962264150944    1.2632344114704162
-0.11839622641509434    1.3009358675114695
-0.11745283018867925    1.2733666777814079
-0.11650943396226415    1.2889185283984312
-0.11556603773584906    1.2695965321773182
-0.11462264150943396    1.2745448482828363
-0.11367924528301887    1.3009358675113165
-0.11273584905660378    1.289625430699198
-0.11179245283018868    1.2964588196064595
-0.11084905660377359    1.2811426030899944
-0.1099056603773585    1.306826720017707
-0.1089622641509434    1.2809069689897388
-0.1080188679245283    1.3072979882182183
-0.10707547169811321    1.3044703790153043
-0.10613207547169812    1.3021140380125944
-0.10518867924528302    1.3186084250306436
-0.10424528301886793    1.343585639657585
-0.10330188679245284    1.3162520840280871
-0.10235849056603774    1.2983438924085045
-0.10141509433962265    1.344999444259277
-0.10047169811320755    1.3433500055573293
-0.09952830188679246    1.3240280093365238
-0.09858490566037736    1.328505057241225
-0.09764150943396227    1.3610225630766615
-0.09669811320754718    1.3190796932309998
-0.09575471698113208    1.3598443925753831
-0.09481132075471699    1.3273268867399466
-0.0938679245283019    1.3346315438480283
-0.0929245283018868    1.3096543292207745
-0.0919811320754717    1.3695053906858652
-0.09103773584905661    1.3537179059685769
-0.09009433962264152    1.3923618984106636
-0.08915094339622642    1.3824652661997634
-0.08820754716981133    1.3850572413027382
-0.08726415094339623    1.3966033122151011
-0.08632075471698114    1.3890630210070842
-0.08537735849056605    1.371390463487749
-0.08443396226415095    1.4208736245415976
-0.08349056603773586    1.3739824385905608
-0.08254716981132076    1.3996665555185888
-0.08160377358490567    1.384585973102064
-0.08066037735849058    1.3904768256086184
-0.07971698113207548    1.3772813159941395
-0.07877358490566039    1.4048505057242133
-0.0778301886792453    1.3874135823051315
-0.0768867924528302    1.3683272201845866
-0.0759433962264151    1.385999777703598
-0.07500000000000001    1.3798732910971139
-0.07405660377358492    1.392126264310244
-0.07311320754716982    1.3958964099144984
-0.07216981132075473    1.4017872624207248
-0.07122641509433963    1.3925975325109192
-0.07028301886792454    1.4199310881404081
-0.06933962264150945    1.4079137490275369
-0.06839622641509435    1.3874135823051315
-0.06745283018867926    1.4079137490275369
-0.06650943396226416    1.4286495498498661
-0.06556603773584907    1.4401956207625615
-0.06462264150943398    1.4272357452483324
-0.06367924528301888    1.4055574080249802
-0.06273584905660379    1.4253506724462874
-0.06179245283018869    1.4237012337446655
-0.0608490566037736    1.434540402356257
-0.059905660377358505    1.4338335000556588
-0.05896226415094341    1.4147471379347842
-0.05801886792452832    1.4161609425364847
-0.05707547169811322    1.4232299655439868
-0.05613207547169813    1.4540980326776451
-0.055188679245283034    1.4496209847726171
-0.05424528301886794    1.437132377459238
-0.053301886792452846    1.4515060575746621
-0.05235849056603775    1.4599888851840366
-0.05141509433962266    1.4724774924974129
-0.050471698113207564    1.41804601533853
-0.04952830188679247    1.4489140824718503
-0.048584905660377375    1.4265288429477334
-0.04764150943396228    1.4757763699009916
-0.04669811320754719    1.4550405690786676
-0.04575471698113209    1.4663510058907665
-0.044811320754717    1.4590463487830139
-0.043867924528301905    1.4606957874846314
-0.04292452830188681    1.4835522952096019
-0.04198113207547172    1.470592419695368
-0.04103773584905662    1.441845059464351
-0.04009433962264153    1.4590463487828422
-0.039150943396226434    1.4750694676003984
-0.03820754716981134    1.4602245192841203
-0.037264150943396246    1.4793108814050002
-0.03632075471698115    1.4670579081915336
-0.03537735849056606    1.4668222740914503
-0.034433962264150964    1.493920195620675
-0.033490566037735814    1.4948627320216974
-0.03254716981132072    1.4847304657108802
-0.031603773584905626    1.4265288429475655
-0.03066037735849053    1.4866155385129254
-0.029716981132075437    1.4835522952094273
-0.028773584905660343    1.4477359119707425
-0.02783018867924525    1.476718906302014
-0.026886792452830155    1.4797821496055115
-0.02594339622641506    1.4757763699009916
-0.024999999999999967    1.499104145826475
-0.024056603773584873    1.4849660998109613
-0.02311320754716978    1.4955696343226403
-0.022169811320754684    1.4819028565076378
-0.02122641509433959    1.4618739579860818
-0.020283018867924496    1.5193686784482827
-0.019339622641509402    1.4727131265978417
-0.018396226415094308    1.4927420251193968
-0.017452830188679214    1.5021673891297986
-0.01650943396226412    1.4769545404022697
-0.015566037735849025    1.5042880960320995
-0.014622641509433931    1.4314771590529338
-0.013679245283018837    1.470356785595285
-0.012735849056603743    1.5038168278314112
-0.011792452830188649    1.4559831054796901
-0.010849056603773555    1.4995754140268098
-0.00990566037735846    1.4786039791042331
-0.008962264150943366    1.5005179504278325
-0.008018867924528272    1.488971879515482
-0.007075471698113178    1.4840235634099386
-0.006132075471698084    1.484023563410113
-0.00518867924528299    1.5066444370344787
-0.004245283018867896    1.5071157052351674
-0.0033018867924528017    1.5141847282426588
-0.0023584905660377076    1.4734200288986088
-0.0014150943396226134    1.48826497721454
-0.0004716981132075193    1.469178615094007
0.0004716981132075748    1.483787929309683
0.0014150943396227245    1.5155985328441925
0.002358490566037763    1.4880293431146343
0.0033018867924528017    1.5038168278314112
0.004245283018867951    1.510178948538313
0.005188679245283101    1.4972190730242536
0.00613207547169814    1.4866155385131004
0.007075471698113178    1.4962765366232311
0.008018867924528328    1.4741269311992022
0.008962264150943478    1.466822274091278
0.009905660377358516    1.4915638546184695
0.010849056603773555    1.4958052684227199
0.011792452830188704    1.4877937090140287
0.012735849056603854    1.5155985328441925
0.013679245283018893    1.5134778259422481
0.014622641509433931    1.5016961209291106
0.015566037735849081    1.504523730132178
0.01650943396226423    1.4965121707234867
0.01745283018867927    1.4901500500169356
0.018396226415094308    1.4870868067132617
0.019339622641509457    1.510178948538313
0.020283018867924607    1.4885006113147956
0.021226415094339646    1.492742025119748
0.022169811320754684    1.4819028565076378
0.023113207547169834    1.4651728353894884
0.024056603773584984    1.474833833499969
0.025000000000000022    1.4976903412251175
0.02594339622641506    1.4515060575746621
0.02688679245283021    1.4816672224073821
0.02783018867924536    1.4880293431142844
0.0287735849056604    1.4922707569192368
0.029716981132075437    1.4729487606979241
0.030660377358490587    1.488736245415051
0.03160377358490574    1.4826097588084048
0.032547169811320775    1.4760120040015947
0.033490566037735814    1.4618739579859097
0.034433962264150964    1.4611670556851426
0.03537735849056611    1.4769545404022697
0.03632075471698115    1.4493853506727026
0.03726415094339619    1.4482071801710832
0.03820754716981134    1.4649372012892328
0.03915094339622649    1.4760120040012472
0.04009433962264153    1.4588107146829297
0.04103773584905657    1.485673002111728
0.04198113207547172    1.4647015671889771
0.042924528301886866    1.4253506724462874
0.043867924528301905    1.4717705901969922
0.04481132075471694    1.455276203178752
0.04575471698113209    1.4585750805823308
0.04669811320754724    1.4352473046570238
0.04764150943396228    1.4486784483719355
0.04858490566037732    1.4465577414692938
0.04952830188679247    1.4427875958652037
0.05047169811320762    1.4533911303767069
0.05141509433962266    1.4324196954542934
0.052358490566037696    1.4512704234744065
0.053301886792452846    1.4069712126263487
0.054245283018867996    1.4310058908524226
0.055188679245283034    1.460931421585231
0.05613207547169807    1.4291208180503774
0.05707547169811322    1.4651728353894884
0.05801886792452837    1.4053217739245591
0.05896226415094341    1.4477359119709128
0.05990566037735845    1.4333622318549788
0.0608490566037736    1.4234655996442425
0.06179245283018875    1.398488385017146
0.06273584905660379    1.4123907969325604
0.06367924528301883    1.406028676225326
0.06462264150943398    1.4069712126263487
0.06556603773584913    1.4064999444258373
0.06650943396226416    1.41568967433614
0.0674528301886792    1.4156896743358067
0.06839622641509435    1.4189885517393854
0.0693396226415095    1.4036723352227698
0.07028301886792454    1.4142758697346058
0.07122641509433958    1.3956607758140784
0.07216981132075473    1.3885917528064098
0.07311320754716988    1.4032010670222586
0.07405660377358492    1.3904768256087818
0.07499999999999996    1.3673846837834032
0.0759433962264151    1.3982527509168903
0.07688679245283025    1.398488385017146
0.0778301886792453    1.3923618984108275
0.07877358490566033    1.4126264310324836
0.07971698113207548    1.4133333333332505
0.08066037735849063    1.3610225630765014
0.08160377358490567    1.3798732910972762
0.08254716981132071    1.3633789040790576
0.08349056603773586    1.3918906302099885
0.08443396226415101    1.3680915860841703
0.08537735849056605    1.3572524174727307
0.08632075471698109    1.3565455151716443
0.08726415094339623    1.3775169500943951
0.08820754716981138    1.3419362009557956
0.08915094339622642    1.3768100477939522
0.09009433962264146    1.362436367678035
0.09103773584905661    1.3197865955317665
0.09198113207547176    1.376338779593117
0.0929245283018868    1.3445281760589238
0.09386792452830184    1.3105968656217972
0.09481132075471699    1.3610225630765014
0.09575471698113214    1.3329821051460817
0.09669811320754718    1.3409936645550886
0.09764150943396221    1.3230854729353452
0.09858490566037736    1.3179015227297215
0.09952830188679251    1.375160609091839
0.10047169811320755    1.338637323552532
0.10141509433962259    1.3379304212514498
0.10235849056603774    1.3322752028453149
0.10330188679245289    1.3273268867399466
0.10424528301886793    1.3011715016118783
0.10518867924528297    1.325913082138413
0.10613207547169812    1.295516283205437
0.10707547169811327    1.3230854729353452
0.1080188679245283    1.2976369901080431
0.10896226415094334    1.285384016894445
0.1099056603773585    1.2919817717016027
0.11084905660377364    1.2785506279870318
0.11179245283018868    1.2507458041571624
0.11273584905660372    1.2679470934755286
0.11367924528301887    1.2834989440924
0.11462264150943402    1.2604068022673485
0.11556603773584906    1.2790218961878441
0.1165094339622641    1.253809047460191
0.11745283018867925    1.2787862620872874
0.1183962264150944    1.2733666777814079
0.11933962264150944    1.2566366566635543
0.12028301886792447    1.27218850728013
0.12122641509433962    1.2351939535399965
0.12216981132075477    1.2547515838612135
0.12311320754716981    1.2552228520620203
0.12405660377358485    1.2526308769589127
0.125    1.2552228520617248
0.12594339622641515    1.231659442036162
0.1268867924528302    1.2495676336558839
0.12783018867924523    1.240613537845876
0.12877358490566038    1.2399066355451092
0.12971698113207553    1.230952539735395
0.13066037735849056    1.2135156163167644
0.1316037735849056    1.208331666110855
0.13254716981132075    1.2135156163164786
0.1334905660377359    1.2399066355451092
0.13443396226415094    1.2224697121264805
0.13537735849056598    1.1974924974990961
0.13632075471698113    1.200791374902675
0.13726415094339628    1.2179926642213357
0.13820754716981132    1.2022051795044917
0.13915094339622636    1.1923085472934722
0.1400943396226415    1.2040902523062538
0.14103773584905666    1.189952206290916
0.1419811320754717    1.1970212292988667
0.14292452830188673    1.1871245970878486
0.14386792452830188    1.181233744581458
0.14481132075471703    1.1769923307768566
0.14575471698113207    1.1798199399802018
0.1466981132075471    1.1864176947870817
0.14764150943396226    1.1840613537845255
0.1485849056603774    1.1659175280648422
0.14952830188679245    1.1635611870625597
0.15047169811320749    1.1555496276535946
0.15141509433962264    1.1263309992218968
0.15235849056603779    1.1454173613426026
0.15330188679245282    1.147773702345429
0.15424528301886786    1.1579059686561508
0.155188679245283    1.1428253862397906
0.15613207547169816    1.1590841391574291
0.1570754716981132    1.1652106257643495
0.15801886792452824    1.1517794820495046
0.1589622641509434    1.1296298766254755
0.15990566037735854    1.1407046793374902
0.16084905660377358    1.1548427253530995
0.16179245283018862    1.1326931199287986
0.16273584905660377    1.1291586084249643
0.16367924528301891    1.1194976103144836
0.16462264150943395    1.1423541180395482
0.165566037735849    1.132457485828543
0.16650943396226414    1.1369345337334
0.1674528301886793    1.1242102923195962
0.16839622641509433    1.0973480048907132
0.16933962264150937    1.109836612204003
0.17028301886792452    1.101589418695056
0.17122641509433967    1.1084228076024691
0.1721698113207547    1.093577859286622
0.17311320754716975    1.0919284205845754
0.1740566037735849    1.0914571523840642
0.17500000000000004    1.0989974435922443
0.17594339622641508    1.1037101255976163
0.17688679245283012    1.1011181504945446
0.17783018867924527    1.104181393797868
0.17877358490566042    1.0627097921528776
0.17971698113207546    1.06695120595773
0.1806603773584905    1.0718995220628469
0.18160377358490565    1.0801467155717939
0.1825471698113208    1.0726064243636138
0.18349056603773584    1.053520062243156
0.18443396226415087    1.0834455929753728
0.18537735849056602    1.0356118706234805
0.18632075471698117    1.040324552628593
0.1872641509433962    1.0544625986441787
0.18820754716981125    1.0676581082582457
0.1891509433962264    1.0356118706234805
0.19009433962264155    1.0323129932199018
0.1910377358490566    1.0598821829500595
0.19198113207547163    1.0497499166388182
0.19292452830188678    1.0052150716905046
0.19386792452830193    1.0669512059574788
0.19481132075471697    0.9981460486830707
0.195754716981132    1.0370256752250142
0.19669811320754715    1.0257152384127441
0.1976415094339623    1.0297210181170897
0.19858490566037734    1.01346226519969
0.19952830188679238    0.9927264643769563
0.20047169811320753    1.0155829721017522
0.20141509433962268    1.0026230965876928
0.20235849056603772    1.01346226519969
0.20330188679245276    1.0103990218961285
0.2042452830188679    0.9795309547626413
0.20518867924528306    1.0294853840168343
0.2061320754716981    0.9851861731690081
0.20707547169811313    0.9988529509836026
0.20801886792452828    1.0047438034899934
0.20896226415094343    0.9934333666777233
0.20990566037735858    0.9976747804823246
0.21084905660377362    0.984479270868241
0.21179245283018866    0.9917839279759338
0.2127358490566038    1.0047438034899934
0.21367924528301896    0.9969678781815577
0.214622641509434    0.9649216405470196
0.21556603773584904    0.9717550294542056
0.2165094339622642    0.963272201845003
0.21745283018867934    0.9830654662664757
0.21839622641509437    0.9446571079250307
0.2193396226415094    0.9406513282204629
0.22028301886792456    0.9595020562409129
0.2212264150943397    0.9427720351227634
0.22216981132075475    0.9649216405470196
0.2231132075471698    0.9423007669222522
0.22405660377358494    0.9578526175391237
0.2250000000000001    0.9239213071023133
0.22594339622641513    0.9524330332334683
0.22688679245283017    0.9479559853283873
0.22783018867924532    0.9265132822051252
0.22877358490566047    0.9227431366010351
0.2297169811320755    0.9081338223854001
0.23066037735849054    0.9380593531176509
0.2316037735849057    0.9130821384905544
0.23254716981132084    0.9498410581304323
0.23349056603773588    0.9213293319997182
0.23443396226415092    0.9236856730020577
0.23537735849056607    0.8951739468711268
0.23632075471698122    0.8904612648660143
0.23726415094339626    0.9192086250974172
0.2382075471698113    0.9156741135933663
0.23915094339622645    0.9309903301099821
0.2400943396226416    0.9041280426808407
0.24103773584905663    0.9005935311772182
0.24198113207547167    0.8770301211514435
0.24292452830188682    0.9034211403800737
0.24386792452830197    0.8605357341335497
0.244811320754717    0.898472824274917
0.24575471698113205    0.8709036345447972
0.2466981132075472    0.8904612648660143
0.24764150943396235    0.8784439257529774
0.2485849056603774    0.8956452150718488
0.24952830188679243    0.8829209736578342
0.2504716981132076    0.915909747693622
0.2514150943396227    0.8746737801488873
0.25235849056603776    0.8727887073470476
0.2533018867924528    0.8617139046348278
0.25424528301886795    0.8732599755473535
0.2551886792452831    0.8475758586194901
0.25613207547169814    0.8541736134268487
0.2570754716981132    0.892581971768315
0.25801886792452833    0.8480471268200015
0.2589622641509435    0.8468689563187233
0.2599056603773585    0.8541736134268487
0.26084905660377355    0.8447482494164227
0.2617924528301887    0.8223630098921381
0.26273584905660385    0.8499321996220465
0.2636792452830189    0.8518172724242918
0.26462264150943393    0.846397688118212
0.2655660377358491    0.8652484161386622
0.26650943396226423    0.8284894964987845
0.26745283018867927    0.8362654218074169
0.2683962264150943    0.8322596421028744
0.26933962264150946    0.8386217628097763
0.2702830188679246    0.8294320328998068
0.27122641509433965    0.809403134378269
0.2721698113207547    0.8230699121929049
0.27311320754716983    0.8277825941980175
0.274056603773585    0.8037479159719436
0.275    0.8023341113705986
0.27594339622641506    0.8089318661775674
0.2768867924528302    0.8303745693008294
0.27783018867924536    0.7900811381571172
0.2787735849056604    0.8145870845838942
0.27971698113207544    0.8006846726686204
0.2806603773584906    0.8129376458819131
0.28160377358490574    0.8018628431698985
0.2825471698113208    0.8063398910749453
0.2834905660377358    0.7566210959208182
0.28443396226415096    0.8011559408691317
0.2853773584905661    0.8171790596865143
0.28632075471698115    0.782776481049377
0.2872641509433962    0.7698166055351333
0.28820754716981134    0.795265088362741
0.2891509433962265    0.7839546515504708
0.29009433962264153    0.7785350672447747
0.29103773584905657    0.7827764810491927
0.2919811320754717    0.7820695787484259
0.29292452830188687    0.7764143603422908
0.2938679245283019    0.7790063354452861
0.29481132075471694    0.7660464599310433
0.2957547169811321    0.7613337779259307
0.29669811320754724    0.7742936534399902
0.2976415094339623    0.7877247971547463
0.2985849056603773    0.7688740691341108
0.29952830188679247    0.7552072913192843
0.3004716981132076    0.75921307102363
0.30141509433962266    0.7714660442371042
0.3023584905660377    0.757327998221585
0.30330188679245285    0.7575636323218407
0.304245283018868    0.7429543181059918
0.30518867924528303    0.7547360231189508
0.3061320754716981    0.7545003890185176
0.3070754716981132    0.7467244637100818
0.3080188679245284    0.716327664777106
0.3089622641509434    0.7248104923864792
0.30990566037735845    0.7417761476047137
0.3108490566037736    0.7304657107924435
0.31179245283018875    0.735885295098323
0.3127358490566038    0.7302300766923598
0.3136792452830188    0.7262242969878423
0.314622641509434    0.7226897854840079
0.3155660377358491    0.7179771034788953
0.31650943396226416    0.7146782260754847
0.3174528301886792    0.727638101589376
0.31839622641509435    0.7045459597643245
0.3193396226415095    0.7132644214737828
0.32028301886792454    0.724103590085712
0.3212264150943396    0.6977125708569114
0.32216981132075473    0.7144425919750609
0.3231132075471699    0.6875803045459195
0.3240566037735849    0.6970056685563086
0.32499999999999996    0.6894653773479645
0.3259433962264151    0.7083161053684146
0.32688679245283025    0.6918217183505208
0.3278301886792453    0.7043103256642348
0.32877358490566033    0.696063132155122
0.3297169811320755    0.6548271646103873
0.33066037735849063    0.6868734022451526
0.33160377358490567    0.6840457930422461
0.3325471698113207    0.6732066244303262
0.33349056603773586    0.6677870401244468
0.334433962264151    0.6885228409469419
0.33537735849056605    0.6812181838391779
0.3363207547169811    0.6555340669111542
0.33726415094339623    0.6694364788262362
0.3382075471698114    0.6864021340446413
0.3391509433962264    0.6538846282095186
0.34009433962264146    0.6739135267310931
0.3410377358490566    0.6571835056129436
0.34198113207547176    0.6609536512170336
0.3429245283018868    0.6623674558187232
0.34386792452830184    0.6536489941091091
0.344811320754717    0.6576547738134548
0.34575471698113214    0.6713215516282812
0.3466981132075472    0.6635456263200017
0.3476415094339622    0.656947871512688
0.34858490566037736    0.6597754807157554
0.3495283018867925    0.6437523618983728
0.35047169811320755    0.6216027564744901
0.3514150943396226    0.6567122374124323
0.35235849056603774    0.6216027564743439
0.3533018867924529    0.6218383905745996
0.35424528301886793    0.6458730688008255
0.35518867924528297    0.6395109480937716
0.3561320754716981    0.6249016338779226
0.35707547169811327    0.6307924863843134
0.3580188679245283    0.6036945648550583
0.35896226415094334    0.6274936089807346
0.3599056603773585    0.632913193286614
0.36084905660377364    0.6274936089807346
0.3617924528301887    0.6112348560632402
0.3627358490566037    0.6305568522840578
0.36367924528301887    0.6265510725797121
0.364622641509434    0.6119417583638631
0.36556603773584906    0.6185395131711663
0.3665094339622641    0.6350339001889146
0.36745283018867925    0.60887851506054
0.3683962264150944    0.6154762698676975
0.36933962264150944    0.598039346448922
0.3702830188679245    0.5973324441480143
0.3712264150943396    0.6065221740579838
0.3721698113207548    0.6135911970656527
0.3731132075471698    0.5860220073358822
0.37405660377358485    0.5839013004334436
0.375    0.6107635878625851
0.37594339622641515    0.6034589307546606
0.3768867924528302    0.5841369345338366
0.3778301886792452    0.594976103145458
0.3787735849056604    0.5867289096365111
0.3797169811320755    0.59756807824827
0.38066037735849056    0.5601022563077571
0.3816037735849056    0.5824874958319098
0.38254716981132075    0.5770679115260304
0.3834905660377359    0.5709414249193842
0.38443396226415094    0.576596643325655
0.385377358490566    0.5881427142380449
0.38632075471698113    0.5551539402022572
0.3872641509433963    0.5584528176058359
0.3882075471698113    0.5688207180172173
0.38915094339622636    0.5622229632099259
0.3900943396226415    0.5624585973101814
0.39103773584905666    0.5688207180170834
0.3919811320754717    0.5506768922975298
0.39292452830188673    0.5447860397910095
0.3938679245283019    0.5461998443925433
0.39481132075471703    0.5535045015004678
0.39575471698113207    0.5360675780816775
0.3966981132075471    0.5532688674002121
0.39764150943396226    0.5487918194953552
0.3985849056603774    0.5325330665777169
0.39952830188679245    0.5308836278760525
0.4004716981132075    0.5228720684672362
0.40141509433962264    0.5457285761920321
0.4023584905660378    0.5308836278759275
0.4033018867924528    0.552090696899064
0.40424528301886786    0.5403089918861526
0.405188679245283    0.5367744803823182
0.40613207547169816    0.538188284983852
0.4070754716981132    0.5391308213850015
0.40801886792452824    0.5146248749582893
0.4089622641509434    0.5398377236856413
0.40990566037735854    0.5096765588529211
0.4108490566037736    0.5153317772591774
0.4117924528301886    0.5181593864621237
0.41273584905660377    0.5325330665777169
0.4136792452830189    0.5160386795598231
0.41462264150943395    0.5261709458709388
0.415566037735849    0.49035456263195965
0.41650943396226414    0.5165099477603343
0.4174528301886793    0.5051995109480643
0.41839622641509433    0.508969656552274
0.41933962264150937    0.5132110703567555
0.4202830188679245    0.5007224630432072
0.42122641509433967    0.4934178059352829
0.4221698113207547    0.5075558519507399
0.42311320754716975    0.49106146493272657
0.4240566037735849    0.5044926086472973
0.42500000000000004    0.47739468711790023
0.4259433962264151    0.5000155607425582
0.4268867924528301    0.4832855396242908
0.42783018867924527    0.4821073691230128
0.4287735849056604    0.4870556852283809
0.42971698113207546    0.5051995109481832
0.4306603773584905    0.4816361009225015
0.43160377358490565    0.5056707791485755
0.4325471698113208    0.47386017561406585
0.43349056603773584    0.4715038346116205
0.4344339622641509    0.4839924419250578
0.435377358490566    0.476923418917389
0.4363207547169812    0.494595976436561
0.4372641509433962    0.4757452484162228
0.43820754716981125    0.4764521507168777
0.4391509433962264    0.4795153940202008
0.44009433962264155    0.4764521507168777
0.4410377358490566    0.4686762254085523
0.4419811320754716    0.45736578859617194
0.4429245283018868    0.47409580971432147
0.4438679245283019    0.47268200511278763
0.44481132075471697    0.4755096143159671
0.445754716981132    0.4498254973879919
0.44669811320754715    0.46561298210511887
0.4476415094339623    0.47338890741355455
0.44858490566037745    0.45595198399463815
0.4495283018867925    0.46773368900752965
0.45047169811320753    0.45500944759361567
0.4514150943396227    0.46443481160384076
0.45235849056603783    0.45100366788927
0.45330188679245287    0.42791152606431926
0.4542452830188679    0.44252084028006744
0.45518867924528306    0.44511281538287933
0.4561320754716982    0.43285984216958673
0.45707547169811324    0.4354518172725011
0.4580188679245283    0.4474691563854356
0.45896226415094343    0.44110703567853365
0.4599056603773586    0.44393464488160117
0.4608490566037736    0.41730799155281356
0.46179245283018866    0.41825052795373785
0.4627358490566038    0.4361587195731655
0.46367924528301896    0.43238857396907543
0.464622641509434    0.4493542291875864
0.46556603773584904    0.4151872846504147
0.4665094339622642    0.4149516505501591
0.46745283018867934    0.41848616205399347
0.4683962264150944    0.4045837501390067
0.4693396226415094    0.4255551850616623
0.47028301886792456    0.4177792597532266
0.4712264150943397    0.4031699455373777
0.47216981132075475    0.4019917750361942
0.4731132075471698    0.4071757252417234
0.47405660377358494    0.40128487273533275
0.4750000000000001    0.4163654551516928
0.4759433962264151    0.3847904857175294
0.47688679245283017    0.39515838612868637
0.4778301886792453    0.3989285317327764
0.47877358490566047    0.39822162943200956
0.4797169811320755    0.39327331332673393
0.48066037735849054    0.3975147271312427
0.4816037735849057    0.38455485161718317
0.48254716981132084    0.3791352673113038
0.4834905660377359    0.40670445704130787
0.4844339622641509    0.38149160831386003
0.48537735849056607    0.3718306102033793
0.4863207547169812    0.38337668111590506
0.48726415094339626    0.3902100700234101
0.4882075471698113    0.4026986773368665
0.48915094339622645    0.3706524397021012
0.4900943396226416    0.37371568300542435
0.49103773584905663    0.36782483049912024
0.49198113207547167    0.37889963321104814
0.4929245283018868    0.3760720240079806
0.49386792452830197    0.3817272424141157
0.494811320754717    0.38125597421369417
0.49575471698113205    0.37230187840389056
0.4966981132075472    0.3767789263087475
0.49764150943396235    0.3541580526842073
0.4985849056603774    0.3723018784039782
0.4995283018867924    0.36004890519059796
0.5004716981132076    0.3527442480826735
0.5014150943396227    0.3588707346893199
0.5023584905660378    0.36570412359681914
0.5033018867924528    0.34756029787704973
0.504245283018868    0.3529798821829292
0.5051886792452831    0.34826720017781665
0.5061320754716981    0.33624986106485877
0.5070754716981132    0.3400200066688697
0.5080188679245283    0.35085917528062854
0.5089622641509435    0.3407269089696366
0.5099056603773585    0.3536867844837793
0.5108490566037736    0.33342225186171215
0.5117924528301887    0.3506235411803729
0.5127358490566039    0.34685339557628286
0.5136792452830189    0.333893520062302
0.5146226415094339    0.34685339557628286
0.5155660377358491    0.3364854951650353
0.5165094339622642    0.3315371790596672
0.5174528301886793    0.3218761809492622
0.5183962264150943    0.3209336445481639
0.5193396226415095    0.3228187173502089
0.5202830188679246    0.33365788596196777
0.5212264150943396    0.32988774035795543
0.5221698113207547    0.3197554740468858
0.5231132075471698    0.31692786484381824
0.524056603773585    0.3315371790596672
0.525    0.3148071579415917
0.5259433962264151    0.3058530621318038
0.5268867924528302    0.3209336445481639
0.5278301886792454    0.3086806713348713
0.5287735849056604    0.32093364454823947
0.5297169811320754    0.3023185506279694
0.5306603773584906    0.3042036234300144
0.5316037735849057    0.2992553073246462
0.5325471698113208    0.31410025564082467
0.5334905660377358    0.2938357230187668
0.534433962264151    0.2997265755251575
0.5353773584905661    0.29595642992106747
0.5363207547169812    0.294542625319603
0.5372641509433962    0.2846459931087974
0.5382075471698113    0.29336445481825557
0.5391509433962265    0.28488162720905297
0.5400943396226415    0.29265755251755754
0.5410377358490566    0.2813471157052186
0.5419811320754717    0.29053684561518806
0.5429245283018869    0.2815827498054742
0.5438679245283019    0.2881805046126996
0.5448113207547169    0.26202511948425716
0.5457547169811321    0.27121484939422663
0.5466981132075472    0.2773413360008729
0.5476415094339623    0.2752206290986371
0.5485849056603773    0.2820540180059855
0.5495283018867925    0.27027231299320414
0.5504716981132076    0.27262865399576036
0.5514150943396227    0.2615538512838075
0.5523584905660377    0.2613182171834903
0.5533018867924528    0.26603089918860284
0.554245283018868    0.26343892408579095
0.555188679245283    0.2533066577748586
0.5561320754716981    0.2584906079804228
0.5570754716981132    0.2683872401911591
0.5580188679245284    0.24953651217070894
0.5589622641509434    0.2681516060909666
0.5599056603773584    0.2561342669778665
0.5608490566037736    0.25401356007556586
0.5617924528301887    0.23021451594974754
0.5627358490566038    0.25660553517843815
0.5636792452830188    0.2504790485717314
0.564622641509434    0.2358697343558826
0.5655660377358491    0.2323352228520482
0.5665094339622642    0.24317439146386424
0.5674528301886792    0.23021451594974754
0.5683962264150944    0.22055351783926683
0.5693396226415095    0.2297432477492363
0.5702830188679245    0.23704790485721652
0.5712264150943396    0.23563410025562695
0.5721698113207547    0.24576636656661893
0.5731132075471699    0.22715127264642437
0.5740566037735849    0.23492719795491535
0.575    0.2177259086361993
0.5759433962264151    0.22597310214514624
0.5768867924528303    0.20924308102699674
0.5778301886792453    0.24081805046130741
0.5787735849056603    0.2290363454484694
0.5797169811320755    0.22102478603977807
0.5806603773584906    0.21042125152827487
0.5816037735849057    0.21136378792934715
0.5825471698113207    0.22220295654105623
0.5834905660377359    0.20500166722239546
0.584433962264151    0.2028809603200948
0.585377358490566    0.204059130821421
0.5863207547169811    0.19651883961319289
0.5872641509433962    0.2047660331221398
0.5882075471698114    0.19887518061574916
0.5891509433962264    0.19934644881630734
0.5900943396226415    0.2012315216183054
0.5910377358490566    0.19463376681114786
0.5919811320754718    0.1967544737134485
0.5929245283018868    0.1812026230966198
0.5938679245283018    0.19816827831498227
0.594811320754717    0.1793175502945321
0.5957547169811321    0.18497276870066717
0.5966981132075472    0.19486940091144936
0.5976415094339622    0.181909525397344
0.5985849056603774    0.18638657330220093
0.5995283018867925    0.18497276870066717
0.6004716981132076    0.1755474046904834
0.6014150943396226    0.19369123041012534
0.6023584905660377    0.17531177059018646
0.6033018867924529    0.1793175502945321
0.6042452830188679    0.17931755029457433
0.605188679245283    0.1783750138935096
0.6061320754716981    0.1750761364899308
0.6070754716981133    0.17531177059018646
0.6080188679245283    0.17719684339227318
0.6089622641509433    0.16824274758251764
0.6099056603773585    0.16353006557740513
0.6108490566037736    0.17201289318660767
0.6117924528301887    0.159524285873097
0.6127358490566037    0.15269089696564628
0.6136792452830189    0.16989218628430702
0.614622641509434    0.1590530176725482
0.6155660377358491    0.16706457708127884
0.6165094339622641    0.16376569967766072
0.6174528301886792    0.1538690674669244
0.6183962264150944    0.152219628765135
0.6193396226415094    0.15057019006338104
0.6202830188679245    0.1475069467600225
0.6212264150943396    0.14821384906078935
0.6221698113207548    0.1449149716572106
0.6231132075471698    0.15198399466491516
0.6240566037735849    0.1512770923641125
0.625    0.1432655329554212
0.6259433962264151    0.14279426475490994
0.6268867924528302    0.1340758030454833
0.6278301886792452    0.134547071245963
0.6287735849056604    0.13713904634877488
0.6297169811320755    0.13501833944647423
0.6306603773584906    0.13360453484497192
0.6316037735849056    0.14020228965209802
0.6325471698113208    0.1432655329554212
0.6334905660377359    0.12276536623318164
0.6344339622641509    0.1312481938424151
0.635377358490566    0.13407580304545172
0.6363207547169811    0.13643214404800802
0.6372641509433963    0.1232366344336929
0.6382075471698113    0.12017339113039804
0.6391509433962264    0.120644659330881
0.6400943396226415    0.13336890074468485
0.6410377358490567    0.11711014782704661
0.6419811320754717    0.12323663443372192
0.6429245283018867    0.12559297543624917
0.6438679245283019    0.12347226853394852
0.644811320754717    0.11498944092474596
0.6457547169811321    0.1086273202178696
0.6466981132075471    0.11828831832832473
0.6476415094339623    0.12205846393241478
0.6485849056603774    0.11828831832832473
0.6495283018867924    0.11098366122042642
0.6504716981132075    0.10532844281426525
0.6514150943396226    0.10909858841835528
0.6523584905660378    0.11027675891963341
0.6533018867924528    0.11098366122042642
0.6542452830188679    0.10532844281426525
0.655188679245283    0.10532844281426525
0.6561320754716982    0.10815605201733278
0.6570754716981132    0.11027675891965937
0.6580188679245282    0.10250083361119773
0.6589622641509434    0.09825941980659644
0.6599056603773585    0.09731688340557393
0.6608490566037736    0.09873068800713093
0.6617924528301886    0.09331110370122828
0.6627358490566038    0.09543181060352893
0.6636792452830189    0.08718461709458197
0.664622641509434    0.08388573969102295
0.665566037735849    0.08317883739023631
0.6665094339622641    0.08553517839279258
0.6674528301886793    0.09448927420250641
0.6683962264150943    0.0900122262976707
0.6693396226415094    0.08671334889407072
0.6702830188679245    0.09024786039790512
0.6712264150943397    0.08105813048793567
0.6721698113207547    0.08459264199179
0.6731132075471697    0.0777592530843569
0.6740566037735849    0.08412137379125882
0.675    0.07281093697898873
0.6759433962264151    0.07540291208181837
0.6768867924528301    0.08553517839279258
0.6778301886792453    0.08412137379125882
0.6787735849056604    0.07469600978103375
0.6797169811320755    0.07540291208181837
0.6806603773584905    0.07186840057796622
0.6816037735849056    0.08105813048793567
0.6825471698113208    0.07846615538512378
0.6834905660377358    0.07069023007670473
0.6844339622641509    0.07375347338001124
0.685377358490566    0.0683338890741318
0.6863207547169812    0.07446037568077812
0.6872641509433962    0.069747693675682
0.6882075471698113    0.06597754807157555
0.6891509433962264    0.06974769367566558
0.6900943396226416    0.0664488162720868
0.6910377358490567    0.06739135267310932
0.6919811320754717    0.06197176836724448
0.6929245283018868    0.06220740246748552
0.6938679245283019    0.05890852506390674
0.6948113207547171    0.0706902300766881
0.6957547169811321    0.05961542736468765
0.6966981132075472    0.05890852506390674
0.6976415094339623    0.05985106146492925
0.6985849056603775    0.05702345226186172
0.6995283018867925    0.05985106146494334
0.7004716981132075    0.055374013560072335
0.7014150943396227    0.05372457485828294
0.7023584905660378    0.05631654996109484
0.7033018867924529    0.04995442925420467
0.7042452830188679    0.04901189285317041
0.7051886792452831    0.052075136156493555
0.7061320754716982    0.0506613315549598
0.7070754716981132    0.04806935645215921
0.7080188679245283    0.05325330665777169
0.7089622641509434    0.047833722351892274
0.7099056603773586    0.04712682005112539
0.7108490566037736    0.04736245415139217
0.7117924528301887    0.0516038679559823
0.7127358490566038    0.04618428365010289
0.713679245283019    0.045006113148824745
0.714622641509434    0.04406357674781261
0.715566037735849    0.03911526064243408
0.7165094339622642    0.0428854062465241
0.7174528301886793    0.045477381349336
0.7183962264150944    0.03699455374014214
0.7193396226415094    0.03699455374013343
0.7202830188679246    0.039822162943200956
0.7212264150943397    0.040529065243967835
0.7221698113207548    0.043356674447045565
0.7231132075471698    0.040529065243967835
0.7240566037735849    0.03958652884294533
0.7250000000000001    0.03793709014115594
0.7259433962264151    0.03605201733911941
0.7268867924528302    0.03440257863732153
0.7278301886792453    0.036052017339110926
0.7287735849056605    0.027569189729908353
0.7297169811320755    0.034873846837841
0.7306603773584905    0.03086806713348713
0.7316037735849057    0.032046237634765266
0.7325471698113208    0.0358163832388553
0.7334905660377359    0.03133933533400576
0.7344339622641509    0.03110370123374276
0.7353773584905661    0.03039679893297588
0.7363207547169812    0.025448482827607713
0.7372641509433963    0.026862287429147796
0.7382075471698113    0.028276092030675236
0.7391509433962264    0.027569189729908353
0.7400943396226416    0.023563410025562694
0.7410377358490566    0.019557630321221642
0.7419811320754717    0.025448482827607713
0.7429245283018868    0.025448482827607713
0.743867924528302    0.024505946426585205
0.744811320754717    0.024270312326335287
0.745754716981132    0.025212848727352084
0.7466981132075472    0.022149605424028936
0.7476415094339623    0.022620873624540187
0.7485849056603774    0.018850728020454594
0.7495283018867924    0.023563410025562694
0.7504716981132076    0.02073580082249517
0.7514150943396227    0.016023118817382633
0.7523584905660378    0.024034678226079607
0.7533018867924528    0.022620873624540187
0.754245283018868    0.022856507724795815
0.7551886792452831    0.01955763032121704
0.7561320754716981    0.019793264421477323
0.7570754716981132    0.01932199622096141
0.7580188679245283    0.01555185061687138
0.7589622641509435    0.01861509392019453
0.7599056603773585    0.013902411915085263
0.7608490566037736    0.017436923418916395
0.7617924528301887    0.017201289318660766
0.7627358490566039    0.016023118817382633
0.7636792452830189    0.014609314215852308
0.7646226415094339    0.013666777814826364
0.7655660377358491    0.013666777814826364
0.7665094339622642    0.016023118817382633
0.7674528301886793    0.013902411915085263
0.7683962264150943    0.012959875514059482
0.7693396226415095    0.013902411915081991
0.7702830188679246    0.012017339113036974
0.7712264150943396    0.011781705012784121
0.7721698113207547    0.012488607313548228
0.7731132075471698    0.014373680115593245
0.774056603773585    0.010367900411247586
0.775    0.013666777814829579
0.7759433962264151    0.01083916861175884
0.7768867924528302    0.012252973213292603
0.7778301886792454    0.013902411915081991
0.7787735849056604    0.00966099811048298
0.7797169811320754    0.011310436812270093
0.7806603773584906    0.009425364010225078
0.7816037735849057    0.012017339113036974
0.7825471698113208    0.0070690230076704726
0.7834905660377358    0.01083916861175884
0.784433962264151    0.008247193508946944
0.7853773584905661    0.009660998110480705
0.7863207547169812    0.008011559408693202
0.7872641509433962    0.008718461709458197
0.7882075471698113    0.008954095809713824
0.7891509433962265    0.00777592530843569
0.7900943396226415    0.008011559408693202
0.7910377358490566    0.006126486606646301
0.7919811320754717    0.007304657107924435
0.7929245283018869    0.006126486606646301
0.7938679245283019    0.006833388907414789
0.7948113207547169    0.005655218406135047
0.7957547169811321    0.006833388907413182
0.7966981132075472    0.008247193508946944
0.7976415094339623    0.006833388907414789
0.7985849056603773    0.007069023007668809
0.7995283018867925    0.004712682005112539
0.8004716981132076    0.006833388907413182
0.8014150943396227    0.0058908525063920605
0.8023584905660377    0.0032988774035787776
0.8033018867924528    0.004948316105368166
0.804245283018868    0.004948316105368166
0.805188679245283    0.004005779704346601
0.8061320754716981    0.0032988774035787776
0.8070754716981132    0.005655218406135047
0.8080188679245284    0.0037701456040900314
0.8089622641509434    0.004948316105369331
0.8099056603773584    0.004241413804601285
0.8108490566037736    0.0035345115038344045
0.8117924528301887    0.0028276092030675233
0.8127358490566038    0.005183950205625013
0.8136792452830188    0.0035345115038344045
0.814622641509434    0.0025919751028118964
0.8155660377358491    0.0028276092030675233
0.8165094339622642    0.002827609203068189
0.8174528301886792    0.0028276092030675233
0.8183962264150944    0.004712682005112539
0.8193396226415095    0.0021207069023006426
0.8202830188679245    0.0025919751028125066
0.8212264150943396    0.0035345115038344045
0.8221698113207547    0.0030632433033231507
0.8231132075471699    0.0030632433033231507
0.8240566037735849    0.003298877403579554
0.825    0.0018850728020450157
0.8259433962264151    0.0025919751028118964
0.8268867924528303    0.0025919751028118964
0.8278301886792453    0.0030632433033238714
0.8287735849056603    0.0014138046015337617
0.8297169811320755    0.0025919751028118964
0.8306603773584906    0.0023563410025562695
0.8316037735849057    0.0009425364010227297
0.8325471698113207    0.0032988774035787776
0.8334905660377359    0.0030632433033231507
0.834433962264151    0.0011781705012781348
0.835377358490566    0.0018850728020454594
0.8363207547169811    0.0018850728020450157
0.8372641509433962    0.0007069023007668808
0.8382075471698114    0.0007069023007668808
0.8391509433962264    0.001178170501278412
0.8400943396226415    0.0016494387017893888
0.8410377358490566    0.0011781705012781348
0.8419811320754718    0.0018850728020450157
0.8429245283018868    0.0009425364010227297
0.8438679245283018    0.0007069023007668808
0.844811320754717    0.0014138046015337617
0.8457547169811321    0.0011781705012781348
0.8466981132075472    0.0009425364010227297
0.8476415094339622    0.0004712682005112539
0.8485849056603774    0.0014138046015337617
0.8495283018867925    0.0009425364010225078
0.8504716981132076    0.001178170501278412
0.8514150943396226    0.0009425364010225078
0.8523584905660377    0.0011781705012781348
0.8533018867924529    0.0007069023007668808
0.8542452830188679    0.0009425364010227297
0.855188679245283    0.0014138046015337617
0.8561320754716981    0.0009425364010225078
0.8570754716981133    0.0007069023007668808
0.8580188679245283    0.00023563410025568242
0.8589622641509433    0.00023563410025562696
0.8599056603773585    0.0011781705012781348
0.8608490566037736    0.0009425364010225078
0.8617924528301887    0.0009425364010227297
0.8627358490566037    0.00023563410025562696
0.8636792452830189    0.0004712682005112539
0.864622641509434    0.0
0.8655660377358491    0.00023563410025568242
0.8665094339622641    0.00023563410025562696
0.8674528301886792    0.0
0.8683962264150944    0.0004712682005112539
0.8693396226415094    0.00023563410025568242
0.8702830188679245    0.0004712682005112539
0.8712264150943396    0.0009425364010225078
0.8721698113207548    0.00023563410025562696
0.8731132075471698    0.0
0.8740566037735849    0.0009425364010225078
0.875    0.0007069023007668808
0.8759433962264151    0.0004712682005112539
0.8768867924528302    0.0007069023007670473
0.8778301886792452    0.0
0.8787735849056604    0.0004712682005112539
0.8797169811320755    0.00023563410025562696
0.8806603773584906    0.0
0.8816037735849056    0.0007069023007668808
0.8825471698113208    0.00023563410025562696
0.8834905660377359    0.0004712682005112539
0.8844339622641509    0.0
0.885377358490566    0.0
0.8863207547169811    0.00023563410025562696
0.8872641509433963    0.0004712682005112539
0.8882075471698113    0.0
0.8891509433962264    0.0007069023007668808
0.8900943396226415    0.0007069023007668808
0.8910377358490567    0.0
0.8919811320754717    0.0
0.8929245283018867    0.0
0.8938679245283019    0.00023563410025562696
0.894811320754717    0.0
0.8957547169811321    0.00047126820051136484
0.8966981132075471    0.0004712682005112539
0.8976415094339623    0.0004712682005112539
0.8985849056603774    0.0
0.8995283018867924    0.0
0.9004716981132075    0.0
0.9014150943396226    0.0
0.9023584905660378    0.0
0.9033018867924528    0.0
0.9042452830188679    0.00023563410025562696
0.905188679245283    0.0
0.9061320754716982    0.0
0.9070754716981132    0.0
0.9080188679245282    0.0
0.9089622641509434    0.0
0.9099056603773585    0.0
0.9108490566037736    0.0
0.9117924528301886    0.0
0.9127358490566038    0.0
0.9136792452830189    0.0
0.914622641509434    0.0
0.915566037735849    0.0
0.9165094339622641    0.0
0.9174528301886793    0.0
0.9183962264150943    0.0
0.9193396226415094    0.0
0.9202830188679245    0.0
0.9212264150943397    0.0
0.9221698113207547    0.0
0.9231132075471697    0.0
0.9240566037735849    0.0004712682005112539
0.925    0.0
0.9259433962264151    0.0
0.9268867924528301    0.0
0.9278301886792453    0.0
0.9287735849056604    0.0
0.9297169811320755    0.0
0.9306603773584905    0.0
0.9316037735849056    0.0
0.9325471698113208    0.0
0.933490566037736    0.0
0.934433962264151    0.0
0.935377358490566    0.0
0.9363207547169812    0.0
0.9372641509433963    0.0
0.9382075471698114    0.0
0.9391509433962264    0.0
0.9400943396226416    0.0
0.9410377358490567    0.0
0.9419811320754717    0.0
0.9429245283018868    0.0
0.9438679245283019    0.0
0.9448113207547171    0.0
0.9457547169811321    0.0
0.9466981132075472    0.0
0.9476415094339623    0.0
0.9485849056603775    0.0
0.9495283018867925    0.0
0.9504716981132075    0.0
0.9514150943396227    0.0
0.9523584905660378    0.0
0.9533018867924529    0.0
0.9542452830188679    0.0
0.9551886792452831    0.0
0.9561320754716982    0.0
0.9570754716981132    0.0
0.9580188679245283    0.0
0.9589622641509434    0.0
0.9599056603773586    0.0
0.9608490566037736    0.0
0.9617924528301887    0.0
0.9627358490566038    0.0
0.963679245283019    0.0
0.964622641509434    0.0
0.965566037735849    0.0
0.9665094339622642    0.0
0.9674528301886793    0.0
0.9683962264150944    0.0
0.9693396226415094    0.0
0.9702830188679246    0.0
0.9712264150943397    0.0
0.9721698113207548    0.0
0.9731132075471698    0.0
0.9740566037735849    0.0
0.9750000000000001    0.0
0.9759433962264151    0.0
0.9768867924528302    0.0
0.9778301886792453    0.0
0.9787735849056605    0.0
0.9797169811320755    0.0
0.9806603773584905    0.0
0.9816037735849057    0.0
0.9825471698113208    0.0
0.9834905660377359    0.0
0.9844339622641509    0.0
0.9853773584905661    0.0
0.9863207547169812    0.0
0.9872641509433963    0.0
0.9882075471698113    0.0
0.9891509433962264    0.0
0.9900943396226416    0.0
0.9910377358490566    0.0
0.9919811320754717    0.0
0.9929245283018868    0.0
0.993867924528302    0.0
0.994811320754717    0.0
0.995754716981132    0.0
0.9966981132075472    0.0
0.9976415094339623    0.0
0.9985849056603774    0.0
0.9995283018867924    0.0