-0.9995283018867924    0.0
-0.9985849056603773    0.0
-0.9976415094339622    0.0
-0.9966981132075472    0.0
-0.995754716981132    0.0
-0.9948113207547169    0.0
-0.9938679245283019    0.0
-0.9929245283018868    0.0
-0.9919811320754717    0.0
-0.9910377358490565    0.0
-0.9900943396226415    0.0
-0.9891509433962264    0.0
-0.9882075471698113    0.0
-0.9872641509433961    0.0
-0.9863207547169811    0.0
-0.9853773584905661    0.0
-0.9844339622641509    0.0
-0.9834905660377358    0.0
-0.9825471698113207    0.0
-0.9816037735849057    0.0
-0.9806603773584905    0.0
-0.9797169811320754    0.0
-0.9787735849056604    0.0
-0.9778301886792453    0.00023563410025565466
-0.9768867924528302    0.0009425364010225078
-0.975943396226415    0.0004712682005113093
-0.975    0.004241413804601285
-0.9740566037735849    0.0037701456040904746
-0.9731132075471698    0.008954095809713824
-0.9721698113207546    0.009896632210737496
-0.9712264150943396    0.015080582416360126
-0.9702830188679246    0.014844948316106246
-0.9693396226415094    0.02921862843169774
-0.9683962264150943    0.03699455374013779
-0.9674528301886792    0.05348894075802732
-0.9665094339622642    0.08082249638768955
-0.965566037735849    0.11098366122040029
-0.9646226415094339    0.1684783816827931
-0.9636792452830188    0.2262087362454019
-0.9627358490566038    0.29713460042238055
-0.9617924528301887    0.397279093030987
-0.9608490566037735    0.4901189285317618
-0.9599056603773585    0.5857863732354885
-0.9589622641509434    0.6823963543403759
-0.9580188679245283    0.8171790596865143
-0.9570754716981131    0.9272201845060012
-0.9561320754716981    1.075669667666937
-0.9551886792452831    1.2050327887074181
-0.9542452830188679    1.3376947871511942
-0.9533018867924528    1.437132377459238
-0.9523584905660377    1.6001911748359627
-0.9514150943396227    1.7418072690897994
-0.9504716981132075    1.8228653995775301
-0.9495283018867924    1.9555273980216783
-0.9485849056603773    2.0792353006556525
-0.9476415094339623    2.1593508947428197
-0.9466981132075472    2.276461042569612
-0.945754716981132    2.333720128932004
-0.944811320754717    2.4548360564631215
-0.9438679245283019    2.4751005890853968
-0.9429245283018868    2.556865621873808
-0.9419811320754716    2.572417472490982
-0.9410377358490566    2.6581882849837277
-0.9400943396226416    2.6949472046239227
-0.9391509433962264    2.6937690341223277
-0.9382075471698113    2.6669067466934995
-0.9372641509433962    2.7239301989550473
-0.9363207547169812    2.7222807602535783
-0.935377358490566    2.6899988885182373
-0.9344339622641509    2.6555963098812283
-0.9334905660377358    2.6645504056906297
-0.9325471698113208    2.590561298210668
-0.9316037735849056    2.564405913081988
-0.9306603773584905    2.5476758919641385
-0.9297169811320755    2.520813604534697
-0.9287735849056604    2.504790485717609
-0.9278301886792453    2.3829676558851554
-0.9268867924528301    2.328771812826635
-0.9259433962264151    2.311099255307189
-0.925    2.271041458264
-0.9240566037735849    2.20812715349548
-0.9231132075471697    2.1254195843060053
-0.9221698113207547    2.0822985439589754
-0.9212264150943397    2.0999711014783946
-0.9202830188679245    2.054964988329323
-0.9193396226415094    2.0219762142937725
-0.9183962264150943    1.9939357563631155
-0.9174528301886793    1.9074580415695246
-0.9165094339622641    1.9048660664664883
-0.915566037735849    1.8643370012227398
-0.914622641509434    1.8622162943202198
-0.9136792452830189    1.7912904301434869
-0.9127358490566038    1.7877559186394418
-0.9117924528301886    1.6892608647327885
-0.9108490566037736    1.6777147938200638
-0.9099056603773585    1.6470823607870262
-0.9089622641509434    1.6338868511725173
-0.9080188679245282    1.5561275980883436
-0.9070754716981132    1.605139490941331
-0.9061320754716982    1.5174836056464163
-0.905188679245283    1.4764832722017585
-0.9042452830188679    1.4475002778704869
-0.9033018867924528    1.4347760364565125
-0.9023584905660378    1.3841147049017157
-0.9014150943396226    1.3504190285649982
-0.9004716981132075    1.3570167833723152
-0.8995283018867924    1.3292119595419918
-0.8985849056603774    1.3098899633211845
-0.8976415094339623    1.2712459708791075
-0.8966981132075471    1.2495676336557366
-0.8957547169811321    1.2502745359563567
-0.894811320754717    1.224826053128893
-0.8938679245283019    1.226004223630027
-0.8929245283018867    1.1845326219851762
-0.8919811320754717    1.2116305435144339
-0.8910377358490567    1.185239524285943
-0.8900943396226415    1.1758141602755785
-0.8891509433962264    1.1666244303657465
-0.8882075471698113    1.1494231410469484
-0.8872641509433963    1.1454173613427374
-0.8863207547169811    1.1388196065354452
-0.885377358490566    1.1093653440036222
-0.8844339622641509    1.1183194398132055
-0.8834905660377359    1.0933422251862377
-0.8825471698113208    1.0942847615871316
-0.8816037735849056    1.0926353228854708
-0.8806603773584906    1.0721351561631025
-0.8797169811320755    1.065301767255815
-0.8787735849056604    1.070721351561569
-0.8778301886792452    1.0546982327443104
-0.8768867924528302    1.0353762365232249
-0.8759433962264151    1.0702500833611834
-0.875    1.073784594864892
-0.8740566037735849    1.0287784817161885
-0.8731132075471698    1.0259508725129998
-0.8721698113207548    1.0356118706236022
-0.8712264150943396    1.023358897410188
-0.8702830188679245    0.9950828053796298
-0.8693396226415094    1.0028587306879484
-0.8683962264150944    1.0160542403023831
-0.8674528301886792    1.0085139490940833
-0.8665094339622641    0.9934333666778401
-0.8655660377358491    0.9880137823718438
-0.864622641509434    0.9988529509837202
-0.8636792452830189    0.956910081138101
-0.8627358490566037    0.9931977325775845
-0.8617924528301887    0.9783527842613631
-0.8608490566037736    0.9910770256752837
-0.8599056603773585    0.9896632210736332
-0.8589622641509433    0.9743470045571321
-0.8580188679245283    0.9757608091585512
-0.8570754716981133    1.0071001444926682
-0.8561320754716981    0.9677492497498599
-0.855188679245283    0.9625652995443494
-0.8542452830188679    0.9642147382460255
-0.8533018867924529    0.9844792708681253
-0.8523584905660377    0.9611514949427024
-0.8514150943396226    0.9455996443259423
-0.8504716981132076    0.9281627209069145
-0.8495283018867925    0.9366455485162274
-0.8485849056603774    0.917794820495667
-0.8476415094339622    0.9152028453929628
-0.8466981132075472    0.9166166499943889
-0.8457547169811321    0.9013004334778791
-0.844811320754717    0.9185017227964339
-0.8438679245283018    0.9140246748916846
-0.8429245283018868    0.9119039679892763
-0.8419811320754718    0.8746737801489902
-0.8410377358490566    0.8972946537734274
-0.8400943396226415    0.8982371901745557
-0.8391509433962264    0.9126108702900432
-0.8382075471698114    0.8791508280538477
-0.8372641509433962    0.9206224296987345
-0.8363207547169811    0.867369123041065
-0.835377358490566    0.8716105368455641
-0.834433962264151    0.8426275425142212
-0.8334905660377359    0.8810359008557892
-0.8325471698113207    0.865248416138764
-0.8316037735849057    0.8652484161386622
-0.8306603773584906    0.8539379793264925
-0.8297169811320755    0.8506391019228133
-0.8287735849056603    0.8284894964988819
-0.8278301886792453    0.8296676670000624
-0.8268867924528303    0.8438057130154993
-0.8259433962264151    0.794558186061974
-0.825    0.8289607646993932
-0.8240566037735849    0.8183572301877925
-0.8231132075471699    0.8056329887740834
-0.8221698113207547    0.8372079582082426
-0.8212264150943396    0.8433344448149881
-0.8202830188679245    0.8235411803934163
-0.8193396226415095    0.8402712015116646
-0.8183962264150944    0.7966788929642747
-0.8174528301886792    0.7950294542624854
-0.816509433962264    0.8280182282983706
-0.8155660377358491    0.8096387684784295
-0.814622641509434    0.8160008891852362
-0.8136792452830188    0.8329665444036413
-0.8127358490566037    0.8185928642881444
-0.8117924528301887    0.805161720573572
-0.8108490566037736    0.8051617205734773
-0.8099056603773584    0.778770701344847
-0.8089622641509433    0.7943225519618119
-0.8080188679245284    0.8155296209848208
-0.8070754716981132    0.7957363565632521
-0.8061320754716981    0.8162365232854918
-0.8051886792452829    0.7877247971546536
-0.804245283018868    0.778535067244683
-0.8033018867924528    0.7643970212292538
-0.8023584905660377    0.781362676447659
-0.8014150943396225    0.7561498277203959
-0.8004716981132076    0.7691097032344569
-0.7995283018867925    0.7660464599310433
-0.7985849056603773    0.7394198066021573
-0.7976415094339622    0.7735867511393143
-0.7966981132075472    0.7629832166278099
-0.7957547169811321    0.7420117817049693
-0.7948113207547169    0.741540513504458
-0.7938679245283018    0.7347071245971313
-0.7929245283018869    0.7549716572191176
-0.7919811320754717    0.7500233411136605
-0.7910377358490566    0.7262242969878423
-0.7900943396226414    0.7540291208180949
-0.7891509433962265    0.728109369789973
-0.7882075471698113    0.7413048794042024
-0.7872641509433962    0.7405979771034356
-0.786320754716981    0.72881627209074
-0.7853773584905661    0.7497877070134932
-0.784433962264151    0.7384772702011348
-0.7834905660377358    0.7309369789929548
-0.7825471698113207    0.767695898632923
-0.7816037735849057    0.7149138601756563
-0.7806603773584906    0.7332933199955111
-0.7797169811320754    0.7398910748026687
-0.7787735849056603    0.747195731910681
-0.7778301886792454    0.747902634211448
-0.7768867924528302    0.7483739024118712
-0.7759433962264151    0.7394198066021573
-0.7749999999999999    0.7368278314994322
-0.774056603773585    0.7429543181060793
-0.7731132075471698    0.7469600978103375
-0.7721698113207547    0.7431899522062474
-0.7712264150943395    0.7299944425920183
-0.7702830188679246    0.7264599310881834
-0.7693396226415095    0.7464888296098262
-0.7683962264150943    0.7328220517949998
-0.7674528301886792    0.7036034233633849
-0.7665094339622642    0.7297588084917626
-0.7655660377358491    0.7167989329776172
-0.7646226415094339    0.7149138601755721
-0.7636792452830188    0.7323507835945747
-0.7627358490566039    0.7024252528621067
-0.7617924528301887    0.7111437145714822
-0.7608490566037736    0.7043103256640689
-0.7599056603773584    0.7139713237746337
-0.7589622641509435    0.7116149827720771
-0.7580188679245283    0.7005401800599789
-0.7570754716981132    0.7017183505612571
-0.756132075471698    0.7255173946871608
-0.7551886792452831    0.6835745248416543
-0.754245283018868    0.6864021340446413
-0.7533018867924528    0.6682583083249581
-0.7523584905660377    0.6715571857286159
-0.7514150943396227    0.6706146493275933
-0.7504716981132076    0.6965344003556333
-0.7495283018867924    0.6958274980548664
-0.7485849056603773    0.6545915305102087
-0.7476415094339623    0.6840457930421655
-0.7466981132075472    0.654355896409876
-0.745754716981132    0.6395109480937716
-0.7448113207547169    0.6371546070912903
-0.743867924528302    0.6399822162943581
-0.7429245283018868    0.6538846282093649
-0.7419811320754717    0.6380971434922378
-0.7410377358490565    0.6364477047905233
-0.7400943396226416    0.6411603867956365
-0.7391509433962264    0.6423385572968391
-0.7382075471698113    0.6086428809602844
-0.7372641509433961    0.6157119039680257
-0.7363207547169812    0.6034589307547317
-0.7353773584905661    0.6237234633766445
-0.7344339622641509    0.59002778704009
-0.7334905660377358    0.5843725686340235
-0.7325471698113208    0.6003956874514081
-0.7316037735849057    0.5864932755362555
-0.7306603773584905    0.5808380571301205
-0.7297169811320754    0.563636767811526
-0.7287735849056605    0.5959186395465507
-0.7278301886792453    0.5546826720017458
-0.7268867924528302    0.5777748138267973
-0.725943396226415    0.5584528176059016
-0.7250000000000001    0.5584528176059016
-0.7240566037735849    0.564108036011971
-0.7231132075471698    0.5683494498165722
-0.7221698113207546    0.5817805935312115
-0.7212264150943397    0.5556252084028337
-0.7202830188679246    0.5723552295209179
-0.7193396226415094    0.5417227964876864
-0.7183962264150943    0.5530332333000216
-0.7174528301886793    0.5553895743025781
-0.7165094339622642    0.5466711125930545
-0.715566037735849    0.5560964766032797
-0.7146226415094339    0.568349449816639
-0.713679245283019    0.558924085806413
-0.7127358490566038    0.5619873291096703
-0.7117924528301887    0.5405446259864083
-0.7108490566037735    0.5325330665777797
-0.7099056603773586    0.5353606757808475
-0.7089622641509434    0.5146248749582893
-0.7080188679245283    0.5320617983772057
-0.7070754716981131    0.511797265755282
-0.7061320754716982    0.5150961431588612
-0.7051886792452831    0.5379526508835963
-0.7042452830188679    0.5266422140713263
-0.7033018867924528    0.5355963098811032
-0.7023584905660378    0.5275847504724108
-0.7014150943396227    0.5108547293541993
-0.7004716981132075    0.5077914860508761
-0.6995283018867924    0.49035456263201743
-0.6985849056603775    0.4971879515394314
-0.6976415094339623    0.48493497832608023
-0.6966981132075472    0.494595976436561
-0.695754716981132    0.48870512393022786
-0.6948113207547171    0.4781015894187234
-0.6938679245283019    0.4719751028120208
-0.6929245283018868    0.494595976436561
-0.6919811320754716    0.48304990552409216
-0.6910377358490567    0.4637279093031284
-0.6900943396226416    0.46490607980435195
-0.6891509433962264    0.4512393019895256
-0.6882075471698113    0.4571301544959701
-0.6872641509433963    0.4618428365010832
-0.6863207547169812    0.4672624208069082
-0.685377358490566    0.4493542291874806
-0.6844339622641509    0.45218183839060133
-0.683490566037736    0.44629098588420996
-0.6825471698113208    0.44275647438032306
-0.6816037735849056    0.4488829609869694
-0.6806603773584905    0.45218183839060133
-0.6797169811320756    0.4538312770923909
-0.6787735849056604    0.4434633766810899
-0.6778301886792453    0.4257908191619179
-0.6768867924528301    0.4422852061798639
-0.6759433962264152    0.4220206735578776
-0.675    0.42791152606421856
-0.6740566037735849    0.4123596754473472
-0.6731132075471697    0.41636545515174184
-0.6721698113207548    0.4071757252417713
-0.6712264150943397    0.4203712348560385
-0.6702830188679245    0.42673335556294045
-0.6693396226415094    0.413537845948674
-0.6683962264150944    0.40788262754253823
-0.6674528301886793    0.42767589196396294
-0.6665094339622641    0.40340557963763335
-0.665566037735849    0.4041124819384478
-0.6646226415094341    0.39798599533180073
-0.6636792452830189    0.39680782483047583
-0.6627358490566038    0.3899744359230626
-0.6617924528301886    0.3925664110259207
-0.6608490566037737    0.3916238746248981
-0.6599056603773585    0.3920951428253633
-0.6589622641509434    0.3826697788151382
-0.6580188679245282    0.38502611981773976
-0.6570754716981133    0.3692386351006109
-0.6561320754716982    0.3640546848949437
-0.655188679245283    0.35769256418804174
-0.6542452830188679    0.34803156607760194
-0.6533018867924529    0.36052017339115167
-0.6523584905660378    0.36853173279980056
-0.6514150943396226    0.3744225853061912
-0.6504716981132075    0.3416694453706993
-0.6495283018867926    0.3532155162832264
-0.6485849056603774    0.3513304434811398
-0.6476415094339623    0.3407269089696366
-0.6466981132075471    0.3378992997666088
-0.6457547169811322    0.3485028342781133
-0.644811320754717    0.3355429587640128
-0.6438679245283019    0.354393686784463
-0.6429245283018867    0.3341291541625183
-0.6419811320754718    0.32635322885408174
-0.6410377358490567    0.33695676336554653
-0.6400943396226415    0.33177281315992274
-0.6391509433962264    0.33436478826277405
-0.6382075471698113    0.3383705679670803
-0.6372641509433963    0.33530732466379665
-0.6363207547169811    0.3452039568744935
-0.635377358490566    0.33742803156605783
-0.6344339622641508    0.3551005890852716
-0.6334905660377359    0.32682449705459304
-0.6325471698113208    0.32753139935532144
-0.6316037735849056    0.3357785928642684
-0.6306603773584905    0.33460042236302967
-0.6297169811320755    0.3341291541625183
-0.6287735849056604    0.33365788596196777
-0.6278301886792452    0.3287095698565996
-0.6268867924528301    0.3378992997666088
-0.6259433962264151    0.3508591752806698
-0.625    0.33884183616759156
-0.6240566037735849    0.3430832499721928
-0.6231132075471697    0.3338935200622627
-0.6221698113207548    0.3416694453706993
-0.6212264150943396    0.3452039568744935
-0.6202830188679245    0.3529798821829292
-0.6193396226415093    0.34214071357121056
-0.6183962264150944    0.33766366566635314
-0.6174528301886792    0.33012337445813333
-0.6165094339622641    0.33483605646324593
-0.615566037735849    0.3378992997666088
-0.614622641509434    0.3475602978770907
-0.6136792452830189    0.3381349338668247
-0.6127358490566037    0.3206980104479083
-0.6117924528301886    0.3284739357563826
-0.6108490566037736    0.33530732466379665
-0.6099056603773585    0.32706013115481025
-0.6089622641509433    0.30938757363563824
-0.6080188679245282    0.3162209625430886
-0.6070754716981133    0.328238301656127
-0.6061320754716981    0.3235256196509758
-0.605188679245283    0.31339335333998386
-0.6042452830188678    0.3049105257308172
-0.6033018867924529    0.2990196732244258
-0.6023584905660377    0.3016116483272025
-0.6014150943396226    0.29831277092362374
-0.6004716981132074    0.2999622096254484
-0.5995283018867925    0.2924219184172675
-0.5985849056603774    0.30396798932975877
-0.5976415094339622    0.29548516172055617
-0.5966981132075471    0.28723796821164305
-0.5957547169811321    0.2804045793042291
-0.594811320754717    0.295013893520045
-0.5938679245283018    0.27687006780036166
-0.5929245283018867    0.281818383905763
-0.5919811320754718    0.28441035900857525
-0.5910377358490566    0.2912437479159549
-0.5900943396226415    0.29100811381569924
-0.5891509433962263    0.28134711570525167
-0.5882075471698114    0.2874736023118987
-0.5872641509433962    0.2721573857952492
-0.5863207547169811    0.30278981882848066
-0.5853773584905659    0.2865310659108761
-0.584433962264151    0.2606113148827541
-0.5834905660377359    0.27050794709345977
-0.5825471698113207    0.2945426253195337
-0.5816037735849056    0.2752206290986047
-0.5806603773584906    0.27262865399579245
-0.5797169811320755    0.27687006780036166
-0.5787735849056603    0.27946204290317356
-0.5778301886792452    0.2745137267978377
-0.5768867924528303    0.27781260420141685
-0.5759433962264151    0.29006557741467676
-0.575    0.26249638768476846
-0.5740566037735848    0.294778259419824
-0.5731132075471699    0.281818383905763
-0.5721698113207547    0.2912437479159549
-0.5712264150943396    0.2858241636100755
-0.5702830188679244    0.2945426253195684
-0.5693396226415095    0.30137601422698235
-0.5683962264150944    0.27427809269754977
-0.5674528301886792    0.29100811381569924
-0.566509433962264    0.2933644548182901
-0.5655660377358491    0.28605979771036477
-0.564622641509434    0.2919506502167218
-0.5636792452830188    0.2964276981215787
-0.5627358490566037    0.3020829165277493
-0.5617924528301887    0.30161164832723797
-0.5608490566037736    0.2815827498054742
-0.5599056603773584    0.29407135711902244
-0.5589622641509433    0.2855885295098535
-0.5580188679245284    0.28016894520397345
-0.5570754716981132    0.2813471157052186
-0.5561320754716981    0.288651772813143
-0.5551886792452829    0.2870023341113874
-0.554245283018868    0.29218628431701177
-0.5533018867924528    0.295013893520045
-0.5523584905660377    0.28181838390572983
-0.5514150943396225    0.2891230410136883
-0.5504716981132076    0.28205401800601865
-0.5495283018867925    0.29572079582081184
-0.5485849056603773    0.286766700011098
-0.5476415094339622    0.28016894520397345
-0.5466981132075472    0.2822896521062743
-0.5457547169811321    0.270979215293971
-0.5448113207547169    0.2735711903967829
-0.5438679245283018    0.27639879959988295
-0.5429245283018869    0.2636745581860776
-0.5419811320754717    0.2877092364121205
-0.5410377358490566    0.2665021673891141
-0.5400943396226414    0.2679159719906794
-0.5391509433962265    0.25801933977994185
-0.5382075471698113    0.25919751028118965
-0.5372641509433962    0.2504790485717314
-0.536320754716981    0.263438924085822
-0.5353773584905661    0.24953651217073833
-0.534433962264151    0.2558986328776109
-0.5334905660377358    0.257076803378889
-0.5325471698113207    0.269565410692469
-0.5316037735849057    0.25236412137380615
-0.5306603773584906    0.2490652439701977
-0.5297169811320754    0.2415249527620176
-0.5287735849056603    0.24953651217073833
-0.5278301886792454    0.2502434144715053
-0.5268867924528302    0.23916861175946136
-0.5259433962264151    0.2403467822607395
-0.5249999999999999    0.25142158497278355
-0.524056603773585    0.2535422918750844
-0.5231132075471698    0.24670890296764145
-0.5221698113207547    0.21961098143824434
-0.5212264150943395    0.23728353895744428
-0.5202830188679246    0.22950761364900768
-0.5193396226415095    0.2384617094586945
-0.5183962264150943    0.2323352228520482
-0.5174528301886792    0.22102478603980408
-0.5165094339622642    0.2266800044459398
-0.5155660377358491    0.23657663665664946
-0.5146226415094339    0.22573746804489064
-0.5136792452830188    0.21654773813494665
-0.5127358490566039    0.22031788373903713
-0.5117924528301887    0.21796154273645493
-0.5108490566037736    0.20594420362341798
-0.5099056603773584    0.20405913082139696
-0.5089622641509435    0.22526619984440588
-0.5080188679245283    0.213484494831598
-0.5070754716981132    0.21984661553849996
-0.506132075471698    0.2090074469267657
-0.5051886792452831    0.20830054462599873
-0.504245283018868    0.20853617872622987
-0.5033018867924528    0.21466266533287617
-0.5023584905660377    0.20193842391909608
-0.5014150943396227    0.21230632433034488
-0.5004716981132076    0.19204179170833596
-0.4995283018867924    0.20924308102699674
-0.49858490566037733    0.19699010781372733
-0.49764150943396224    0.1878003779037347
-0.49669811320754714    0.19934644881628386
-0.49575471698113205    0.19439813271089224
-0.49481132075471695    0.19534066911193773
-0.49386792452830186    0.18662220740245655
-0.49292452830188677    0.18214515949762108
-0.49198113207547167    0.19369123041012534
-0.4910377358490566    0.20028898521730648
-0.4900943396226415    0.1807313548960659
-0.4891509433962264    0.19180615760810293
-0.4882075471698113    0.18732910970322345
-0.4872641509433962    0.1861509392019672
-0.4863207547169811    0.17743247749248708
-0.485377358490566    0.1856796710014559
-0.4844339622641509    0.17248416138711892
-0.4834905660377358    0.18120262309659846
-0.48254716981132073    0.17813937979325398
-0.48160377358490564    0.16659330888074786
-0.48066037735849054    0.1793175502945321
-0.47971698113207545    0.16942091808381574
-0.47877358490566035    0.1729554295876302
-0.47783018867924526    0.16706457708125916
-0.47688679245283017    0.16635767478047261
-0.47594339622641507    0.1642369678781913
-0.475    0.1790819161942765
-0.4740566037735849    0.17484050238969578
-0.4731132075471698    0.17554740469044208
-0.4721698113207547    0.16659330888074786
-0.4712264150943396    0.18167389129708836
-0.4702830188679245    0.1684783816827931
-0.4693396226415094    0.16800711348226202
-0.4683962264150943    0.18167389129710979
-0.4674528301886792    0.18426586639990028
-0.46650943396226413    0.17366233188841748
-0.46556603773584904    0.17696120929197584
-0.46462264150943394    0.17389796598867316
-0.46367924528301885    0.17224852728686332
-0.46273584905660375    0.16447260197844696
-0.46179245283018866    0.17083472268532954
-0.46084905660377357    0.1762543069912297
-0.45990566037735847    0.16635767478047261
-0.4589622641509434    0.17201289318662794
-0.4580188679245283    0.16023118817382634
-0.4570754716981132    0.1840302322996663
-0.4561320754716981    0.1713059908858408
-0.455188679245283    0.15104145826387466
-0.4542452830188679    0.1731910636878858
-0.4533018867924528    0.17554740469046276
-0.4523584905660377    0.1689496498832845
-0.4514150943396226    0.1689496498833044
-0.45047169811320753    0.1896854507057797
-0.44952830188679244    0.18167389129710979
-0.44858490566037734    0.16305879737689385
-0.44764150943396225    0.17319106368790618
-0.44669811320754715    0.1783750138935096
-0.44575471698113206    0.17507613648995143
-0.44481132075471697    0.17083472268532954
-0.44386792452830187    0.16800711348228178
-0.4429245283018868    0.18238079359785528
-0.4419811320754717    0.17130599088586096
-0.4410377358490566    0.16329443147714948
-0.4400943396226415    0.16211626097589044
-0.4391509433962264    0.16235189507612696
-0.4382075471698113    0.17083472268534966
-0.4372641509433962    0.17224852728686332
-0.4363207547169811    0.1654151383794696
-0.435377358490566    0.1750761364899308
-0.43443396226415093    0.16470823607870264
-0.43349056603773584    0.16046682227408196
-0.43254716981132074    0.1642369678781913
-0.43160377358490565    0.16824274758251764
-0.43066037735849055    0.1658864065799809
-0.42971698113207546    0.17342669778814143
-0.42877358490566037    0.17036345448483833
-0.42783018867924527    0.17083472268532954
-0.4268867924528302    0.16258752917640173
-0.4259433962264151    0.16989218628430702
-0.425    0.17130599088586096
-0.4240566037735849    0.16706457708123953
-0.4231132075471698    0.1581104812715443
-0.4221698113207547    0.15598977436922506
-0.4212264150943396    0.15740357897077734
-0.4202830188679245    0.16117372457484885
-0.4193396226415094    0.16682894298100354
-0.41839622641509433    0.1731910636878858
-0.41745283018867924    0.16447260197844696
-0.41650943396226414    0.16706457708123953
-0.41556603773584905    0.16093809047461213
-0.41462264150943395    0.16305879737689385
-0.41367924528301886    0.16188062687563476
-0.41273584905660377    0.164236967878172
-0.41179245283018867    0.16376569967768
-0.4108490566037736    0.16046682227408196
-0.4099056603773585    0.15787484717128863
-0.4089622641509434    0.17342669778814143
-0.4080188679245283    0.16730021118151484
-0.4070754716981132    0.164236967878172
-0.4061320754716981    0.16046682227410083
-0.405188679245283    0.16470823607868323
-0.4042452830188679    0.17248416138713923
-0.4033018867924528    0.1703634544848183
-0.40235849056603773    0.15575414026898773
-0.40141509433962264    0.16824274758251764
-0.40047169811320754    0.1590530176725669
-0.39952830188679245    0.1583461153717813
-0.39858490566037735    0.15787484717128863
-0.39764150943396226    0.15434033566743566
-0.39669811320754716    0.1592886517728226
-0.39575471698113207    0.15174836056462376
-0.394811320754717    0.16093809047461213
-0.3938679245283019    0.15504723796820255
-0.3929245283018868    0.17271979548739488
-0.3919811320754717    0.15622540846948066
-0.3910377358490566    0.14939201956208506
-0.3900943396226415    0.15716794487050317
-0.3891509433962264    0.14114482605313716
-0.3882075471698113    0.14020228965209802
-0.3872641509433962    0.1590530176725669
-0.38632075471698113    0.15104145826385687
-0.38537735849056604    0.14067355785262584
-0.38443396226415094    0.15151272646436814
-0.38349056603773585    0.1451506057574833
-0.38254716981132075    0.15528287206845814
-0.38160377358490566    0.14939201956208506
-0.38066037735849056    0.14680004445925557
-0.37971698113207547    0.1383172168500693
-0.3787735849056604    0.15033455596308998
-0.3778301886792453    0.143972435256205
-0.3768867924528302    0.1451506057574662
-0.3759433962264151    0.14703567855952854
-0.375    0.14774258086027808
-0.3740566037735849    0.14373680115594936
-0.3731132075471698    0.1416160942536318
-0.3721698113207547    0.14232299655441544
-0.3712264150943396    0.15198399466487938
-0.37028301886792453    0.14562187395799459
-0.36933962264150944    0.1449149716572106
-0.36839622641509434    0.1564610425697547
-0.36745283018867925    0.14444370345669932
-0.36650943396226415    0.1409091919528815
-0.36556603773584906    0.1442080693564437
-0.36462264150943396    0.14208736245415976
-0.36367924528301887    0.1413804601533762
-0.3627358490566038    0.15009892186285204
-0.3617924528301887    0.1423229965543987
-0.3608490566037736    0.1545759697677095
-0.3599056603773585    0.1493920195620675
-0.3589622641509434    0.1383172168500693
-0.3580188679245283    0.14632877625874435
-0.3570754716981132    0.13973102145160324
-0.3561320754716981    0.14727131265976684
-0.355188679245283    0.14821384906080678
-0.35424528301886793    0.14279426475490994
-0.35330188679245284    0.1425586306546711
-0.35235849056603774    0.14043792375235367
-0.35141509433962265    0.14844948316106246
-0.35047169811320755    0.15080582416360125
-0.34952830188679246    0.13124819384239966
-0.34858490566037736    0.13525397354672988
-0.34764150943396227    0.1522196287651529
-0.3466981132075472    0.14844948316104498
-0.3457547169811321    0.13902411915083626
-0.344811320754717    0.14467933755695495
-0.3438679245283019    0.1519839946648973
-0.3429245283018868    0.14915638546181187
-0.3419811320754717    0.13548960764700144
-0.3410377358490566    0.13761031454928613
-0.3400943396226415    0.13808158274981364
-0.3391509433962264    0.13030565744136172
-0.33820754716981133    0.1373746804490467
-0.33726415094339623    0.1366677781482636
-0.33632075471698114    0.1262998777370309
-0.33537735849056605    0.1413804601533762
-0.33443396226415095    0.13973102145160324
-0.33349056603773586    0.1390241191508199
-0.33254716981132076    0.1298343892408657
-0.33160377358490567    0.12724241413803855
-0.3306603773584906    0.1321907302434223
-0.3297169811320755    0.13007002334110607
-0.3287735849056604    0.14161609425364846
-0.3278301886792453    0.12983438924085045
-0.3268867924528302    0.12912748694009876
-0.3259433962264151    0.11946648882960285
-0.325    0.143972435256205
-0.3240566037735849    0.13242636434366234
-0.3231132075471698    0.1237079026342187
-0.32216981132075473    0.13525397354672988
-0.32122641509433963    0.13808158274981364
-0.32028301886792454    0.12559297543624917
-0.31933962264150945    0.13548960764700144
-0.31839622641509435    0.13973102145158678
-0.31745283018867926    0.13996665555185886
-0.31650943396226416    0.13336890074468485
-0.31556603773584907    0.1319550961431666
-0.314622641509434    0.12088029343113663
-0.3136792452830189    0.1295987551406101
-0.3127358490566038    0.13219073024340675
-0.3117924528301887    0.1314838279426553
-0.3108490566037736    0.12865621873957234
-0.3099056603773585    0.13124819384239966
-0.3089622641509434    0.12465043903522667
-0.3080188679245283    0.12912748694009876
-0.3070754716981132    0.12488607313548228
-0.30613207547169813    0.12135156163166216
-0.30518867924528303    0.13336890074468485
-0.30424528301886794    0.1159319773257821
-0.30330188679245285    0.1232366344336929
-0.30235849056603775    0.1258286095365196
-0.30141509433962266    0.1328976325441736
-0.30047169811320756    0.12488607313549699
-0.29952830188679247    0.120644659330881
-0.2985849056603774    0.1253573413360083
-0.2976415094339623    0.12559297543624917
-0.2966981132075472    0.1258286095365196
-0.2957547169811321    0.11828831832832473
-0.294811320754717    0.11640324552629341
-0.2938679245283019    0.11169056352116717
-0.2929245283018868    0.11687451372680473
-0.2919811320754717    0.11734578192730222
-0.2910377358490566    0.12158719573191783
-0.29009433962264153    0.11875958652883599
-0.28915094339622643    0.11687451372680473
-0.28820754716981134    0.12111592753139226
-0.28726415094339625    0.11357563632322555
-0.28632075471698115    0.12394353673445978
-0.28537735849056606    0.10744914971657853
-0.28443396226415096    0.1083916861175884
-0.28349056603773587    0.11004112481939074
-0.2825471698113208    0.11805268422806911
-0.2816037735849057    0.11239746582194729
-0.2806603773584906    0.106742247415799
-0.2797169811320755    0.10933422251862378
-0.2787735849056604    0.10815605201733278
-0.2778301886792453    0.10697788151606723
-0.2768867924528302    0.10909858841835528
-0.27594339622641506    0.11098366122040029
-0.27499999999999997    0.10367900411248805
-0.2740566037735849    0.10509280871400963
-0.2731132075471698    0.10273646771146544
-0.2721698113207547    0.10980549071912217
-0.2712264150943396    0.11498944092475949
-0.2702830188679245    0.10768478381682152
-0.2693396226415094    0.10061576080916455
-0.2683962264150943    0.10956985661886653
-0.2674528301886792    0.1029721018117211
-0.2665094339622641    0.09755251750582956
-0.265566037735849    0.1008513949094202
-0.26462264150943393    0.0935467378014839
-0.26367924528301884    0.09660998110481842
-0.26273584905660374    0.09920195620761896
-0.26179245283018865    0.09660998110481842
-0.26084905660377355    0.10202956541068647
-0.25990566037735846    0.09825941980660802
-0.25896226415094337    0.09213293319995014
-0.2580188679245283    0.10038012670890889
-0.2570754716981132    0.10155829721017522
-0.2561320754716981    0.09990885850839759
-0.255188679245283    0.09448927420250641
-0.2542452830188679    0.09660998110481842
-0.2533018867924528    0.09425364010225078
-0.2523584905660377    0.09802378570635234
-0.2514150943396226    0.09378237190173953
-0.2504716981132075    0.09731688340558538
-0.24952830188679243    0.09543181060352893
-0.24858490566037733    0.10367900411248805
-0.24764150943396224    0.09189729909969452
-0.24669811320754714    0.09802378570635234
-0.24575471698113205    0.0970812493053183
-0.24481132075471695    0.08789151939535919
-0.24386792452830186    0.09024786039790512
-0.24292452830188677    0.09119039679893837
-0.24198113207547167    0.09496054240301767
-0.24103773584905658    0.09920195620763063
-0.24009433962264148    0.09519617650327329
-0.2391509433962264    0.1029721018117211
-0.2382075471698113    0.09496054240301767
-0.2372641509433962    0.09496054240302883
-0.2363207547169811    0.1006157608091527
-0.235377358490566    0.1029721018117211
-0.23443396226415092    0.09637434700455141
-0.23349056603773582    0.0883627875958705
-0.23254716981132073    0.09543181060352893
-0.23160377358490564    0.09660998110481842
-0.23066037735849054    0.09001222629764949
-0.22971698113207545    0.09873068800711932
-0.22877358490566035    0.09849505390685206
-0.22783018867924526    0.09896632210737497
-0.22688679245283017    0.10038012670889708
-0.22594339622641507    0.09967322440814193
-0.22499999999999998    0.09566744470378455
-0.22405660377358488    0.10061576080916455
-0.2231132075471698    0.10367900411247585
-0.2221698113207547    0.08883405579638182
-0.2212264150943396    0.09566744470378455
-0.2202830188679245    0.09448927420251753
-0.2193396226415094    0.09496054240301767
-0.21839622641509432    0.09213293319996099
-0.21745283018867922    0.10650661331554338
-0.21650943396226413    0.09943759030788628
-0.21556603773584904    0.09331110370122828
-0.21462264150943394    0.1081560520173455
-0.21367924528301885    0.09448927420250641
-0.21273584905660375    0.09071912859842705
-0.21179245283018866    0.08671334889407072
-0.21084905660377357    0.09778815160609669
-0.20990566037735847    0.09448927420250641
-0.20896226415094338    0.09920195620763063
-0.20801886792452828    0.09189729909969452
-0.2070754716981132    0.10462154051351069
-0.2061320754716981    0.10202956541068647
-0.205188679245283    0.09873068800711932
-0.2042452830188679    0.09048349449816075
-0.2033018867924528    0.09331110370123925
-0.20235849056603772    0.0987306880071077
-0.20141509433962262    0.09448927420251753
-0.20047169811320753    0.10179393131043085
-0.19952830188679244    0.10509280871402199
-0.19858490566037734    0.10721351561631026
-0.19764150943396225    0.09778815160609669
-0.19669811320754715    0.10085139490940834
-0.19575471698113206    0.09590307880405147
-0.19481132075471697    0.10155829721017522
-0.19386792452830187    0.09755251750584104
-0.19292452830188678    0.10273646771145335
-0.19198113207547168    0.09142603089919402
-0.1910377358490566    0.09260420140046138
-0.1900943396226415    0.10226519951095414
-0.1891509433962264    0.08718461709458197
-0.1882075471698113    0.09849505390686367
-0.1872641509433962    0.10179393131043085
-0.18632075471698112    0.07987995998666694
-0.18537735849056602    0.09802378570634082
-0.18443396226415093    0.09731688340558538
-0.18349056603773584    0.09024786039790512
-0.18254716981132074    0.09378237190175057
-0.18160377358490565    0.08718461709458197
-0.18066037735849055    0.09260420140047229
-0.17971698113207546    0.08883405579637137
-0.17877358490566037    0.0909547626986827
-0.17783018867924527    0.08365010559074756
-0.17688679245283018    0.08954095809714878
-0.17594339622641508    0.09001222629764949
-0.175    0.08577081249305832
-0.1740566037735849    0.09378237190173953
-0.1731132075471698    0.09001222629766009
-0.1721698113207547    0.090954762698672
-0.1712264150943396    0.09001222629766009
-0.17028301886792452    0.08859842169611575
-0.16933962264150942    0.08789151939535919
-0.16839622641509433    0.08435700789151446
-0.16745283018867924    0.078466155385133
-0.16650943396226414    0.08789151939534885
-0.16556603773584905    0.0796443258864113
-0.16462264150943395    0.08553517839279258
-0.16367924528301886    0.08129376458820087
-0.16273584905660377    0.08035122818716879
-0.16179245283018867    0.08600644659331397
-0.16084905660377358    0.08105813048793567
-0.15990566037735848    0.08082249638768955
-0.1589622641509434    0.08859842169611575
-0.1580188679245283    0.07775925308436604
-0.1570754716981132    0.08341447149049194
-0.1561320754716981    0.0827075691897348
-0.155188679245283    0.08058686228742443
-0.15424528301886792    0.0779948871846217
-0.15330188679245282    0.08482827609202571
-0.15235849056603773    0.08671334889408093
-0.15141509433962264    0.07823052128486815
-0.15047169811320754    0.07823052128487736
-0.14952830188679245    0.07705235078359002
-0.14858490566037735    0.07658108258308778
-0.14764150943396226    0.08035122818716879
-0.14669811320754716    0.07658108258308778
-0.14575471698113207    0.08435700789151446
-0.14481132075471698    0.07634544848283212
-0.14386792452830188    0.07799488718461253
-0.1429245283018868    0.07233966877848598
-0.1419811320754717    0.07446037568077812
-0.1410377358490566    0.07304657107925294
-0.1400943396226415    0.07351783927975561
-0.1391509433962264    0.07446037568078688
-0.13820754716981132    0.07422474158052249
-0.13726415094339622    0.07823052128487736
-0.13632075471698113    0.07233966877847747
-0.13537735849056604    0.07257530287874164
-0.13443396226415094    0.06668445037234243
-0.13349056603773585    0.07610981438257645
-0.13254716981132075    0.07681671668333438
-0.13160377358490566    0.07681671668334343
-0.13066037735849056    0.07752361898410128
-0.12971698113207547    0.07186840057797468
-0.12877358490566038    0.07422474158052249
-0.12783018867924528    0.07870178948538867
-0.1268867924528302    0.07422474158052249
-0.1259433962264151    0.06833388907413986
-0.125    0.0716327664777106
-0.1240566037735849    0.07281093697899729
-0.12311320754716981    0.06456374347004179
-0.12216981132075472    0.07398910748027558
-0.12122641509433962    0.06574191397131991
-0.12028301886792453    0.07516727798155384
-0.11933962264150944    0.06409247526953053
-0.11839622641509434    0.07163276647771903
-0.11745283018867925    0.07493164388128938
-0.11650943396226415    0.06998332777592943
-0.11556603773584906    0.06362120706901928
-0.11462264150943396    0.0650350116705607
-0.11367924528301887    0.06880515727464306
-0.11273584905660378    0.0671557185728616
-0.11179245283018868    0.0629143047682524
-0.11084905660377359    0.06951205957541813
-0.1099056603773585    0.07045459597643246
-0.1089622641509434    0.07139713237746337
-0.1080188679245283    0.06244303656774114
-0.10707547169811321    0.06385684116928242
-0.10613207547169812    0.07351783927975561
-0.10518867924528302    0.06668445037235027
-0.10424528301886793    0.06809825497387618
-0.10330188679245284    0.06644881627209462
-0.10235849056603774    0.06574191397131991
-0.10141509433962265    0.07398910748027558
-0.10047169811320755    0.06739135267310932
-0.09952830188679246    0.06974769367567378
-0.09858490566037736    0.07021896187617684
-0.09764150943396227    0.06409247526953808
-0.09669811320754718    0.0629143047682524
-0.09575471698113208    0.06409247526953808
-0.09481132075471699    0.06079359786595176
-0.0938679245283019    0.06644881627209462
-0.0929245283018868    0.06479937757029741
-0.0919811320754717    0.07398910748027558
-0.09103773584905661    0.07398910748026687
-0.09009433962264152    0.061500500166725876
-0.08915094339622642    0.06479937757029741
-0.08820754716981133    0.06456374347004938
-0.08726415094339623    0.07210403467822185
-0.08632075471698114    0.07634544848283212
-0.08537735849056605    0.06362120706901928
-0.08443396226415095    0.056552184061357126
-0.08349056603773586    0.0716327664777106
-0.08254716981132076    0.0671557185728616
-0.08160377358490567    0.06786262087362056
-0.08066037735849058    0.07422474158053123
-0.07971698113207548    0.06856952317438744
-0.07877358490566039    0.06456374347004938
-0.0778301886792453    0.06479937757029741
-0.0768867924528302    0.06998332777592943
-0.0759433962264151    0.06927642547515432
-0.07500000000000001    0.06739135267311724
-0.07405660377358492    0.06692008447259806
-0.07311320754716982    0.07563854618206516
-0.07216981132075473    0.06574191397131991
-0.07122641509433963    0.07116149827720772
-0.07028301886792454    0.06550627987106429
-0.06933962264150945    0.07281093697899729
-0.06839622641509435    0.07799488718461253
-0.06745283018867926    0.07351783927976427
-0.06650943396226416    0.07987995998665753
-0.06556603773584907    0.06833388907413986
-0.06462264150943398    0.06432810936978617
-0.06367924528301888    0.07092586417695207
-0.06273584905660379    0.07422474158052249
-0.06179245283018869    0.07375347338001992
-0.0608490566037736    0.07987995998665753
-0.059905660377358505    0.0805868622874339
-0.05896226415094341    0.07563854618205625
-0.05801886792452832    0.08152939868845652
-0.05707547169811322    0.07846615538512378
-0.05613207547169813    0.0779948871846217
-0.055188679245283034    0.0716327664777106
-0.05424528301886794    0.08718461709459223
-0.053301886792452846    0.08906968989662699
-0.05235849056603775    0.07351783927976427
-0.05141509433962266    0.07823052128486815
-0.050471698113207564    0.07870178948538867
-0.04952830188679247    0.08435700789151446
-0.048584905660377375    0.07728798488385474
-0.04764150943396228    0.08459264199177008
-0.04669811320754719    0.0796443258864113
-0.04575471698113209    0.07658108258307876
-0.044811320754717    0.08365010559075742
-0.043867924528301905    0.07917305768589065
-0.04292452830188681    0.08176503278871217
-0.04198113207547172    0.08294320328998069
-0.04103773584905662    0.08459264199178003
-0.04009433962264153    0.0777592530843569
-0.039150943396226434    0.0827075691897348
-0.03820754716981134    0.08294320328998069
-0.037264150943396246    0.08718461709459223
-0.03632075471698115    0.07705235078359002
-0.03537735849056606    0.08482827609203568
-0.034433962264150964    0.08412137379125882
-0.033490566037735814    0.0822363009892138
-0.03254716981132072    0.08105813048794522
-0.031603773584905626    0.08765588529509323
-0.03066037735849053    0.07870178948538867
-0.029716981132075437    0.08011559408691317
-0.028773584905660343    0.08294320328999046
-0.02783018867924525    0.08412137379125882
-0.026886792452830155    0.08742025119484789
-0.02594339622641506    0.0838857396910032
-0.024999999999999967    0.0779948871846217
-0.024056603773584873    0.08341447149049194
-0.02311320754716978    0.07658108258308778
-0.022169811320754684    0.08058686228742443
-0.02122641509433959    0.07634544848283212
-0.020283018867924496    0.08553517839279258
-0.019339622641509402    0.07940869178615563
-0.018396226415094308    0.08035122818716879
-0.017452830188679214    0.08906968989663748
-0.01650943396226412    0.07893742358563502
-0.015566037735849025    0.08341447149050177
-0.014622641509433931    0.0725753028787331
-0.013679245283018837    0.0827075691897348
-0.012735849056603743    0.07563854618205625
-0.011792452830188649    0.08082249638768955
-0.010849056603773555    0.09048349449816075
-0.00990566037735846    0.08529954429254699
-0.008962264150943366    0.08058686228742443
-0.008018867924528272    0.08482827609203568
-0.007075471698113178    0.09189729909969452
-0.006132075471698084    0.08152939868845652
-0.00518867924528299    0.08789151939534885
-0.004245283018867896    0.08223630098922348
-0.0033018867924528017    0.08035122818716879
-0.0023584905660377076    0.0749316438812982
-0.0014150943396226134    0.08954095809713825
-0.0004716981132075193    0.08930532399689313
0.0004716981132075748    0.09048349449816075
0.0014150943396227245    0.0812937645881913
0.002358490566037763    0.08506391019230135
0.0033018867924528017    0.07681671668333438
0.004245283018867951    0.08883405579637137
0.005188679245283101    0.09448927420250641
0.00613207547169814    0.08482827609204567
0.007075471698113178    0.08529954429253696
0.008018867924528328    0.08671334889407072
0.008962264150943478    0.08553517839279258
0.009905660377358516    0.08365010559076726
0.010849056603773555    0.09071912859841638
0.011792452830188704    0.0935467378014839
0.012735849056603854    0.090954762698672
0.013679245283018893    0.09260420140048319
0.014622641509433931    0.0935467378014839
0.015566037735849081    0.08270756918972506
0.01650943396226423    0.07799488718461253
0.01745283018867927    0.08506391019230135
0.018396226415094308    0.0838857396910032
0.019339622641509457    0.08789151939534885
0.020283018867924607    0.08412137379125882
0.021226415094339646    0.0871846170946025
0.022169811320754684    0.08977659219739387
0.023113207547169834    0.08977659219739387
0.024056603773584984    0.08883405579637137
0.025000000000000022    0.08647771479383544
0.02594339622641506    0.07823052128486815
0.02688679245283021    0.08954095809713825
0.02783018867924536    0.08459264199177008
0.0287735849056604    0.0843570078915343
0.029716981132075437    0.07987995998665753
0.030660377358490587    0.08977659219739387
0.03160377358490574    0.08459264199177008
0.032547169811320775    0.0871846170946025
0.033490566037735814    0.08718461709458197
0.034433962264150964    0.09142603089918326
0.03537735849056611    0.08270756918972506
0.03632075471698115    0.08247193508948886
0.03726415094339619    0.09307546960097264
0.03820754716981134    0.08624208069355946
0.03915094339622649    0.08906968989662699
0.04009433962264153    0.0843570078915343
0.04103773584905657    0.08624208069355946
0.04198113207547172    0.08506391019228134
0.042924528301886866    0.08294320328998069
0.043867924528301905    0.08671334889409113
0.04481132075471694    0.08954095809713825
0.04575471698113209    0.07893742358563502
0.04669811320754724    0.08294320328998069
0.04764150943396228    0.08152939868846612
0.04858490566037732    0.0874202511948376
0.04952830188679247    0.08152939868844693
0.05047169811320762    0.0787017894853794
0.05141509433962266    0.08365010559076726
0.052358490566037696    0.08294320328998069
0.053301886792452846    0.08412137379125882
0.054245283018867996    0.08812715349560449
0.055188679245283034    0.09024786039792637
0.05613207547169807    0.0874202511948376
0.05707547169811322    0.09001222629764949
0.05801886792452837    0.08836278759586011
0.05896226415094341    0.08789151939536954
0.05990566037735845    0.08105813048793567
0.0608490566037736    0.08812715349560449
0.06179245283018875    0.08600644659330384
0.06273584905660379    0.09048349449818205
0.06367924528301883    0.08977659219739387
0.06462264150943398    0.08671334889407072
0.06556603773584913    0.08341447149049194
0.06650943396226416    0.08577081249306841
0.0674528301886792    0.08058686228742443
0.06839622641509435    0.07681671668333438
0.0693396226415095    0.08718461709458197
0.07028301886792454    0.08105813048795475
0.07122641509433958    0.08317883739023631
0.07216981132075473    0.08176503278870256
0.07311320754716988    0.08200066688895818
0.07405660377358492    0.07846615538514225
0.07499999999999996    0.08058686228742443
0.0759433962264151    0.08270756918972506
0.07688679245283025    0.07563854618205625
0.0778301886792453    0.08365010559076726
0.07877358490566033    0.07728798488384564
0.07971698113207548    0.07728798488384564
0.08066037735849063    0.07893742358563502
0.08160377358490567    0.07610981438258542
0.08254716981132071    0.08624208069355946
0.08349056603773586    0.08506391019228134
0.08443396226415101    0.08553517839279258
0.08537735849056605    0.07163276647772746
0.08632075471698109    0.07516727798154499
0.08726415094339623    0.07987995998665753
0.08820754716981138    0.08082249638768005
0.08915094339622642    0.08412137379127863
0.09009433962264146    0.08553517839279258
0.09103773584905661    0.06974769367566558
0.09198113207547176    0.0812937645881913
0.0929245283018868    0.07351783927977291
0.09386792452830184    0.0874202511948376
0.09481132075471699    0.07940869178614628
0.09575471698113214    0.0761098143825675
0.09669811320754718    0.07870178948539792
0.09764150943396221    0.08082249638768005
0.09858490566037736    0.08270756918972506
0.09952830188679251    0.08694898299432635
0.10047169811320755    0.08600644659332408
0.10141509433962259    0.08082249638768005
0.10235849056603774    0.08789151939534885
0.10330188679245289    0.0787017894853794
0.10424528301886793    0.08624208069357976
0.10518867924528297    0.07987995998665753
0.10613207547169812    0.09307546960097264
0.10707547169811327    0.08671334889407072
0.1080188679245283    0.08082249638769907
0.10896226415094334    0.08765588529509323
0.1099056603773585    0.09425364010225078
0.11084905660377364    0.08553517839279258
0.11179245283018868    0.08812715349562522
0.11273584905660372    0.08247193508946943
0.11367924528301887    0.08977659219739387
0.11462264150943402    0.09448927420250641
0.11556603773584906    0.09778815160610821
0.1165094339622641    0.09260420140046138
0.11745283018867925    0.1006157608091527
0.1183962264150944    0.1057997110147765
0.11933962264150944    0.09331110370125024
0.12028301886792447    0.10038012670889708
0.12122641509433962    0.10155829721017522
0.12216981132075477    0.09778815160608519
0.12311320754716981    0.10603534511505708
0.12405660377358485    0.10485717461375399
0.125    0.0987306880071077
0.12594339622641515    0.10438590641324275
0.1268867924528302    0.10344337001224459
0.12783018867924523    0.10038012670889708
0.12877358490566038    0.10697788151605464
0.12971698113207553    0.10155829721017522
0.13066037735849056    0.11451817272426165
0.1316037735849056    0.10297210181170899
0.13254716981132075    0.10768478381682152
0.1334905660377359    0.1161676114260241
0.13443396226415094    0.1140469045237503
0.13537735849056598    0.12017339113036975
0.13632075471698113    0.11522507502500158
0.13726415094339628    0.10532844281426525
0.13820754716981132    0.12040902523065371
0.13915094339622636    0.11192619762142281
0.1400943396226415    0.1189952206290916
0.14103773584905666    0.12182282983215914
0.1419811320754717    0.12111592753142075
0.14292452830188673    0.12889185283982793
0.14386792452830188    0.12488607313548228
0.14481132075471703    0.12229409803267038
0.14575471698113207    0.11687451372681847
0.1466981132075471    0.11593197732576846
0.14764150943396226    0.12417917083471541
0.1485849056603774    0.13054129154161734
0.14952830188679245    0.12606424363679009
0.15047169811320749    0.12818495053906107
0.15141509433962264    0.12417917083471541
0.15235849056603779    0.12205846393241478
0.15330188679245282    0.1378459486495742
0.15424528301886786    0.13784594864954178
0.155188679245283    0.12959875514059482
0.15613207547169816    0.12417917083471541
0.1570754716981132    0.12252973213295486
0.15801886792452824    0.1328976325441736
0.1589622641509434    0.11875958652883599
0.15990566037735854    0.13761031454928613
0.16084905660377358    0.1272424141380685
0.16179245283018862    0.12629987773701606
0.16273584905660377    0.1293631210403392
0.16367924528301891    0.13501833944647423
0.16462264150943395    0.12912748694011397
0.165566037735849    0.13219073024340675
0.16650943396226414    0.13171946204289547
0.1674528301886793    0.13336890074468485
0.16839622641509433    0.14302989885519923
0.16933962264150937    0.12912748694008358
0.17028301886792452    0.1387884850505643
0.17122641509433967    0.1399666555518424
0.1721698113207547    0.1338401689452276
0.17311320754716975    0.13737468044903053
0.1740566037735849    0.14774258086027808
0.17500000000000004    0.13266199844391796
0.17594339622641508    0.14703567855954583
0.17688679245283012    0.13007002334110607
0.17783018867924527    0.13242636434366234
0.17877358490566042    0.1399666555518424
0.17971698113207546    0.14114482605315376
0.1806603773584905    0.13007002334110607
0.18160377358490565    0.13973102145158678
0.1825471698113208    0.1425586306546543
0.18349056603773584    0.14043792375238673
0.18443396226415087    0.1406735578526093
0.18537735849056602    0.1387884850505643
0.18632075471698117    0.1399666555518424
0.1872641509433962    0.13925975325110831
0.18820754716981125    0.13643214404800802
0.1891509433962264    0.1416160942536318
0.19009433962264155    0.1451506057574662
0.1910377358490566    0.16706457708127884
0.19198113207547163    0.14373680115593243
0.19292452830188678    0.1496276536623231
0.19386792452830193    0.15999555407357072
0.19481132075471697    0.15269089696568222
0.195754716981132    0.14986328776257876
0.19669811320754715    0.15858174947203696
0.1976415094339623    0.15787484717127004
0.19858490566037734    0.14821384906082424
0.19952830188679238    0.14986328776257876
0.20047169811320753    0.15952428587305945
0.20141509433962268    0.14727131265976684
0.20235849056603772    0.15740357897079585
0.20330188679245276    0.14680004445925557
0.2042452830188679    0.15999555407357072
0.20518867924528306    0.14797821496053373
0.2061320754716981    0.16188062687565383
0.20707547169811313    0.15033455596308998
0.20801886792452828    0.1574035789707588
0.20896226415094343    0.16282316327663823
0.20990566037735858    0.15410470156718004
0.21084905660377362    0.14986328776261404
0.21179245283018866    0.15975991997331507
0.2127358490566038    0.16046682227408196
0.21367924528301896    0.15057019006334563
0.214622641509434    0.14844948316107992
0.21556603773584904    0.1738979659886527
0.2165094339622642    0.15457596976769128
0.21745283018867934    0.13925975325107554
0.21839622641509437    0.1541047015672163
0.2193396226415094    0.15693231077024755
0.22028301886792456    0.14302989885516557
0.2212264150943397    0.15080582416360125
0.22216981132075475    0.15575414026900608
0.2231132075471698    0.1496276536623231
0.22405660377358494    0.15787484717127004
0.2250000000000001    0.1486851172613006
0.22594339622641513    0.17460486828946067
0.22688679245283017    0.16824274758251764
0.22783018867924532    0.17059908858507392
0.22877358490566047    0.15999555407357072
0.2297169811320755    0.16541513837948907
0.23066037735849054    0.15787484717127004
0.2316037735849057    0.15999555407357072
0.23254716981132084    0.17201289318660767
0.23349056603773588    0.1673002111815345
0.23443396226415092    0.16282316327663823
0.23537735849056607    0.16329443147714948
0.23632075471698122    0.1713059908858408
0.23726415094339626    0.16824274758255725
0.2382075471698113    0.17436923418916395
0.23915094339622645    0.17696120929197584
0.2400943396226416    0.1750761364899308
0.24103773584905663    0.1800244525953414
0.24198113207547167    0.1783750138935096
0.24292452830188682    0.1757830387906977
0.24386792452830197    0.17248416138711892
0.244811320754717    0.18709347560301184
0.24575471698113205    0.18167389129708836
0.2466981132075472    0.19204179170833596
0.24764150943396235    0.1764899410914646
0.2485849056603774    0.18992108480608003
0.24952830188679243    0.17672557519172022
0.2504716981132076    0.17601867289095333
0.2514150943396227    0.17625430699120898
0.25235849056603776    0.17059908858511408
0.2533018867924528    0.18567967100143404
0.25424528301886795    0.1870934756029678
0.2551886792452831    0.19015671890629093
0.25613207547169814    0.18591530510173343
0.2570754716981132    0.19534066911191475
0.25801886792452833    0.17366233188839708
0.2589622641509435    0.18662220740245655
0.2599056603773585    0.18638657330224478
0.26084905660377355    0.18944981660552407
0.2617924528301887    0.19439813271089224
0.26273584905660385    0.19227742580859158
0.2636792452830189    0.19345559630991527
0.26462264150943393    0.19840391241523792
0.2655660377358491    0.19769701011447102
0.26650943396226423    0.1913348894075691
0.26745283018867927    0.19133488940761412
0.2683962264150943    0.20028898521728292
0.26933962264150946    0.18921418250526845
0.2702830188679246    0.19510503501165913
0.27122641509433965    0.2050016672224437
0.2721698113207547    0.19109925530731345
0.27311320754716983    0.193926864510381
0.274056603773585    0.193926864510381
0.275    0.20453039902193235
0.27594339622641506    0.21442703123262052
0.2768867924528302    0.20335222852060605
0.27783018867924536    0.18403023229964466
0.2787735849056604    0.20264532621988687
0.27971698113207544    0.21796154273645493
0.2806603773584906    0.2203178837390112
0.28160377358490574    0.211599422029553
0.2825471698113208    0.2019384239191198
0.2834905660377358    0.23021451594974754
0.28443396226415096    0.21866844503722183
0.2853773584905661    0.22338112704233434
0.28632075471698115    0.21607646993446078
0.2872641509433962    0.22196732244080059
0.28820754716981134    0.21866844503722183
0.2891509433962265    0.21489829943313177
0.29009433962264153    0.2181971768367619
0.29103773584905657    0.20947871512725236
0.2919811320754717    0.2325708569523038
0.29292452830188687    0.23704790485716074
0.2938679245283019    0.22715127264647783
0.29481132075471694    0.22479493164386813
0.2957547169811321    0.22715127264642437
0.29669811320754724    0.22997888184949192
0.2976415094339623    0.22880071134826763
0.2985849056603773    0.23751917305767198
0.29952830188679247    0.23422029565409322
0.3004716981132076    0.2264443703456575
0.30141509433962266    0.22361676114264262
0.3023584905660377    0.2429387573635514
0.30330188679245285    0.23304212515281506
0.304245283018868    0.24341002556406263
0.30518867924528303    0.24859397576974496
0.3061320754716981    0.23209958875179254
0.3070754716981132    0.2490652439701977
0.3080188679245284    0.24977214627096456
0.3089622641509434    0.22479493164392103
0.30990566037735845    0.24246748916304012
0.3108490566037736    0.24364565966431828
0.31179245283018875    0.258961876180934
0.3127358490566038    0.25660553517843815
0.3136792452830188    0.253306657774799
0.314622641509434    0.25118595087249834
0.3155660377358491    0.25660553517837775
0.31650943396226416    0.25566299877741544
0.3174528301886792    0.26555963098809154
0.31839622641509435    0.2665021673891141
0.3193396226415095    0.25259975547403213
0.32028301886792454    0.2575480715794609
0.3212264150943396    0.25660553517837775
0.32216981132075473    0.257076803378889
0.3231132075471699    0.26296765588527965
0.3240566037735849    0.2707435811937791
0.32499999999999996    0.2881805046126318
0.3259433962264151    0.27145048349448225
0.32688679245283025    0.27239301989550474
0.3278301886792453    0.2761631654996598
0.32877358490566033    0.269094142491926
0.3297169811320755    0.25801933977991154
0.33066037735849063    0.2865310659108424
0.33160377358490567    0.2895943092142337
0.3325471698113207    0.27404245859729415
0.33349056603773586    0.26980104479269285
0.334433962264151    0.2903012115149324
0.33537735849056605    0.2987840391242053
0.3363207547169811    0.28299655440700794
0.33726415094339623    0.30066911192617995
0.3382075471698114    0.27781260420138415
0.3391509433962264    0.2884161387129553
0.34009433962264146    0.2903012115149324
0.3410377358490566    0.30208291652771374
0.34198113207547176    0.2820540180059855
0.3429245283018868    0.29501389352011437
0.34386792452830184    0.320226742247397
0.344811320754717    0.30679559853282634
0.34575471698113214    0.2844103590085417
0.3466981132075472    0.3136289874403133
0.3476415094339622    0.30891630543512694
0.34858490566037736    0.31080137823717197
0.3495283018867925    0.3178704012448408
0.35047169811320755    0.31433588974108034
0.3514150943396226    0.3084450372346157
0.35235849056603774    0.3192842058463745
0.3533018867924529    0.31433588974100635
0.35424528301886793    0.329416472157444
0.35518867924528297    0.3075025008335932
0.3561320754716981    0.3249394242525096
0.35707547169811327    0.33224408136043404
0.3580188679245283    0.334600422363069
0.35896226415094334    0.3324797154606896
0.3599056603773585    0.32753139935532144
0.36084905660377364    0.33436478826273464
0.3617924528301887    0.3452039568745747
0.3627358490566037    0.3426119817716816
0.36367924528301887    0.3416694453706591
0.364622641509434    0.33059464265864463
0.36556603773584906    0.35651439368684745
0.3665094339622641    0.3501522729798616
0.36745283018867925    0.3258819606535321
0.3683962264150944    0.32918083805711085
0.36933962264150944    0.3348360564633247
0.3702830188679245    0.35627875958650795
0.3712264150943396    0.34143381127040345
0.3721698113207548    0.32941647215736647
0.3731132075471698    0.35957763699017137
0.37405660377358485    0.3522729798821623
0.375    0.34402578637321535
0.37594339622641515    0.3433188840724485
0.3768867924528302    0.3690030010003987
0.3778301886792452    0.33436478826273464
0.3787735849056604    0.35510058908522985
0.3797169811320755    0.3287095698565996
0.38066037735849056    0.34214071357125087
0.3816037735849056    0.35510058908522985
0.38254716981132075    0.34496832277423783
0.3834905660377359    0.3690030010003118
0.38443396226415094    0.35792819828838157
0.385377358490566    0.35981327109034233
0.38632075471698113    0.3671179281982668
0.3872641509433963    0.3421407135711703
0.3882075471698113    0.36405468489502935
0.38915094339622636    0.35722129598753044
0.3900943396226415    0.37018117150158997
0.39103773584905666    0.3690030010003118
0.3919811320754717    0.3765432922085805
0.39292452830188673    0.38149160831386003
0.3938679245283019    0.363819050794688
0.39481132075471703    0.3732444148049131
0.39575471698113207    0.37183061020346686
0.3966981132075471    0.34991663887960606
0.39764150943396226    0.3426119817716816
0.3985849056603774    0.36169834389238736
0.39952830188679245    0.37819273091037026
0.4004716981132075    0.3567500277870192
0.40141509433962264    0.3565143936867636
0.4023584905660378    0.3588707346893199
0.4033018867924528    0.3819628765144612
0.40424528301886786    0.38314104701564944
0.405188679245283    0.37277314660440186
0.40613207547169816    0.36735356229852245
0.4070754716981132    0.38149160831394985
0.40801886792452824    0.35792819828829736
0.4089622641509434    0.3866755585194838
0.40990566037735854    0.375836389907725
0.4108490566037736    0.3838479493165067
0.4117924528301886    0.37795709681002565
0.41273584905660377    0.4026986773368665
0.4136792452830189    0.39916416583303205
0.41462264150943395    0.3963365566300578
0.415566037735849    0.3923307769256189
0.41650943396226414    0.3932733133266414
0.4174528301886793    0.3812559742136044
0.41839622641509433    0.39610092252980217
0.41933962264150937    0.3984572635322652
0.4202830188679245    0.39822162943200956
0.42122641509433967    0.3932733133266414
0.4221698113207547    0.39256641102596695
0.42311320754716975    0.4041124819384002
0.4240566037735849    0.39515838612868637
0.42500000000000004    0.4001067022340546
0.4259433962264151    0.3951583861287794
0.4268867924528301    0.39539402022894204
0.42783018867924527    0.3944514838279195
0.4287735849056604    0.4151872846504147
0.42971698113207546    0.41730799155281356
0.4306603773584905    0.39515838612868637
0.43160377358490565    0.4125953095476028
0.4325471698113208    0.4229632099588504
0.43349056603773584    0.4220206735579272
0.4344339622641509    0.4147160164499034
0.435377358490566    0.4309747693675417
0.4363207547169812    0.42885406246524105
0.4372641509433962    0.4213137712571602
0.43820754716981125    0.4274402578637073
0.4391509433962264    0.4187217961542491
0.44009433962264155    0.43992886517725555
0.4410377358490566    0.42696898966329655
0.4419811320754716    0.43450928087137614
0.4429245283018868    0.4404001333777668
0.4438679245283019    0.42367011225961726
0.44481132075471697    0.45760142269653525
0.445754716981132    0.46372790930307384
0.44669811320754715    0.4672624208069082
0.4476415094339623    0.46537734800486324
0.44858490566037745    0.4486473268867137
0.4495283018867925    0.46561298210522845
0.45047169811320753    0.4434633766810899
0.4514150943396227    0.46891185950869757
0.45235849056603783    0.46679115260639703
0.45330188679245287    0.4611359342003705
0.4542452830188679    0.47456707791483266
0.45518867924528306    0.46443481160384076
0.4561320754716982    0.4665555185061414
0.45707547169811324    0.46749805490727386
0.4580188679245283    0.47857285761917834
0.45896226415094343    0.48493497832608023
0.4599056603773586    0.4889407580304259
0.4608490566037736    0.48022229632108077
0.46179245283018866    0.4934178059352829
0.4627358490566038    0.4778659553184114
0.46367924528301896    0.49082583083247094
0.464622641509434    0.4960097810382115
0.46556603773584904    0.494595976436561
0.4665094339622642    0.5096765588529211
0.46745283018867934    0.49718795153937284
0.4683962264150944    0.5033144381461376
0.4693396226415094    0.5169812159608456
0.47028301886792456    0.4835211737245465
0.4712264150943397    0.5134467044570111
0.47216981132075475    0.5115616316550865
0.4731132075471698    0.510383461153688
0.47405660377358494    0.5146248749582893
0.4750000000000001    0.4981304879403954
0.4759433962264151    0.5299410914750298
0.47688679245283017    0.5082627542513873
0.4778301886792453    0.5308836278759275
0.47877358490566047    0.5146248749582893
0.4797169811320755    0.5106190952540638
0.48066037735849054    0.5407802600866639
0.4816037735849057    0.5452573079915207
0.48254716981132084    0.5271134822718374
0.4834905660377359    0.5544470379016208
0.4844339622641509    0.5570390130043021
0.48537735849056607    0.5398377236856413
0.4863207547169812    0.5516194286984227
0.48726415094339626    0.5674069134156833
0.4882075471698113    0.5542114038012346
0.48915094339622645    0.5775391797265417
0.4900943396226416    0.5664643770145272
0.49103773584905663    0.5796598866289788
0.49198113207547167    0.5648149383127378
0.4929245283018868    0.5782460820273086
0.49386792452830197    0.5730621318216848
0.494811320754717    0.5782460820274447
0.49575471698113205    0.5692919862175948
0.4966981132075472    0.5860220073357443
0.49764150943396235    0.5789529843280754
0.4985849056603774    0.6001600533512231
0.4995283018867924    0.5815449594308874
0.5004716981132076    0.5732977659219404
0.5014150943396227    0.5841369345336992
0.5023584905660378    0.5855507391353708
0.5033018867924528    0.5952117372457137
0.504245283018868    0.5895565188395786
0.5051886792452831    0.5940335667444356
0.5061320754716981    0.6114704901634959
0.5070754716981132    0.6178326108702539
0.5080188679245283    0.5973324441480143
0.5089622641509435    0.599453151050315
0.5099056603773585    0.6131199288652857
0.5108490566037736    0.587435811937278
0.5117924528301887    0.6046371012559388
0.5127358490566039    0.6091141491607956
0.5136792452830189    0.6317350227854845
0.5146226415094339    0.6011025897521044
0.5155660377358491    0.6020451261531269
0.5165094339622642    0.6145337334666751
0.5174528301886793    0.6211314882739789
0.5183962264150943    0.6216027564743439
0.5193396226415095    0.6138268311659082
0.5202830188679246    0.6046371012559388
0.5212264150943396    0.6098210514617061
0.5221698113207547    0.6383327775924935
0.5231132075471698    0.6324419250861028
0.524056603773585    0.6456374347004178
0.525    0.6093497832611947
0.5259433962264151    0.6331488273868696
0.5268867924528302    0.6380971434922378
0.5278301886792454    0.6244303656774114
0.5287735849056604    0.6439879959987801
0.5297169811320754    0.6343269978881478
0.5306603773584906    0.6218383905745996
0.5316037735849057    0.6380971434922378
0.5325471698113208    0.6529420918084959
0.5334905660377358    0.6534133600088535
0.534433962264151    0.6296143158830352
0.5353773584905661    0.6234878292763889
0.5363207547169812    0.6512926531067061
0.5372641509433962    0.6456374347004178
0.5382075471698113    0.638568411692749
0.5391509433962265    0.6618961876180561
0.5400943396226415    0.6805112815384108
0.5410377358490566    0.6661376014226574
0.5419811320754717    0.6581260420139661
0.5429245283018869    0.6371546070912153
0.5438679245283019    0.6757985995332971
0.5448113207547169    0.6611892853172893
0.5457547169811321    0.6710859175280256
0.5466981132075472    0.6588329443147329
0.5476415094339623    0.6800400133378994
0.5485849056603773    0.6618961876180561
0.5495283018867925    0.6734422585305819
0.5504716981132076    0.6769767700344163
0.5514150943396227    0.6715571857286949
0.5523584905660377    0.6703790152272586
0.5533018867924528    0.6670801378236799
0.554245283018868    0.6739135267310931
0.555188679245283    0.6666088696233256
0.5561320754716981    0.6743847949316043
0.5570754716981132    0.6734422585305819
0.5580188679245284    0.6724997221295593
0.5589622641509434    0.683338890741479
0.5599056603773584    0.6840457930420851
0.5608490566037736    0.6913504501500094
0.5617924528301887    0.6743847949316043
0.5627358490566038    0.6748560631322744
0.5636792452830188    0.6868734022451526
0.564622641509434    0.6998332777592121
0.5655660377358491    0.6977125708569114
0.5665094339622642    0.7094942758698597
0.5674528301886792    0.7198621762809403
0.5683962264150944    0.7299944425919324
0.5693396226415095    0.702425252862024
0.5702830188679245    0.7184483716795758
0.5712264150943396    0.6913504501500094
0.5721698113207547    0.7215116149827296
0.5731132075471699    0.7186840057796622
0.5740566037735849    0.7139713237747177
0.575    0.7323507835944886
0.5759433962264151    0.7167989329776172
0.5768867924528303    0.7372990996998567
0.5778301886792453    0.747902634211536
0.5787735849056603    0.7000689118594677
0.5797169811320755    0.7307013448926992
0.5806603773584906    0.7146782260753165
0.5816037735849057    0.7274024674892916
0.5825471698113207    0.7304657107924435
0.5834905660377359    0.7182127375791509
0.584433962264151    0.7700522396353889
0.585377358490566    0.7165632988775302
0.5863207547169811    0.7512015116149388
0.5872641509433962    0.713735689674294
0.5882075471698114    0.7269311992886092
0.5891509433962264    0.7540291208181837
0.5900943396226415    0.7509658775146831
0.5910377358490566    0.7504946093141719
0.5919811320754718    0.7469600978103375
0.5929245283018868    0.7547360231189508
0.5938679245283018    0.7490808047126382
0.594811320754717    0.7646326553295095
0.5957547169811321    0.7554429254195401
0.5966981132075472    0.763454484828411
0.5976415094339622    0.7589774369233744
0.5985849056603774    0.7735867511392233
0.5995283018867925    0.7646326553295095
0.6004716981132076    0.7884316994555134
0.6014150943396226    0.7589774369233744
0.6023584905660377    0.7865466266532828
0.6033018867924529    0.7742936534399902
0.6042452830188679    0.7790063354452861
0.605188679245283    0.7651039235300208
0.6061320754716981    0.7893742358563504
0.6070754716981133    0.7681671668333439
0.6080188679245283    0.8053973546739225
0.6089622641509433    0.773822385239479
0.6099056603773585    0.783247749249704
0.6108490566037736    0.8002134044681092
0.6117924528301887    0.7867822607537236
0.6127358490566037    0.8150583527842136
0.6136792452830189    0.8065755251750111
0.614622641509434    0.8247193508946944
0.6155660377358491    0.7808914082473315
0.6165094339622641    0.7884316994553279
0.6174528301886792    0.794558186061974
0.6183962264150944    0.8030410136711766
0.6193396226415094    0.8068111592754567
0.6202830188679245    0.8289607646992957
0.6212264150943396    0.794558186061974
0.6221698113207548    0.8277825941980175
0.6231132075471698    0.8117594753808259
0.6240566037735849    0.8136445481826798
0.625    0.8230699121929049
0.6259433962264151    0.8376792264087539
0.6268867924528302    0.8169434255864509
0.6278301886792452    0.8294320328998068
0.6287735849056604    0.8299033011003182
0.6297169811320755    0.8468689563187233
0.6306603773584906    0.8190641324887521
0.6316037735849056    0.8412137379125882
0.6325471698113208    0.8633633433366171
0.6334905660377359    0.8438057130154001
0.6344339622641509    0.8412137379127862
0.635377358490566    0.8713749027453085
0.6363207547169811    0.8626564410358503
0.6372641509433963    0.8657196843391735
0.6382075471698113    0.8504034678227579
0.6391509433962264    0.8810359008557892
0.6400943396226415    0.8635989774368728
0.6410377358490567    0.8716105368455641
0.6419811320754717    0.8694898299434681
0.6429245283018867    0.8883405579637136
0.6438679245283019    0.9111970656885094
0.644811320754717    0.9034211403800737
0.6457547169811321    0.9017717016784966
0.6466981132075471    0.9373524508168841
0.6476415094339623    0.8961164832721493
0.6485849056603774    0.9467778148271091
0.6495283018867924    0.9043636767813091
0.6504716981132075    0.9114326997887651
0.6514150943396226    0.9425364010225078
0.6523584905660378    0.9210936978992458
0.6533018867924528    0.9335823052130138
0.6542452830188679    0.9137890407913214
0.655188679245283    0.9364099144158615
0.6561320754716982    0.9446571079248086
0.6570754716981132    0.9302834278094342
0.6580188679245282    0.9628009336444917
0.6589622641509434    0.9481916194286429
0.6599056603773585    0.9413582305212296
0.6608490566037736    0.9514904968324456
0.6617924528301886    0.9472490830276205
0.6627358490566038    0.9785884183616188
0.6636792452830189    0.9623296654439806
0.664622641509434    0.9894275869736106
0.665566037735849    0.9856574413692876
0.6665094339622641    0.9901344892741445
0.6674528301886793    0.9913126597754225
0.6683962264150943    0.967513615649832
0.6693396226415094    1.0054507057907602
0.6702830188679245    0.9604445926419355
0.6712264150943397    0.9917839279759338
0.6721698113207547    1.0243014338114513
0.6731132075471697    0.9948471712792569
0.6740566037735849    1.0136978992997072
0.675    1.006864510392294
0.6759433962264151    0.9981460486830707
0.6768867924528301    0.9903701233744002
0.6778301886792453    1.0247727020117217
0.6787735849056604    1.033255529620924
0.6797169811320755    1.00309436478844
0.6806603773584905    1.0287784817160674
0.6816037735849056    1.0360831388239917
0.6825471698113208    1.0513993553406074
0.6834905660377358    1.0177036790042924
0.6844339622641509    1.0111059241968954
0.685377358490566    1.0365544070245032
0.6863207547169812    1.0125197287984289
0.6872641509433962    1.0389107480273039
0.6882075471698113    1.0330198955206686
0.6891509433962264    1.0528131599421413
0.6900943396226416    1.0629454262531333
0.6910377358490567    1.0311348227186234
0.6919811320754717    1.0627097921531277
0.6929245283018868    1.05611203734572
0.6938679245283019    1.0813248860730722
0.6948113207547171    1.0464510392352393
0.6957547169811321    1.0506924530400878
0.6966981132075472    1.065537401355945
0.6976415094339623    1.0254796043124885
0.6985849056603775    1.0650661331554339
0.6995283018867925    1.0768478381684685
0.7004716981132075    1.0669512059574788
0.7014150943396227    1.0664799377569676
0.7023584905660378    1.0773191063687264
0.7033018867924529    1.0631810603536391
0.7042452830188679    1.0634166944536445
0.7051886792452831    1.0528131599421413
0.7061320754716982    1.0509280871400961
0.7070754716981132    1.081089251973071
0.7080188679245283    1.0568189396464869
0.7089622641509434    1.0650661331554339
0.7099056603773586    1.0620028898521106
0.7108490566037736    1.0749627653664233
0.7117924528301887    1.0947560297876429
0.7127358490566038    1.1020606868955674
0.713679245283019    1.087687006779974
0.714622641509434    1.0737845948651448
0.715566037735849    1.102296320995823
0.7165094339622642    1.040324552628593
0.7174528301886793    1.0836812270756284
0.7183962264150944    1.080146715572048
0.7193396226415094    1.0810892519728166
0.7202830188679246    1.0853306657774178
0.7212264150943397    1.0803823496720495
0.7221698113207548    1.072842058464122
0.7231132075471698    1.0980549071912216
0.7240566037735849    1.095934200288921
0.7250000000000001    1.1128998555073262
0.7259433962264151    1.1022963209960823
0.7268867924528302    1.1194976103144836
0.7278301886792453    1.070014449260802
0.7287735849056605    1.1161987329109049
0.7297169811320755    1.1227964877183267
0.7306603773584905    1.1251528287206187
0.7316037735849057    1.1032388573968455
0.7325471698113208    1.080853617872561
0.7334905660377359    1.0912215182840654
0.7344339622641509    1.1388196065354452
0.7353773584905661    1.1018250527953117
0.7363207547169812    1.1131354896075818
0.7372641509433963    1.1067733689009402
0.7382075471698113    1.1143136601088597
0.7391509433962264    1.1055951983994017
0.7400943396226416    1.1253884628208743
0.7410377358490566    1.1164343670114232
0.7419811320754717    1.1301011448259868
0.7429245283018868    1.094049127486876
0.743867924528302    1.100882516394289
0.744811320754717    1.1359919973326449
0.745754716981132    1.1520151161497603
0.7466981132075472    1.0909858841835527
0.7476415094339623    1.1020606868955674
0.7485849056603774    1.1185550739137244
0.7495283018867924    1.1251528287206187
0.7504716981132076    1.1133711237078374
0.7514150943396227    1.1352850950316107
0.7523584905660378    1.1157274647106563
0.7533018867924528    1.1303367789262426
0.754245283018868    1.1319862176280318
0.7551886792452831    1.1315149494275207
0.7561320754716981    1.1534289207515656
0.7570754716981132    1.1366988996331444
0.7580188679245283    1.1506013115482263
0.7589622641509435    1.095227297988154
0.7599056603773585    1.1237390241193495
0.7608490566037736    1.135756363232122
0.7617924528301887    1.1242102923195962
0.7627358490566039    1.1458886295431139
0.7636792452830189    1.1626186506615372
0.7646226415094339    1.1084228076024691
0.7655660377358491    1.1235033900188294
0.7665094339622642    1.122325219517551
0.7674528301886793    1.1308080471270199
0.7683962264150943    1.1216183172167842
0.7693396226415095    1.1296298766254755
0.7702830188679246    1.1138423919083487
0.7712264150943396    1.137405801934179
0.7721698113207547    1.1355207291318663
0.7731132075471698    1.1157274647103936
0.774056603773585    1.1258597310213856
0.775    1.1369345337336678
0.7759433962264151    1.1374058019339113
0.7768867924528302    1.119261976214228
0.7778301886792454    1.1369345337334
0.7787735849056604    1.1409403134380143
0.7797169811320754    1.1173769034121832
0.7806603773584906    1.1480093364454145
0.7816037735849057    1.1355207291318663
0.7825471698113208    1.127037901522929
0.7834905660377358    1.1480093364454145
0.784433962264151    1.1272735356229193
0.7853773584905661    1.1355207291318663
0.7863207547169812    1.1157274647106563
0.7872641509433962    1.1409403134377458
0.7882075471698113    1.1567277981548727
0.7891509433962265    1.1510725797487376
0.7900943396226415    1.1553139935536108
0.7910377358490566    1.1477737023451589
0.7919811320754717    1.1114860509057922
0.7929245283018869    1.1489518728464372
0.7938679245283019    1.1407046793377587
0.7948113207547169    1.1119573191063035
0.7957547169811321    1.1465955318438807
0.7966981132075472    1.1187907080137167
0.7976415094339623    1.1178481716129574
0.7985849056603773    1.1088940758029804
0.7995283018867925    1.1322218517282874
0.8004716981132076    1.1197332444147392
0.8014150943396227    1.1251528287208836
0.8023584905660377    1.1263309992218968
0.8033018867924528    1.1263309992218968
0.804245283018868    1.1128998555073262
0.805188679245283    1.124210292319861
0.8061320754716981    1.0872157385794627
0.8070754716981132    1.1301011448259868
0.8080188679245284    1.1310436812270095
0.8089622641509434    1.0867444703792073
0.8099056603773584    1.0949916638878985
0.8108490566037736    1.082031788373839
0.8117924528301887    1.1100722463042587
0.8127358490566038    1.057290207847247
0.8136792452830188    1.074491497165659
0.814622641509434    1.0975836389907103
0.8155660377358491    1.060589085250577
0.8165094339622642    1.102531955096338
0.8174528301886792    1.0587040124485319
0.8183962264150944    1.0973480048904547
0.8193396226415095    1.087687006779974
0.8202830188679245    1.0787329109705142
0.8212264150943396    1.0431521618316606
0.8221698113207547    1.0792041791707714
0.8231132075471699    1.0954629320884097
0.8240566037735849    1.0872157385797185
0.825    1.0424452595308937
0.8259433962264151    1.0695431810602907
0.8268867924528303    1.0631810603533889
0.8278301886792453    1.0667155718574743
0.8287735849056603    1.0539913304434194
0.8297169811320755    1.103474491497101
0.8306603773584906    1.0598821829498102
0.8316037735849057    1.064594864955173
0.8325471698113207    1.064830499055178
0.8334905660377359    1.0612959875513437
0.834433962264151    1.0537556963431638
0.835377358490566    1.053520062243156
0.8363207547169811    1.0768478381682152
0.8372641509433962    1.039146382127315
0.8382075471698114    1.0462154051349837
0.8391509433962264    1.046922307435997
0.8400943396226415    1.070014449260802
0.8410377358490566    1.066244303656712
0.8419811320754718    1.029014115816323
0.8429245283018868    1.0589396465490368
0.8438679245283018    1.0469223074357508
0.844811320754717    1.0608247193508327
0.8457547169811321    1.0759053017671927
0.8466981132075472    1.0391463821275595
0.8476415094339622    1.0711926197620802
0.8485849056603774    1.0704857174613134
0.8495283018867925    1.0792041791707714
0.8504716981132076    1.033491163721423
0.8514150943396226    1.0511637212403517
0.8523584905660377    1.053048794042397
0.8533018867924529    1.064359230854667
0.8542452830188679    1.0671868400579856
0.855188679245283    1.0603534511503214
0.8561320754716981    1.075669667666937
0.8570754716981133    1.061767255751855
0.8580188679245283    1.0671868400579856
0.8589622641509433    1.0620028898521106
0.8599056603773585    1.0544625986439304
0.8608490566037736    1.0681293764587572
0.8617924528301887    1.070014449261054
0.8627358490566037    1.077554740468982
0.8636792452830189    1.0742558630654033
0.864622641509434    1.0582327442480206
0.8655660377358491    1.0768478381684685
0.8665094339622641    1.118555073913461
0.8674528301886792    1.0612959875513437
0.8683962264150944    1.0923996887850866
0.8693396226415094    1.0815605201735823
0.8702830188679245    1.095934200288921
0.8712264150943396    1.113606757808093
0.8721698113207548    1.1253884628208743
0.8731132075471698    1.0888651772815086
0.8740566037735849    1.128216072023942
0.875    1.1166700011114161
0.8759433962264151    1.109129709903236
0.8768867924528302    1.1110147827055428
0.8778301886792452    1.1329287540290545
0.8787735849056604    1.1562565299543615
0.8797169811320755    1.144003556741069
0.8806603773584906    1.1371701678339234
0.8816037735849056    1.1355207291318663
0.8825471698113208    1.1619117483604966
0.8834905660377359    1.1581416027564064
0.8844339622641509    1.164739357563838
0.885377358490566    1.186888962987593
0.8863207547169811    1.212808714015712
0.8872641509433963    1.1958430587973068
0.8882075471698113    1.2493319995556282
0.8891509433962264    1.230952539735395
0.8900943396226415    1.243676781149199
0.8910377358490567    1.2604068022673485
0.8919811320754717    1.281378237190401
0.8929245283018867    1.2684183616760398
0.8938679245283019    1.2912748694008356
0.894811320754717    1.3197865955317665
0.8957547169811321    1.3155451817274748
0.8966981132075471    1.334631543847871
0.8976415094339623    1.3812870956984853
0.8985849056603774    1.407913749027371
0.8995283018867924    1.3680915860844922
0.9004716981132075    1.3874135823051315
0.9014150943396226    1.4352473046570238
0.9023584905660378    1.4272357452483324
0.9033018867924528    1.4559831054798618
0.9042452830188679    1.4418450594641814
0.905188679245283    1.4694142491940898
0.9061320754716982    1.509707680337802
0.9070754716981132    1.5163054351453165
0.9080188679245282    1.508529509836524
0.9089622641509434    1.5401044792707779
0.9099056603773585    1.5080582416360124
0.9108490566037736    1.5082938757366233
0.9117924528301886    1.536098699566432
0.9127358490566038    1.5372768700677104
0.9136792452830189    1.5497654773812584
0.914622641509434    1.5082938757366233
0.915566037735849    1.5353917972656652
0.9165094339622641    1.5177192397464931
0.9174528301886793    1.488736245415051
0.9183962264150943    1.509943314438413
0.9193396226415094    1.5007535845280882
0.9202830188679245    1.4661153717905109
0.9212264150943397    1.4385461820606027
0.9221698113207547    1.4380749138604298
0.9231132075471697    1.4126264310324836
0.9240566037735849    1.3709191952872377
0.925    1.2938668445036476
0.9259433962264151    1.2893897965990941
0.9268867924528301    1.2776080915860093
0.9278301886792453    1.2189352006223584
0.9287735849056604    1.188774035789638
0.9297169811320755    1.1468311659444064
0.9306603773584905    1.1216183172167842
0.9316037735849056    1.0872157385794627
0.9325471698113208    1.0431521618316606
0.933490566037736    1.013226631099196
0.934433962264151    0.9807091252641502
0.935377358490566    0.9321685006112602
0.9363207547169812    0.8749094142491429
0.9372641509433963    0.876087584750421
0.9382075471698114    0.8600644659332408
0.9391509433962264    0.7929087473601847
0.9400943396226416    0.7801845059463808
0.9410377358490567    0.7625119484272088
0.9419811320754717    0.7410692453041212
0.9429245283018868    0.7328220517949998
0.9438679245283019    0.7097299099699483
0.9448113207547171    0.7231610536845191
0.9457547169811321    0.7118506168724166
0.9466981132075472    0.7255173946870754
0.9476415094339623    0.7156207624763391
0.9485849056603775    0.7351783927975561
0.9495283018867925    0.7398910748028428
0.9504716981132075    0.7655751917305319
0.9514150943396227    0.7429543181059918
0.9523584905660378    0.7886673335555834
0.9533018867924529    0.8308458375015363
0.9542452830188679    0.840742469712077
0.9551886792452831    0.8987084583749612
0.9561320754716982    0.8930532399688261
0.9570754716981132    0.9203867955986955
0.9580188679245283    0.9397087918194403
0.9589622641509434    0.9865999777703102
0.9599056603773586    1.0005023896853922
0.9608490566037736    1.0038012670892071
0.9617924528301887    1.0947560297876429
0.9627358490566038    1.0657730354562007
0.963679245283019    1.087687006779974
0.964622641509434    1.092870956985855
0.965566037735849    1.0964054684894322
0.9665094339622642    1.0853306657774178
0.9674528301886793    1.1006468822940334
0.9683962264150944    1.1030032232968494
0.9693396226415094    1.1232677559185738
0.9702830188679246    1.0945203956873872
0.9712264150943397    1.0956985661886653
0.9721698113207548    1.1112504168057984
0.9731132075471698    1.128687340224453
0.9740566037735849    1.1242102923195962
0.9750000000000001    1.1576703345558952
0.9759433962264151    1.1576703345561676
0.9768867924528302    1.1498944092474594
0.9778301886792453    1.2318950761364176
0.9787735849056605    1.230952539735395
0.9797169811320755    1.2361364899413099
0.9806603773584905    1.270774702678596
0.9816037735849057    1.2592286317660704
0.9825471698113208    1.2104523730131556
0.9834905660377359    1.112899855507588
0.9844339622641509    0.9762320773590626
0.9853773584905661    0.809167500277823
0.9863207547169812    0.5808380571301205
0.9872641509433963    0.4102389685451431
0.9882075471698113    0.2542491941758215
0.9891509433962264    0.14114482605312054
0.9900943396226416    0.06385684116927491
0.9910377358490566    0.032753139935539854
0.9919811320754717    0.006833388907413182
0.9929245283018868    0.00023563410025562696
0.993867924528302    0.00023563410025562696
0.994811320754717    0.0
0.995754716981132    0.0
0.9966981132075472    0.0
0.9976415094339623    0.0
0.9985849056603774    0.0
0.9995283018867924    0.0