-0.9995283018867924    0.0
-0.9985849056603773    0.0
-0.9976415094339622    0.0
-0.9966981132075472    0.0
-0.995754716981132    0.0
-0.9948113207547169    0.0
-0.9938679245283019    0.0
-0.9929245283018868    0.0
-0.9919811320754717    0.0
-0.9910377358490565    0.0
-0.9900943396226415    0.0
-0.9891509433962264    0.0
-0.9882075471698113    0.0
-0.9872641509433961    0.0
-0.9863207547169811    0.0
-0.9853773584905661    0.0
-0.9844339622641509    0.0
-0.9834905660377358    0.0
-0.9825471698113207    0.0
-0.9816037735849057    0.0
-0.9806603773584905    0.0
-0.9797169811320754    0.0
-0.9787735849056604    0.0
-0.9778301886792453    0.0
-0.9768867924528302    0.0
-0.975943396226415    0.0
-0.975    0.0
-0.9740566037735849    0.00023563410025565466
-0.9731132075471698    0.0004712682005112539
-0.9721698113207546    0.0004712682005113093
-0.9712264150943396    0.0018850728020450157
-0.9702830188679246    0.0023563410025565466
-0.9693396226415094    0.004477047904856912
-0.9683962264150943    0.008718461709459223
-0.9674528301886792    0.01861509392019453
-0.9665094339622642    0.021678337223520232
-0.965566037735849    0.04665555185061414
-0.9646226415094339    0.0504256974547101
-0.9636792452830188    0.07634544848282314
-0.9627358490566038    0.09425364010226187
-0.9617924528301887    0.13596087584749675
-0.9608490566037735    0.16871401578304876
-0.9599056603773585    0.19911081471600478
-0.9589622641509434    0.24364565966434695
-0.9580188679245283    0.29100811381569924
-0.9570754716981131    0.3298877403579165
-0.9561320754716981    0.4029343114371221
-0.9551886792452831    0.4295609647660585
-0.9542452830188679    0.4752739802155996
-0.9533018867924528    0.5417227964877501
-0.9523584905660377    0.5855507391352329
-0.9514150943396227    0.6461087029010052
-0.9504716981132075    0.6849883294431075
-0.9495283018867924    0.7222185172835816
-0.9485849056603773    0.7653395576302764
-0.9476415094339623    0.7966788929643686
-0.9466981132075472    0.8395642992107989
-0.945754716981132    0.846162054018056
-0.944811320754717    0.9133177725908102
-0.9438679245283019    0.9227431366011438
-0.9429245283018868    0.9960253417805351
-0.9419811320754716    0.9880137823719601
-0.9410377358490566    1.039853284428082
-0.9400943396226416    1.0334911637213016
-0.9391509433962264    1.0287784817160674
-0.9382075471698113    1.0356118706236022
-0.9372641509433962    1.074491497165659
-0.9363207547169812    1.0648304990553035
-0.935377358490566    1.0563476714459756
-0.9344339622641509    1.0629454262532583
-0.9334905660377358    1.0801467155717939
-0.9325471698113208    1.080146715571921
-0.9316037735849056    1.0770834722684708
-0.9306603773584905    1.1282160720240746
-0.9297169811320755    1.1235033900188294
-0.9287735849056604    1.1166700011115476
-0.9278301886792453    1.1178481716126942
-0.9268867924528301    1.0994687117928847
-0.9259433962264151    1.1581416027564064
-0.925    1.1666244303657465
-0.9240566037735849    1.1517794820495046
-0.9231132075471697    1.1637968211626786
-0.9221698113207547    1.226711125930794
-0.9212264150943397    1.1850038901856874
-0.9202830188679245    1.1633255529620303
-0.9193396226415094    1.179819939980063
-0.9183962264150943    1.1824119150827361
-0.9174528301886793    1.2109236412138094
-0.9165094339622641    1.200084472601908
-0.915566037735849    1.2432055129488342
-0.914622641509434    1.267711459375273
-0.9136792452830189    1.2502745359565037
-0.9127358490566038    1.2764299210847314
-0.9117924528301886    1.2724241413805353
-0.9108490566037736    1.2684183616760398
-0.9099056603773585    1.2816138712905059
-0.9089622641509434    1.2660620206734838
-0.9080188679245282    1.2472112926531802
-0.9070754716981132    1.3021140380125944
-0.9061320754716982    1.2314238079360513
-0.905188679245283    1.267711459375273
-0.9042452830188679    1.236607758141676
-0.9033018867924528    1.2547515838612135
-0.9023584905660378    1.25969989996673
-0.9014150943396226    1.2389640991440865
-0.9004716981132075    1.2245904190286374
-0.8995283018867924    1.2201133711236365
-0.8985849056603774    1.2457974880516463
-0.8976415094339623    1.2118661776146895
-0.8966981132075471    1.1850038901856874
-0.8957547169811321    1.220349005223892
-0.894811320754717    1.2052684228076738
-0.8938679245283019    1.2194064688228696
-0.8929245283018867    1.23095253973554
-0.8919811320754717    1.2062109592085544
-0.8910377358490567    1.1875958652884997
-0.8900943396226415    1.2005557408024192
-0.8891509433962264    1.2229409803268478
-0.8882075471698113    1.1809981104812024
-0.8872641509433963    1.2106880071135537
-0.8863207547169811    1.1930154495942393
-0.885377358490566    1.163561187062423
-0.8844339622641509    1.194429254195773
-0.8834905660377359    1.1786417694787847
-0.8825471698113208    1.203147715905231
-0.8816037735849056    1.1616761142603775
-0.8806603773584906    1.1548427253528277
-0.8797169811320755    1.1649749916639567
-0.8787735849056604    1.1708658441702102
-0.8778301886792452    1.1779348671780179
-0.8768867924528302    1.1520151161497603
-0.8759433962264151    1.1357563632322556
-0.875    1.1235033900188294
-0.8740566037735849    1.1447104590419706
-0.8731132075471698    1.1213826831165286
-0.8721698113207548    1.1477737023452939
-0.8712264150943396    1.142118483939024
-0.8702830188679245    1.1027675891964641
-0.8693396226415094    1.1128998555073262
-0.8683962264150944    1.119026342114104
-0.8674528301886792    1.1055951983994017
-0.8665094339622641    1.1117216850061789
-0.8655660377358491    1.100882516394289
-0.864622641509434    1.1015894186951856
-0.8636792452830189    1.1126642214070706
-0.8627358490566037    1.0997043458931404
-0.8617924528301887    1.1020606868955674
-0.8608490566037736    1.0511637212404756
-0.8599056603773585    1.0803823496720495
-0.8589622641509433    1.0601178170501904
-0.8580188679245283    1.0883939090807409
-0.8570754716981133    1.0438590641325503
-0.8561320754716981    1.0511637212403517
-0.855188679245283    1.0629454262532583
-0.8542452830188679    1.0641235967544114
-0.8533018867924529    1.0356118706236022
-0.8523584905660377    1.046686673335495
-0.8514150943396226    1.054933866844566
-0.8504716981132076    1.0306635545181122
-0.8495283018867925    1.0005023896855096
-0.8485849056603774    1.035847504723736
-0.8476415094339622    1.0038012670890888
-0.8466981132075472    0.9913126597754225
-0.8457547169811321    1.01676114260315
-0.844811320754717    1.0009736578859034
-0.8438679245283018    0.9969678781816749
-0.8429245283018868    1.0238301656106992
-0.8419811320754718    0.9774102478604557
-0.8410377358490566    0.9795309547626413
-0.8400943396226415    0.9668067133489512
-0.8391509433962264    0.9359386462153503
-0.8382075471698114    0.9644503723463946
-0.8372641509433962    0.9415938646214852
-0.8363207547169811    0.9347604757141822
-0.835377358490566    0.9187373568966896
-0.834433962264151    0.9024786039791575
-0.8334905660377359    0.9119039679892763
-0.8325471698113207    0.891875069467653
-0.8316037735849057    0.8803289985550222
-0.8306603773584906    0.8643058797377414
-0.8297169811320755    0.8864554851616686
-0.8287735849056603    0.8478114927198456
-0.8278301886792453    0.8496965655217908
-0.8268867924528303    0.8522885406247029
-0.8259433962264151    0.8471045904189789
-0.825    0.8357941536068072
-0.8240566037735849    0.8643058797376397
-0.8231132075471699    0.8487540291208682
-0.8221698113207547    0.8251906190952056
-0.8212264150943396    0.8254262531955584
-0.8202830188679245    0.8449838835166782
-0.8193396226415095    0.7910236745582327
-0.8183962264150944    0.8169434255862587
-0.8174528301886792    0.8190641324885592
-0.816509433962264    0.7757074580416152
-0.8155660377358491    0.8094031343781739
-0.814622641509434    0.7874891630543053
-0.8136792452830188    0.7801845059463808
-0.8127358490566037    0.785368456152097
-0.8117924528301887    0.7827764810492849
-0.8108490566037736    0.7815983105479146
-0.8099056603773584    0.7728798488384564
-0.8089622641509433    0.7573279982216742
-0.8080188679245284    0.7561498277203959
-0.8070754716981132    0.7653395576302764
-0.8061320754716981    0.7596843392241414
-0.8051886792452829    0.7585061687229525
-0.804245283018868    0.7735867511393143
-0.8033018867924528    0.7530865844169838
-0.8023584905660377    0.7509658775146831
-0.8014150943396225    0.7408336112037783
-0.8004716981132076    0.7474313660109366
-0.7995283018867925    0.7606268756251637
-0.7985849056603773    0.7398910748026687
-0.7976415094339622    0.7215116149828147
-0.7966981132075472    0.7179771034789799
-0.7957547169811321    0.7523796821162169
-0.7948113207547169    0.7226897854840079
-0.7938679245283018    0.7262242969879277
-0.7929245283018869    0.7031321551628735
-0.7919811320754717    0.6972413026564002
-0.7910377358490566    0.7125575191730159
-0.7900943396226414    0.6995976436590388
-0.7891509433962265    0.7059597643659414
-0.7882075471698113    0.7252817605868197
-0.7872641509433962    0.7005401800599789
-0.786320754716981    0.7007758141603171
-0.7853773584905661    0.6894653773480456
-0.784433962264151    0.6816894520395288
-0.7834905660377358    0.7071379348671365
-0.7825471698113207    0.6946493275536699
-0.7816037735849057    0.7245748582861381
-0.7806603773584906    0.7097299099699483
-0.7797169811320754    0.6760342336333938
-0.7787735849056603    0.6788618428365412
-0.7778301886792454    0.6701433811270819
-0.7768867924528302    0.6802756474379951
-0.7759433962264151    0.6717928198287925
-0.7749999999999999    0.6802756474380751
-0.774056603773585    0.6809825497388421
-0.7731132075471698    0.6755629654328824
-0.7721698113207547    0.6878159386461751
-0.7712264150943395    0.6717928198288715
-0.7702830188679246    0.6937067911526474
-0.7693396226415095    0.6819250861397844
-0.7683962264150943    0.6774480382349275
-0.7674528301886792    0.6757985995332176
-0.7665094339622642    0.6793331110370525
-0.7655660377358491    0.7076092030676477
-0.7646226415094339    0.6977125708569114
-0.7636792452830188    0.668022674224781
-0.7627358490566039    0.6918217183506021
-0.7617924528301887    0.6861664999443856
-0.7608490566037736    0.6753273313326269
-0.7599056603773584    0.6958274980549483
-0.7589622641509435    0.6842814271424211
-0.7580188679245283    0.6861664999443856
-0.7570754716981132    0.6684939424252136
-0.756132075471698    0.6826319884406316
-0.7551886792452831    0.6668445037235027
-0.754245283018868    0.6729709903300706
-0.7533018867924528    0.6446948982993954
-0.7523584905660377    0.6769767700344959
-0.7514150943396227    0.6534133600089305
-0.7504716981132076    0.6732066244303262
-0.7495283018867924    0.6670801378236799
-0.7485849056603773    0.6345626319884781
-0.7476415094339623    0.659775480715833
-0.7466981132075472    0.6456374347004178
-0.745754716981132    0.6380971434922378
-0.7448113207547169    0.6418672890964033
-0.743867924528302    0.6364477047905233
-0.7429245283018868    0.6232521951761333
-0.7419811320754717    0.6225452928753664
-0.7410377358490565    0.6267867066800415
-0.7400943396226416    0.6074647104590778
-0.7391509433962264    0.6388040457930046
-0.7382075471698113    0.6244303656774114
-0.7372641509433961    0.627729243081064
-0.7363207547169812    0.6119417583639352
-0.7353773584905661    0.6107635878625851
-0.7344339622641509    0.6258441702789452
-0.7334905660377358    0.6331488273869441
-0.7325471698113208    0.5926197621429715
-0.7316037735849057    0.5853151050349774
-0.7306603773584905    0.6100566855618182
-0.7297169811320754    0.5919128598422047
-0.7287735849056605    0.5815449594309557
-0.7278301886792453    0.6199533177725546
-0.7268867924528302    0.5662287429142715
-0.725943396226415    0.6081716127598448
-0.7250000000000001    0.5959186395465507
-0.7240566037735849    0.6140624652661638
-0.7231132075471698    0.5662287429142715
-0.7221698113207546    0.5773035456263539
-0.7212264150943397    0.5615160609092251
-0.7202830188679246    0.5935622985439243
-0.7193396226415094    0.5919128598421349
-0.7183962264150943    0.5853151050350462
-0.7174528301886793    0.5789529843281436
-0.7165094339622642    0.5711770590196398
-0.715566037735849    0.595683005446225
-0.7146226415094339    0.5876714460376028
-0.713679245283019    0.5817805935312115
-0.7127358490566038    0.5676425475158053
-0.7117924528301887    0.5744759364232186
-0.7108490566037735    0.5714126931199626
-0.7099056603773586    0.5676425475158722
-0.7089622641509434    0.5775391797265417
-0.7080188679245283    0.5568033789040465
-0.7070754716981131    0.5937979326442498
-0.7061320754716982    0.5815449594309557
-0.7051886792452831    0.595683005446225
-0.7042452830188679    0.5827231299321655
-0.7033018867924528    0.5671712793153608
-0.7023584905660378    0.5714126931199626
-0.7014150943396227    0.5775391797265417
-0.7004716981132075    0.5890852506390674
-0.6995283018867924    0.5813093253307001
-0.6985849056603775    0.5803667889296775
-0.6976415094339623    0.5763610092252636
-0.6966981132075472    0.5820162276313985
-0.695754716981132    0.589556518839648
-0.6948113207547171    0.5629298655107591
-0.6938679245283019    0.5704701567188729
-0.6929245283018868    0.5919128598421349
-0.6919811320754716    0.582723129932234
-0.6910377358490567    0.576596643325587
-0.6900943396226416    0.5794242525285866
-0.6891509433962264    0.5751828387239853
-0.6882075471698113    0.5709414249194513
-0.6872641509433963    0.5815449594309557
-0.6863207547169812    0.5839013004334436
-0.685377358490566    0.5765966433255191
-0.6844339622641509    0.5796598866289105
-0.683490566037736    0.5735334000222635
-0.6825471698113208    0.5711770590196398
-0.6816037735849056    0.5631654996109484
-0.6806603773584905    0.5360675780816144
-0.6797169811320756    0.5650505724130599
-0.6787735849056604    0.5688207180170834
-0.6778301886792453    0.579188618428331
-0.6768867924528301    0.5869645437368358
-0.6759433962264152    0.5784817161276322
-0.675    0.5582171835055803
-0.6740566037735849    0.5674069134155497
-0.6731132075471697    0.5619873291097365
-0.6721698113207548    0.5789529843281436
-0.6712264150943397    0.5570390130043021
-0.6702830188679245    0.5593953540068584
-0.6693396226415094    0.5579815494053902
-0.6683962264150944    0.5433722351895397
-0.6674528301886793    0.5372457485828295
-0.6665094339622641    0.5483205512948439
-0.665566037735849    0.550676892297465
-0.6646226415094341    0.5549183061020668
-0.6636792452830189    0.5259353117705593
-0.6627358490566038    0.544550405690754
-0.6617924528301886    0.539130821384938
-0.6608490566037737    0.545964210292352
-0.6599056603773585    0.5348894075802731
-0.6589622641509434    0.5407802600866639
-0.6580188679245282    0.5457285761920962
-0.6570754716981133    0.5443147715905624
-0.6561320754716982    0.5433722351894757
-0.655188679245283    0.5334756029787394
-0.6542452830188679    0.5351250416805917
-0.6533018867924529    0.517923752361929
-0.6523584905660378    0.5311192619761831
-0.6514150943396226    0.506613315549598
-0.6504716981132075    0.5044926086473567
-0.6495283018867926    0.4971879515394314
-0.6485849056603774    0.5007224630432072
-0.6476415094339623    0.5009580971434628
-0.6466981132075471    0.5000155607424992
-0.6457547169811322    0.49671668333892005
-0.644811320754717    0.49318217183502727
-0.6438679245283019    0.4879982216294035
-0.6429245283018867    0.48988329443150613
-0.6419811320754718    0.49106146493278435
-0.6410377358490567    0.494595976436561
-0.6400943396226415    0.49106146493272657
-0.6391509433962264    0.5061420473491463
-0.6382075471698113    0.49600978103809473
-0.6372641509433963    0.49223963543406263
-0.6363207547169811    0.506613315549598
-0.635377358490566    0.4816361009225015
-0.6344339622641508    0.4861131488274156
-0.6334905660377359    0.4712682005113094
-0.6325471698113208    0.4766877848171333
-0.6316037735849056    0.4875269534288922
-0.6306603773584905    0.47739468711795635
-0.6297169811320755    0.49671668333892005
-0.6287735849056604    0.5092052906524099
-0.6278301886792452    0.4771590530176446
-0.6268867924528301    0.4809291986217912
-0.6259433962264151    0.48540624652664865
-0.625    0.4606646659997507
-0.6240566037735849    0.48729131932863656
-0.6231132075471697    0.47621651661667813
-0.6221698113207548    0.4811648327220469
-0.6212264150943396    0.4795153940202008
-0.6202830188679245    0.4646704457040964
-0.6193396226415093    0.4792797599200016
-0.6183962264150944    0.46985439590977546
-0.6174528301886792    0.4712682005112539
-0.6165094339622641    0.4837568078248021
-0.615566037735849    0.4821073691230695
-0.614622641509434    0.4788084917194903
-0.6136792452830189    0.4658486162053745
-0.6127358490566037    0.4707969323107426
-0.6117924528301886    0.4571301544959701
-0.6108490566037736    0.49388907413585226
-0.6099056603773585    0.4540669111925932
-0.6089622641509433    0.4715038346115095
-0.6080188679245282    0.4811648327220469
-0.6070754716981133    0.4724463710125877
-0.6061320754716981    0.4538312770923375
-0.605188679245283    0.47503834611534396
-0.6042452830188678    0.4493542291875335
-0.6033018867924529    0.44699788818497693
-0.6023584905660377    0.48964766033119284
-0.6014150943396226    0.4554807157941269
-0.6004716981132074    0.4623141047015945
-0.5995283018867925    0.47409580971437726
-0.5985849056603774    0.4474691563854356
-0.5976415094339622    0.45736578859617194
-0.5966981132075471    0.45571634989443616
-0.5957547169811321    0.4484116927865109
-0.594811320754717    0.45595198399463815
-0.5938679245283018    0.46844059130818644
-0.5929245283018867    0.45006113148830046
-0.5919811320754718    0.4583083249972484
-0.5910377358490566    0.4590152272979613
-0.5900943396226415    0.4561876180948938
-0.5891509433962263    0.4580726908969927
-0.5882075471698114    0.45147493608983436
-0.5872641509433962    0.4524174724908038
-0.5863207547169811    0.4514749360897813
-0.5853773584905659    0.44581971768369866
-0.584433962264151    0.45477381349341356
-0.5834905660377359    0.4387506946759774
-0.5825471698113207    0.46019339779923946
-0.5816037735849056    0.4484116927865109
-0.5806603773584906    0.44087140157832994
-0.5797169811320755    0.44393464488160117
-0.5787735849056603    0.4540669111925932
-0.5778301886792452    0.4415783038790969
-0.5768867924528303    0.44087140157832994
-0.5759433962264151    0.43144603756805294
-0.575    0.43662998777367673
-0.5740566037735848    0.42767589196401323
-0.5731132075471699    0.4481760586862552
-0.5721698113207547    0.42602645326217353
-0.5712264150943396    0.44087140157827803
-0.5702830188679244    0.43097476936759244
-0.5693396226415095    0.44275647438037513
-0.5683962264150944    0.4326242080693311
-0.5674528301886792    0.44911859508722496
-0.566509433962264    0.44016449927756296
-0.5655660377358491    0.45642325219520313
-0.564622641509434    0.43450928087137614
-0.5636792452830188    0.4243770145603841
-0.5627358490566037    0.4281471601645246
-0.5617924528301887    0.4305035011670811
-0.5608490566037736    0.44464154718236804
-0.5599056603773584    0.43380237857060927
-0.5589622641509433    0.4274402578637576
-0.5580188679245284    0.4279115260642689
-0.5570754716981132    0.4135378459486253
-0.5561320754716981    0.4177792597532266
-0.5551886792452829    0.4220206735578776
-0.554245283018868    0.42154940535736624
-0.5533018867924528    0.42343447815936164
-0.5523584905660377    0.42343447815936164
-0.5514150943396225    0.4125953095476514
-0.5504716981132076    0.39963543403359036
-0.5495283018867925    0.41400911414913655
-0.5485849056603773    0.41448038234964785
-0.5476415094339622    0.4050550183394704
-0.5466981132075472    0.43003223296656984
-0.5457547169811321    0.41848616205399347
-0.5448113207547169    0.4041124819384002
-0.5438679245283018    0.3847904857174841
-0.5429245283018869    0.4088251639435609
-0.5419811320754717    0.3920951428253633
-0.5410377358490566    0.4097677003445353
-0.5400943396226414    0.41094587084586176
-0.5391509433962265    0.43097476936759244
-0.5382075471698113    0.4095320662442796
-0.5372641509433962    0.3824341447148826
-0.536320754716981    0.3946871179282216
-0.5353773584905661    0.4137734800489296
-0.534433962264151    0.37795709681002565
-0.5334905660377358    0.41141713904632465
-0.5325471698113207    0.40670445704125996
-0.5316037735849057    0.4342736467711716
-0.5306603773584906    0.41683672335220406
-0.5297169811320754    0.4203712348560385
-0.5287735849056603    0.418957430254554
-0.5278301886792454    0.40976770034458354
-0.5268867924528302    0.41848616205399347
-0.5259433962264151    0.42626208736242915
-0.5249999999999999    0.4380437923752621
-0.524056603773585    0.4248482827609454
-0.5231132075471698    0.41919306435476034
-0.5221698113207547    0.4109458708458134
-0.5212264150943395    0.4378081582750064
-0.5202830188679246    0.4399288651773073
-0.5193396226415095    0.4404001333777668
-0.5183962264150943    0.43662998777367673
-0.5174528301886792    0.418957430254554
-0.5165094339622642    0.41730799155276443
-0.5155660377358491    0.41683672335220406
-0.5146226415094339    0.43238857396907543
-0.5136792452830188    0.4451128153829317
-0.5127358490566039    0.4587795931977597
-0.5117924528301887    0.4375725241746992
-0.5108490566037736    0.43427364677112046
-0.5099056603773584    0.4368656218739838
-0.5089622641509435    0.4422852061798639
-0.5080188679245283    0.42461264866063975
-0.5070754716981132    0.43592308547290987
-0.506132075471698    0.4297965988663141
-0.5051886792452831    0.41330221184841837
-0.504245283018868    0.4594864954984726
-0.5033018867924528    0.4540669111925932
-0.5023584905660377    0.4444059130821647
-0.5014150943396227    0.45665888629545875
-0.5004716981132076    0.4561876180948938
-0.4995283018867924    0.4484116927864581
-0.49858490566037733    0.4434633766811421
-0.49764150943396224    0.4486473268867137
-0.49669811320754714    0.4389863287762847
-0.49575471698113205    0.45265310659105934
-0.49481132075471695    0.46160720240082753
-0.49386792452830186    0.44958986328773626
-0.49292452830188677    0.4425208402801195
-0.49198113207547167    0.4406357674780224
-0.4910377358490566    0.452417472490857
-0.4900943396226415    0.4458197176836462
-0.4891509433962264    0.459250861398271
-0.4882075471698113    0.44252084028006744
-0.4872641509433962    0.4316816716683594
-0.4863207547169811    0.4380437923752105
-0.485377358490566    0.4338023785706603
-0.4844339622641509    0.4243770145603841
-0.4834905660377358    0.4347449149716829
-0.48254716981132073    0.4375725241746992
-0.48160377358490564    0.42060686895634364
-0.48066037735849054    0.42461264866063975
-0.47971698113207545    0.4368656218739838
-0.47877358490566035    0.4189574302545047
-0.47783018867924526    0.412830943647907
-0.47688679245283017    0.3925664110258745
-0.47594339622641507    0.40175614093589124
-0.475    0.4019917750360996
-0.4740566037735849    0.3942158497277103
-0.4731132075471698    0.4147160164499034
-0.4721698113207547    0.4024630432366582
-0.4712264150943396    0.4045837501389115
-0.4702830188679245    0.39398021562745467
-0.4693396226415094    0.4022274091363552
-0.4683962264150943    0.40481938423921476
-0.4674528301886792    0.4026986773368665
-0.46650943396226413    0.3890318995220859
-0.46556603773584904    0.4029343114371221
-0.46462264150943394    0.39044570412361984
-0.46367924528301885    0.3821985106146269
-0.46273584905660375    0.39044570412361984
-0.46179245283018866    0.36664665999775553
-0.46084905660377357    0.3765432922085362
-0.45990566037735847    0.39515838612868637
-0.4589622641509434    0.38667555851952934
-0.4580188679245283    0.36523285539622175
-0.4570754716981132    0.367824830499077
-0.4561320754716981    0.3873824608202507
-0.455188679245283    0.3798421696121153
-0.4542452830188679    0.38337668111590506
-0.4533018867924528    0.3779570968100701
-0.4523584905660377    0.37889963321104814
-0.4514150943396226    0.3734800489052127
-0.45047169811320753    0.3527442480826735
-0.44952830188679244    0.3680604645993326
-0.44858490566037734    0.3770145604090031
-0.44764150943396225    0.37041680560188917
-0.44669811320754715    0.33695676336554653
-0.44575471698113206    0.34190507947095494
-0.44481132075471697    0.3661753917972443
-0.44386792452830187    0.36334778259421957
-0.4429245283018868    0.36829609869954494
-0.4419811320754717    0.36122707569191864
-0.4410377358490566    0.37230187840389056
-0.4400943396226415    0.3626408802934526
-0.4391509433962264    0.35769256418804174
-0.4382075471698113    0.35462932088476035
-0.4372641509433962    0.35533622318548547
-0.4363207547169811    0.3692386351006109
-0.435377358490566    0.3541580526842073
-0.43443396226415093    0.36052017339115167
-0.43349056603773584    0.3404912748693809
-0.43254716981132074    0.35392241858399337
-0.43160377358490565    0.3588707346893199
-0.43066037735849055    0.35462932088476035
-0.42971698113207546    0.348031566077561
-0.42877358490566037    0.3588707346893621
-0.42783018867924527    0.3513304434811398
-0.4268867924528302    0.34049127486942105
-0.4259433962264151    0.33766366566631345
-0.425    0.3527442480827151
-0.4240566037735849    0.36476158719571056
-0.4231132075471698    0.3435545181727445
-0.4221698113207547    0.35462932088471855
-0.4212264150943396    0.3475602978770907
-0.4202830188679245    0.3430832499721928
-0.4193396226415094    0.3551005890852716
-0.41839622641509433    0.3329509836612009
-0.41745283018867924    0.33200844726021744
-0.41650943396226414    0.33507169056350156
-0.41556603773584905    0.33884183616763147
-0.41462264150943395    0.33200844726017836
-0.41367924528301886    0.34214071357121056
-0.41273584905660377    0.32564632655327647
-0.41179245283018867    0.34614649327555674
-0.4108490566037736    0.3357785928642684
-0.4099056603773585    0.3527442480827151
-0.4089622641509434    0.3289452039568552
-0.4080188679245283    0.3287095698566383
-0.4070754716981132    0.3235256196509758
-0.4061320754716981    0.3381349338668645
-0.405188679245283    0.33224408136043404
-0.4042452830188679    0.34496832277427847
-0.4033018867924528    0.3287095698565996
-0.40235849056603773    0.3235256196510139
-0.40141509433962264    0.3355429587640128
-0.40047169811320754    0.33766366566635314
-0.39952830188679245    0.33365788596196777
-0.39858490566037735    0.32941647215740527
-0.39764150943396226    0.3157496943425401
-0.39669811320754716    0.3336578859620071
-0.39575471698113207    0.3152784261420289
-0.394811320754717    0.32682449705459304
-0.3938679245283019    0.33624986106477966
-0.3929245283018868    0.32753139935536
-0.3919811320754717    0.3171634989440739
-0.3910377358490566    0.309151939535419
-0.3900943396226415    0.3228187173502089
-0.3891509433962264    0.313864621540532
-0.3882075471698113    0.3209336445481639
-0.3872641509433962    0.30585306213183977
-0.38632075471698113    0.3148071579415176
-0.38537735849056604    0.3239968878515252
-0.38443396226415094    0.3070312326330819
-0.38349056603773585    0.3067955985328624
-0.38254716981132075    0.32376125375123144
-0.38160377358490566    0.31480715794155467
-0.38066037735849056    0.31857730354560765
-0.37971698113207547    0.3129220851395094
-0.3787735849056604    0.31174391463819445
-0.3778301886792453    0.31669223074359987
-0.3768867924528302    0.31080137823717197
-0.3759433962264151    0.3136289874402764
-0.375    0.31857730354560765
-0.3740566037735849    0.3141002556407877
-0.3731132075471698    0.32305435145046457
-0.3721698113207547    0.3032610870290276
-0.3712264150943396    0.29572079582081184
-0.37028301886792453    0.29053684561522225
-0.36933962264150944    0.30278981882848066
-0.36839622641509434    0.30231855062800495
-0.36745283018867925    0.3058530621318038
-0.36650943396226415    0.2839390908080639
-0.36556603773584906    0.3105657441369163
-0.36462264150943396    0.2992553073246815
-0.36367924528301887    0.3058530621318038
-0.3627358490566038    0.29713460042238055
-0.3617924528301887    0.30208291652771374
-0.3608490566037736    0.30161164832723797
-0.3599056603773585    0.27687006780036166
-0.3589622641509434    0.2851172613093422
-0.3580188679245283    0.28346782260751924
-0.3570754716981132    0.2933644548182901
-0.3561320754716981    0.2947782594197893
-0.355188679245283    0.2846459931088309
-0.35424528301886793    0.2938357230187668
-0.35330188679245284    0.29548516172059097
-0.35235849056603774    0.2827609203067524
-0.35141509433962265    0.28723796821164305
-0.35047169811320755    0.2992553073246462
-0.34952830188679246    0.28723796821164305
-0.34858490566037736    0.288651772813143
-0.34764150943396227    0.3042036234300502
-0.3466981132075472    0.2780482383016398
-0.3457547169811321    0.30043347782595975
-0.344811320754717    0.27663443370010604
-0.3438679245283019    0.2804045793042291
-0.3429245283018868    0.2822896521062411
-0.3419811320754717    0.2683872401911907
-0.3410377358490566    0.27074358119371533
-0.3400943396226415    0.2881805046126657
-0.3391509433962264    0.27404245859729415
-0.33820754716981133    0.2730999221963038
-0.33726415094339623    0.27687006780036166
-0.33632075471698114    0.2804045793042291
-0.33537735849056605    0.2870023341113536
-0.33443396226415095    0.2690941424919576
-0.33349056603773586    0.258961876180934
-0.33254716981132076    0.26084694898300975
-0.33160377358490567    0.26343892408579095
-0.3306603773584906    0.2745137267978377
-0.3297169811320755    0.27851950650215107
-0.3287735849056604    0.28087584750474043
-0.3278301886792453    0.27050794709345977
-0.3268867924528302    0.27192175169502547
-0.3259433962264151    0.257076803378889
-0.325    0.28629543181062045
-0.3240566037735849    0.26555963098809154
-0.3231132075471698    0.2690941424919576
-0.32216981132075473    0.26768033789039225
-0.32122641509433963    0.2535422918750844
-0.32028301886792454    0.2903012115149324
-0.31933962264150945    0.2591975102812202
-0.31839622641509435    0.2617894853840016
-0.31745283018867926    0.2643814604868446
-0.31650943396226416    0.25919751028118965
-0.31556603773584907    0.2672090696899124
-0.314622641509434    0.26885850839167036
-0.3136792452830189    0.269565410692469
-0.3127358490566038    0.27522062909857226
-0.3117924528301887    0.2601400466822428
-0.3108490566037736    0.27569189729908355
-0.3099056603773585    0.2841747249083195
-0.3089622641509434    0.27074358119371533
-0.3080188679245283    0.2714504834945142
-0.3070754716981132    0.27309992219627166
-0.30613207547169813    0.2721573857952812
-0.30518867924528303    0.2851172613093086
-0.30424528301886794    0.2789907747026951
-0.30330188679245285    0.2648527286873247
-0.30235849056603775    0.27781260420141685
-0.30141509433962266    0.28087584750470734
-0.30047169811320756    0.2624963876847993
-0.29952830188679247    0.2773413360008729
-0.2985849056603774    0.2723930198955368
-0.2976415094339623    0.2763987995998504
-0.2966981132075472    0.2789907747026951
-0.2957547169811321    0.2665021673891141
-0.294811320754717    0.29195065021675615
-0.2938679245283019    0.26555963098809154
-0.2929245283018868    0.2728642880960481
-0.2919811320754717    0.2761631654995948
-0.2910377358490566    0.27121484939425855
-0.29009433962264153    0.28747360231186486
-0.28915094339622643    0.2832321885072969
-0.28820754716981134    0.27687006780036166
-0.28726415094339625    0.28535289540959785
-0.28632075471698115    0.2844103590085417
-0.28537735849056606    0.29100811381573355
-0.28443396226415096    0.2971346004223456
-0.28349056603773587    0.2738068244970707
-0.2825471698113208    0.2964276981215787
-0.2816037735849057    0.2945426253195684
-0.2806603773584906    0.29430699121927806
-0.2797169811320755    0.2903012115149666
-0.2787735849056604    0.30655996443257066
-0.2778301886792453    0.3020829165277493
-0.2768867924528302    0.2898299433144212
-0.27594339622641506    0.30114038012669125
-0.27499999999999997    0.31504279204181035
-0.2740566037735849    0.3042036234300144
-0.2731132075471698    0.2968989663221249
-0.2721698113207547    0.30278981882848066
-0.2712264150943396    0.30585306213183977
-0.2702830188679245    0.2971346004223456
-0.2693396226415094    0.30655996443260675
-0.2683962264150943    0.3148071579415176
-0.2674528301886792    0.2994909414249371
-0.2665094339622641    0.3129220851394726
-0.265566037735849    0.29218628431701177
-0.26462264150943393    0.3242325219517427
-0.26367924528301884    0.30161164832723797
-0.26273584905660374    0.3049105257307813
-0.26179245283018865    0.3185773035456452
-0.26084905660377355    0.3136289874402395
-0.25990566037735846    0.29147938201624485
-0.25896226415094337    0.31174391463819445
-0.2580188679245283    0.29713460042238055
-0.2570754716981132    0.31834166944535197
-0.2561320754716981    0.31221518283874244
-0.255188679245283    0.31692786484381824
-0.2542452830188679    0.29548516172059097
-0.2533018867924528    0.3070312326330819
-0.2523584905660377    0.33012337445817225
-0.2514150943396226    0.3098588418361494
-0.2504716981132075    0.31221518283874244
-0.24952830188679243    0.30655996443257066
-0.24858490566037733    0.33035900855842787
-0.24764150943396224    0.3272957652550658
-0.24669811320754714    0.30467489163056155
-0.24575471698113205    0.30655996443257066
-0.24481132075471695    0.3089163054351633
-0.24386792452830186    0.30019784372566877
-0.24292452830188677    0.300904746026471
-0.24198113207547167    0.3206980104479083
-0.24103773584905658    0.3136289874402764
-0.24009433962264148    0.3112726464376832
-0.2391509433962264    0.31480715794155467
-0.2382075471698113    0.3112726464376832
-0.2372641509433962    0.31127264643771985
-0.2363207547169811    0.3030254529287363
-0.235377358490566    0.31127264643771985
-0.23443396226415092    0.3049105257307813
-0.23349056603773582    0.3044392575303058
-0.23254716981132073    0.3112726464376832
-0.23160377358490564    0.30538179393132847
-0.23066037735849054    0.30891630543512694
-0.22971698113207545    0.3133933533400208
-0.22877358490566035    0.3141002556407507
-0.22783018867924526    0.32069801044794605
-0.22688679245283017    0.3324797154606896
-0.22594339622641507    0.30231855062800495
-0.22499999999999998    0.31881293764586327
-0.22405660377358488    0.300904746026471
-0.2231132075471698    0.33224408136043404
-0.2221698113207547    0.3202267422474347
-0.2212264150943396    0.3218761809491864
-0.2202830188679245    0.328238301656127
-0.2193396226415094    0.32116927864841954
-0.21839622641509432    0.2994909414249371
-0.21745283018867922    0.3096232077358938
-0.21650943396226413    0.32164054684896864
-0.21556603773584904    0.3206980104479083
-0.21462264150943394    0.3093875736356746
-0.21367924528301885    0.3197554740468858
-0.21273584905660375    0.3256463265533148
-0.21179245283018866    0.3232899855507202
-0.21084905660377357    0.3124508169389981
-0.20990566037735847    0.3171634989440739
-0.20896226415094338    0.3197554740469234
-0.20801886792452828    0.33766366566631345
-0.2070754716981132    0.32116927864845735
-0.2061320754716981    0.31080137823717197
-0.205188679245283    0.3136289874402764
-0.2042452830188679    0.3277670334555771
-0.2033018867924528    0.3289452039568939
-0.20235849056603772    0.3268244970545546
-0.20141509433962262    0.3329509836612401
-0.20047169811320753    0.3096232077358938
-0.19952830188679244    0.3381349338668645
-0.19858490566037734    0.3148071579415176
-0.19764150943396225    0.29807713682340314
-0.19669811320754715    0.3315371790596672
-0.19575471698113206    0.3296521062576609
-0.19481132075471697    0.31150828053793883
-0.19386792452830187    0.307738134933885
-0.19292452830188678    0.30915193953538256
-0.19198113207547168    0.31645659664334425
-0.1910377358490566    0.3235256196509758
-0.1900943396226415    0.3185773035456452
-0.1891509433962264    0.31150828053793883
-0.1882075471698113    0.31999110814717907
-0.1872641509433962    0.3100944759364051
-0.18632075471698112    0.3305946426586835
-0.18537735849056602    0.3242325219517427
-0.18443396226415093    0.3244681560520365
-0.18349056603773584    0.33601422696452404
-0.18254716981132074    0.3329509836612401
-0.18160377358490565    0.3218761809491864
-0.18066037735849055    0.3348360564632853
-0.17971698113207546    0.3242325219517427
-0.17877358490566037    0.32611759475382607
-0.17783018867924527    0.3223474491496977
-0.17688679245283018    0.31174391463823115
-0.17594339622641508    0.3258819606535321
-0.175    0.3143358897410434
-0.1740566037735849    0.33177281315992274
-0.1731132075471698    0.33106591085919485
-0.1721698113207547    0.3501522729798616
-0.1712264150943396    0.3487384683783689
-0.17028301886792452    0.32258308324995333
-0.16933962264150942    0.3423763476714663
-0.16839622641509433    0.3157496943425401
-0.16745283018867924    0.34214071357121056
-0.16650943396226414    0.33601422696452404
-0.16556603773584905    0.33624986106481924
-0.16462264150943395    0.33860620206733594
-0.16367924528301886    0.3287095698566383
-0.16273584905660377    0.3223474491496977
-0.16179245283018867    0.32164054684896864
-0.16084905660377358    0.3506235411803729
-0.15990566037735848    0.3437901522730002
-0.1589622641509434    0.3060886962320594
-0.1580188679245283    0.34661776147606804
-0.1570754716981132    0.3289452039568552
-0.1561320754716981    0.3254106924530591
-0.155188679245283    0.32399688785148706
-0.15424528301886792    0.31221518283874244
-0.15330188679245282    0.3503879070801173
-0.15235849056603773    0.3181060353451338
-0.15141509433962264    0.31881293764586327
-0.15047169811320754    0.33012337445817225
-0.14952830188679245    0.3209336445481639
-0.14858490566037735    0.32588196065357045
-0.14764150943396226    0.3206980104479083
-0.14669811320754716    0.3296521062576609
-0.14575471698113207    0.3242325219517427
-0.14481132075471698    0.3136289874402764
-0.14386792452830188    0.3204623763476527
-0.1429245283018868    0.3141002556407877
-0.1419811320754717    0.31692786484381824
-0.1410377358490566    0.31527842614206597
-0.1400943396226415    0.3176347671445851
-0.1391509433962264    0.32682449705459304
-0.13820754716981132    0.3166922307435626
-0.13726415094339622    0.321404912748713
-0.13632075471698113    0.3070312326330819
-0.13537735849056604    0.31598532844283295
-0.13443396226415094    0.3166922307435626
-0.13349056603773585    0.31103701233746417
-0.13254716981132075    0.31739913304432954
-0.13160377358490566    0.30538179393132847
-0.13066037735849056    0.30655996443257066
-0.12971698113207547    0.309151939535419
-0.12877358490566038    0.31339335333998386
-0.12783018867924528    0.3030254529287719
-0.1268867924528302    0.3152784261420289
-0.1259433962264151    0.2994909414249371
-0.125    0.3178704012448408
-0.1240566037735849    0.3067955985328624
-0.12311320754716981    0.31739913304432954
-0.12216981132075472    0.3143358897410434
-0.12122641509433962    0.3150427920417732
-0.12028301886792453    0.2976058686228919
-0.11933962264150944    0.3086806713348713
-0.11839622641509434    0.3044392575303058
-0.11745283018867925    0.3049105257307813
-0.11650943396226415    0.31527842614206597
-0.11556603773584906    0.3162209625430514
-0.11462264150943396    0.3089163054351633
-0.11367924528301887    0.3084450372346157
-0.11273584905660378    0.29642769812161357
-0.11179245283018868    0.302554184728225
-0.11084905660377359    0.29548516172059097
-0.1099056603773585    0.30938757363563824
-0.1089622641509434    0.30184728242749365
-0.1080188679245283    0.30538179393129256
-0.10707547169811321    0.29713460042238055
-0.10613207547169812    0.3152784261420289
-0.10518867924528302    0.3072668667333737
-0.10424528301886793    0.30396798932975877
-0.10330188679245284    0.32211181504948
-0.10235849056603774    0.3206980104479083
-0.10141509433962265    0.313864621540532
-0.10047169811320755    0.3122151828387057
-0.09952830188679246    0.3136289874402764
-0.09858490566037736    0.3206980104479083
-0.09764150943396227    0.3317728131599618
-0.09669811320754718    0.32399688785148706
-0.09575471698113208    0.30467489163056155
-0.09481132075471699    0.3157496943425401
-0.0938679245283019    0.3124508169389981
-0.0929245283018868    0.31339335333998386
-0.0919811320754717    0.31315771923976504
-0.09103773584905661    0.32635322885404333
-0.09009433962264152    0.3329509836612401
-0.08915094339622642    0.31999110814714143
-0.08820754716981133    0.328238301656127
-0.08726415094339623    0.3329509836612009
-0.08632075471698114    0.328238301656127
-0.08537735849056605    0.3338935200622234
-0.08443396226415095    0.3329509836612401
-0.08349056603773586    0.33719239746580215
-0.08254716981132076    0.33601422696456357
-0.08160377358490567    0.3338935200622234
-0.08066037735849058    0.32611759475382607
-0.07971698113207548    0.3470890296765385
-0.07877358490566039    0.3586351005891064
-0.0778301886792453    0.33507169056350156
-0.0768867924528302    0.3329509836612401
-0.0759433962264151    0.3501522729798616
-0.07500000000000001    0.3433188840724889
-0.07405660377358492    0.34449705457372665
-0.07311320754716982    0.3475602978770907
-0.07216981132075473    0.3477959319773054
-0.07122641509433963    0.35533622318552727
-0.07028301886792454    0.3529798821829292
-0.06933962264150945    0.3536867844837377
-0.06839622641509435    0.3487384683783279
-0.06745283018867926    0.3572212959875725
-0.06650943396226416    0.3624052461931543
-0.06556603773584907    0.36735356229856564
-0.06462264150943398    0.3513304434811398
-0.06367924528301888    0.35392241858399337
-0.06273584905660379    0.3609914415916205
-0.06179245283018869    0.3748938535067466
-0.0608490566037736    0.3635834166944324
-0.059905660377358505    0.35062354118041417
-0.05896226415094341    0.354393686784463
-0.05801886792452832    0.36216961209294124
-0.05707547169811322    0.38031343781258187
-0.05613207547169813    0.3635834166944752
-0.055188679245283034    0.3459108591752604
-0.05424528301886794    0.3475602978770907
-0.053301886792452846    0.3635834166944324
-0.05235849056603775    0.354158052684249
-0.05141509433962266    0.3437901522729597
-0.050471698113207564    0.36004890519064037
-0.04952830188679247    0.3555718572857411
-0.048584905660377375    0.34449705457376717
-0.04764150943396228    0.3541580526842073
-0.04669811320754719    0.3284739357563826
-0.04575471698113209    0.3527442480826735
-0.044811320754717    0.34638212737581237
-0.043867924528301905    0.3503879070801173
-0.04292452830188681    0.3322440813604731
-0.04198113207547172    0.3421407135711703
-0.04103773584905662    0.34920973657888027
-0.04009433962264153    0.3433188840724485
-0.039150943396226434    0.3456752250750454
-0.03820754716981134    0.3496810047793504
-0.037264150943396246    0.35062354118041417
-0.03632075471698115    0.35604312548625233
-0.03537735849056606    0.34049127486942105
-0.034433962264150964    0.3477959319773054
-0.033490566037735814    0.34473268867398227
-0.03254716981132072    0.3381349338668645
-0.031603773584905626    0.3331866177614565
-0.03066037735849053    0.33554295876405227
-0.029716981132075437    0.36052017339110926
-0.028773584905660343    0.3487384683783689
-0.02783018867924525    0.34661776147602724
-0.026886792452830155    0.3527442480827151
-0.02594339622641506    0.354393686784463
-0.024999999999999967    0.3499166388796472
-0.024056603773584873    0.3518017116816511
-0.02311320754716978    0.3447326886740228
-0.022169811320754684    0.3529798821829292
-0.02122641509433959    0.3423763476714663
-0.020283018867924496    0.3513304434811398
-0.019339622641509402    0.3296521062576609
-0.018396226415094308    0.3539224185839517
-0.017452830188679214    0.3331866177614957
-0.01650943396226412    0.3541580526842073
-0.015566037735849025    0.35015227297990287
-0.014622641509433931    0.3503879070801173
-0.013679245283018837    0.35156607758143676
-0.012735849056603743    0.3586351005890642
-0.011792452830188649    0.35910636878961777
-0.010849056603773555    0.3558074913859967
-0.00990566037735846    0.3543936867845046
-0.008962264150943366    0.3569856618872749
-0.008018867924528272    0.35156607758143676
-0.007075471698113178    0.34025564076912534
-0.006132075471698084    0.35604312548629424
-0.00518867924528299    0.36735356229852245
-0.004245283018867896    0.37088807380240046
-0.0033018867924528017    0.36688229409801115
-0.0023584905660377076    0.3416694453706993
-0.0014150943396226134    0.3435545181727041
-0.0004716981132075193    0.3482672001778576
0.0004716981132075748    0.3593420028898311
0.0014150943396227245    0.3645259530954549
0.002358490566037763    0.37088807380244415
0.0033018867924528017    0.34237634767142594
0.004245283018867951    0.36287651439366553
0.005188679245283101    0.35981327109034233
0.00613207547169814    0.349445370679177
0.007075471698113178    0.35462932088471855
0.008018867924528328    0.35792819828829736
0.008962264150943478    0.3609914415916205
0.009905660377358516    0.3548649549850577
0.010849056603773555    0.37489385350670246
0.011792452830188704    0.3541580526842073
0.012735849056603854    0.35203734578190665
0.013679245283018893    0.3685317327998873
0.014622641509433931    0.36593975769698867
0.015566037735849081    0.3624052461931543
0.01650943396226423    0.3583994664888086
0.01745283018867927    0.35180171168173385
0.018396226415094308    0.37112370790261245
0.019339622641509457    0.3501522729798616
0.020283018867924607    0.35957763699008677
0.021226415094339646    0.38149160831394985
0.022169811320754684    0.36287651439366553
0.023113207547169834    0.3633477825941767
0.024056603773584984    0.35910636878957547
0.025000000000000022    0.3626408802934952
0.02594339622641506    0.37230187840389056
0.02688679245283021    0.36735356229852245
0.02783018867924536    0.37041680560184553
0.0287735849056604    0.3647615871957964
0.029716981132075437    0.35957763699008677
0.030660377358490587    0.3692386351005674
0.03160377358490574    0.37112370790261245
0.032547169811320775    0.3685317327998873
0.033490566037735814    0.36287651439366553
0.034433962264150964    0.36664665999775553
0.03537735849056611    0.36028453929085363
0.03632075471698115    0.3713593420029555
0.03726415094339619    0.3607558074913648
0.03820754716981134    0.3664110258974999
0.03915094339622649    0.3529798821829292
0.04009433962264153    0.3470890296766202
0.04103773584905657    0.358163832388553
0.04198113207547172    0.36169834389238736
0.042924528301886866    0.3588707346893199
0.043867924528301905    0.3600489051906828
0.04481132075471694    0.3565143936867636
0.04575471698113209    0.3459108591752604
0.04669811320754724    0.34543959097474913
0.04764150943396228    0.3602845392909384
0.04858490566037732    0.3416694453706591
0.04952830188679247    0.37230187840389056
0.05047169811320762    0.3609914415916205
0.05141509433962266    0.3706524397021885
0.052358490566037696    0.3456752250750047
0.053301886792452846    0.3586351005890642
0.054245283018867996    0.363819050794688
0.055188679245283034    0.3659397576970748
0.05613207547169807    0.3569856618872749
0.05707547169811322    0.37112370790261245
0.05801886792452837    0.337899299766569
0.05896226415094341    0.3654684894965634
0.05990566037735845    0.3407269089696366
0.0608490566037736    0.3463821273757716
0.06179245283018875    0.33624986106477966
0.06273584905660379    0.34237634767150654
0.06367924528301883    0.33083027675890025
0.06462264150943398    0.3539224185839517
0.06556603773584913    0.3518017116816511
0.06650943396226416    0.3452039568745747
0.0674528301886792    0.34402578637321535
0.06839622641509435    0.35510058908522985
0.0693396226415095    0.34543959097474913
0.07028301886792454    0.3400200066689497
0.07122641509433958    0.35792819828829736
0.07216981132075473    0.35203734578190665
0.07311320754716988    0.34944537067909476
0.07405660377358492    0.35557185728582474
0.07499999999999996    0.33059464265864463
0.0759433962264151    0.35462932088471855
0.07688679245283025    0.3223474491496977
0.0778301886792453    0.3536867844837793
0.07877358490566033    0.3456752250750047
0.07971698113207548    0.33742803156605783
0.08066037735849063    0.34473268867398227
0.08160377358490567    0.34873846837841
0.08254716981132071    0.33601422696452404
0.08349056603773586    0.33083027675890025
0.08443396226415101    0.3541580526842073
0.08537735849056605    0.35863510058914866
0.08632075471698109    0.3355429587640128
0.08726415094339623    0.3421407135711703
0.08820754716981138    0.34119817717014783
0.08915094339622642    0.3426119817717622
0.09009433962264146    0.33365788596196777
0.09103773584905661    0.32211181504944203
0.09198113207547176    0.3565143936867636
0.0929245283018868    0.34402578637329634
0.09386792452830184    0.3357785928642684
0.09481132075471699    0.33766366566631345
0.09575471698113214    0.3675891963987781
0.09669811320754718    0.34496832277431905
0.09764150943396221    0.32376125375123144
0.09858490566037736    0.33719239746580215
0.09952830188679251    0.35250861398241795
0.10047169811320755    0.32658886295437584
0.10141509433962259    0.30726686673333753
0.10235849056603774    0.3258819606535321
0.10330188679245289    0.3395487384683584
0.10424528301886793    0.3407269089697168
0.10518867924528297    0.34237634767142594
0.10613207547169812    0.35109480938088417
0.10707547169811327    0.3421407135711703
0.1080188679245283    0.33012337445821105
0.10896226415094334    0.3272957652550658
0.1099056603773585    0.33860620206733594
0.11084905660377364    0.33412915416247907
0.11179245283018868    0.34473268867406337
0.11273584905660372    0.3324797154606896
0.11367924528301887    0.3353073246637571
0.11462264150943402    0.3400200066688697
0.11556603773584906    0.3232899855507963
0.1165094339622641    0.3310659108591559
0.11745283018867925    0.32918083805711085
0.1183962264150944    0.3338935200622234
0.11933962264150944    0.33177281316000085
0.12028301886792447    0.3324797154606896
0.12122641509433962    0.34473268867398227
0.12216981132075477    0.33624986106477966
0.12311320754716981    0.34119817717022816
0.12405660377358485    0.3390774702678472
0.125    0.34473268867398227
0.12594339622641515    0.34143381127040345
0.1268867924528302    0.33295098366127923
0.12783018867924523    0.33271534956094523
0.12877358490566038    0.3426119817716816
0.12971698113207553    0.3588707346893199
0.13066037735849056    0.3419050794709952
0.1316037735849056    0.34143381127040345
0.13254716981132075    0.34473268867398227
0.1334905660377359    0.36216961209289866
0.13443396226415094    0.34661776147610884
0.13537735849056598    0.3503879070801173
0.13632075471698113    0.3501522729798616
0.13726415094339628    0.3452039568744935
0.13820754716981132    0.344261420473552
0.13915094339622636    0.3586351005890642
0.1400943396226415    0.34143381127040345
0.14103773584905666    0.3692386351005674
0.1419811320754717    0.3593420028899157
0.14292452830188673    0.3416694453706591
0.14386792452830188    0.3452039568744935
0.14481132075471703    0.35910636878957547
0.14575471698113207    0.3605201733911941
0.1466981132075471    0.36264088029340985
0.14764150943396226    0.34685339557628286
0.1485849056603774    0.3569856618872749
0.14952830188679245    0.3522729798822452
0.15047169811320749    0.3470890296765385
0.15141509433962264    0.36169834389238736
0.15235849056603779    0.35486495498497417
0.15330188679245282    0.3567500277871032
0.15424528301886786    0.3635834166944324
0.155188679245283    0.37088807380235683
0.15613207547169816    0.3489741024785835
0.1570754716981132    0.3513304434812225
0.15801886792452824    0.34756029787704973
0.1589622641509434    0.3527442480826735
0.15990566037735854    0.3744225853061912
0.16084905660377358    0.36570412359681914
0.16179245283018862    0.36782483049903364
0.16273584905660377    0.3609914415916205
0.16367924528301891    0.34543959097474913
0.16462264150943395    0.35557185728582474
0.165566037735849    0.3527442480826735
0.16650943396226414    0.36429031899519926
0.1674528301886793    0.36264088029340985
0.16839622641509433    0.3513304434812225
0.16933962264150937    0.3503879070801173
0.17028301886792452    0.3515660775813954
0.17122641509433967    0.36052017339110926
0.1721698113207547    0.3525086139825009
0.17311320754716975    0.34826720017781665
0.1740566037735849    0.36429031899519926
0.17500000000000004    0.3529798821829292
0.17594339622641508    0.35910636878966
0.17688679245283012    0.3527442480826735
0.17783018867924527    0.34944537067909476
0.17877358490566042    0.3489741024785835
0.17971698113207546    0.35557185728582474
0.1806603773584905    0.3459108591752604
0.18160377358490565    0.3541580526842073
0.1825471698113208    0.3383705679670803
0.18349056603773584    0.33954873846843836
0.18443396226415087    0.3433188840724485
0.18537735849056602    0.3209336445481639
0.18632075471698117    0.33177281315992274
0.1872641509433962    0.3402556407692054
0.18820754716981125    0.3409625430698922
0.1891509433962264    0.3390774702678472
0.19009433962264155    0.33271534956094523
0.1910377358490566    0.35510058908531345
0.19198113207547163    0.33860620206733594
0.19292452830188678    0.3364854951650353
0.19386792452830193    0.32258308324995333
0.19481132075471697    0.34897410247866567
0.195754716981132    0.33884183616759156
0.19669811320754715    0.3421407135711703
0.1976415094339623    0.3235256196509758
0.19858490566037734    0.33318661776153496
0.19952830188679238    0.32800266755583274
0.20047169811320753    0.3162209625430514
0.20141509433962268    0.32823830165608836
0.20235849056603772    0.32753139935539854
0.20330188679245276    0.3261175947537877
0.2042452830188679    0.33083027675890025
0.20518867924528306    0.33083027675890025
0.2061320754716981    0.3277670334556542
0.20707547169811313    0.3216405468489308
0.20801886792452828    0.33342225186171215
0.20896226415094343    0.3254106924530208
0.20990566037735858    0.3404912748693809
0.21084905660377362    0.32376125375130765
0.21179245283018866    0.33483605646324593
0.2127358490566038    0.32116927864841954
0.21367924528301896    0.3310659108591559
0.214622641509434    0.32753139935539854
0.21556603773584904    0.3329509836612009
0.2165094339622642    0.31739913304432954
0.21745283018867934    0.33059464265864463
0.21839622641509437    0.328709569856677
0.2193396226415094    0.32116927864841954
0.22028301886792456    0.33766366566631345
0.2212264150943397    0.33059464265864463
0.22216981132075475    0.333893520062302
0.2231132075471698    0.31739913304432954
0.22405660377358494    0.3272957652550658
0.2250000000000001    0.31339335333998386
0.22594339622641513    0.3341291541625577
0.22688679245283017    0.32918083805711085
0.22783018867924532    0.3112726464376832
0.22877358490566047    0.3136289874402395
0.2297169811320755    0.3162209625431258
0.23066037735849054    0.3235256196509758
0.2316037735849057    0.32305435145046457
0.23254716981132084    0.31692786484381824
0.23349056603773588    0.3136289874403133
0.23443396226415092    0.30655996443257066
0.23537735849056607    0.3181060353450964
0.23632075471698122    0.3148071579415176
0.23726415094339626    0.3178704012449156
0.2382075471698113    0.3023185506279694
0.23915094339622645    0.3136289874402395
0.2400943396226416    0.3152784261420289
0.24103773584905663    0.3239968878515633
0.24198113207547167    0.3141002556407507
0.24292452830188682    0.3070312326330819
0.24386792452830197    0.3122151828387057
0.244811320754717    0.2976058686229269
0.24575471698113205    0.31150828053793883
0.2466981132075472    0.3056174280315482
0.24764150943396235    0.31339335333998386
0.2485849056603774    0.31056574413698945
0.24952830188679243    0.3049105257307813
0.2504716981132076    0.3042036234300144
0.2514150943396227    0.3100944759364051
0.25235849056603776    0.3136289874403133
0.2533018867924528    0.30019784372566877
0.25424528301886795    0.3060886962320594
0.2551886792452831    0.2992553073246462
0.25613207547169814    0.29925530732471667
0.2570754716981132    0.30396798932975877
0.25801886792452833    0.3079737690341044
0.2589622641509435    0.3176347671445851
0.2599056603773585    0.30750250083366554
0.26084905660377355    0.2893586751139099
0.2617924528301887    0.2839390908080305
0.26273584905660385    0.30915193953538256
0.2636792452830189    0.3034967211293189
0.26462264150943393    0.31834166944535197
0.2655660377358491    0.29666333222183433
0.26650943396226423    0.2945426253195337
0.26745283018867927    0.28888740691346665
0.2683962264150943    0.3176347671445851
0.26933962264150946    0.29807713682336806
0.2702830188679246    0.2990196732243906
0.27122641509433965    0.29501389352011437
0.2721698113207547    0.3030254529287363
0.27311320754716983    0.29147938201621054
0.274056603773585    0.2971346004223456
0.275    0.2999622096254837
0.27594339622641506    0.29807713682336806
0.2768867924528302    0.29147938201621054
0.27783018867924536    0.28181838390572983
0.2787735849056604    0.2910081138157678
0.27971698113207544    0.29100811381569924
0.2806603773584906    0.30114038012669125
0.28160377358490574    0.2961920640213231
0.2825471698113208    0.2954851617206257
0.2834905660377358    0.2907724797154437
0.28443396226415096    0.30373235522950315
0.2853773584905661    0.27851950650215107
0.28632075471698115    0.2905368456152564
0.2872641509433962    0.2872379682116093
0.28820754716981134    0.2978415027231125
0.2891509433962265    0.29147938201621054
0.29009433962264153    0.2858241636101428
0.29103773584905657    0.27404245859729415
0.2919811320754717    0.28605979771033113
0.29292452830188687    0.30396798932975877
0.2938679245283019    0.2761631654996598
0.29481132075471694    0.2820540180059855
0.2957547169811321    0.28794487051237616
0.29669811320754724    0.2775769701011286
0.2976415094339623    0.28323218850733023
0.2985849056603773    0.28087584750470734
0.29952830188679247    0.28111148160496296
0.3004716981132076    0.2990196732243906
0.30141509433962266    0.29430699121934734
0.3023584905660377    0.2820540180059855
0.30330188679245285    0.27922640880291794
0.304245283018868    0.28794487051237616
0.30518867924528303    0.27333555629659156
0.3061320754716981    0.28629543181058675
0.3070754716981132    0.2683872401911591
0.3080188679245284    0.2820540180059855
0.3089622641509434    0.28111148160502913
0.30990566037735845    0.2815827498054742
0.3108490566037736    0.2738068244970385
0.31179245283018875    0.2839390908080305
0.3127358490566038    0.2716861175948018
0.3136792452830188    0.2858241636100755
0.314622641509434    0.2639101922863022
0.3155660377358491    0.27781260420138415
0.31650943396226416    0.27757697010119387
0.3174528301886792    0.27145048349448225
0.31839622641509435    0.27404245859729415
0.3193396226415095    0.2815827498054742
0.32028301886792454    0.2997265755252281
0.3212264150943396    0.2787551406024067
0.32216981132075473    0.2926575525174887
0.3231132075471699    0.28535289540956427
0.3240566037735849    0.279697677003495
0.32499999999999996    0.2780482383016398
0.3259433962264151    0.2822896521062411
0.32688679245283025    0.27569189729908355
0.3278301886792453    0.30915193953545533
0.32877358490566033    0.27522062909857226
0.3297169811320755    0.29100811381569924
0.33066037735849063    0.27851950650215107
0.33160377358490567    0.27451372679787
0.3325471698113207    0.29006557741467676
0.33349056603773586    0.2881805046126318
0.334433962264151    0.29336445481825557
0.33537735849056605    0.29925530732471667
0.3363207547169811    0.30090474602643563
0.33726415094339623    0.2952495276203006
0.3382075471698114    0.3042036234300144
0.3391509433962264    0.29312882071806895
0.34009433962264146    0.28794487051237616
0.3410377358490566    0.2971346004223456
0.34198113207547176    0.2858241636100755
0.3429245283018868    0.30373235522957465
0.34386792452830184    0.2895943092141655
0.344811320754717    0.2893586751139099
0.34575471698113214    0.2881805046126318
0.3466981132075472    0.30750250083366554
0.3476415094339622    0.3030254529287363
0.34858490566037736    0.31197954873845013
0.3495283018867925    0.2978415027231125
0.35047169811320755    0.28511726130937576
0.3514150943396226    0.312686451039217
0.35235849056603774    0.3023185506279694
0.3533018867924529    0.30655996443257066
0.35424528301886793    0.31857730354568264
0.35518867924528297    0.3124508169389613
0.3561320754716981    0.3181060353450964
0.35707547169811327    0.31692786484381824
0.3580188679245283    0.3070312326331542
0.35896226415094334    0.30655996443257066
0.3599056603773585    0.3148071579415176
0.36084905660377364    0.3324797154606896
0.3617924528301887    0.324232521951819
0.3627358490566037    0.3051461598310369
0.36367924528301887    0.33483605646324593
0.364622641509434    0.31857730354560765
0.36556603773584906    0.3296521062576997
0.3665094339622641    0.31857730354560765
0.36745283018867925    0.33460042236299026
0.3683962264150944    0.3313015449594115
0.36933962264150944    0.33083027675897814
0.3702830188679245    0.32918083805711085
0.3712264150943396    0.33177281315992274
0.3721698113207548    0.32823830165608836
0.3731132075471698    0.32046237634772806
0.37405660377358485    0.33672112926529096
0.375    0.3209336445481639
0.37594339622641515    0.33624986106477966
0.3768867924528302    0.32753139935539854
0.3778301886792452    0.348031566077561
0.3787735849056604    0.34237634767142594
0.3797169811320755    0.3433188840724485
0.38066037735849056    0.3364854951651145
0.3816037735849056    0.33059464265864463
0.38254716981132075    0.3400200066688697
0.3834905660377359    0.3277670334555771
0.38443396226415094    0.3367211292653702
0.385377358490566    0.31951983994663014
0.38632075471698113    0.33271534956094523
0.3872641509433963    0.3513304434811398
0.3882075471698113    0.3499166388796884
0.38915094339622636    0.3567500277870192
0.3900943396226415    0.33412915416247907
0.39103773584905666    0.3381349338668247
0.3919811320754717    0.333893520062302
0.39292452830188673    0.33978437256861405
0.3938679245283019    0.33766366566631345
0.39481132075471703    0.34025564076912534
0.39575471698113207    0.3452039568745747
0.3966981132075471    0.35486495498497417
0.39764150943396226    0.3565143936867636
0.3985849056603774    0.34543959097474913
0.39952830188679245    0.3496810047794327
0.4004716981132075    0.35486495498497417
0.40141509433962264    0.35109480938088417
0.4023584905660378    0.3416694453706591
0.4033018867924528    0.35698566188735886
0.40424528301886786    0.34826720017781665
0.405188679245283    0.3588707346893199
0.40613207547169816    0.375836389907725
0.4070754716981132    0.3633477825942623
0.40801886792452824    0.3640546848949437
0.4089622641509434    0.36853173279980056
0.40990566037735854    0.37277314660440186
0.4108490566037736    0.3685317327998873
0.4117924528301886    0.358163832388553
0.41273584905660377    0.36970990330107867
0.4136792452830189    0.3567500277870192
0.41462264150943395    0.35792819828838157
0.415566037735849    0.36311214849392115
0.41650943396226414    0.37795709681002565
0.4174528301886793    0.37395131710567997
0.41839622641509433    0.3713593420029555
0.41933962264150937    0.35957763699008677
0.4202830188679245    0.36593975769698867
0.42122641509433967    0.3614627097921318
0.4221698113207547    0.35557185728582474
0.42311320754716975    0.3734800489051687
0.4240566037735849    0.3567500277870192
0.42500000000000004    0.3664110258974999
0.4259433962264151    0.36664665999784185
0.4268867924528301    0.38149160831386003
0.42783018867924527    0.3852617539179501
0.4287735849056604    0.38549738801820566
0.42971698113207546    0.3793709014116487
0.4306603773584905    0.39798599533175394
0.43160377358490565    0.3944514838279195
0.4325471698113208    0.3909169723240851
0.43349056603773584    0.3793709014116487
0.4344339622641509    0.38596865621871695
0.435377358490566    0.40434811603865584
0.4363207547169812    0.3869111926197395
0.4372641509433962    0.39562965432929076
0.43820754716981125    0.3949227520284308
0.4391509433962264    0.3946871179281752
0.44009433962264155    0.39421584972766394
0.4410377358490566    0.38596865621880777
0.4419811320754716    0.4003423363343102
0.4429245283018868    0.397279093030987
0.4438679245283019    0.3970434589307314
0.44481132075471697    0.4180148938535806
0.445754716981132    0.40906079804376844
0.44669811320754715    0.4142447482493922
0.4476415094339623    0.3986928976325208
0.44858490566037745    0.4097677003445353
0.4495283018867925    0.40929643214412037
0.45047169811320753    0.42154940535731666
0.4514150943396227    0.40858952984325714
0.45235849056603783    0.3918595087251076
0.45330188679245287    0.40623318884079646
0.4542452830188679    0.4305035011670304
0.45518867924528306    0.43380237857060927
0.4561320754716982    0.41848616205399347
0.45707547169811324    0.4406357674781261
0.4580188679245283    0.4198999666555272
0.45896226415094343    0.43851506057572176
0.4599056603773586    0.4434633766810899
0.4608490566037736    0.4394575969768477
0.46179245283018866    0.4406357674780224
0.4627358490566038    0.43662998777367673
0.46367924528301896    0.4533600088918263
0.464622641509434    0.43121040346789885
0.46556603773584904    0.4604290318994951
0.4665094339622642    0.46254973880179573
0.46745283018867934    0.4415783038790449
0.4683962264150944    0.4505323996888648
0.4693396226415094    0.4616072024007732
0.47028301886792456    0.47268200511278763
0.4712264150943397    0.45783705679668313
0.47216981132075475    0.4788084917195467
0.4731132075471698    0.46796932310767514
0.47405660377358494    0.4665555185061414
0.4750000000000001    0.46443481160384076
0.4759433962264151    0.484463710125683
0.47688679245283017    0.4696187618094645
0.4778301886792453    0.46867622540844206
0.47877358490566047    0.4839924419250578
0.4797169811320755    0.4731532733134103
0.48066037735849054    0.4672624208069082
0.4816037735849057    0.47621651661662207
0.48254716981132084    0.4766877848171333
0.4834905660377359    0.45430254529295566
0.4844339622641509    0.4609003001000063
0.48537735849056607    0.4759808825163664
0.4863207547169812    0.47409580971432147
0.48726415094339626    0.4755096143159671
0.4882075471698113    0.4875269534288922
0.48915094339622645    0.48540624652659153
0.4900943396226416    0.47621651661662207
0.49103773584905663    0.4969523174392343
0.49198113207547167    0.4877625875291478
0.4929245283018868    0.4832855396242908
0.49386792452830197    0.47975102812045645
0.494811320754717    0.47456707791494435
0.49575471698113205    0.47998666222071207
0.4966981132075472    0.47338890741355455
0.49764150943396235    0.46184283650102886
0.4985849056603774    0.47857285761929097
0.4995283018867924    0.4665555185061414
0.5004716981132076    0.46113593420026194
0.5014150943396227    0.48446371012556905
0.5023584905660378    0.4703256641103421
0.5033018867924528    0.452888740691315
0.504245283018868    0.46914749360895325
0.5051886792452831    0.4752739802155996
0.5061320754716981    0.47244637101264325
0.5070754716981132    0.45076803378901437
0.5080188679245283    0.46372790930307384
0.5089622641509435    0.4616072024007732
0.5099056603773585    0.47244637101264325
0.5108490566037736    0.4512393019895256
0.5117924528301887    0.45877959319770567
0.5127358490566039    0.45265310659105934
0.5136792452830189    0.459250861398325
0.5146226415094339    0.43686562187393235
0.5155660377358491    0.4672624208069082
0.5165094339622642    0.4404001333777668
0.5174528301886793    0.45123930198963186
0.5183962264150943    0.4488829609869694
0.5193396226415095    0.4474691563854356
0.5202830188679246    0.44652661998441306
0.5212264150943396    0.42791152606431926
0.5221698113207547    0.43474491497163176
0.5231132075471698    0.45500944759361567
0.524056603773585    0.45453817939310437
0.525    0.43073913526738744
0.5259433962264151    0.45595198399463815
0.5268867924528302    0.42791152606421856
0.5278301886792454    0.4375725241746992
0.5287735849056604    0.45689452039576817
0.5297169811320754    0.4498254973879919
0.5306603773584906    0.42791152606421856
0.5316037735849057    0.4432277425808343
0.5325471698113208    0.4283827942648306
0.5334905660377358    0.4540669111925932
0.534433962264151    0.43144603756805294
0.5353773584905661    0.44652661998441306
0.5363207547169812    0.4474691563855409
0.5372641509433962    0.42225630765808353
0.5382075471698113    0.4432277425808343
0.5391509433962265    0.44511281538287933
0.5400943396226415    0.4554807157942341
0.5410377358490566    0.4286184283649855
0.5419811320754717    0.43191730576856424
0.5429245283018869    0.45571634989438253
0.5438679245283019    0.4394575969768477
0.5448113207547169    0.45736578859617194
0.5457547169811321    0.4568945203956607
0.5466981132075472    0.44770479048569123
0.5476415094339623    0.4326242080694329
0.5485849056603773    0.4514749360897813
0.5495283018867925    0.45783705679668313
0.5504716981132076    0.45477381349336005
0.5514150943396227    0.4451128153829841
0.5523584905660377    0.4583083249971944
0.5533018867924528    0.4448771812826237
0.554245283018868    0.45736578859617194
0.555188679245283    0.46302100700241594
0.5561320754716981    0.46702678670665265
0.5570754716981132    0.46702678670665265
0.5580188679245284    0.472446371012532
0.5589622641509434    0.47857285761929097
0.5599056603773584    0.4710325664109983
0.5608490566037736    0.47386017561406585
0.5617924528301887    0.46490607980435195
0.5627358490566038    0.4771590530177569
0.5636792452830188    0.47433144381457704
0.564622641509434    0.478808491719434
0.5655660377358491    0.46914749360895325
0.5665094339622642    0.4613715683006262
0.5674528301886792    0.4677336890074195
0.5683962264150944    0.4830499055240352
0.5693396226415095    0.48658441702786964
0.5702830188679245    0.49082583083258646
0.5712264150943396    0.46372790930307384
0.5721698113207547    0.4882338557296591
0.5731132075471699    0.48517061242633586
0.5740566037735849    0.49624541513846715
0.575    0.4818717350227571
0.5759433962264151    0.4846993442258247
0.5768867924528303    0.49671668333886165
0.5778301886792453    0.5000155607425582
0.5787735849056603    0.5176881182616124
0.5797169811320755    0.4870556852283809
0.5806603773584906    0.4889407580304259
0.5816037735849057    0.5002511948428138
0.5825471698113207    0.4995442925419291
0.5834905660377359    0.4948316105368166
0.584433962264151    0.49153273313323786
0.585377358490566    0.48705568522849557
0.5863207547169811    0.49671668333886165
0.5872641509433962    0.5019006335444854
0.5882075471698114    0.5155674113593117
0.5891509433962264    0.4981304879405127
0.5900943396226415    0.5011937312437185
0.5910377358490566    0.5044926086472973
0.5919811320754718    0.5059064132488311
0.5929245283018868    0.4981304879405127
0.5938679245283018    0.5132110703567555
0.594811320754717    0.5153317772590561
0.5957547169811321    0.5282916527731156
0.5966981132075472    0.5429009669890923
0.5976415094339622    0.5374813826830851
0.5985849056603774    0.5311192619761831
0.5995283018867925    0.5110903634544549
0.6004716981132076    0.5346537734801434
0.6014150943396226    0.5403089918861526
0.6023584905660377    0.5167455818605898
0.6033018867924529    0.5431366010892201
0.6042452830188679    0.5355963098811661
0.605188679245283    0.5330043347782282
0.6061320754716981    0.5464354784927989
0.6070754716981133    0.5386595531843632
0.6080188679245283    0.5596309881072458
0.6089622641509433    0.5344181393797619
0.6099056603773585    0.5681138157163166
0.6108490566037736    0.5299410914749051
0.6117924528301887    0.5603378904080129
0.6127358490566037    0.5770679115260304
0.6136792452830189    0.5504412581971445
0.614622641509434    0.5297054573746494
0.6155660377358491    0.547613648994206
0.6165094339622641    0.5549183061020015
0.6174528301886792    0.5575102812048134
0.6183962264150944    0.5464354784927989
0.6193396226415094    0.5768322774259106
0.6202830188679245    0.5688207180170834
0.6212264150943396    0.5645793042124821
0.6221698113207548    0.5558608425030239
0.6231132075471698    0.5822518617317912
0.6240566037735849    0.5718839613204066
0.625    0.559630988107114
0.6259433962264151    0.593091030343413
0.6268867924528302    0.5678781816161946
0.6278301886792452    0.5579815494053246
0.6287735849056604    0.560337890407881
0.6297169811320755    0.5744759364232186
0.6306603773584906    0.5777748138269333
0.6316037735849056    0.5690563521173391
0.6325471698113208    0.5857863732354885
0.6334905660377359    0.573533400022196
0.6344339622641509    0.5601022563077571
0.635377358490566    0.5579815494053246
0.6363207547169811    0.5794242525285866
0.6372641509433963    0.5829587640324211
0.6382075471698113    0.5848438368346038
0.6391509433962264    0.5763610092252636
0.6400943396226415    0.5638724019117154
0.6410377358490567    0.5697632544181059
0.6419811320754717    0.5956830054463651
0.6429245283018867    0.5796598866288424
0.6438679245283019    0.5881427142380449
0.644811320754717    0.5980393464487812
0.6457547169811321    0.603930198955314
0.6466981132075471    0.5921484939423906
0.6476415094339623    0.5954473713459694
0.6485849056603774    0.6140624652661638
0.6495283018867924    0.5671712793154275
0.6504716981132075    0.5914415916416237
0.6514150943396226    0.6126486606646301
0.6523584905660378    0.6011025897521044
0.6533018867924528    0.6079359786596606
0.6542452830188679    0.6409247526953054
0.655188679245283    0.6124130265643745
0.6561320754716982    0.6098210514615626
0.6570754716981132    0.6279648771813936
0.6580188679245282    0.6531777259085979
0.6589622641509434    0.6432810936978616
0.6599056603773585    0.6350339001889146
0.6608490566037736    0.622545292875513
0.6617924528301886    0.6491719462042522
0.6627358490566038    0.641160386795561
0.6636792452830189    0.6475225075024629
0.664622641509434    0.6769767700345756
0.665566037735849    0.6831032566410625
0.6665094339622641    0.6656663332221462
0.6674528301886793    0.6654306991218905
0.6683962264150943    0.6953562298545188
0.6693396226415094    0.6703790152272586
0.6702830188679245    0.6590685784149887
0.6712264150943397    0.6713215516282812
0.6721698113207547    0.6871090363455699
0.6731132075471697    0.694178059353077
0.6740566037735849    0.6637812604201011
0.675    0.7036034233633022
0.6759433962264151    0.6798043792376438
0.6768867924528301    0.6748560631321157
0.6778301886792453    0.6986551072579339
0.6787735849056604    0.7038390574635577
0.6797169811320755    0.698183839057587
0.6806603773584905    0.6842814271423406
0.6816037735849056    0.6948849616538438
0.6825471698113208    0.6995976436589565
0.6834905660377358    0.6932355229522177
0.6844339622641509    0.7109080804712264
0.685377358490566    0.6845170612425963
0.6863207547169812    0.7250461264865641
0.6872641509433962    0.7059597643660245
0.6882075471698113    0.7083161053684146
0.6891509433962264    0.7097299099699483
0.6900943396226416    0.7005401800599789
0.6910377358490567    0.7210403467822185
0.6919811320754717    0.70784483716807
0.6929245283018868    0.7036034233633022
0.6938679245283019    0.7073735689673921
0.6948113207547171    0.7043103256640689
0.6957547169811321    0.703367789263212
0.6966981132075472    0.7083161053684146
0.6976415094339623    0.6908791819494983
0.6985849056603775    0.7000689118594677
0.6995283018867925    0.7028965210627006
0.7004716981132075    0.7040746915638133
0.7014150943396227    0.7094942758696927
0.7023584905660378    0.7130287873735272
0.7033018867924529    0.7208047126821325
0.7042452830188679    0.7102011781704597
0.7051886792452831    0.7203334444814516
0.7061320754716982    0.7139713237745497
0.7070754716981132    0.7040746915639791
0.7080188679245283    0.7069023007668809
0.7089622641509434    0.6911148160497539
0.7099056603773586    0.7210403467822185
0.7108490566037736    0.7208047126821325
0.7117924528301887    0.7132644214737828
0.7127358490566038    0.7182127375791509
0.713679245283019    0.7545003890185176
0.714622641509434    0.7040746915639791
0.715566037735849    0.7179771034788953
0.7165094339622642    0.708080471268159
0.7174528301886793    0.7344714904967892
0.7183962264150944    0.7363565632990076
0.7193396226415094    0.7332933199955111
0.7202830188679246    0.746017561409315
0.7212264150943397    0.7488451706123824
0.7221698113207548    0.762747582527644
0.7231132075471698    0.6984194731576783
0.7240566037735849    0.7648682894297651
0.7250000000000001    0.7361209291985786
0.7259433962264151    0.7474313660110246
0.7268867924528302    0.7481382683116156
0.7278301886792453    0.7519084139157056
0.7287735849056605    0.7547360231187732
0.7297169811320755    0.768638435034036
0.7306603773584905    0.7387129043013906
0.7316037735849057    0.7370634655996011
0.7325471698113208    0.7410692453039467
0.7334905660377359    0.7738223852396611
0.7344339622641509    0.753557852617495
0.7353773584905661    0.7514371457151943
0.7363207547169812    0.7570923641213294
0.7372641509433963    0.7528509503169053
0.7382075471698113    0.7467244637100818
0.7391509433962264    0.7625119484272088
0.7400943396226416    0.7672246304323214
0.7410377358490566    0.7580349005225303
0.7419811320754717    0.763690118928487
0.7429245283018868    0.7865466266532828
0.743867924528302    0.8002134044681092
0.744811320754717    0.7825408469491213
0.745754716981132    0.7761787262420351
0.7466981132075472    0.7797132377458695
0.7476415094339623    0.7884316994553279
0.7485849056603774    0.82354118039361
0.7495283018867924    0.7898455040568616
0.7504716981132076    0.8032766477714323
0.7514150943396227    0.7962076247637635
0.7523584905660378    0.8075180615762236
0.7533018867924528    0.8065755251750111
0.754245283018868    0.7995065021673422
0.7551886792452831    0.7919662109591622
0.7561320754716981    0.8171790596867066
0.7570754716981132    0.8289607646992957
0.7580188679245283    0.8006846726686204
0.7589622641509435    0.8322596421028744
0.7599056603773585    0.8527598088253147
0.7608490566037736    0.8454551517171895
0.7617924528301887    0.8367366900077313
0.7627358490566039    0.8348516172056862
0.7636792452830189    0.8720818050462806
0.7646226415094339    0.8454551517171895
0.7655660377358491    0.854644881627159
0.7665094339622642    0.8555874180281814
0.7674528301886793    0.874673780149093
0.7683962264150943    0.8551161498276703
0.7693396226415095    0.8989440924752169
0.7702830188679246    0.8914038012670368
0.7712264150943396    0.8862198510616216
0.7721698113207547    0.8928176058685705
0.7731132075471698    0.8852773146603905
0.774056603773585    0.8954095809713825
0.775    0.8916394353675022
0.7759433962264151    0.8944670445703599
0.7768867924528302    0.8904612648660143
0.7778301886792454    0.8767944870511879
0.7787735849056604    0.8603001000334966
0.7797169811320754    0.8996509947759838
0.7806603773584906    0.9045993108813519
0.7816037735849057    0.8808002667555336
0.7825471698113208    0.8897543625654568
0.7834905660377358    0.8914038012670368
0.784433962264151    0.9048349449816075
0.7853773584905661    0.9152028453928551
0.7863207547169812    0.8930532399690364
0.7872641509433962    0.8902256307657587
0.7882075471698113    0.9133177725908102
0.7891509433962265    0.9552606424363118
0.7900943396226415    0.9159097476938376
0.7910377358490566    0.9154384794931107
0.7919811320754717    0.9097832610869757
0.7929245283018869    0.9111970656885094
0.7938679245283019    0.9427720351229854
0.7948113207547169    0.9203867955984789
0.7957547169811321    0.9382949872179065
0.7966981132075472    0.9406513282204629
0.7976415094339623    0.9328754029122466
0.7985849056603773    0.9302834278092152
0.7995283018867925    0.9187373568966896
0.8004716981132076    0.9418294987217409
0.8014150943396227    0.9283983550073887
0.8023584905660377    0.9491341558296653
0.8033018867924528    0.977174613760085
0.804245283018868    0.9232144048015464
0.805188679245283    0.9722262976549456
0.8061320754716981    0.9564388129375898
0.8070754716981132    0.9529043014337554
0.8080188679245284    0.9715193953539499
0.8089622641509434    0.9467778148273319
0.8099056603773584    0.9710481271534387
0.8108490566037736    0.9635078359452586
0.8117924528301887    0.9710481271534387
0.8127358490566038    0.9592664221408831
0.8136792452830188    0.9635078359452586
0.814622641509434    0.9585595198398905
0.8155660377358491    0.9668067133488374
0.8165094339622642    1.007571412693298
0.8174528301886792    0.9785884183616188
0.8183962264150944    0.9976747804823246
0.8193396226415095    0.962094031343725
0.8202830188679245    0.9969678781817922
0.8212264150943396    0.9675136156496043
0.8221698113207547    0.9788240524618744
0.8231132075471699    0.9840080026674981
0.8240566037735849    0.9837723685674741
0.825    0.9981460486828357
0.8259433962264151    0.962094031343725
0.8268867924528303    0.9950828053795125
0.8278301886792453    1.0026230965879286
0.8287735849056603    1.0210025564076317
0.8297169811320755    0.9849505390685207
0.8306603773584906    0.9875425141713325
0.8316037735849057    1.0049794375904855
0.8325471698113207    0.9967322440813021
0.8334905660377359    1.0108702900966398
0.834433962264151    1.0186462154050755
0.835377358490566    1.012048460598156
0.8363207547169811    1.023358897410188
0.8372641509433962    1.0177036790040528
0.8382075471698114    1.026422140713511
0.8391509433962264    1.006157608091764
0.8400943396226415    0.9920195620761895
0.8410377358490566    1.0193531177058421
0.8419811320754718    1.0217094587083986
0.8429245283018868    1.0066288762922753
0.8438679245283018    1.0311348227186234
0.844811320754717    1.015111703901241
0.8457547169811321    1.030192286317601
0.8466981132075472    1.008985217294832
0.8476415094339622    0.9995598532843696
0.8485849056603774    1.0045081693897377
0.8495283018867925    1.0177036790040528
0.8504716981132076    1.0346693342227014
0.8514150943396226    1.038439479826548
0.8523584905660377    1.0028587306879484
0.8533018867924529    0.9821229298654531
0.8542452830188679    0.9672779815495763
0.855188679245283    0.9592664221406573
0.8561320754716981    0.9679848838501156
0.8570754716981133    0.9559675447370785
0.8580188679245283    0.9415938646217069
0.8589622641509433    0.9755251750582956
0.8599056603773585    0.9387662554184177
0.8608490566037736    0.9649216405467924
0.8617924528301887    0.9441858397245194
0.8627358490566037    0.9434789374235304
0.8636792452830189    0.9041280426808407
0.864622641509434    0.9213293319995014
0.8655660377358491    0.9144959430923034
0.8665094339622641    0.8866911192619242
0.8674528301886792    0.8805646326552778
0.8683962264150944    0.8819784372568118
0.8693396226415094    0.8643058797378431
0.8702830188679245    0.8725530732465866
0.8712264150943396    0.8513460042235802
0.8721698113207548    0.8489896632210239
0.8731132075471698    0.8668978548406556
0.8740566037735849    0.8527598088251139
0.875    0.856529954429204
0.8759433962264151    0.8287251305990401
0.8768867924528302    0.8258975213961669
0.8778301886792452    0.830610203401085
0.8787735849056604    0.846397688118212
0.8797169811320755    0.8101100366788454
0.8806603773584906    0.8216561075915646
0.8816037735849056    0.8072824274757779
0.8825471698113208    0.7771212626430577
0.8834905660377359    0.7962076247637635
0.8844339622641509    0.7964432588642065
0.885377358490566    0.7613337779259307
0.8863207547169811    0.7818339446481702
0.8872641509433963    0.8002134044681092
0.8882075471698113    0.7587418028232974
0.8891509433962264    0.7608625097254195
0.8900943396226415    0.7587418028231188
0.8910377358490567    0.7700522396353889
0.8919811320754717    0.7599199733245758
0.8929245283018867    0.7368278314993455
0.8938679245283019    0.7490808047126382
0.894811320754717    0.7457819273090593
0.8957547169811321    0.7238679559854564
0.8966981132075471    0.7486095365121268
0.8976415094339623    0.7323507835944886
0.8985849056603774    0.7153851283760835
0.8995283018867924    0.7314082471936383
0.9004716981132075    0.7127931532732715
0.9014150943396226    0.6946493275535883
0.9023584905660378    0.7125575191730159
0.9033018867924528    0.7069023007670473
0.9042452830188679    0.6809825497387618
0.905188679245283    0.6880515727464307
0.9061320754716982    0.6878159386461751
0.9070754716981132    0.6816894520396892
0.9080188679245282    0.6734422585305819
0.9089622641509434    0.6515282872068086
0.9099056603773585    0.6823963543402957
0.9108490566037736    0.6369189729911097
0.9117924528301886    0.6696721129264919
0.9127358490566038    0.6446948982993954
0.9136792452830189    0.6597754807157554
0.914622641509434    0.6482294098033824
0.915566037735849    0.6465799711014404
0.9165094339622641    0.6472868734022073
0.9174528301886793    0.6692008447259805
0.9183962264150943    0.6618961876182119
0.9193396226415094    0.6812181838390176
0.9202830188679245    0.7132644214737828
0.9212264150943397    0.692999888851799
0.9221698113207547    0.7325864176949166
0.9231132075471697    0.7102011781704597
0.9240566037735849    0.7356496609980673
0.925    0.7391841725019017
0.9259433962264151    0.743425586306678
0.9268867924528301    0.735885295098323
0.9278301886792453    0.7702878737356446
0.9287735849056604    0.7589774369233744
0.9297169811320755    0.8051617205736669
0.9306603773584905    0.8308458375013406
0.9316037735849056    0.8308458375013406
0.9325471698113208    0.8494609314215352
0.933490566037736    0.8504034678225576
0.934433962264151    0.8923463376682693
0.935377358490566    0.8909325330665254
0.9363207547169812    0.8850416805601349
0.9372641509433963    0.9455996443258309
0.9382075471698114    0.9305190619096899
0.9391509433962264    0.9380593531176509
0.9400943396226416    0.9536112037345224
0.9410377358490567    0.9488985217294097
0.9419811320754717    0.9701055907526445
0.9429245283018868    0.9743470045570174
0.9438679245283019    0.9941402689784903
0.9448113207547171    0.9929620984772121
0.9457547169811321    1.0038012670892071
0.9466981132075472    1.0410314549293598
0.9476415094339623    1.0224163610091654
0.9485849056603775    1.0603534511503214
0.9495283018867925    1.0360831388242357
0.9504716981132075    1.0612959875513437
0.9514150943396227    1.0806179837723051
0.9523584905660378    1.0318417250193905
0.9533018867924529    1.0622385239526164
0.9542452830188679    1.0789685450705158
0.9551886792452831    1.0323129932199018
0.9561320754716982    1.0349049683227136
0.9570754716981132    1.052813159942389
0.9580188679245283    1.0299566522173453
0.9589622641509434    1.0141691675002185
0.9599056603773586    1.0042725352894821
0.9608490566037736    0.9929620984774458
0.9617924528301887    0.9168522840946445
0.9627358490566038    0.9152028453928551
0.963679245283019    0.8374435923084982
0.964622641509434    0.8301389352007691
0.965566037735849    0.7264599310880979
0.9665094339622642    0.6774480382349275
0.9674528301886793    0.627257974880479
0.9683962264150944    0.5685850839169617
0.9693396226415094    0.5153317772590561
0.9702830188679246    0.40057797043456583
0.9712264150943397    0.33624986106477966
0.9721698113207548    0.27451372679787
0.9731132075471698    0.20971434922750798
0.9740566037735849    0.1555185061687138
0.9750000000000001    0.10650661331554338
0.9759433962264151    0.07163276647772746
0.9768867924528302    0.03793709014115594
0.9778301886792453    0.025684116927863338
0.9787735849056605    0.009896632210736332
0.9797169811320755    0.005655218406136378
0.9806603773584905    0.0025919751028118964
0.9816037735849057    0.00023563410025562696
0.9825471698113208    0.0
0.9834905660377359    0.0
0.9844339622641509    0.0
0.9853773584905661    0.0
0.9863207547169812    0.0
0.9872641509433963    0.0
0.9882075471698113    0.0
0.9891509433962264    0.0
0.9900943396226416    0.0
0.9910377358490566    0.0
0.9919811320754717    0.0
0.9929245283018868    0.0
0.993867924528302    0.0
0.994811320754717    0.0
0.995754716981132    0.0
0.9966981132075472    0.0
0.9976415094339623    0.0
0.9985849056603774    0.0
0.9995283018867924    0.0