-0.9995283018867924    0.0
-0.9985849056603773    0.0
-0.9976415094339622    0.0
-0.9966981132075472    0.0
-0.995754716981132    0.0
-0.9948113207547169    0.0
-0.9938679245283019    0.0
-0.9929245283018868    0.0
-0.9919811320754717    0.0
-0.9910377358490565    0.0
-0.9900943396226415    0.0
-0.9891509433962264    0.0
-0.9882075471698113    0.0
-0.9872641509433961    0.0
-0.9863207547169811    0.0
-0.9853773584905661    0.0
-0.9844339622641509    0.0
-0.9834905660377358    0.0
-0.9825471698113207    0.0
-0.9816037735849057    0.0
-0.9806603773584905    0.0
-0.9797169811320754    0.0
-0.9787735849056604    0.0
-0.9778301886792453    0.0
-0.9768867924528302    0.0
-0.975943396226415    0.0
-0.975    0.0
-0.9740566037735849    0.0
-0.9731132075471698    0.0
-0.9721698113207546    0.0
-0.9712264150943396    0.0
-0.9702830188679246    0.0
-0.9693396226415094    0.0
-0.9683962264150943    0.0
-0.9674528301886792    0.0
-0.9665094339622642    0.0
-0.965566037735849    0.0
-0.9646226415094339    0.0
-0.9636792452830188    0.0
-0.9627358490566038    0.0
-0.9617924528301887    0.0
-0.9608490566037735    0.0
-0.9599056603773585    0.0
-0.9589622641509434    0.0
-0.9580188679245283    0.0
-0.9570754716981131    0.0
-0.9561320754716981    0.0
-0.9551886792452831    0.0
-0.9542452830188679    0.0
-0.9533018867924528    0.0
-0.9523584905660377    0.0
-0.9514150943396227    0.0
-0.9504716981132075    0.0
-0.9495283018867924    0.0
-0.9485849056603773    0.0
-0.9476415094339623    0.0
-0.9466981132075472    0.0
-0.945754716981132    0.0
-0.944811320754717    0.0
-0.9438679245283019    0.0
-0.9429245283018868    0.0
-0.9419811320754716    0.0
-0.9410377358490566    0.0
-0.9400943396226416    0.0
-0.9391509433962264    0.0
-0.9382075471698113    0.0
-0.9372641509433962    0.0
-0.9363207547169812    0.0
-0.935377358490566    0.0
-0.9344339622641509    0.0
-0.9334905660377358    0.0
-0.9325471698113208    0.0
-0.9316037735849056    0.0
-0.9306603773584905    0.0
-0.9297169811320755    0.0
-0.9287735849056604    0.0
-0.9278301886792453    0.0
-0.9268867924528301    0.0
-0.9259433962264151    0.0
-0.925    0.0
-0.9240566037735849    0.0
-0.9231132075471697    0.0
-0.9221698113207547    0.0
-0.9212264150943397    0.0
-0.9202830188679245    0.0
-0.9193396226415094    0.0
-0.9183962264150943    0.0
-0.9174528301886793    0.0
-0.9165094339622641    0.0
-0.915566037735849    0.0
-0.914622641509434    0.0
-0.9136792452830189    0.0
-0.9127358490566038    0.0
-0.9117924528301886    0.0
-0.9108490566037736    0.0
-0.9099056603773585    0.0
-0.9089622641509434    0.0
-0.9080188679245282    0.0
-0.9070754716981132    0.0
-0.9061320754716982    0.0
-0.905188679245283    0.0
-0.9042452830188679    0.0
-0.9033018867924528    0.0
-0.9023584905660378    0.0
-0.9014150943396226    0.0
-0.9004716981132075    0.0
-0.8995283018867924    0.0
-0.8985849056603774    0.0
-0.8976415094339623    0.0
-0.8966981132075471    0.0
-0.8957547169811321    0.0
-0.894811320754717    0.0
-0.8938679245283019    0.0
-0.8929245283018867    0.0
-0.8919811320754717    0.0
-0.8910377358490567    0.0
-0.8900943396226415    0.0
-0.8891509433962264    0.0
-0.8882075471698113    0.0
-0.8872641509433963    0.0
-0.8863207547169811    0.0
-0.885377358490566    0.0
-0.8844339622641509    0.0
-0.8834905660377359    0.0
-0.8825471698113208    0.0
-0.8816037735849056    0.0
-0.8806603773584906    0.0
-0.8797169811320755    0.0
-0.8787735849056604    0.0
-0.8778301886792452    0.0
-0.8768867924528302    0.0
-0.8759433962264151    0.0
-0.875    0.0
-0.8740566037735849    0.0
-0.8731132075471698    0.0
-0.8721698113207548    0.0
-0.8712264150943396    0.0
-0.8702830188679245    0.0
-0.8693396226415094    0.0
-0.8683962264150944    0.0
-0.8674528301886792    0.0
-0.8665094339622641    0.0
-0.8655660377358491    0.0
-0.864622641509434    0.0
-0.8636792452830189    0.0
-0.8627358490566037    0.0
-0.8617924528301887    0.0
-0.8608490566037736    0.0
-0.8599056603773585    0.0
-0.8589622641509433    0.0
-0.8580188679245283    0.0
-0.8570754716981133    0.0
-0.8561320754716981    0.0
-0.855188679245283    0.0
-0.8542452830188679    0.0
-0.8533018867924529    0.0
-0.8523584905660377    0.0
-0.8514150943396226    0.0
-0.8504716981132076    0.0
-0.8495283018867925    0.00023563410025565466
-0.8485849056603774    0.0
-0.8476415094339622    0.0
-0.8466981132075472    0.0
-0.8457547169811321    0.0
-0.844811320754717    0.00023563410025562696
-0.8438679245283018    0.0
-0.8429245283018868    0.00023563410025562696
-0.8419811320754718    0.0
-0.8410377358490566    0.00023563410025562696
-0.8400943396226415    0.0004712682005113093
-0.8391509433962264    0.0
-0.8382075471698114    0.0
-0.8372641509433962    0.0004712682005112539
-0.8363207547169811    0.00023563410025565466
-0.835377358490566    0.0
-0.834433962264151    0.0009425364010226187
-0.8334905660377359    0.00023563410025562696
-0.8325471698113207    0.0007069023007669641
-0.8316037735849057    0.0011781705012781348
-0.8306603773584906    0.0011781705012782733
-0.8297169811320755    0.0011781705012781348
-0.8287735849056603    0.0009425364010226187
-0.8278301886792453    0.0004712682005112539
-0.8268867924528303    0.0030632433033235106
-0.8259433962264151    0.0009425364010225078
-0.825    0.0011781705012782733
-0.8240566037735849    0.0018850728020450157
-0.8231132075471699    0.0028276092030678564
-0.8221698113207547    0.0021207069023006426
-0.8212264150943396    0.0030632433033235106
-0.8202830188679245    0.0018850728020450157
-0.8193396226415095    0.0035345115038348204
-0.8183962264150944    0.0032988774035787776
-0.8174528301886792    0.004005779704345658
-0.816509433962264    0.0065977548071583314
-0.8155660377358491    0.006126486606647021
-0.814622641509434    0.008247193508946944
-0.8136792452830188    0.006597754807157555
-0.8127358490566037    0.00801155940869226
-0.8117924528301887    0.012252973213294042
-0.8108490566037736    0.010367900411247586
-0.8099056603773584    0.00777592530843569
-0.8089622641509433    0.00801155940869226
-0.8080188679245284    0.01107480271201577
-0.8070754716981132    0.012959875514059482
-0.8061320754716981    0.017672557519172023
-0.8051886792452829    0.017201289318662792
-0.804245283018868    0.015316216516617557
-0.8033018867924528    0.015787484717127008
-0.8023584905660377    0.019793264421472664
-0.8014150943396225    0.02214960542403154
-0.8004716981132076    0.024270312326332432
-0.7995283018867925    0.022856507724795815
-0.7985849056603773    0.027569189729908353
-0.7976415094339622    0.030396798932979457
-0.7966981132075472    0.028276092030678563
-0.7957547169811321    0.03770145604090031
-0.7948113207547169    0.0428854062465241
-0.7938679245283018    0.04029343114371695
-0.7929245283018869    0.04241413804601784
-0.7919811320754717    0.04995442925419291
-0.7910377358490566    0.0516038679559823
-0.7900943396226414    0.05066133155496576
-0.7891509433962265    0.061500500166725876
-0.7882075471698113    0.05961542736467362
-0.7872641509433962    0.06550627987106429
-0.786320754716981    0.06668445037235027
-0.7853773584905661    0.06998332777592943
-0.784433962264151    0.07186840057796622
-0.7834905660377358    0.08105813048793567
-0.7825471698113207    0.09260420140047229
-0.7816037735849057    0.08812715349561485
-0.7806603773584906    0.09684561520506267
-0.7797169811320754    0.09331110370122828
-0.7787735849056603    0.10650661331555591
-0.7778301886792454    0.11051239301990204
-0.7768867924528302    0.12889185283982793
-0.7759433962264151    0.12441480493497103
-0.7749999999999999    0.12865621873958746
-0.774056603773585    0.1498632877625964
-0.7731132075471698    0.15174836056462376
-0.7721698113207547    0.15881738357229255
-0.7712264150943395    0.16942091808381574
-0.7702830188679246    0.17766811159276363
-0.7693396226415095    0.1835589640991334
-0.7683962264150943    0.18520840280092277
-0.7674528301886792    0.2017027898188404
-0.7665094339622642    0.209478715127277
-0.7655660377358491    0.23374902745358192
-0.7646226415094339    0.239404245859717
-0.7636792452830188    0.23516283205514335
-0.7627358490566039    0.2408180504612791
-0.7617924528301887    0.2667378014893697
-0.7608490566037736    0.2716861175947379
-0.7599056603773584    0.2841747249083195
-0.7589622641509435    0.27121484939425855
-0.7580188679245283    0.29548516172055617
-0.7570754716981132    0.32941647215736647
-0.756132075471698    0.3185773035456452
-0.7551886792452831    0.35580749138603857
-0.754245283018868    0.35910636878957547
-0.7533018867924528    0.35462932088471855
-0.7523584905660377    0.3826697788151832
-0.7514150943396227    0.36829609869958824
-0.7504716981132076    0.3904457041235739
-0.7495283018867924    0.4100033344447909
-0.7485849056603773    0.43003223296656984
-0.7476415094339623    0.43238857396912633
-0.7466981132075472    0.4498254973879919
-0.745754716981132    0.4460553517839018
-0.7448113207547169    0.48140046682230253
-0.743867924528302    0.4924752695343183
-0.7429245283018868    0.49789485384013976
-0.7419811320754717    0.5165099477603343
-0.7410377358490565    0.517923752361929
-0.7400943396226416    0.5158030454596281
-0.7391509433962264    0.5601022563076253
-0.7382075471698113    0.5615160609091591
-0.7372641509433961    0.571177059019707
-0.7363207547169812    0.5952117372457838
-0.7353773584905661    0.6084072468600288
-0.7344339622641509    0.6347982660886591
-0.7334905660377358    0.6604823830166001
-0.7325471698113208    0.6371546070912903
-0.7316037735849057    0.6640168945203567
-0.7306603773584905    0.6838101589418295
-0.7297169811320754    0.7040746915638962
-0.7287735849056605    0.6887584750472786
-0.7278301886792453    0.7132644214737828
-0.7268867924528302    0.7076092030676477
-0.725943396226415    0.7132644214738667
-0.7250000000000001    0.7231610536846043
-0.7240566037735849    0.7610981438256751
-0.7231132075471698    0.7801845059463808
-0.7221698113207546    0.7653395576303664
-0.7212264150943397    0.795029454262579
-0.7202830188679246    0.834380349005175
-0.7193396226415094    0.8164721573857474
-0.7183962264150943    0.8522885406247029
-0.7174528301886793    0.8426275425142212
-0.7165094339622642    0.8499321996220465
-0.715566037735849    0.8739668778481203
-0.7146226415094339    0.8775013893520581
-0.713679245283019    0.8994153606758339
-0.7127358490566038    0.90200733577854
-0.7117924528301887    0.9161453817938776
-0.7108490566037735    0.9373524508169943
-0.7099056603773586    0.9448927420251754
-0.7089622641509434    0.957616983438868
-0.7080188679245283    0.9592664221406573
-0.7070754716981131    0.9990885850839759
-0.7061320754716982    0.9964966099811636
-0.7051886792452831    0.9693986884516494
-0.7042452830188679    1.0080426808935723
-0.7033018867924528    1.0181749472046837
-0.7023584905660378    1.0259508725131206
-0.7014150943396227    1.0457441369344724
-0.7004716981132075    1.0250083361119773
-0.6995283018867924    1.0082783149939465
-0.6985849056603775    1.050221184839453
-0.6976415094339623    1.057997110147765
-0.6966981132075472    1.045979771034728
-0.695754716981132    1.076847838168342
-0.6948113207547171    1.0860375680783125
-0.6938679245283019    1.0728420584638694
-0.6929245283018868    1.0989974435922443
-0.6919811320754716    1.0756696676670636
-0.6910377358490567    1.1072446371013214
-0.6900943396226416    1.1025319550960786
-0.6891509433962264    1.119968878514995
-0.6882075471698113    1.153900188951941
-0.6872641509433963    1.1305724130266313
-0.6863207547169812    1.1067733689006798
-0.685377358490566    1.1522507502500159
-0.6844339622641509    1.1421184839391583
-0.683490566037736    1.1506013115483618
-0.6825471698113208    1.1517794820495046
-0.6816037735849056    1.1520151161497603
-0.6806603773584905    1.188067133489011
-0.6797169811320756    1.1357563632322556
-0.6787735849056604    1.1711014782704658
-0.6778301886792453    1.1661531621650978
-0.6768867924528301    1.1623830165611446
-0.6759433962264152    1.1543714571524522
-0.675    1.176756696676601
-0.6740566037735849    1.1871245970878486
-0.6731132075471697    1.1885384016895222
-0.6721698113207548    1.1977281315994928
-0.6712264150943397    1.1864176947870817
-0.6702830188679245    1.1878314993886157
-0.6693396226415094    1.1864176947872211
-0.6683962264150944    1.1678026008670246
-0.6674528301886793    1.2224697121261927
-0.6665094339622641    1.1890096698898935
-0.665566037735849    1.2151650550184112
-0.6646226415094341    1.173693453373416
-0.6636792452830189    1.1965499610980737
-0.6627358490566038    1.1897165721906604
-0.6617924528301886    1.1807624763810856
-0.6608490566037737    1.1795843058798074
-0.6599056603773585    1.1496587751472038
-0.6589622641509434    1.1857107924863148
-0.6580188679245282    1.1713371123708594
-0.6570754716981133    1.1626186506614002
-0.6561320754716982    1.1543714571523165
-0.655188679245283    1.144003556741069
-0.6542452830188679    1.1708658441703481
-0.6533018867924529    1.1461242636435045
-0.6523584905660378    1.160969211959474
-0.6514150943396226    1.1385839724351896
-0.6504716981132075    1.137641436034301
-0.6495283018867926    1.1310436812271425
-0.6485849056603774    1.1423541180392796
-0.6476415094339623    1.1430610203400462
-0.6466981132075471    1.1465955318440157
-0.6457547169811322    1.1454173613427374
-0.644811320754717    1.1310436812270095
-0.6438679245283019    1.1310436812270095
-0.6429245283018867    1.1246815605202398
-0.6419811320754718    1.148480604646061
-0.6410377358490567    1.115491830610138
-0.6400943396226415    1.1063021007001685
-0.6391509433962264    1.1388196065355791
-0.6382075471698113    1.092164054684831
-0.6372641509433963    1.1030032232967197
-0.6363207547169811    1.1096009781037475
-0.635377358490566    1.075669667666937
-0.6344339622641508    1.0737845948650184
-0.6334905660377359    1.0751983994665524
-0.6325471698113208    1.0714282538623359
-0.6316037735849056    1.0473935756362618
-0.6306603773584905    1.0518706235412425
-0.6297169811320755    1.0320773591197674
-0.6287735849056604    1.0320773591196462
-0.6278301886792452    1.050456818939585
-0.6268867924528301    1.0096921195954802
-0.6259433962264151    1.0252439702123535
-0.625    1.0276003112147891
-0.6240566037735849    1.0243014338112104
-0.6231132075471697    1.006393242191901
-0.6221698113207548    1.029014115816444
-0.6212264150943396    1.021473824608143
-0.6202830188679245    1.0021518283871813
-0.6193396226415093    0.9651572746471615
-0.6183962264150944    0.9929620984773287
-0.6174528301886792    0.9701055907524161
-0.6165094339622641    0.9764677114593182
-0.615566037735849    0.9792953206625008
-0.614622641509434    0.9425364010226188
-0.6136792452830189    0.9628009336444917
-0.6127358490566037    0.9583238857396349
-0.6117924528301886    0.9272201845060012
-0.6108490566037736    0.9262776481049786
-0.6099056603773585    0.9253351117038471
-0.6089622641509433    0.9246282094030801
-0.6080188679245282    0.9175591863955194
-0.6070754716981133    0.9100188951873384
-0.6061320754716981    0.9335823052127941
-0.605188679245283    0.9086050905856975
-0.6042452830188678    0.9069556518840148
-0.6033018867924529    0.8838635100589607
-0.6023584905660377    0.8885761920639693
-0.6014150943396226    0.8631277092363615
-0.6004716981132074    0.8416850061131985
-0.5995283018867925    0.8619495387351849
-0.5985849056603774    0.8534667111258809
-0.5976415094339622    0.8513460042235802
-0.5966981132075471    0.8640702456374857
-0.5957547169811321    0.8419206402134541
-0.594811320754717    0.8482827609202571
-0.5938679245283018    0.840742469712077
-0.5929245283018867    0.8329665444037393
-0.5919811320754718    0.8247193508947914
-0.5910377358490566    0.8108169389796124
-0.5900943396226415    0.8428631766143777
-0.5891509433962263    0.7856040902523527
-0.5882075471698114    0.8030410136712711
-0.5872641509433962    0.8143514504834468
-0.5863207547169811    0.8157652550849805
-0.5853773584905659    0.7721729465377805
-0.584433962264151    0.7957363565633458
-0.5834905660377359    0.8336734467044081
-0.5825471698113207    0.7806557741468921
-0.5816037735849056    0.7858397243526083
-0.5806603773584906    0.7773568967434049
-0.5797169811320755    0.7479026342113599
-0.5787735849056603    0.754264754918262
-0.5778301886792452    0.7886673335556762
-0.5768867924528303    0.7208047126820477
-0.5759433962264151    0.7549716572190287
-0.575    0.7549716572190287
-0.5740566037735848    0.7384772702012218
-0.5731132075471699    0.7264599310881834
-0.5721698113207547    0.7167989329776172
-0.5712264150943396    0.7521440480159612
-0.5702830188679244    0.754736023118862
-0.5693396226415095    0.7217472490830703
-0.5683962264150944    0.7172702011781285
-0.5674528301886792    0.6955918639546108
-0.566509433962264    0.7335289540958531
-0.5655660377358491    0.7222185172835816
-0.564622641509434    0.7017183505612571
-0.5636792452830188    0.6937067911525657
-0.5627358490566037    0.6845170612426769
-0.5617924528301887    0.7012470823608283
-0.5608490566037736    0.6967700344558889
-0.5599056603773584    0.6849883294431075
-0.5589622641509433    0.661189285317367
-0.5580188679245284    0.6746204290319394
-0.5570754716981132    0.6887584750471976
-0.5561320754716981    0.6649594309213792
-0.5551886792452829    0.6576547738135322
-0.554245283018868    0.6673157719240141
-0.5533018867924528    0.6515282872068086
-0.5523584905660377    0.6503501167055304
-0.5514150943396225    0.6757985995332176
-0.5504716981132076    0.6498788485050957
-0.5495283018867925    0.638568411692749
-0.5485849056603773    0.662603089918823
-0.5476415094339622    0.6724997221296385
-0.5466981132075472    0.6362120706902676
-0.5457547169811321    0.6336200955873809
-0.5448113207547169    0.6442236300988841
-0.5438679245283018    0.6324419250861772
-0.5429245283018869    0.64422363009896
-0.5419811320754717    0.6336200955873809
-0.5410377358490566    0.6260798043792007
-0.5400943396226414    0.6253729020785076
-0.5391509433962265    0.6091141491608674
-0.5382075471698113    0.6279648771812458
-0.5372641509433962    0.6251372679781784
-0.536320754716981    0.6098210514616343
-0.5353773584905661    0.6022807602534535
-0.534433962264151    0.5982749805490368
-0.5334905660377358    0.6091141491607956
-0.5325471698113207    0.5879070801378584
-0.5316037735849057    0.608642880960356
-0.5306603773584906    0.5846082027342104
-0.5297169811320754    0.593091030343413
-0.5287735849056603    0.5942692008447611
-0.5278301886792454    0.595683005446295
-0.5268867924528302    0.5831943981326767
-0.5259433962264151    0.567878181616061
-0.5249999999999999    0.5855507391353019
-0.524056603773585    0.5810736912304445
-0.5231132075471698    0.5667000111147829
-0.5221698113207547    0.5683494498165722
-0.5212264150943395    0.5900277870401593
-0.5202830188679246    0.5775391797266097
-0.5193396226415095    0.5857863732354885
-0.5183962264150943    0.5568033789040465
-0.5174528301886792    0.5725908636212409
-0.5165094339622642    0.5770679115260983
-0.5155660377358491    0.5615160609091591
-0.5146226415094339    0.5777748138267973
-0.5136792452830188    0.5598666222074354
-0.5127358490566039    0.5381882849839152
-0.5117924528301887    0.5391308213848746
-0.5108490566037736    0.5396020895853857
-0.5099056603773584    0.5191019228632072
-0.5089622641509435    0.5509125263977206
-0.5080188679245283    0.547613648994077
-0.5070754716981132    0.5393664554851302
-0.506132075471698    0.5297054573747118
-0.5051886792452831    0.5311192619762457
-0.504245283018868    0.5344181393797619
-0.5033018867924528    0.5209869956651912
-0.5023584905660377    0.5351250416805917
-0.5014150943396227    0.5433722351895397
-0.5004716981132076    0.5417227964876864
-0.4995283018867924    0.526170945870815
-0.49858490566037733    0.5113259975547707
-0.49764150943396224    0.5167455818605898
-0.49669811320754714    0.518630654662696
-0.49575471698113205    0.5120328998554774
-0.49481132075471695    0.5044926086473567
-0.49386792452830186    0.5061420473490866
-0.49292452830188677    0.4917683672335514
-0.49198113207547167    0.506613315549598
-0.4910377358490566    0.5200444592642299
-0.4900943396226415    0.5077914860508761
-0.4891509433962264    0.5004868289430106
-0.4882075471698113    0.5155674113593117
-0.4872641509433962    0.4835211737246034
-0.4863207547169811    0.5101478270534323
-0.485377358490566    0.5009580971435219
-0.4844339622641509    0.5026075358452523
-0.4834905660377358    0.4804579304212799
-0.48254716981132073    0.4870556852283809
-0.48160377358490564    0.5019006335445444
-0.48066037735849054    0.4781015894186671
-0.47971698113207545    0.4931821718350852
-0.47877358490566035    0.5035500722462748
-0.47783018867924526    0.48493497832613736
-0.47688679245283017    0.4828142714237797
-0.47594339622641507    0.4953028787373862
-0.475    0.4752739802155996
-0.4740566037735849    0.4894120262309948
-0.4731132075471698    0.5075558519506205
-0.4721698113207547    0.49341780593534096
-0.4712264150943396    0.46985439590972017
-0.4702830188679245    0.4828142714238364
-0.4693396226415094    0.4719751028120208
-0.4683962264150943    0.4879982216294608
-0.4674528301886792    0.4842280760253134
-0.46650943396226413    0.47150383461156503
-0.46556603773584904    0.47409580971432147
-0.46462264150943394    0.465377348004918
-0.46367924528301885    0.4795153940202008
-0.46273584905660375    0.4724463710125877
-0.46179245283018866    0.4665555185061414
-0.46084905660377357    0.47786595531846776
-0.45990566037735847    0.4729176392130433
-0.4589622641509434    0.46631988440594063
-0.4580188679245283    0.4771590530176446
-0.4570754716981132    0.4792797599200016
-0.4561320754716981    0.45995776369898383
-0.455188679245283    0.4535956429921353
-0.4542452830188679    0.4731532733132989
-0.4533018867924528    0.4625497388018502
-0.4523584905660377    0.45500944759361567
-0.4514150943396226    0.4535956429921353
-0.45047169811320753    0.4660842503056301
-0.44952830188679244    0.46066466599980493
-0.44858490566037734    0.4776303212181559
-0.44764150943396225    0.4538312770923909
-0.44669811320754715    0.48682005112812526
-0.44575471698113206    0.46066466599980493
-0.44481132075471697    0.4554807157941269
-0.44386792452830187    0.4625497388018502
-0.4429245283018868    0.4538312770923375
-0.4419811320754717    0.48257863732358075
-0.4410377358490566    0.45995776369898383
-0.4400943396226415    0.4519462042903457
-0.4391509433962264    0.47739468711790023
-0.4382075471698113    0.4535956429921353
-0.4372641509433962    0.4922396354340047
-0.4363207547169811    0.4764521507169338
-0.435377358490566    0.4514749360897813
-0.43443396226415093    0.46820495720798583
-0.43349056603773584    0.45995776369898383
-0.43254716981132074    0.4543025452929022
-0.43160377358490565    0.46490607980435195
-0.43066037735849055    0.46066466599980493
-0.42971698113207546    0.43238857396907543
-0.42877358490566037    0.4432277425808865
-0.42783018867924527    0.4755096143158552
-0.4268867924528302    0.46631988440594063
-0.4259433962264151    0.452888740691315
-0.425    0.4757452484161668
-0.4240566037735849    0.47621651661662207
-0.4231132075471698    0.48187173502281383
-0.4221698113207547    0.46749805490716384
-0.4212264150943396    0.4627853729021058
-0.4202830188679245    0.46137156830051756
-0.4193396226415094    0.46160720240082753
-0.41839622641509433    0.46443481160384076
-0.41745283018867924    0.4821073691230695
-0.41650943396226414    0.45053239968875874
-0.41556603773584905    0.4526531065911127
-0.41462264150943395    0.4677336890074195
-0.41367924528301886    0.4679693231077302
-0.41273584905660377    0.47338890741355455
-0.41179245283018867    0.4576014226964814
-0.4108490566037736    0.45171057019003685
-0.4099056603773585    0.46608425030568496
-0.4089622641509434    0.45500944759361567
-0.4080188679245283    0.46914749360900854
-0.4070754716981132    0.4764521507168777
-0.4061320754716981    0.46631988440594063
-0.405188679245283    0.4710325664109983
-0.4042452830188679    0.43639435367347246
-0.4033018867924528    0.46844059130818644
-0.40235849056603773    0.48022229632102426
-0.40141509433962264    0.46019339779923946
-0.40047169811320754    0.47433144381463294
-0.39952830188679245    0.48446371012556905
-0.39858490566037735    0.48469934422588173
-0.39764150943396226    0.4583083249971944
-0.39669811320754716    0.4781015894187234
-0.39575471698113207    0.4889407580304259
-0.394811320754717    0.47173946871182065
-0.3938679245283019    0.47857285761917834
-0.3929245283018868    0.472917639213099
-0.3919811320754717    0.4731532733132989
-0.3910377358490566    0.48187173502281383
-0.3900943396226415    0.47433144381457704
-0.3891509433962264    0.48823385572971656
-0.3882075471698113    0.45854395909745005
-0.3872641509433962    0.47621651661667813
-0.38632075471698113    0.4660842503056301
-0.38537735849056604    0.4894120262309948
-0.38443396226415094    0.4832855396242908
-0.38349056603773585    0.478337223518979
-0.38254716981132075    0.4818717350227571
-0.38160377358490566    0.492004001333807
-0.38066037735849056    0.48045793042122337
-0.37971698113207547    0.4879982216294608
-0.3787735849056604    0.478808491719434
-0.3778301886792453    0.4835211737246034
-0.3768867924528302    0.47927975991994526
-0.3759433962264151    0.49223963543406263
-0.375    0.4700900300099758
-0.3740566037735849    0.4978948538401983
-0.3731132075471698    0.4887051239301703
-0.3721698113207547    0.4929465377348296
-0.3712264150943396    0.49765921973988414
-0.37028301886792453    0.49600978103815313
-0.36933962264150944    0.47386017561406585
-0.36839622641509434    0.5030788040458227
-0.36745283018867925    0.4731532733132989
-0.36650943396226415    0.4804579304212799
-0.36556603773584906    0.4781015894186671
-0.36462264150943396    0.48540624652664865
-0.36367924528301887    0.4943603423363053
-0.3627358490566038    0.5155674113593725
-0.3617924528301887    0.5047282427475529
-0.3608490566037736    0.48140046682230253
-0.3599056603773585    0.494595976436561
-0.3589622641509434    0.48187173502281383
-0.3580188679245283    0.4997799266421848
-0.3570754716981132    0.4759808825164225
-0.3561320754716981    0.5136823385572667
-0.355188679245283    0.48517061242639303
-0.35424528301886793    0.4870556852283809
-0.35330188679245284    0.48517061242639303
-0.35235849056603774    0.49082583083247094
-0.35141509433962265    0.48517061242639303
-0.35047169811320755    0.4776303212181559
-0.34952830188679246    0.46655551850619625
-0.34858490566037736    0.490118928531704
-0.34764150943396227    0.49553851283764183
-0.3466981132075472    0.5191019228631462
-0.3457547169811321    0.4943603423363635
-0.344811320754717    0.4941247082360497
-0.3438679245283019    0.5021362676448002
-0.3429245283018868    0.4995442925419291
-0.3419811320754717    0.5002511948427548
-0.3410377358490566    0.4830499055240352
-0.3400943396226415    0.47739468711795635
-0.3391509433962264    0.49742358563962846
-0.33820754716981133    0.47739468711795635
-0.33726415094339623    0.4969523174391173
-0.33632075471698114    0.49600978103815313
-0.33537735849056605    0.478808491719434
-0.33443396226415095    0.4637279093031284
-0.33349056603773586    0.4922396354340047
-0.33254716981132076    0.4953028787373862
-0.33160377358490567    0.49718795153937284
-0.3306603773584906    0.5035500722463341
-0.3297169811320755    0.4938890741357941
-0.3287735849056604    0.5030788040458227
-0.3278301886792453    0.4700900300099758
-0.3268867924528302    0.5021362676448002
-0.3259433962264151    0.4997799266421848
-0.325    0.4894120262309948
-0.3240566037735849    0.5068489496498536
-0.3231132075471698    0.5011937312437775
-0.32216981132075473    0.49506724463707225
-0.32122641509433963    0.4917683672335514
-0.32028301886792454    0.494595976436561
-0.31933962264150945    0.5082627542514472
-0.31839622641509435    0.5153317772590561
-0.31745283018867926    0.49577414693789745
-0.31650943396226416    0.49506724463707225
-0.31556603773584907    0.4625497388018502
-0.314622641509434    0.4830499055240352
-0.3136792452830189    0.478337223518979
-0.3127358490566038    0.49035456263195965
-0.3117924528301887    0.49082583083252873
-0.3108490566037736    0.49200400133374905
-0.3099056603773585    0.5019006335445444
-0.3089622641509434    0.49907302434141787
-0.3080188679245283    0.5037857063465897
-0.3070754716981132    0.5165099477603343
-0.30613207547169813    0.4943603423363635
-0.30518867924528303    0.5002511948426961
-0.30424528301886794    0.4931821718350852
-0.30330188679245285    0.4969523174391173
-0.30235849056603775    0.49388907413585226
-0.30141509433962266    0.49035456263195965
-0.30047169811320756    0.4974235856396871
-0.29952830188679247    0.5002511948426961
-0.2985849056603774    0.4978948538401983
-0.2976415094339623    0.494595976436561
-0.2966981132075472    0.4974235856396871
-0.2957547169811321    0.4717394687117652
-0.294811320754717    0.5014293653440332
-0.2938679245283019    0.49648104923860603
-0.2929245283018868    0.49907302434147666
-0.2919811320754717    0.4957741469378391
-0.2910377358490566    0.505670779148635
-0.29009433962264153    0.46749805490716384
-0.28915094339622643    0.4953028787373862
-0.28820754716981134    0.4858775147271028
-0.28726415094339625    0.46820495720798583
-0.28632075471698115    0.4905901967322153
-0.28537735849056606    0.4953028787373862
-0.28443396226415096    0.4842280760253134
-0.28349056603773587    0.48469934422588173
-0.2825471698113208    0.4811648327219903
-0.2816037735849057    0.48022229632102426
-0.2806603773584906    0.4821073691230128
-0.2797169811320755    0.5070845837501688
-0.2787735849056604    0.47857285761917834
-0.2778301886792453    0.4738601756141215
-0.2768867924528302    0.47503834611534396
-0.27594339622641506    0.4858775147271028
-0.27499999999999997    0.4976592197399427
-0.2740566037735849    0.4922396354340047
-0.2731132075471698    0.47998666222076863
-0.2721698113207547    0.49082583083247094
-0.2712264150943396    0.5082627542514472
-0.2702830188679245    0.4771590530176446
-0.2693396226415094    0.49059019673227305
-0.2683962264150943    0.48493497832608023
-0.2674528301886792    0.4997799266422436
-0.2665094339622641    0.46184283650102886
-0.265566037735849    0.49129709903304
-0.26462264150943393    0.4929465377347716
-0.26367924528301884    0.4971879515394314
-0.26273584905660374    0.4646704457040964
-0.26179245283018865    0.4839924419251147
-0.26084905660377355    0.4781015894186671
-0.25990566037735846    0.4632566411026171
-0.25896226415094337    0.4707969323107426
-0.2580188679245283    0.47150383461156503
-0.2570754716981132    0.482578637323524
-0.2561320754716981    0.46938312770926416
-0.255188679245283    0.47975102812045645
-0.2542452830188679    0.4811648327220469
-0.2533018867924528    0.47739468711790023
-0.2523584905660377    0.47197510281207633
-0.2514150943396226    0.48611314882735845
-0.2504716981132075    0.48069356452153555
-0.24952830188679243    0.4752739802155996
-0.24858490566037733    0.4748027120151442
-0.24764150943396224    0.47433144381457704
-0.24669811320754714    0.4842280760253703
-0.24575471698113205    0.49624541513835035
-0.24481132075471695    0.47173946871182065
-0.24386792452830186    0.4778659553184114
-0.24292452830188677    0.4790441258197459
-0.24198113207547167    0.48517061242633586
-0.24103773584905658    0.48517061242639303
-0.24009433962264148    0.4816361009225015
-0.2391509433962264    0.458543959097504
-0.2382075471698113    0.4752739802155996
-0.2372641509433962    0.47739468711795635
-0.2363207547169811    0.4755096143158552
-0.235377358490566    0.48304990552409216
-0.23443396226415092    0.4842280760253134
-0.23349056603773582    0.4837568078248591
-0.23254716981132073    0.4889407580304259
-0.23160377358490564    0.465377348004918
-0.23066037735849054    0.4651417139046076
-0.22971698113207545    0.4686762254084971
-0.22877358490566035    0.46867622540844206
-0.22783018867924526    0.4498254973880448
-0.22688679245283017    0.4580726908969388
-0.22594339622641507    0.4776303212182121
-0.22499999999999998    0.4764521507168777
-0.22405660377358488    0.4528887406913683
-0.2231132075471698    0.47338890741355455
-0.2221698113207547    0.4644348116038954
-0.2212264150943396    0.46113593420026194
-0.2202830188679245    0.4550094475936692
-0.2193396226415094    0.4493542291874806
-0.21839622641509432    0.4498254973880448
-0.21745283018867922    0.46278537290205135
-0.21650943396226413    0.47456707791488856
-0.21556603773584904    0.4651417139046076
-0.21462264150943394    0.46090030010006056
-0.21367924528301885    0.46561298210511887
-0.21273584905660375    0.46066466599980493
-0.21179245283018866    0.4634922752028182
-0.21084905660377357    0.4545381793931579
-0.20990566037735847    0.4606646659997507
-0.20896226415094338    0.46702678670670755
-0.20801886792452828    0.4616072024007732
-0.2070754716981132    0.465377348004918
-0.2061320754716981    0.4418139379793006
-0.205188679245283    0.45006113148830046
-0.2042452830188679    0.4561876180948938
-0.2033018867924528    0.4580726908969927
-0.20235849056603772    0.4665555185061414
-0.20141509433962262    0.4594864954985266
-0.20047169811320753    0.45760142269642756
-0.19952830188679244    0.44581971768369866
-0.19858490566037734    0.45925086139821697
-0.19764150943396225    0.45006113148830046
-0.19669811320754715    0.4493542291874806
-0.19575471698113206    0.439457596976796
-0.19481132075471697    0.45006113148824745
-0.19386792452830187    0.45029676558855614
-0.19292452830188678    0.4458197176836462
-0.19198113207547168    0.4498254973880448
-0.1910377358490566    0.44252084028006744
-0.1900943396226415    0.45171057019009003
-0.1891509433962264    0.44110703567853365
-0.1882075471698113    0.4627853729021058
-0.1872641509433962    0.4413426697787893
-0.18632075471698112    0.45029676558855614
-0.18537735849056602    0.42885406246524105
-0.18443396226415093    0.4241413804601784
-0.18349056603773584    0.4198999666555272
-0.18254716981132074    0.4510036678893231
-0.18160377358490565    0.43285984216958673
-0.18066037735849055    0.44087140157832994
-0.17971698113207546    0.4554807157941269
-0.17877358490566037    0.43191730576861503
-0.17783018867924527    0.4401644992775111
-0.17688679245283018    0.40576192064023736
-0.17594339622641508    0.43710125597418803
-0.175    0.4321529398688707
-0.1740566037735849    0.4203712348560385
-0.1731132075471698    0.4422852061798639
-0.1721698113207547    0.43215293986881986
-0.1712264150943396    0.43710125597423943
-0.17028301886792452    0.4309747693675417
-0.16933962264150942    0.43097476936759244
-0.16839622641509433    0.421313771257061
-0.16745283018867924    0.4432277425808865
-0.16650943396226414    0.4224919417583391
-0.16556603773584905    0.4279115260642689
-0.16462264150943395    0.42531955096140667
-0.16367924528301886    0.43450928087142726
-0.16273584905660377    0.42202067355782785
-0.16179245283018867    0.44063576747807426
-0.16084905660377358    0.4243770145603841
-0.15990566037735848    0.42084250305659926
-0.1589622641509434    0.43144603756805294
-0.1580188679245283    0.44016449927756296
-0.1570754716981132    0.4422852061798118
-0.1561320754716981    0.4262620873624793
-0.155188679245283    0.42626208736242915
-0.15424528301886792    0.4288540624652915
-0.15330188679245282    0.43568745137265424
-0.15235849056603773    0.41754362565302006
-0.15141509433962264    0.4307391352672861
-0.15047169811320754    0.4290896965655472
-0.14952830188679245    0.4239057463598729
-0.14858490566037735    0.432624208069382
-0.14764150943396226    0.4198999666555272
-0.14669811320754716    0.41754362565302006
-0.14575471698113207    0.4354518172723986
-0.14481132075471698    0.44204957207960816
-0.14386792452830188    0.4283827942647298
-0.1429245283018868    0.41165277314662874
-0.1419811320754717    0.4083538957430015
-0.1410377358490566    0.4118884072468844
-0.1400943396226415    0.42531955096140667
-0.1391509433962264    0.4328598421696377
-0.13820754716981132    0.4142447482493922
-0.13726415094339622    0.4290896965655472
-0.13632075471698113    0.41400911414913655
-0.13537735849056604    0.4295609647660585
-0.13443396226415094    0.4488829609869694
-0.13349056603773585    0.43615871957321684
-0.13254716981132075    0.4050550183394227
-0.13160377358490566    0.45571634989443616
-0.13066037735849056    0.4264977214626848
-0.12971698113207547    0.42107813715685494
-0.12877358490566038    0.41919306435476034
-0.12783018867924528    0.4305035011670811
-0.1268867924528302    0.4286184283649855
-0.1259433962264151    0.445584083583443
-0.125    0.43592308547290987
-0.1240566037735849    0.43639435367347246
-0.12311320754716981    0.43403801267086484
-0.12216981132075472    0.4328598421696377
-0.12122641509433962    0.42673335556294045
-0.12028301886792453    0.432624208069382
-0.11933962264150944    0.4375725241746992
-0.11839622641509434    0.4305035011670811
-0.11745283018867925    0.43238857396907543
-0.11650943396226415    0.42154940535736624
-0.11556603773584906    0.4474691563854356
-0.11462264150943396    0.45736578859622573
-0.11367924528301887    0.43238857396907543
-0.11273584905660378    0.4434633766811421
-0.11179245283018868    0.4441702789818568
-0.11084905660377359    0.4349805490719385
-0.1099056603773585    0.426968989663196
-0.1089622641509434    0.4305035011670811
-0.1080188679245283    0.4229632099588504
-0.10707547169811321    0.43545181727244986
-0.10613207547169812    0.4415783038790449
-0.10518867924528302    0.45053239968881176
-0.10424528301886793    0.4458197176836462
-0.10330188679245284    0.44275647438037513
-0.10235849056603774    0.43568745137265424
-0.10141509433962265    0.4415783038790969
-0.10047169811320755    0.43851506057572176
-0.09952830188679246    0.4236701122596671
-0.09858490566037736    0.4651417139046076
-0.09764150943396227    0.4389863287762847
-0.09669811320754718    0.44464154718236804
-0.09575471698113208    0.44087140157832994
-0.09481132075471699    0.46891185950869757
-0.0938679245283019    0.4571301544959701
-0.0929245283018868    0.43827942647546614
-0.0919811320754717    0.4451128153829317
-0.09103773584905661    0.4488829609869694
-0.09009433962264152    0.44581971768369866
-0.08915094339622642    0.4616072024007732
-0.08820754716981133    0.4493542291875335
-0.08726415094339623    0.4710325664109983
-0.08632075471698114    0.4583083249972484
-0.08537735849056605    0.46113593420026194
-0.08443396226415095    0.45029676558855614
-0.08349056603773586    0.45783705679668313
-0.08254716981132076    0.4474691563854883
-0.08160377358490567    0.46019339779923946
-0.08066037735849058    0.4425208402801195
-0.07971698113207548    0.45218183839054815
-0.07877358490566039    0.46561298210517366
-0.0778301886792453    0.4705612982104871
-0.0768867924528302    0.4674980549072189
-0.0759433962264151    0.4554807157941269
-0.07500000000000001    0.45665888629545875
-0.07405660377358492    0.47386017561406585
-0.07311320754716982    0.4587795931977597
-0.07216981132075473    0.4646704457040964
-0.07122641509433963    0.47739468711795635
-0.07028301886792454    0.4719751028120208
-0.06933962264150945    0.46113593420031623
-0.06839622641509435    0.46490607980435195
-0.06745283018867926    0.46938312770926416
-0.06650943396226416    0.46820495720793076
-0.06556603773584907    0.47197510281207633
-0.06462264150943398    0.46490607980435195
-0.06367924528301888    0.4637279093031284
-0.06273584905660379    0.47338890741355455
-0.06179245283018869    0.4788084917194903
-0.0608490566037736    0.476923418917389
-0.059905660377358505    0.47621651661667813
-0.05896226415094341    0.4781015894186671
-0.05801886792452832    0.4894120262309948
-0.05707547169811322    0.46985439590972017
-0.05613207547169813    0.48517061242639303
-0.055188679245283034    0.4889407580304259
-0.05424528301886794    0.4705612982105424
-0.053301886792452846    0.482578637323524
-0.05235849056603775    0.47975102812051296
-0.05141509433962266    0.4811648327219903
-0.050471698113207564    0.4835211737246034
-0.04952830188679247    0.4969523174391173
-0.048584905660377375    0.4856418806269043
-0.04764150943396228    0.47338890741355455
-0.04669811320754719    0.47975102812051296
-0.04575471698113209    0.4981304879403954
-0.044811320754717    0.47150383461156503
-0.043867924528301905    0.47998666222071207
-0.04292452830188681    0.48823385572971656
-0.04198113207547172    0.4917683672334935
-0.04103773584905662    0.4764521507169338
-0.04009433962264153    0.4846993442258247
-0.039150943396226434    0.4776303212182121
-0.03820754716981134    0.46796932310767514
-0.037264150943396246    0.5035500722463341
-0.03632075471698115    0.49648104923860603
-0.03537735849056606    0.4613715683005719
-0.034433962264150964    0.48917639213068154
-0.033490566037735814    0.4887051239301703
-0.03254716981132072    0.48540624652664865
-0.031603773584905626    0.4811648327219903
-0.03066037735849053    0.4976592197399427
-0.029716981132075437    0.49624541513835035
-0.028773584905660343    0.48187173502281383
-0.02783018867924525    0.5016649994442298
-0.026886792452830155    0.5047282427476123
-0.02594339622641506    0.4922396354340047
-0.024999999999999967    0.48257863732358075
-0.024056603773584873    0.5099121929531767
-0.02311320754716978    0.4875269534289495
-0.022169811320754684    0.4936534400355384
-0.02122641509433959    0.5108547293542594
-0.020283018867924496    0.5014293653439742
-0.019339622641509402    0.5000155607424992
-0.018396226415094308    0.49553851283758343
-0.017452830188679214    0.5066133155496576
-0.01650943396226412    0.48022229632096775
-0.015566037735849025    0.4950672446371304
-0.014622641509433931    0.4783372235189227
-0.013679245283018837    0.5021362676448002
-0.012735849056603743    0.5092052906524099
-0.011792452830188649    0.5007224630432663
-0.010849056603773555    0.4863487829276141
-0.00990566037735846    0.49600978103815313
-0.008962264150943366    0.49718795153937284
-0.008018867924528272    0.5238146048683204
-0.007075471698113178    0.5193375569634018
-0.006132075471698084    0.5278203845726664
-0.00518867924528299    0.4884694898299146
-0.004245283018867896    0.5061420473491463
-0.0033018867924528017    0.5127398021562443
-0.0023584905660377076    0.5198088251639743
-0.0014150943396226134    0.5054351450483199
-0.0004716981132075193    0.5087340224519584
0.0004716981132075748    0.5191019228631462
0.0014150943396227245    0.5040213404467861
0.002358490566037763    0.5381882849839786
0.0033018867924528017    0.508498388351643
0.004245283018867951    0.5063776814493423
0.005188679245283101    0.5221651661664694
0.00613207547169814    0.5221651661665923
0.007075471698113178    0.5094409247526656
0.008018867924528328    0.5212226297654469
0.008962264150943478    0.5186306546626349
0.009905660377358516    0.534889407580399
0.010849056603773555    0.538188284983852
0.011792452830188704    0.5181593864621237
0.012735849056603854    0.5195731910636575
0.013679245283018893    0.5374813826832117
0.014622641509433931    0.5146248749582893
0.015566037735849081    0.52805601867286
0.01650943396226423    0.517923752361868
0.01745283018867927    0.5344181393798877
0.018396226415094308    0.5205157274646799
0.019339622641509457    0.5294698232743937
0.020283018867924607    0.5332399688784838
0.021226415094339646    0.5240502389686377
0.022169811320754684    0.5339468711792508
0.023113207547169834    0.5292341891741381
0.024056603773584984    0.5584528176058359
0.025000000000000022    0.5301767255752854
0.02594339622641506    0.5421940646881976
0.02688679245283021    0.5355963098810401
0.02783018867924536    0.5398377236856413
0.0287735849056604    0.5452573079916491
0.029716981132075437    0.5469067466933102
0.030660377358490587    0.5433722351894757
0.03160377358490574    0.5172168500611012
0.032547169811320775    0.5551539402023877
0.033490566037735814    0.5530332332999565
0.034433962264150964    0.5551539402022572
0.03537735849056611    0.5457285761920321
0.03632075471698115    0.5450216738913934
0.03726415094339619    0.5360675780815513
0.03820754716981134    0.5692919862175948
0.03915094339622649    0.5563321107035353
0.04009433962264153    0.5688207180172173
0.04103773584905657    0.5657574747137604
0.04198113207547172    0.5650505724129934
0.042924528301886866    0.5643436701122265
0.043867924528301905    0.5374813826832117
0.04481132075471694    0.5610447927086477
0.04575471698113209    0.5414871623874307
0.04669811320754724    0.5664643770145272
0.04764150943396228    0.5565677448039218
0.04858490566037732    0.5692919862175948
0.04952830188679247    0.5598666222073696
0.05047169811320762    0.5622229632099259
0.05141509433962266    0.5608091586085242
0.052358490566037696    0.5808380571301205
0.053301886792452846    0.5643436701122265
0.054245283018867996    0.5636367678114597
0.055188679245283034    0.574240302323098
0.05613207547169807    0.5676425475158053
0.05707547169811322    0.5608091586083921
0.05801886792452837    0.5563321107035353
0.05896226415094341    0.5773035456264219
0.05990566037735845    0.5732977659219404
0.0608490566037736    0.579895520729098
0.06179245283018875    0.571648327220151
0.06273584905660379    0.5758897410248878
0.06367924528301883    0.6121773924641188
0.06462264150943398    0.5860220073357443
0.06556603773584913    0.575418472824241
0.06650943396226416    0.5815449594310242
0.0674528301886792    0.59002778704009
0.06839622641509435    0.5824874958319098
0.0693396226415095    0.5624585973101814
0.07028301886792454    0.5862576414361379
0.07122641509433958    0.5947404690452024
0.07216981132075473    0.5775391797265417
0.07311320754716988    0.5846082027342104
0.07405660377358492    0.608407246860172
0.07499999999999996    0.5989818828498037
0.0759433962264151    0.5890852506390674
0.07688679245283025    0.5963899077469919
0.0778301886792453    0.5940335667445753
0.07877358490566033    0.5879070801377893
0.07971698113207548    0.6093497832610513
0.08066037735849063    0.606993442258495
0.08160377358490567    0.5897921529399731
0.08254716981132071    0.6072290763587507
0.08349056603773586    0.6100566855618182
0.08443396226415101    0.6048727353561943
0.08537735849056605    0.6279648771813936
0.08632075471698109    0.589320884739323
0.08726415094339623    0.6185395131710207
0.08820754716981138    0.619010781371532
0.08915094339622642    0.5999244192509674
0.09009433962264146    0.6201889518728102
0.09103773584905661    0.6062865399577282
0.09198113207547176    0.6119417583638631
0.0929245283018868    0.6074647104591493
0.09386792452830184    0.627257974880479
0.09481132075471699    0.6091141491607956
0.09575471698113214    0.6244303656774114
0.09669811320754718    0.6117061242637515
0.09764150943396221    0.6197176836722988
0.09858490566037736    0.6515282872068086
0.09952830188679251    0.6388040457930046
0.10047169811320755    0.6383327775926437
0.10141509433962259    0.6319706568855915
0.10235849056603774    0.6265510725797121
0.10330188679245289    0.620895854173577
0.10424528301886793    0.6435167277982687
0.10518867924528297    0.6258441702789452
0.10613207547169812    0.6364477047904484
0.10707547169811327    0.6399822162942829
0.1080188679245283    0.6359764365900868
0.10896226415094334    0.6517639213070642
0.1099056603773585    0.624665999777667
0.11084905660377364    0.6239590974769003
0.11179245283018868    0.6376258752918766
0.11273584905660372    0.6392753139935159
0.11367924528301887    0.6477581416027185
0.11462264150943402    0.6548271646103873
0.11556603773584906    0.6595398466156551
0.1165094339622641    0.6446948982993954
0.11745283018867925    0.6498788485050192
0.1183962264150944    0.6560053351116655
0.11933962264150944    0.6614249194177005
0.12028301886792447    0.6593042125152443
0.12122641509433962    0.6557697010114099
0.12216981132075477    0.6477581416027185
0.12311320754716981    0.6633099922197461
0.12405660377358485    0.6545915305101316
0.125    0.6668445037234243
0.12594339622641515    0.6482294098032297
0.1268867924528302    0.6621318217184676
0.12783018867924523    0.6809825497387618
0.12877358490566038    0.6659019673224018
0.12971698113207553    0.6819250861397844
0.13066037735849056    0.6666088696233256
0.1316037735849056    0.6670801378236799
0.13254716981132075    0.6668445037234243
0.1334905660377359    0.6552984328108986
0.13443396226415094    0.6699077470269051
0.13537735849056598    0.67839057463595
0.13632075471698113    0.6769767700344163
0.13726415094339628    0.6840457930420851
0.13820754716981132    0.6732066244304846
0.13915094339622636    0.68216072024004
0.1400943396226415    0.702425252862024
0.14103773584905666    0.6878159386461751
0.1419811320754717    0.6760342336335529
0.14292452830188673    0.6873446704456638
0.14386792452830188    0.6713215516282812
0.14481132075471703    0.7026608869622796
0.14575471698113207    0.6934711570524733
0.1466981132075471    0.713735689674294
0.14764150943396226    0.6967700344558889
0.1485849056603774    0.6970056685561445
0.14952830188679245    0.702660886962445
0.15047169811320749    0.7038390574635577
0.15141509433962264    0.7052528620650915
0.15235849056603779    0.7208047126819629
0.15330188679245282    0.7090230076693484
0.15424528301886786    0.6953562298543551
0.155188679245283    0.7073735689673921
0.15613207547169816    0.6793331110369725
0.1570754716981132    0.703367789263212
0.15801886792452824    0.7064310325663696
0.1589622641509434    0.7210403467822185
0.15990566037735854    0.7344714904967892
0.16084905660377358    0.7314082471936383
0.16179245283018862    0.7236323218850303
0.16273584905660377    0.7184483716794066
0.16367924528301891    0.7318795153939773
0.16462264150943395    0.7304657107926155
0.165566037735849    0.7292875402911654
0.16650943396226414    0.7005401800599789
0.1674528301886793    0.7189196398799178
0.16839622641509433    0.7347071245972178
0.16933962264150937    0.7354140268978118
0.17028301886792452    0.7184483716794066
0.17122641509433967    0.7200978103811959
0.1721698113207547    0.7113793486719052
0.17311320754716975    0.7288162720906541
0.1740566037735849    0.7226897854840079
0.17500000000000004    0.7523796821162169
0.17594339622641508    0.743425586306678
0.17688679245283012    0.7292875402911654
0.17783018867924527    0.7217472490829854
0.17877358490566042    0.7405979771034356
0.17971698113207546    0.7342358563967064
0.1806603773584905    0.7479026342113599
0.18160377358490565    0.7537934867177506
0.1825471698113208    0.7420117817049693
0.18349056603773584    0.7288162720908257
0.18443396226415087    0.7537934867177506
0.18537735849056602    0.7413048794042024
0.18632075471698117    0.7502589752139163
0.1872641509433962    0.7405979771036099
0.18820754716981125    0.7622763143269532
0.1891509433962264    0.7528509503167281
0.19009433962264155    0.7540291208180062
0.1910377358490566    0.758270534622786
0.19198113207547163    0.7698166055351333
0.19292452830188678    0.7526153162164725
0.19386792452830193    0.7523796821162169
0.19481132075471697    0.7295231743915928
0.195754716981132    0.7570923641213294
0.19669811320754715    0.7427186840057362
0.1976415094339623    0.7688740691341108
0.19858490566037734    0.762747582527644
0.19952830188679238    0.7587418028231188
0.20047169811320753    0.771230410136667
0.20141509433962268    0.727638101589376
0.20235849056603772    0.7695809714350588
0.20330188679245276    0.7603912415249081
0.2042452830188679    0.7667533622318101
0.20518867924528306    0.7702878737356446
0.2061320754716981    0.7321151494944053
0.20707547169811313    0.732115149494233
0.20801886792452828    0.7742936534399902
0.20896226415094343    0.7747649216405014
0.20990566037735858    0.7462531955095705
0.21084905660377362    0.7853684561521895
0.21179245283018866    0.7839546515504708
0.2127358490566038    0.7646326553295095
0.21367924528301896    0.7514371457151943
0.214622641509434    0.7596843392243201
0.21556603773584904    0.7502589752139163
0.2165094339622642    0.7483739024118712
0.21745283018867934    0.7681671668333439
0.21839622641509437    0.7698166055353144
0.2193396226415094    0.7603912415249081
0.22028301886792456    0.773822385239479
0.2212264150943397    0.7610981438256751
0.22216981132075475    0.7523796821163939
0.2231132075471698    0.7512015116149388
0.22405660377358494    0.7375347338001124
0.2250000000000001    0.7443681227075255
0.22594339622641513    0.7625119484273883
0.22688679245283017    0.7448393909080367
0.22783018867924532    0.7634544848282314
0.22877358490566047    0.7554429254195401
0.2297169811320755    0.778299433144519
0.23066037735849054    0.7493164388128938
0.2316037735849057    0.7328220517949998
0.23254716981132084    0.7686384350338552
0.23349056603773588    0.7469600978105132
0.23443396226415092    0.7568567300210738
0.23537735849056607    0.7587418028231188
0.23632075471698122    0.7745292875402457
0.23726415094339626    0.7780637990442634
0.2382075471698113    0.7691097032343663
0.23915094339622645    0.7408336112036911
0.2400943396226416    0.7552072913192843
0.24103773584905663    0.7422474158053995
0.24198113207547167    0.763690118928487
0.24292452830188682    0.7610981438256751
0.24386792452830197    0.767460264532577
0.244811320754717    0.7453106591087235
0.24575471698113205    0.7804201400466365
0.2466981132075472    0.7476670001111043
0.24764150943396235    0.7521440480159612
0.2485849056603774    0.7667533622319905
0.24952830188679243    0.7250461264865641
0.2504716981132076    0.7271668333888648
0.2514150943396227    0.7405979771034356
0.25235849056603776    0.7516727798156269
0.2533018867924528    0.7375347338001124
0.25424528301886795    0.7422474158052249
0.2551886792452831    0.75167277981545
0.25613207547169814    0.7509658775148599
0.2570754716981132    0.7382416361008792
0.25801886792452833    0.7372990996998567
0.2589622641509435    0.7540291208180062
0.2599056603773585    0.7483739024120474
0.26084905660377355    0.7356496609980673
0.2617924528301887    0.7420117817049693
0.26273584905660385    0.735885295098323
0.2636792452830189    0.7316438812938939
0.26462264150943393    0.7274024674891204
0.2655660377358491    0.7309369789929548
0.26650943396226423    0.724574858286053
0.26745283018867927    0.7299944425921041
0.2683962264150943    0.7299944425919324
0.26933962264150946    0.7311726130932105
0.2702830188679246    0.7241035900855416
0.27122641509433965    0.7375347338002859
0.2721698113207547    0.7191552739801735
0.27311320754716983    0.7250461264865641
0.274056603773585    0.7236323218850303
0.275    0.7297588084918485
0.27594339622641506    0.7144425919750609
0.2768867924528302    0.7104368122707153
0.27783018867924536    0.7302300766921879
0.2787735849056604    0.7142069578749733
0.27971698113207544    0.6993620095587008
0.2806603773584906    0.7323507835944886
0.28160377358490574    0.7160920306768502
0.2825471698113208    0.7052528620652575
0.2834905660377358    0.6882872068466863
0.28443396226415096    0.7175058352783841
0.2853773584905661    0.7104368122707153
0.28632075471698115    0.7276381015895472
0.2872641509433962    0.7233966877847747
0.28820754716981134    0.705488496165347
0.2891509433962265    0.7132644214737828
0.29009433962264153    0.6932355229522177
0.29103773584905657    0.6927642547515432
0.2919811320754717    0.6955918639546108
0.29292452830188687    0.68970101144822
0.2938679245283019    0.703367789263212
0.29481132075471694    0.697948204957167
0.2957547169811321    0.7135000555740384
0.29669811320754724    0.716327664777106
0.2976415094339623    0.692999888851962
0.2985849056603773    0.6812181838390176
0.29952830188679247    0.7144425919750609
0.3004716981132076    0.68970101144822
0.30141509433962266    0.6835745248417346
0.3023584905660377    0.6984194731576783
0.30330188679245285    0.68970101144822
0.304245283018868    0.6760342336333938
0.30518867924528303    0.7120862509726723
0.3061320754716981    0.692999888851799
0.3070754716981132    0.6689652106257249
0.3080188679245284    0.6816894520395288
0.3089622641509434    0.6694364788263938
0.30990566037735845    0.6774480382349275
0.3108490566037736    0.6932355229520545
0.31179245283018875    0.6651950650216348
0.3127358490566038    0.6732066244304846
0.3136792452830188    0.6772124041346719
0.314622641509434    0.7106724463709709
0.3155660377358491    0.6875803045459195
0.31650943396226416    0.6859308658442915
0.3174528301886792    0.6793331110369725
0.31839622641509435    0.6687295765254693
0.3193396226415095    0.6536489941091091
0.32028301886792454    0.69747693675682
0.3212264150943396    0.6722640880293037
0.32216981132075473    0.6809825497387618
0.3231132075471699    0.654355896409876
0.3240566037735849    0.6715571857286949
0.32499999999999996    0.6772124041346719
0.3259433962264151    0.6472868734022073
0.32688679245283025    0.6498788485050192
0.3278301886792453    0.6593042125153994
0.32877358490566033    0.6637812604201011
0.3297169811320755    0.6550627987106429
0.33066037735849063    0.6729709903300706
0.33160377358490567    0.6423385572969903
0.3325471698113207    0.6694364788262362
0.33349056603773586    0.6696721129264919
0.334433962264151    0.6713215516282812
0.33537735849056605    0.6505857508059392
0.3363207547169811    0.6531777259085979
0.33726415094339623    0.6475225075024629
0.3382075471698114    0.6475225075024629
0.3391509433962264    0.6626030899189789
0.34009433962264146    0.6458730688006734
0.3410377358490566    0.6270223407802233
0.34198113207547176    0.6595398466154999
0.3429245283018868    0.6611892853174449
0.34386792452830184    0.6651950650216348
0.344811320754717    0.6343269978881478
0.34575471698113214    0.6428098254973503
0.3466981132075472    0.6449305323998028
0.3476415094339622    0.6494075803045078
0.34858490566037736    0.6552984328108986
0.3495283018867925    0.6390396798932603
0.35047169811320755    0.649171946204405
0.3514150943396226    0.6383327775924935
0.35235849056603774    0.6380971434922378
0.3533018867924529    0.6392753139935159
0.35424528301886793    0.6541202623097744
0.35518867924528297    0.6373902411914709
0.3561320754716981    0.6635456263198455
0.35707547169811327    0.6204245859730658
0.3580188679245283    0.6498788485051722
0.35896226415094334    0.6475225075024629
0.3599056603773585    0.6345626319884035
0.36084905660377364    0.6517639213070642
0.3617924528301887    0.6319706568857403
0.3627358490566037    0.6609536512170336
0.36367924528301887    0.6187751472712765
0.364622641509434    0.644930532399651
0.36556603773584906    0.6133555629655413
0.3665094339622641    0.6456374347004178
0.36745283018867925    0.6185395131710207
0.3683962264150944    0.6541202623096205
0.36933962264150944    0.6477581416028709
0.3702830188679245    0.6333844614871252
0.3712264150943396    0.6371546070912153
0.3721698113207548    0.6282005112815015
0.3731132075471698    0.6185395131711663
0.37405660377358485    0.6491719462042522
0.375    0.6218383905745996
0.37594339622641515    0.6720284539290481
0.3768867924528302    0.627729243081138
0.3778301886792452    0.6444592641991397
0.3787735849056604    0.6489363121039967
0.3797169811320755    0.6390396798932603
0.38066037735849056    0.6475225075026153
0.3816037735849056    0.6336200955873809
0.38254716981132075    0.6552984328108986
0.3834905660377359    0.6390396798932603
0.38443396226415094    0.6607180171169335
0.385377358490566    0.6454018006001623
0.38632075471698113    0.625372902078434
0.3872641509433963    0.6776836723351831
0.3882075471698113    0.6223096587752573
0.38915094339622636    0.6366833388907039
0.3900943396226415    0.6296143158830352
0.39103773584905666    0.6409247526953054
0.3919811320754717    0.6300855840836947
0.39292452830188673    0.625372902078434
0.3938679245283019    0.6392753139935159
0.39481132075471703    0.6541202623096205
0.39575471698113207    0.6458730688008255
0.3966981132075471    0.6446948982993954
0.39764150943396226    0.6593042125152443
0.3985849056603774    0.6421029231965835
0.39952830188679245    0.6371546070913653
0.4004716981132075    0.6234878292763889
0.40141509433962264    0.6703790152272586
0.4023584905660378    0.6585973102144773
0.4033018867924528    0.6689652106258823
0.40424528301886786    0.6531777259085979
0.405188679245283    0.6461087029009291
0.40613207547169816    0.641160386795561
0.4070754716981132    0.6732066244304846
0.40801886792452824    0.6666088696231687
0.4089622641509434    0.6510570190062972
0.40990566037735854    0.6604823830165224
0.4108490566037736    0.6468156052018482
0.4117924528301886    0.6852239635433632
0.41273584905660377    0.6567122374124323
0.4136792452830189    0.67085028342777
0.41462264150943395    0.6463443370013369
0.415566037735849    0.6647237968211237
0.41650943396226414    0.6470512393019516
0.4174528301886793    0.6623674558185674
0.41839622641509433    0.6828676225409677
0.41933962264150937    0.6753273313326269
0.4202830188679245    0.6776836723351831
0.42122641509433967    0.6819250861397844
0.4221698113207547    0.6823963543404563
0.42311320754716975    0.6724997221295593
0.4240566037735849    0.6677870401244468
0.42500000000000004    0.6816894520395288
0.4259433962264151    0.6656663332223028
0.4268867924528301    0.7026608869622796
0.42783018867924527    0.6965344003556333
0.4287735849056604    0.6859308658441301
0.42971698113207546    0.6927642547517063
0.4306603773584905    0.6998332777592121
0.43160377358490565    0.7102011781704597
0.4325471698113208    0.7066666666666253
0.43349056603773584    0.7158563965767631
0.4344339622641509    0.7158563965765947
0.435377358490566    0.690407913748987
0.4363207547169812    0.7076092030676477
0.4372641509433962    0.7113793486719052
0.43820754716981125    0.7069023007668809
0.4391509433962264    0.7076092030676477
0.44009433962264155    0.7292875402911654
0.4410377358490566    0.7274024674892916
0.4419811320754716    0.7278737356896317
0.4429245283018868    0.7231610536845191
0.4438679245283019    0.6970056685561445
0.44481132075471697    0.7163276647772745
0.445754716981132    0.7285806379903985
0.44669811320754715    0.7370634655996011
0.4476415094339623    0.7248104923863086
0.44858490566037745    0.7552072913192843
0.4495283018867925    0.768638435034036
0.45047169811320753    0.7486095365121268
0.4514150943396227    0.75921307102363
0.45235849056603783    0.7556785595197957
0.45330188679245287    0.7512015116151156
0.4542452830188679    0.7679315327330882
0.45518867924528306    0.7561498277203069
0.4561320754716982    0.7613337779259307
0.45707547169811324    0.7698166055353144
0.4580188679245283    0.7721729465376895
0.45896226415094343    0.7947938201622298
0.4599056603773586    0.8025697454706655
0.4608490566037736    0.7714660442371042
0.46179245283018866    0.7714660442369227
0.4627358490566038    0.7910236745581397
0.46367924528301896    0.7995065021673422
0.464622641509434    0.8025697454708542
0.46556603773584904    0.7985639657663198
0.4665094339622642    0.8061042569744998
0.46745283018867934    0.8004490385683648
0.4683962264150944    0.8204779370902862
0.4693396226415094    0.8299033011003182
0.47028301886792456    0.8200066688895818
0.4712264150943397    0.8209492052906043
0.47216981132075475    0.8320240080028146
0.4731132075471698    0.8346159831054306
0.47405660377358494    0.8409781038123326
0.4750000000000001    0.8520529065243471
0.4759433962264151    0.8346159831056271
0.47688679245283017    0.8805646326552778
0.4778301886792453    0.8499321996220465
0.47877358490566047    0.8607713682338053
0.4797169811320755    0.8760875847506272
0.48066037735849054    0.8652484161386622
0.4816037735849057    0.8607713682338053
0.48254716981132084    0.8598288318327828
0.4834905660377359    0.8720818050462806
0.4844339622641509    0.8824497054573229
0.48537735849056607    0.8857485828609016
0.4863207547169812    0.8944670445703599
0.48726415094339626    0.9152028453930705
0.4882075471698113    0.9064843836833969
0.48915094339622645    0.8888118261642249
0.4900943396226416    0.9034211403800737
0.49103773584905663    0.9345248416140365
0.49198113207547167    0.9222718684005239
0.4929245283018868    0.9253351117038471
0.49386792452830197    0.9321685006112602
0.494811320754717    0.9309903301102013
0.49575471698113205    0.9192086250972007
0.4966981132075472    0.9347604757140721
0.49764150943396235    0.9380593531176509
0.4985849056603774    0.9253351117040649
0.4995283018867924    0.9689274202511381
0.5004716981132076    0.9637434700455142
0.5014150943396227    0.9474847171278761
0.5023584905660378    0.9835367344672185
0.5033018867924528    0.9840080026674981
0.504245283018868    0.985421807269032
0.5051886792452831    0.9795309547626413
0.5061320754716981    0.976467711459548
0.5070754716981132    0.9955540735800239
0.5080188679245283    0.9960253417805351
0.5089622641509435    0.9953184394797683
0.5099056603773585    0.9833011003669626
0.5108490566037736    0.9969678781815577
0.5117924528301887    0.9990885850838582
0.5127358490566039    0.9894275869733776
0.5136792452830189    1.0243014338114513
0.5146226415094339    1.0106346559963841
0.5155660377358491    1.0266577748137666
0.5165094339622642    1.0400889185283375
0.5174528301886793    1.0304279204180993
0.5183962264150943    1.0228876292096765
0.5193396226415095    1.0273646771145335
0.5202830188679246    1.0243014338112104
0.5212264150943396    1.0259508725132414
0.5221698113207547    1.0280715794153004
0.5231132075471698    1.0502211848393295
0.524056603773585    1.0615316216515993
0.525    1.0622385239526164
0.5259433962264151    1.0464510392352393
0.5268867924528302    1.0544625986439304
0.5278301886792454    1.0259508725129998
0.5287735849056604    1.0495142825388095
0.5297169811320754    1.0761409358674483
0.5306603773584906    1.070721351561569
0.5316037735849057    1.061767255751855
0.5325471698113208    1.075198399466679
0.5334905660377358    1.0945203956873872
0.534433962264151    1.0664799377569676
0.5353773584905661    1.0766122040679595
0.5363207547169812    1.0799110814717925
0.5372641509433962    1.0865088362786959
0.5382075471698113    1.076376569967704
0.5391509433962265    1.100882516394289
0.5400943396226415    1.0973480048907132
0.5410377358490566    1.0987618094919884
0.5419811320754717    1.082031788373839
0.5429245283018869    1.0608247193508327
0.5438679245283019    1.0796754473715369
0.5448113207547169    1.0909858841835527
0.5457547169811321    1.085801933977929
0.5466981132075472    1.120675780815762
0.5476415094339623    1.0775547404692356
0.5485849056603773    1.0488073802377955
0.5495283018867925    1.0975836389907103
0.5504716981132076    1.0843881293763953
0.5514150943396227    1.095934200289179
0.5523584905660377    1.0999399799932668
0.5533018867924528    1.0883939090807409
0.554245283018868    1.1232677559185738
0.555188679245283    1.0900433477827869
0.5561320754716981    1.070014449260802
0.5570754716981132    1.0999399799932668
0.5580188679245284    1.090750250083297
0.5589622641509434    1.0886295431812527
0.5599056603773584    1.0521062576413744
0.5608490566037736    1.0799110814715382
0.5617924528301887    1.076376569967704
0.5627358490566038    1.092870956985855
0.5636792452830188    1.0702500833610575
0.564622641509434    1.050456818939585
0.5655660377358491    1.064359230854667
0.5665094339622642    1.086980104479463
0.5674528301886792    1.0787329109702604
0.5683962264150944    1.054933866844442
0.5693396226415095    1.0686006446592682
0.5702830188679245    1.0405601867290935
0.5712264150943396    1.0702500833610575
0.5721698113207547    1.0730776925641252
0.5731132075471699    1.0353762365232249
0.5740566037735849    1.049278648438554
0.575    1.0325486273201574
0.5759433962264151    1.0318417250193905
0.5768867924528303    1.0276003112147891
0.5778301886792453    1.0226519951096618
0.5787735849056603    0.9988529509836026
0.5797169811320755    0.9849505390685207
0.5806603773584906    1.0280715794153004
0.5816037735849057    1.0337267978216789
0.5825471698113207    1.0125197287984289
0.5834905660377359    0.9922551961764451
0.584433962264151    1.0240657997109548
0.585377358490566    0.9856574413695195
0.5863207547169811    0.9908413915749112
0.5872641509433962    0.9267489163053808
0.5882075471698114    0.9769389796598292
0.5891509433962264    0.9479559853286103
0.5900943396226415    0.9550250083360562
0.5910377358490566    0.9717550294542056
0.5919811320754718    0.9536112037345224
0.5929245283018868    0.9507835945316786
0.5938679245283018    0.9340535734133053
0.594811320754717    0.8996509947759838
0.5957547169811321    0.9265132822051252
0.5966981132075472    0.8789151939536954
0.5976415094339622    0.9130821384905544
0.5985849056603774    0.8786795598532329
0.5995283018867925    0.8772657552516991
0.6004716981132076    0.8784439257531841
0.6014150943396226    0.8829209736578342
0.6023584905660377    0.8871623874624356
0.6033018867924529    0.8664265866399403
0.6042452830188679    0.8419206402135533
0.605188679245283    0.8555874180281814
0.6061320754716981    0.8303745693008294
0.6070754716981133    0.8551161498276703
0.6080188679245283    0.8291963987997465
0.6089622641509433    0.804690452372966
0.6099056603773585    0.8079893297765448
0.6108490566037736    0.787017894853794
0.6117924528301887    0.7940869178616498
0.6127358490566037    0.7771212626430577
0.6136792452830189    0.7766499944425465
0.614622641509434    0.7669889963320657
0.6155660377358491    0.758270534622786
0.6165094339622641    0.7398910748026687
0.6174528301886792    0.7391841725019017
0.6183962264150944    0.7349427586973005
0.6193396226415094    0.7085517394688371
0.6202830188679245    0.7076092030676477
0.6212264150943396    0.6925286206512876
0.6221698113207548    0.6732066244303262
0.6231132075471698    0.6708502834279277
0.6240566037735849    0.6673157719239355
0.625    0.6491719462042522
0.6259433962264151    0.6548271646103873
0.6268867924528302    0.6505857508059392
0.6278301886792452    0.6642525286206125
0.6287735849056604    0.6263154384794564
0.6297169811320755    0.6258441702789452
0.6306603773584906    0.6310281204847175
0.6316037735849056    0.5942692008446911
0.6325471698113208    0.5935622985439243
0.6334905660377359    0.5695276203178503
0.6344339622641509    0.5836656663333254
0.635377358490566    0.5626942314104372
0.6363207547169811    0.5747115705234742
0.6372641509433963    0.5589240858063471
0.6382075471698113    0.5381882849839786
0.6391509433962264    0.52805601867286
0.6400943396226415    0.5249927753695369
0.6410377358490567    0.5256996776703037
0.6419811320754717    0.4915327331333535
0.6429245283018867    0.522400800266725
0.6438679245283019    0.5049638768478085
0.644811320754717    0.47904412581968964
0.6457547169811321    0.4981304879405127
0.6466981132075471    0.4764521507168777
0.6476415094339623    0.4566588862954051
0.6485849056603774    0.46796932310767514
0.6495283018867924    0.45595198399474546
0.6504716981132075    0.43403801267086484
0.6514150943396226    0.43827942647546614
0.6523584905660378    0.4380437923752105
0.6533018867924528    0.4203712348561375
0.6542452830188679    0.3989285317327764
0.655188679245283    0.39115260642434074
0.6561320754716982    0.39398021562740826
0.6570754716981132    0.398457263532359
0.6580188679245282    0.39657219073022015
0.6589622641509434    0.37277314660440186
0.6599056603773585    0.35910636878957547
0.6608490566037736    0.3600489051906828
0.6617924528301886    0.3529798821829292
0.6627358490566038    0.33365788596196777
0.6636792452830189    0.34119817717014783
0.664622641509434    0.3232899855507963
0.665566037735849    0.32564632655327647
0.6665094339622641    0.32706013115481025
0.6674528301886793    0.3364854951650353
0.6683962264150943    0.31598532844287014
0.6693396226415094    0.3049105257307813
0.6702830188679245    0.3051461598310369
0.6712264150943397    0.298784039124135
0.6721698113207547    0.27451372679787
0.6731132075471697    0.2964276981215787
0.6740566037735849    0.288651772813143
0.675    0.286766700011098
0.6759433962264151    0.27121484939429047
0.6768867924528301    0.2749849949983167
0.6778301886792453    0.24953651217070894
0.6787735849056604    0.27074358119371533
0.6797169811320755    0.24765143936872225
0.6806603773584905    0.25142158497275396
0.6816037735849056    0.24058241636099514
0.6825471698113208    0.22338112704233434
0.6834905660377358    0.23681227075696085
0.6844339622641509    0.22173168834054496
0.685377358490566    0.23209958875179254
0.6863207547169812    0.22432366344335686
0.6872641509433962    0.23257085695235855
0.6882075471698113    0.22361676114258996
0.6891509433962264    0.21890407913747745
0.6900943396226416    0.21395576303210928
0.6910377358490567    0.21301322663108677
0.6919811320754717    0.214427031232671
0.6929245283018868    0.20523730132265108
0.6938679245283019    0.20665110592418484
0.6948113207547171    0.21442703123262052
0.6957547169811321    0.2104212515283244
0.6966981132075472    0.19369123041012534
0.6976415094339623    0.1974613760142154
0.6985849056603775    0.2035878626208617
0.6995283018867925    0.194398132710938
0.7004716981132075    0.20028898521728292
0.7014150943396227    0.1986395465154935
0.7023584905660378    0.18850728020450155
0.7033018867924529    0.1941624986106823
0.7042452830188679    0.19274869400910283
0.7051886792452831    0.19015671890629093
0.7061320754716982    0.19911081471600478
0.7070754716981132    0.1915705235078698
0.7080188679245283    0.19699010781370413
0.7089622641509434    0.1913348894075691
0.7099056603773586    0.18426586639990028
0.7108490566037736    0.1835589640991766
0.7117924528301887    0.18308769589862214
0.7127358490566038    0.18261642769811087
0.713679245283019    0.18638657330220093
0.714622641509434    0.17766811159278453
0.715566037735849    0.19887518061574916
0.7165094339622642    0.19109925530731345
0.7174528301886793    0.19510503501165913
0.7183962264150944    0.19251305990889253
0.7193396226415094    0.18497276870066717
0.7202830188679246    0.18732910970322345
0.7212264150943397    0.18921418250526845
0.7221698113207548    0.1812026230966198
0.7231132075471698    0.18685784150271217
0.7240566037735849    0.18827164610424596
0.7250000000000001    0.18992108480603534
0.7259433962264151    0.18685784150275614
0.7268867924528302    0.19345559630986975
0.7278301886792453    0.18850728020450155
0.7287735849056605    0.20170278981881667
0.7297169811320755    0.18732910970326752
0.7306603773584905    0.20971434922750798
0.7316037735849057    0.20453039902188422
0.7325471698113208    0.20076025341779416
0.7334905660377359    0.19581193731247207
0.7344339622641509    0.19298432810935848
0.7353773584905661    0.19722574191395975
0.7363207547169812    0.20193842391907232
0.7372641509433963    0.1972257419140062
0.7382075471698113    0.1941624986106366
0.7391509433962264    0.20146715571856105
0.7400943396226416    0.19793264421472664
0.7410377358490566    0.1981682783150289
0.7419811320754717    0.19369123041012534
0.7429245283018868    0.2061798377236736
0.743867924528302    0.19604757141268164
0.744811320754717    0.20665110592423347
0.745754716981132    0.20523730132265108
0.7466981132075472    0.2099499833277636
0.7476415094339623    0.22102478603977807
0.7485849056603774    0.204059130821421
0.7495283018867924    0.21018561742801925
0.7504716981132076    0.2167833722351768
0.7514150943396227    0.21819717683671055
0.7523584905660378    0.21513393353343804
0.7533018867924528    0.2193753473379887
0.754245283018868    0.23021451594974754
0.7551886792452831    0.2262087362454019
0.7561320754716981    0.20264532621988687
0.7570754716981132    0.22173168834054496
0.7580188679245283    0.23351339335332633
0.7589622641509435    0.23115705235077003
0.7599056603773585    0.2238523952428983
0.7608490566037736    0.22361676114258996
0.7617924528301887    0.2429387573635514
0.7627358490566039    0.21796154273645493
0.7636792452830189    0.23351339335338125
0.7646226415094339    0.24576636656661893
0.7655660377358491    0.2368122707569051
0.7665094339622642    0.2280938090474469
0.7674528301886793    0.24600200066693245
0.7683962264150943    0.2438812937645739
0.7693396226415095    0.2403467822607395
0.7702830188679246    0.24270312326329577
0.7712264150943396    0.249300878070512
0.7721698113207547    0.27121484939422663
0.7731132075471698    0.25778370567965586
0.774056603773585    0.2547204623763328
0.775    0.25636990107818247
0.7759433962264151    0.26273202178502403
0.7768867924528302    0.25495609647658835
0.7778301886792454    0.25919751028118965
0.7787735849056604    0.2799333111037507
0.7797169811320754    0.25825497388016716
0.7806603773584906    0.2615538512837459
0.7816037735849057    0.2693297765921816
0.7825471698113208    0.28441035900860867
0.7834905660377358    0.2735711903967829
0.784433962264151    0.2851172613093086
0.7853773584905661    0.29147938201621054
0.7863207547169812    0.2806402134045177
0.7872641509433962    0.2839390908080305
0.7882075471698113    0.29430699121927806
0.7891509433962265    0.30655996443257066
0.7900943396226415    0.28865177281321097
0.7910377358490566    0.30208291652771374
0.7919811320754717    0.30373235522950315
0.7929245283018869    0.3004334778259244
0.7938679245283019    0.30491052573085303
0.7948113207547169    0.2870023341113536
0.7957547169811321    0.2961920640213231
0.7966981132075472    0.2978415027231125
0.7976415094339623    0.30467489163059736
0.7985849056603773    0.2844103590085417
0.7995283018867925    0.3098588418361494
0.8004716981132076    0.3148071579415176
0.8014150943396227    0.3060886962321314
0.8023584905660377    0.3218761809491864
0.8033018867924528    0.31692786484381824
0.804245283018868    0.3032610870289919
0.805188679245283    0.3119795487385235
0.8061320754716981    0.3157496943425401
0.8070754716981132    0.3218761809491864
0.8080188679245284    0.32376125375123144
0.8089622641509434    0.3152784261421031
0.8099056603773584    0.3129220851394726
0.8108490566037736    0.312686451039217
0.8117924528301887    0.30726686673333753
0.8127358490566038    0.3284739357564213
0.8136792452830188    0.31598532844279575
0.814622641509434    0.32211181504944203
0.8155660377358491    0.330359008558389
0.8165094339622642    0.3150427920418474
0.8174528301886792    0.32941647215736647
0.8183962264150944    0.3261175947537877
0.8193396226415095    0.32564632655327647
0.8202830188679245    0.3277670334556542
0.8212264150943396    0.32918083805711085
0.8221698113207547    0.316456596643307
0.8231132075471699    0.3272957652550658
0.8240566037735849    0.3214049127487508
0.825    0.33742803156605783
0.8259433962264151    0.32211181504944203
0.8268867924528303    0.33412915416247907
0.8278301886792453    0.3249394242525861
0.8287735849056603    0.3110370123374276
0.8297169811320755    0.3218761809491864
0.8306603773584906    0.33412915416247907
0.8316037735849057    0.31975547404696103
0.8325471698113207    0.31598532844279575
0.8334905660377359    0.3395487384683584
0.834433962264151    0.3355429587640128
0.835377358490566    0.33624986106485877
0.8363207547169811    0.328473935756344
0.8372641509433962    0.3258819606535321
0.8382075471698114    0.316456596643307
0.8391509433962264    0.324232521951819
0.8400943396226415    0.31080137823717197
0.8410377358490566    0.32258308324995333
0.8419811320754718    0.32706013115481025
0.8429245283018868    0.33436478826281335
0.8438679245283018    0.31197954873845013
0.844811320754717    0.33365788596196777
0.8457547169811321    0.32918083805711085
0.8466981132075472    0.3258819606536088
0.8476415094339622    0.33012337445813333
0.8485849056603774    0.31739913304432954
0.8495283018867925    0.33460042236299026
0.8504716981132076    0.3244681560520747
0.8514150943396226    0.3152784261420289
0.8523584905660377    0.33483605646324593
0.8533018867924529    0.3242325219517427
0.8542452830188679    0.3218761809492622
0.855188679245283    0.3051461598310369
0.8561320754716981    0.3235256196509758
0.8570754716981133    0.32753139935532144
0.8580188679245283    0.32116927864849515
0.8589622641509433    0.3013760142269469
0.8599056603773585    0.3049105257307813
0.8608490566037736    0.3178704012448408
0.8617924528301887    0.3082094031344326
0.8627358490566037    0.29336445481825557
0.8636792452830189    0.3223474491496977
0.864622641509434    0.2917150161164662
0.8655660377358491    0.294542625319603
0.8665094339622641    0.30538179393129256
0.8674528301886792    0.28488162720905297
0.8683962264150944    0.2893586751139099
0.8693396226415094    0.27050794709352344
0.8702830188679245    0.24529509836610766
0.8712264150943396    0.2632032899855353
0.8721698113207548    0.2787551406024067
0.8731132075471698    0.2615538512838075
0.8740566037735849    0.24930087807045334
0.875    0.25118595087249834
0.8759433962264151    0.23610536845613822
0.8768867924528302    0.23539846615542673
0.8778301886792452    0.22361676114258996
0.8787735849056604    0.21301322663108677
0.8797169811320755    0.2167833722351768
0.8806603773584906    0.20146715571860846
0.8816037735849056    0.19298432810935848
0.8825471698113208    0.18850728020450155
0.8834905660377359    0.18756474380347907
0.8844339622641509    0.1783750138935516
0.885377358490566    0.16235189507612696
0.8863207547169811    0.15504723796820255
0.8872641509433963    0.15057019006334563
0.8882075471698113    0.13619650994778443
0.8891509433962264    0.13572524174724113
0.8900943396226415    0.13030565744136172
0.8910377358490567    0.12606424363676041
0.8919811320754717    0.10391463821275594
0.8929245283018867    0.10438590641324275
0.8938679245283019    0.09071912859841638
0.894811320754717    0.09566744470378455
0.8957547169811321    0.07987995998667634
0.8966981132075471    0.07681671668333438
0.8976415094339623    0.06880515727464306
0.8985849056603774    0.06244303656774114
0.8995283018867924    0.057730354562642194
0.9004716981132075    0.055609647660327964
0.9014150943396226    0.04170723574524597
0.9023584905660378    0.04312104034677973
0.9033018867924528    0.039115260642443285
0.9042452830188679    0.03534511503834405
0.905188679245283    0.03440257863732153
0.9061320754716982    0.02639101922863022
0.9070754716981132    0.022149605424034147
0.9080188679245282    0.020500166722239546
0.9089622641509434    0.019793264421472664
0.9099056603773585    0.016023118817382633
0.9108490566037736    0.013666777814829579
0.9117924528301886    0.012959875514059482
0.9127358490566038    0.011546070912525722
0.9136792452830189    0.011546070912525722
0.914622641509434    0.0070690230076704726
0.915566037735849    0.007540291208180063
0.9165094339622641    0.004241413804601285
0.9174528301886793    0.005655218406135047
0.9183962264150943    0.0030632433033238714
0.9193396226415094    0.0028276092030675233
0.9202830188679245    0.0028276092030675233
0.9212264150943397    0.0018850728020450157
0.9221698113207547    0.0014138046015340945
0.9231132075471697    0.0004712682005112539
0.9240566037735849    0.0004712682005112539
0.925    0.00023563410025562696
0.9259433962264151    0.00047126820051136484
0.9268867924528301    0.00023563410025562696
0.9278301886792453    0.0
0.9287735849056604    0.0
0.9297169811320755    0.00047126820051136484
0.9306603773584905    0.00023563410025562696
0.9316037735849056    0.00023563410025562696
0.9325471698113208    0.0
0.933490566037736    0.0
0.934433962264151    0.0
0.935377358490566    0.0
0.9363207547169812    0.0
0.9372641509433963    0.0
0.9382075471698114    0.0
0.9391509433962264    0.0
0.9400943396226416    0.0
0.9410377358490567    0.0
0.9419811320754717    0.0
0.9429245283018868    0.0
0.9438679245283019    0.0
0.9448113207547171    0.0
0.9457547169811321    0.0
0.9466981132075472    0.0
0.9476415094339623    0.0
0.9485849056603775    0.0
0.9495283018867925    0.0
0.9504716981132075    0.0
0.9514150943396227    0.0
0.9523584905660378    0.0
0.9533018867924529    0.0
0.9542452830188679    0.0
0.9551886792452831    0.0
0.9561320754716982    0.0
0.9570754716981132    0.0
0.9580188679245283    0.0
0.9589622641509434    0.0
0.9599056603773586    0.0
0.9608490566037736    0.0
0.9617924528301887    0.0
0.9627358490566038    0.0
0.963679245283019    0.0
0.964622641509434    0.0
0.965566037735849    0.0
0.9665094339622642    0.0
0.9674528301886793    0.0
0.9683962264150944    0.0
0.9693396226415094    0.0
0.9702830188679246    0.0
0.9712264150943397    0.0
0.9721698113207548    0.0
0.9731132075471698    0.0
0.9740566037735849    0.0
0.9750000000000001    0.0
0.9759433962264151    0.0
0.9768867924528302    0.0
0.9778301886792453    0.0
0.9787735849056605    0.0
0.9797169811320755    0.0
0.9806603773584905    0.0
0.9816037735849057    0.0
0.9825471698113208    0.0
0.9834905660377359    0.0
0.9844339622641509    0.0
0.9853773584905661    0.0
0.9863207547169812    0.0
0.9872641509433963    0.0
0.9882075471698113    0.0
0.9891509433962264    0.0
0.9900943396226416    0.0
0.9910377358490566    0.0
0.9919811320754717    0.0
0.9929245283018868    0.0
0.993867924528302    0.0
0.994811320754717    0.0
0.995754716981132    0.0
0.9966981132075472    0.0
0.9976415094339623    0.0
0.9985849056603774    0.0
0.9995283018867924    0.0