-0.9995283018867924    0.0
-0.9985849056603773    0.0
-0.9976415094339622    0.0
-0.9966981132075472    0.0
-0.995754716981132    0.0
-0.9948113207547169    0.0
-0.9938679245283019    0.0
-0.9929245283018868    0.0
-0.9919811320754717    0.0
-0.9910377358490565    0.0
-0.9900943396226415    0.0
-0.9891509433962264    0.0
-0.9882075471698113    0.0
-0.9872641509433961    0.0
-0.9863207547169811    0.0
-0.9853773584905661    0.0
-0.9844339622641509    0.0
-0.9834905660377358    0.0
-0.9825471698113207    0.0
-0.9816037735849057    0.0
-0.9806603773584905    0.0
-0.9797169811320754    0.0
-0.9787735849056604    0.0
-0.9778301886792453    0.0
-0.9768867924528302    0.0
-0.975943396226415    0.0
-0.975    0.0
-0.9740566037735849    0.0
-0.9731132075471698    0.0
-0.9721698113207546    0.0
-0.9712264150943396    0.0
-0.9702830188679246    0.0
-0.9693396226415094    0.0
-0.9683962264150943    0.0
-0.9674528301886792    0.0
-0.9665094339622642    0.0
-0.965566037735849    0.0
-0.9646226415094339    0.0
-0.9636792452830188    0.0
-0.9627358490566038    0.0
-0.9617924528301887    0.0
-0.9608490566037735    0.0
-0.9599056603773585    0.0
-0.9589622641509434    0.0
-0.9580188679245283    0.0
-0.9570754716981131    0.0
-0.9561320754716981    0.0
-0.9551886792452831    0.0
-0.9542452830188679    0.0
-0.9533018867924528    0.0
-0.9523584905660377    0.0
-0.9514150943396227    0.0
-0.9504716981132075    0.0
-0.9495283018867924    0.0
-0.9485849056603773    0.0
-0.9476415094339623    0.0
-0.9466981132075472    0.0
-0.945754716981132    0.0
-0.944811320754717    0.0
-0.9438679245283019    0.0
-0.9429245283018868    0.0
-0.9419811320754716    0.0
-0.9410377358490566    0.0
-0.9400943396226416    0.0
-0.9391509433962264    0.0
-0.9382075471698113    0.0
-0.9372641509433962    0.0
-0.9363207547169812    0.0
-0.935377358490566    0.0
-0.9344339622641509    0.0
-0.9334905660377358    0.0
-0.9325471698113208    0.0
-0.9316037735849056    0.0
-0.9306603773584905    0.0
-0.9297169811320755    0.0
-0.9287735849056604    0.0
-0.9278301886792453    0.0
-0.9268867924528301    0.0
-0.9259433962264151    0.0
-0.925    0.0
-0.9240566037735849    0.0
-0.9231132075471697    0.0
-0.9221698113207547    0.0
-0.9212264150943397    0.0
-0.9202830188679245    0.0
-0.9193396226415094    0.0
-0.9183962264150943    0.0
-0.9174528301886793    0.0
-0.9165094339622641    0.0
-0.915566037735849    0.0
-0.914622641509434    0.0
-0.9136792452830189    0.0
-0.9127358490566038    0.0
-0.9117924528301886    0.0
-0.9108490566037736    0.0
-0.9099056603773585    0.0
-0.9089622641509434    0.0
-0.9080188679245282    0.0
-0.9070754716981132    0.0
-0.9061320754716982    0.0
-0.905188679245283    0.0
-0.9042452830188679    0.0
-0.9033018867924528    0.0
-0.9023584905660378    0.0
-0.9014150943396226    0.0
-0.9004716981132075    0.0
-0.8995283018867924    0.0
-0.8985849056603774    0.00023563410025565466
-0.8976415094339623    0.0
-0.8966981132075471    0.0
-0.8957547169811321    0.0
-0.894811320754717    0.0
-0.8938679245283019    0.0
-0.8929245283018867    0.0
-0.8919811320754717    0.0
-0.8910377358490567    0.0
-0.8900943396226415    0.0
-0.8891509433962264    0.0
-0.8882075471698113    0.0
-0.8872641509433963    0.0
-0.8863207547169811    0.0
-0.885377358490566    0.0
-0.8844339622641509    0.0007069023007668808
-0.8834905660377359    0.00023563410025565466
-0.8825471698113208    0.00023563410025562696
-0.8816037735849056    0.0
-0.8806603773584906    0.00023563410025562696
-0.8797169811320755    0.00023563410025565466
-0.8787735849056604    0.00023563410025562696
-0.8778301886792452    0.0
-0.8768867924528302    0.0004712682005112539
-0.8759433962264151    0.00023563410025565466
-0.875    0.00023563410025562696
-0.8740566037735849    0.0004712682005113093
-0.8731132075471698    0.0007069023007668808
-0.8721698113207548    0.0
-0.8712264150943396    0.00023563410025562696
-0.8702830188679245    0.00023563410025565466
-0.8693396226415094    0.00023563410025562696
-0.8683962264150944    0.0009425364010226187
-0.8674528301886792    0.0004712682005112539
-0.8665094339622641    0.00023563410025565466
-0.8655660377358491    0.0011781705012781348
-0.864622641509434    0.0011781705012782733
-0.8636792452830189    0.0011781705012781348
-0.8627358490566037    0.0014138046015339282
-0.8617924528301887    0.0007069023007668808
-0.8608490566037736    0.0007069023007669641
-0.8599056603773585    0.0009425364010225078
-0.8589622641509433    0.0014138046015339282
-0.8580188679245283    0.0014138046015337617
-0.8570754716981133    0.0009425364010226187
-0.8561320754716981    0.0021207069023006426
-0.855188679245283    0.0018850728020452373
-0.8542452830188679    0.0021207069023006426
-0.8533018867924529    0.0018850728020452373
-0.8523584905660377    0.0025919751028118964
-0.8514150943396226    0.0007069023007669641
-0.8504716981132076    0.0028276092030675233
-0.8495283018867925    0.0018850728020452373
-0.8485849056603774    0.0021207069023006426
-0.8476415094339622    0.004712682005113093
-0.8466981132075472    0.004241413804601285
-0.8457547169811321    0.0037701456040904746
-0.844811320754717    0.006362120706901928
-0.8438679245283018    0.0018850728020452373
-0.8429245283018868    0.004005779704345658
-0.8419811320754718    0.00400577970434613
-0.8410377358490566    0.0035345115038344045
-0.8400943396226415    0.0037701456040904746
-0.8391509433962264    0.004005779704345658
-0.8382075471698114    0.005419584305880058
-0.8372641509433962    0.006362120706901928
-0.8363207547169811    0.006362120706902677
-0.835377358490566    0.007069023007668809
-0.834433962264151    0.0051839502056244035
-0.8334905660377359    0.006597754807157555
-0.8325471698113207    0.005655218406135713
-0.8316037735849057    0.007069023007668809
-0.8306603773584906    0.006833388907413986
-0.8297169811320755    0.007540291208180063
-0.8287735849056603    0.006126486606647021
-0.8278301886792453    0.008954095809713824
-0.8268867924528303    0.008247193508947913
-0.8259433962264151    0.00848282760920257
-0.825    0.009425364010226187
-0.8240566037735849    0.010367900411247586
-0.8231132075471699    0.010367900411248807
-0.8221698113207547    0.012488607313548228
-0.8212264150943396    0.010367900411248807
-0.8202830188679245    0.012959875514059482
-0.8193396226415095    0.012488607313549699
-0.8183962264150944    0.012017339113036974
-0.8174528301886792    0.012017339113036974
-0.816509433962264    0.015080582416361898
-0.8155660377358491    0.012252973213294042
-0.814622641509434    0.012959875514059482
-0.8136792452830188    0.015787484717127008
-0.8127358490566037    0.01979326442147499
-0.8117924528301887    0.016730021118151483
-0.8108490566037736    0.01696565521840514
-0.8099056603773584    0.018379459819938902
-0.8089622641509433    0.01555185061687321
-0.8080188679245284    0.017201289318662792
-0.8070754716981132    0.025212848727352084
-0.8061320754716981    0.016023118817382633
-0.8051886792452829    0.01955763032121934
-0.804245283018868    0.02262087362454285
-0.8033018867924528    0.02073580082249517
-0.8023584905660377    0.023799044125818323
-0.8014150943396225    0.020264532621986305
-0.8004716981132076    0.022856507724798504
-0.7995283018867925    0.027804823830163982
-0.7985849056603773    0.028040457930419607
-0.7976415094339622    0.02474158052684374
-0.7966981132075472    0.027097921529400288
-0.7957547169811321    0.028276092030675236
-0.7948113207547169    0.032281871735020895
-0.7938679245283018    0.03157496943425773
-0.7929245283018869    0.03416694453706993
-0.7919811320754717    0.0306324330332315
-0.7910377358490566    0.02874736023118649
-0.7900943396226414    0.03393131043681428
-0.7891509433962265    0.03204623763476904
-0.7882075471698113    0.035580749138599675
-0.7872641509433962    0.032046237634765266
-0.786320754716981    0.03699455374013779
-0.7853773584905661    0.03911526064243868
-0.784433962264151    0.04524174724908037
-0.7834905660377358    0.03369567633655466
-0.7825471698113207    0.03817272424141606
-0.7816037735849057    0.04052906524397261
-0.7806603773584906    0.04100033344447909
-0.7797169811320754    0.04147160164499034
-0.7787735849056603    0.04571301544959701
-0.7778301886792454    0.04594864954985266
-0.7768867924528302    0.03958652884294533
-0.7759433962264151    0.047598088251636646
-0.7749999999999999    0.0478337223518979
-0.774056603773585    0.04759808825164225
-0.7731132075471698    0.04524174724908037
-0.7721698113207547    0.0506613315549598
-0.7712264150943395    0.04924752695343183
-0.7702830188679246    0.04547738134934135
-0.7693396226415095    0.04901189285317041
-0.7683962264150943    0.05725908636211735
-0.7674528301886792    0.060086695565191944
-0.7665094339622642    0.06432810936979373
-0.7655660377358491    0.059144159164162366
-0.7646226415094339    0.0603223296654405
-0.7636792452830188    0.05702345226186844
-0.7627358490566039    0.060086695565191944
-0.7617924528301887    0.06102923196620739
-0.7608490566037736    0.06715571857285368
-0.7599056603773584    0.06432810936979373
-0.7589622641509435    0.0577303545626354
-0.7580188679245283    0.0664488162720868
-0.7570754716981132    0.06385684116927491
-0.756132075471698    0.06974769367567378
-0.7551886792452831    0.06644881627209462
-0.754245283018868    0.06055796376569613
-0.7533018867924528    0.06951205957540996
-0.7523584905660377    0.06644881627209462
-0.7514150943396227    0.0706902300766964
-0.7504716981132076    0.0725753028787331
-0.7495283018867924    0.07634544848282314
-0.7485849056603773    0.07870178948538867
-0.7476415094339623    0.07092586417695207
-0.7466981132075472    0.08365010559074756
-0.745754716981132    0.0857708124930482
-0.7448113207547169    0.07823052128487736
-0.743867924528302    0.08789151939535919
-0.7429245283018868    0.0838857396910032
-0.7419811320754717    0.08553517839279258
-0.7410377358490565    0.07516727798155384
-0.7400943396226416    0.08294320328999046
-0.7391509433962264    0.09001222629764949
-0.7382075471698113    0.09283983550071702
-0.7372641509433961    0.09283983550072795
-0.7363207547169812    0.09590307880405147
-0.7353773584905661    0.09778815160608519
-0.7344339622641509    0.10485717461375399
-0.7334905660377358    0.09354673780149492
-0.7325471698113208    0.0951961765032845
-0.7316037735849057    0.10273646771145335
-0.7306603773584905    0.09778815160608519
-0.7297169811320754    0.10909858841836811
-0.7287735849056605    0.09637434700456277
-0.7278301886792453    0.11145492942091155
-0.7268867924528302    0.10297210181170899
-0.725943396226415    0.10155829721018718
-0.7250000000000001    0.10956985661887943
-0.7240566037735849    0.11004112481937778
-0.7231132075471698    0.09920195620761896
-0.7221698113207546    0.11381127042348121
-0.7212264150943397    0.11004112481939074
-0.7202830188679246    0.11946648882960285
-0.7193396226415094    0.11946648882960285
-0.7183962264150943    0.11993775703012824
-0.7174528301886793    0.11310436812271425
-0.7165094339622642    0.12488607313548228
-0.715566037735849    0.12465043903522667
-0.7146226415094339    0.11758141602757168
-0.713679245283019    0.11758141602757168
-0.7127358490566038    0.1267711459375273
-0.7117924528301887    0.11569634322551284
-0.7108490566037735    0.12088029343115085
-0.7099056603773586    0.12394353673447436
-0.7089622641509434    0.12111592753139226
-0.7080188679245283    0.13219073024340675
-0.7070754716981131    0.13713904634879104
-0.7061320754716982    0.13336890074470054
-0.7051886792452831    0.12983438924085045
-0.7042452830188679    0.13501833944647423
-0.7033018867924528    0.13761031454930234
-0.7023584905660378    0.14302989885518239
-0.7014150943396227    0.1406735578526093
-0.7004716981132075    0.14279426475490994
-0.6995283018867924    0.14114482605313716
-0.6985849056603775    0.14208736245415976
-0.6976415094339623    0.14279426475490994
-0.6966981132075472    0.14538623985772184
-0.695754716981132    0.15528287206847644
-0.6948113207547171    0.14491497165722764
-0.6938679245283019    0.15316216516615752
-0.6929245283018868    0.15598977436922506
-0.6919811320754716    0.15033455596310769
-0.6910377358490567    0.14420806935646066
-0.6900943396226416    0.1493920195620675
-0.6891509433962264    0.15410470156718004
-0.6882075471698113    0.15787484717128863
-0.6872641509433963    0.14939201956208506
-0.6863207547169812    0.15598977436922506
-0.685377358490566    0.16659330888072826
-0.6844339622641509    0.16800711348228178
-0.683490566037736    0.1522196287651529
-0.6825471698113208    0.15410470156718004
-0.6816037735849056    0.16282316327663823
-0.6806603773584905    0.1658864065799809
-0.6797169811320756    0.1741336000889288
-0.6787735849056604    0.16541513837945013
-0.6778301886792453    0.17790374569299836
-0.6768867924528301    0.1797888184950645
-0.6759433962264152    0.16659330888074786
-0.675    0.18308769589862214
-0.6740566037735849    0.18120262309657714
-0.6731132075471697    0.18591530510171153
-0.6721698113207548    0.17460486828944013
-0.6712264150943397    0.18591530510168966
-0.6702830188679245    0.16989218628430702
-0.6693396226415094    0.18308769589864368
-0.6683962264150944    0.17554740469046276
-0.6674528301886793    0.1986395465154935
-0.6665094339622641    0.1771968433922315
-0.665566037735849    0.17790374569301928
-0.6646226415094341    0.190392353006569
-0.6636792452830189    0.19180615760808034
-0.6627358490566038    0.19840391241523792
-0.6617924528301886    0.1856796710014559
-0.6608490566037737    0.19675447371347166
-0.6599056603773585    0.211599422029553
-0.6589622641509434    0.20429476492162857
-0.6580188679245282    0.18780037790375678
-0.6570754716981133    0.20264532621986303
-0.6561320754716982    0.19981771701677165
-0.655188679245283    0.21584083583415428
-0.6542452830188679    0.20288096032011868
-0.6533018867924529    0.20405913082139696
-0.6523584905660378    0.20311659442035043
-0.6514150943396226    0.21536956763364304
-0.6504716981132075    0.22220295654108235
-0.6495283018867926    0.21136378792932226
-0.6485849056603774    0.20759364232520736
-0.6476415094339623    0.22432366344335686
-0.6466981132075471    0.22314549294210498
-0.6457547169811322    0.21866844503724756
-0.644811320754717    0.2167833722351768
-0.6438679245283019    0.20665110592418484
-0.6429245283018867    0.2297432477492633
-0.6419811320754718    0.2313926864510529
-0.6410377358490567    0.23209958875179254
-0.6400943396226415    0.23209958875179254
-0.6391509433962264    0.23539846615539906
-0.6382075471698113    0.22715127264642437
-0.6372641509433963    0.22267422474159368
-0.6363207547169811    0.2280938090474469
-0.635377358490566    0.23516283205511573
-0.6344339622641508    0.23516283205514335
-0.6334905660377359    0.22832944314772938
-0.6325471698113208    0.2587262420806784
-0.6316037735849056    0.24176058686227325
-0.6306603773584905    0.23799044125821125
-0.6297169811320755    0.2474158052684374
-0.6287735849056604    0.23916861175946136
-0.6278301886792452    0.23021451594974754
-0.6268867924528301    0.24953651217073833
-0.6259433962264151    0.2525997554740618
-0.625    0.2615538512837459
-0.6240566037735849    0.24694453706789704
-0.6231132075471697    0.25236412137380615
-0.6221698113207548    0.2589618761809645
-0.6212264150943396    0.2558986328776109
-0.6202830188679245    0.24529509836610766
-0.6193396226415093    0.25212848727355053
-0.6183962264150944    0.262732021785055
-0.6174528301886792    0.24081805046125074
-0.6165094339622641    0.26273202178502403
-0.615566037735849    0.26320328998556625
-0.614622641509434    0.28016894520397345
-0.6136792452830189    0.2596687784817009
-0.6127358490566037    0.2738068244970385
-0.6117924528301886    0.27616316549962727
-0.6108490566037736    0.2653239968878672
-0.6099056603773585    0.28794487051237616
-0.6089622641509433    0.24882960986994207
-0.6080188679245282    0.2794620429032065
-0.6070754716981133    0.2782838724019282
-0.6061320754716981    0.2648527286873247
-0.605188679245283    0.26791597199064787
-0.6042452830188678    0.26131821718352105
-0.6033018867924529    0.26673780148940107
-0.6023584905660377    0.27309992219627166
-0.6014150943396226    0.2801689452039405
-0.6004716981132074    0.2780482383016725
-0.5995283018867925    0.2855885295098535
-0.5985849056603774    0.2716861175947379
-0.5976415094339622    0.2855885295098199
-0.5966981132075471    0.294778259419824
-0.5957547169811321    0.28346782260755254
-0.594811320754717    0.29572079582081184
-0.5938679245283018    0.28181838390572983
-0.5929245283018867    0.29548516172059097
-0.5919811320754718    0.2917150161165005
-0.5910377358490566    0.2973702345226012
-0.5900943396226415    0.29006557741467676
-0.5891509433962263    0.31174391463823115
-0.5882075471698114    0.309151939535419
-0.5872641509433962    0.3079737690341044
-0.5863207547169811    0.31197954873845013
-0.5853773584905659    0.2968989663221249
-0.584433962264151    0.3011403801267267
-0.5834905660377359    0.31433588974100635
-0.5825471698113207    0.31150828053793883
-0.5816037735849056    0.2968989663221249
-0.5806603773584906    0.31551406024232165
-0.5797169811320755    0.3042036234300144
-0.5787735849056603    0.31881293764586327
-0.5778301886792452    0.2957207958208466
-0.5768867924528303    0.3254106924530591
-0.5759433962264151    0.3110370123374276
-0.575    0.31857730354560765
-0.5740566037735848    0.3027898188285163
-0.5731132075471699    0.3235256196510139
-0.5721698113207547    0.3289452039568552
-0.5712264150943396    0.30655996443257066
-0.5702830188679244    0.30750250083362934
-0.5693396226415095    0.32470379015229217
-0.5683962264150944    0.3216405468489308
-0.5674528301886792    0.3148071579415176
-0.566509433962264    0.32093364454820167
-0.5655660377358491    0.30750250083362934
-0.564622641509434    0.3426119817716816
-0.5636792452830188    0.3261175947537877
-0.5627358490566037    0.33342225186175134
-0.5617924528301887    0.33507169056354097
-0.5608490566037736    0.3331866177614565
-0.5599056603773584    0.3404912748693809
-0.5589622641509433    0.3162209625430886
-0.5580188679245284    0.3475602978770907
-0.5570754716981132    0.32211181504944203
-0.5561320754716981    0.3539224185839517
-0.5551886792452829    0.3331866177614957
-0.554245283018868    0.3383705679671201
-0.5533018867924528    0.34496832277423783
-0.5523584905660377    0.3416694453706591
-0.5514150943396225    0.36429031899524217
-0.5504716981132076    0.3296521062576609
-0.5495283018867925    0.3324797154606896
-0.5485849056603773    0.32823830165608836
-0.5476415094339622    0.3426119817717219
-0.5466981132075472    0.34614649327555674
-0.5457547169811321    0.3433188840724485
-0.5448113207547169    0.348031566077561
-0.5438679245283018    0.35015227297990287
-0.5429245283018869    0.36711792819831
-0.5419811320754717    0.3477959319773054
-0.5410377358490566    0.35462932088471855
-0.5400943396226414    0.35038790708015854
-0.5391509433962265    0.35651439368680554
-0.5382075471698113    0.35910636878957547
-0.5372641509433962    0.3624052461931543
-0.536320754716981    0.34614649327555674
-0.5353773584905661    0.36476158719575347
-0.534433962264151    0.3706524397021012
-0.5334905660377358    0.35769256418804174
-0.5325471698113207    0.36546848949652044
-0.5316037735849057    0.37772146270981444
-0.5306603773584906    0.3645259530954549
-0.5297169811320754    0.37277314660440186
-0.5287735849056603    0.35227297988220374
-0.5278301886792454    0.36216961209294124
-0.5268867924528302    0.3734800489051687
-0.5259433962264151    0.3970434589307314
-0.5249999999999999    0.3821985106146719
-0.524056603773585    0.37065243970214484
-0.5231132075471698    0.3765432922084919
-0.5221698113207547    0.37630765810823624
-0.5212264150943395    0.3730087807047014
-0.5202830188679246    0.37088807380240046
-0.5193396226415095    0.3892675336222957
-0.5183962264150943    0.36782483049903364
-0.5174528301886792    0.3781927309103258
-0.5165094339622642    0.3951583861287329
-0.5155660377358491    0.3961009225297089
-0.5146226415094339    0.3958652884294533
-0.5136792452830188    0.3734800489052127
-0.5127358490566039    0.3946871179282216
-0.5117924528301887    0.38054907191283754
-0.5108490566037736    0.37772146270977003
-0.5099056603773584    0.38620429031901804
-0.5089622641509435    0.3878537290208076
-0.5080188679245283    0.40128487273533275
-0.5070754716981132    0.3977503612314983
-0.506132075471698    0.3786639991108371
-0.5051886792452831    0.3932733133266877
-0.504245283018868    0.3977503612314983
-0.5033018867924528    0.40175614093584394
-0.5023584905660377    0.40741135934202694
-0.5014150943396227    0.38620429031901804
-0.5004716981132076    0.4149516505501591
-0.4995283018867924    0.39280204512613015
-0.49858490566037733    0.41000333444483916
-0.49764150943396224    0.41448038234964785
-0.49669811320754714    0.39185950872515374
-0.49575471698113205    0.405526286539934
-0.49481132075471695    0.40788262754253823
-0.49386792452830186    0.391623874624852
-0.49292452830188677    0.41424474824944096
-0.49198113207547167    0.4071757252417234
-0.4910377358490566    0.41825052795378703
-0.4900943396226415    0.41400911414913655
-0.4891509433962264    0.42767589196401323
-0.4882075471698113    0.4135378459486253
-0.4872641509433962    0.4236701122596671
-0.4863207547169811    0.4173079915527153
-0.485377358490566    0.4243770145604341
-0.4844339622641509    0.42932533066575235
-0.4834905660377358    0.44204957207960816
-0.48254716981132073    0.4173079915527153
-0.48160377358490564    0.4349805490719385
-0.48066037735849054    0.43474491497163176
-0.47971698113207545    0.4297965988663141
-0.47877358490566035    0.43191730576856424
-0.47783018867924526    0.44110703567858556
-0.47688679245283017    0.4462909858841575
-0.47594339622641507    0.4389863287762847
-0.475    0.42791152606421856
-0.4740566037735849    0.4305035011670811
-0.4731132075471698    0.42885406246524105
-0.4721698113207547    0.44181393797935253
-0.4712264150943396    0.4387506946759774
-0.4702830188679245    0.44087140157832994
-0.4693396226415094    0.42225630765808353
-0.4683962264150943    0.4241413804601784
-0.4674528301886792    0.45265310659105934
-0.46650943396226413    0.45736578859622573
-0.46556603773584904    0.4375725241746992
-0.46462264150943394    0.45006113148830046
-0.46367924528301885    0.4561876180948938
-0.46273584905660375    0.4507680337890674
-0.46179245283018866    0.4632566411025626
-0.46084905660377357    0.4519462042903457
-0.45990566037735847    0.4335667444703536
-0.4589622641509434    0.4613715683005719
-0.4580188679245283    0.4326242080693311
-0.4570754716981132    0.4248482827609454
-0.4561320754716981    0.4493542291874806
-0.455188679245283    0.4667911526064519
-0.4542452830188679    0.46749805490716384
-0.4533018867924528    0.44181393797935253
-0.4523584905660377    0.47409580971432147
-0.4514150943396226    0.4637279093031284
-0.45047169811320753    0.45995776369898383
-0.44952830188679244    0.4637279093031284
-0.44858490566037734    0.4677336890074195
-0.44764150943396225    0.44204957207960816
-0.44669811320754715    0.49200400133374905
-0.44575471698113206    0.4792797599200016
-0.44481132075471697    0.46844059130818644
-0.44386792452830187    0.47951539402025734
-0.4429245283018868    0.4818717350227571
-0.4419811320754717    0.48140046682230253
-0.4410377358490566    0.4677336890074195
-0.4400943396226415    0.4724463710125877
-0.4391509433962264    0.4870556852283809
-0.4382075471698113    0.48234300322332513
-0.4372641509433962    0.45312437479157064
-0.4363207547169811    0.4839924419251147
-0.435377358490566    0.4877625875291478
-0.43443396226415093    0.4804579304212799
-0.43349056603773584    0.47739468711790023
-0.43254716981132074    0.45736578859622573
-0.43160377358490565    0.4887051239301703
-0.43066037735849055    0.49883739024122103
-0.42971698113207546    0.4943603423363053
-0.42877358490566037    0.49106146493278435
-0.42783018867924527    0.4632566411025626
-0.4268867924528302    0.48304990552409216
-0.4259433962264151    0.5129754362564999
-0.425    0.48823385572971656
-0.4240566037735849    0.4905901967322153
-0.4231132075471698    0.5059064132488906
-0.4221698113207547    0.5077914860508761
-0.4212264150943396    0.5002511948427548
-0.4202830188679245    0.5202800933644243
-0.4193396226415094    0.4884694898299722
-0.41839622641509433    0.5172168500611012
-0.41745283018867924    0.5059064132488906
-0.41650943396226414    0.4936534400355384
-0.41556603773584905    0.49577414693789745
-0.41462264150943395    0.5016649994442298
-0.41367924528301886    0.5195731910637186
-0.41273584905660377    0.4948316105368166
-0.41179245283018867    0.5212226297655081
-0.4108490566037736    0.5235789707680032
-0.4099056603773585    0.5028431699455671
-0.4089622641509434    0.5106190952539437
-0.4080188679245283    0.5249927753695987
-0.4070754716981132    0.5318261642769501
-0.4061320754716981    0.531590530176757
-0.405188679245283    0.5238146048682587
-0.4042452830188679    0.5330043347782909
-0.4033018867924528    0.5094409247526656
-0.40235849056603773    0.5351250416805917
-0.40141509433962264    0.5056707791485755
-0.40047169811320754    0.5266422140713882
-0.39952830188679245    0.5134467044570111
-0.39858490566037735    0.5516194286984877
-0.39764150943396226    0.5372457485828295
-0.39669811320754716    0.5259353117706212
-0.39575471698113207    0.533711237078995
-0.394811320754717    0.5289985550739448
-0.3938679245283019    0.5304123596754163
-0.3929245283018868    0.5398377236857049
-0.3919811320754717    0.5518550627986782
-0.3910377358490566    0.5478492830943972
-0.3900943396226415    0.5513837945981671
-0.3891509433962264    0.529469823274456
-0.3882075471698113    0.5527975991997008
-0.3872641509433962    0.5311192619762457
-0.38632075471698113    0.5249927753695369
-0.38537735849056604    0.5527975991997659
-0.38443396226415094    0.5652862065132491
-0.38349056603773585    0.5551539402023224
-0.38254716981132075    0.5285272868733712
-0.38160377358490566    0.5494987217961868
-0.38066037735849056    0.5803667889296091
-0.37971698113207547    0.5674069134156166
-0.3787735849056604    0.5664643770145272
-0.3778301886792453    0.5586884517061573
-0.3768867924528302    0.5697632544181059
-0.3759433962264151    0.5688207180171505
-0.375    0.5671712793152941
-0.3740566037735849    0.5709414249194513
-0.3731132075471698    0.5758897410247523
-0.3721698113207547    0.5872001778370914
-0.3712264150943396    0.5692919862175948
-0.37028301886792453    0.5671712793153608
-0.36933962264150944    0.5789529843280754
-0.36839622641509434    0.578010447927121
-0.36745283018867925    0.5742403023229629
-0.36650943396226415    0.5839013004335123
-0.36556603773584906    0.6098210514615626
-0.36462264150943396    0.5718839613204739
-0.36367924528301887    0.5565677448037909
-0.3627358490566038    0.5881427142381142
-0.3617924528301887    0.6025163943536381
-0.3608490566037736    0.5855507391353019
-0.3599056603773585    0.5978037123485256
-0.3589622641509434    0.5973324441480846
-0.3580188679245283    0.5888496165388118
-0.3570754716981132    0.5900277870401593
-0.3561320754716981    0.6039301989551719
-0.355188679245283    0.6303212181838763
-0.35424528301886793    0.6039301989551719
-0.35330188679245284    0.5992175169501299
-0.35235849056603774    0.6001600533510818
-0.35141509433962265    0.6091141491608674
-0.35047169811320755    0.627257974880479
-0.34952830188679246    0.6119417583639352
-0.34858490566037736    0.6124130265643745
-0.34764150943396227    0.6180682449705823
-0.3466981132075472    0.6260798043792007
-0.3457547169811321    0.6333844614871997
-0.344811320754717    0.6241947315771559
-0.3438679245283019    0.6312637545848989
-0.3429245283018868    0.6121773924641188
-0.3419811320754717    0.6522351895076521
-0.3410377358490566    0.625372902078434
-0.3400943396226415    0.6157119039680257
-0.3391509433962264    0.6359764365899372
-0.33820754716981133    0.6472868734022834
-0.33726415094339623    0.6376258752917265
-0.33632075471698114    0.6312637545848989
-0.33537735849056605    0.6498788485050192
-0.33443396226415095    0.6524708236079078
-0.33349056603773586    0.6244303656774114
-0.33254716981132076    0.6479937757030504
-0.33160377358490567    0.6425741913970947
-0.3306603773584906    0.6569478715127652
-0.3297169811320755    0.6425741913970947
-0.3287735849056604    0.6659019673224802
-0.3278301886792453    0.656947871512688
-0.3268867924528302    0.6477581416027948
-0.3259433962264151    0.6482294098032297
-0.325    0.6538846282094417
-0.3240566037735849    0.6465799711014404
-0.3231132075471698    0.6548271646104644
-0.32216981132075473    0.6578904079137105
-0.32122641509433963    0.6251372679782519
-0.32028301886792454    0.6694364788262362
-0.31933962264150945    0.6651950650217132
-0.31839622641509435    0.6915860842502651
-0.31745283018867926    0.6463443370012608
-0.31650943396226416    0.6732066244303262
-0.31556603773584907    0.6776836723352629
-0.314622641509434    0.6772124041346719
-0.3136792452830189    0.6715571857286159
-0.3127358490566038    0.7040746915638133
-0.3117924528301887    0.6897010114483013
-0.3108490566037736    0.7059597643658584
-0.3099056603773585    0.6868734022452334
-0.3089622641509434    0.6932355229520545
-0.3080188679245283    0.6666088696232471
-0.3070754716981132    0.6995976436589565
-0.30613207547169813    0.6887584750472786
-0.30518867924528303    0.696063132155122
-0.30424528301886794    0.6828676225408873
-0.30330188679245285    0.6958274980548664
-0.30235849056603775    0.6897010114483013
-0.30141509433962266    0.7003045459597232
-0.30047169811320756    0.7264599310881834
-0.29952830188679247    0.7156207624763391
-0.2985849056603774    0.728109369789973
-0.2976415094339623    0.6871090363454082
-0.2966981132075472    0.7087873735690092
-0.2957547169811321    0.7462531955095705
-0.294811320754717    0.6962987662554596
-0.2938679245283019    0.711850616872249
-0.2929245283018868    0.7236323218851155
-0.2919811320754717    0.7281093697898874
-0.2910377358490566    0.7182127375792355
-0.29009433962264153    0.7127931532732715
-0.28915094339622643    0.7358852950984096
-0.28820754716981134    0.7299944425919324
-0.28726415094339625    0.7380060020007104
-0.28632075471698115    0.7281093697898874
-0.28537735849056606    0.7474313660109366
-0.28443396226415096    0.7382416361008792
-0.28349056603773587    0.7222185172835816
-0.2825471698113208    0.7405979771034356
-0.2816037735849057    0.7250461264866495
-0.2806603773584906    0.7422474158052249
-0.2797169811320755    0.7542647549183507
-0.2787735849056604    0.7500233411136605
-0.2778301886792453    0.7629832166278099
-0.2768867924528302    0.7561498277203069
-0.27594339622641506    0.7410692453039467
-0.27499999999999997    0.7585061687229525
-0.2740566037735849    0.7479026342113599
-0.2731132075471698    0.7566210959209072
-0.2721698113207547    0.7686384350338552
-0.2712264150943396    0.7742936534400813
-0.2702830188679245    0.7667533622318101
-0.2693396226415094    0.7500233411137489
-0.2683962264150943    0.7596843392241414
-0.2674528301886792    0.7945581860620675
-0.2665094339622641    0.7841902856507266
-0.265566037735849    0.7740580193398257
-0.26462264150943393    0.7724085806379452
-0.26367924528301884    0.759448705123975
-0.26273584905660374    0.7653395576302764
-0.26179245283018865    0.8237768144937688
-0.26084905660377355    0.789609869956606
-0.25990566037735846    0.7992708680671807
-0.25896226415094337    0.7834833833499596
-0.2580188679245283    0.7919662109592555
-0.2570754716981132    0.802805379570921
-0.2561320754716981    0.7929087473602779
-0.255188679245283    0.805397354673733
-0.2542452830188679    0.8094031343781739
-0.2533018867924528    0.8200066688895818
-0.2523584905660377    0.7976214293653912
-0.2514150943396226    0.8030410136711766
-0.2504716981132075    0.8037479159720382
-0.24952830188679243    0.7804201400466365
-0.24858490566037733    0.8299033011004159
-0.24764150943396224    0.8176503278870255
-0.24669811320754714    0.7969145270646242
-0.24575471698113205    0.8178859619872811
-0.24481132075471695    0.8322596421029723
-0.24386792452830186    0.820477937090093
-0.24292452830188677    0.8492252973213795
-0.24198113207547167    0.8317883739023632
-0.24103773584905658    0.799742136267692
-0.24009433962264148    0.84003556741131
-0.2391509433962264    0.7933800155607894
-0.2382075471698113    0.8171790596865143
-0.2372641509433962    0.8313171057019497
-0.2363207547169811    0.8699610981437746
-0.235377358490566    0.8593575636323726
-0.23443396226415092    0.8581793931309933
-0.23349056603773582    0.8558230521285378
-0.23254716981132073    0.8412137379125882
-0.23160377358490564    0.8539379793264925
-0.23066037735849054    0.8581793931309933
-0.22971698113207545    0.8586506613316057
-0.22877358490566035    0.8855129487606461
-0.22783018867924526    0.8499321996221465
-0.22688679245283017    0.8739668778481203
-0.22594339622641507    0.8798577303546146
-0.22499999999999998    0.8515816383238358
-0.22405660377358488    0.8742025119484789
-0.2231132075471698    0.8897543625652474
-0.2221698113207547    0.8800933644548702
-0.2212264150943396    0.9008291652772619
-0.2202830188679245    0.8939957763699539
-0.2193396226415094    0.8614782705345722
-0.21839622641509432    0.8904612648661191
-0.21745283018867922    0.8871623874624356
-0.21650943396226413    0.9034211403801801
-0.21556603773584904    0.9010647993775175
-0.21462264150943394    0.897294653773533
-0.21367924528301885    0.8852773146603905
-0.21273584905660375    0.891875069467653
-0.21179245283018866    0.9291052573079371
-0.21084905660377357    0.9201511614983315
-0.20990566037735847    0.9015360675780287
-0.20896226415094338    0.9232144048016551
-0.20801886792452828    0.9168522840946445
-0.2070754716981132    0.8949383127709766
-0.2061320754716981    0.9114326997887651
-0.205188679245283    0.9229787707013994
-0.2042452830188679    0.9218006002000126
-0.2033018867924528    0.9161453817939854
-0.20235849056603772    0.9312259642102377
-0.20141509433962262    0.956674447037958
-0.20047169811320753    0.9152028453928551
-0.19952830188679244    0.9354673780149492
-0.19858490566037734    0.9463065466265979
-0.19764150943396225    0.9538468378348901
-0.19669811320754715    0.9505479604311992
-0.19575471698113206    0.9833011003668471
-0.19481132075471697    0.9517261309324774
-0.19386792452830187    0.9576169834389806
-0.19292452830188678    0.9705768589529274
-0.19198113207547168    0.964214738246139
-0.1910377358490566    0.9689274202511381
-0.1900943396226415    0.9743470045571321
-0.1891509433962264    0.9726975658552282
-0.1882075471698113    0.9625652995443494
-0.1872641509433962    0.9894275869733776
-0.18632075471698112    0.9927264643770731
-0.18537735849056602    0.9948471712792569
-0.18443396226415093    1.0118128264977813
-0.18349056603773584    0.9776458819605962
-0.18254716981132074    0.9774102478604557
-0.18160377358490565    0.9830654662664757
-0.18066037735849055    0.9816516616650575
-0.17971698113207546    1.023358897410188
-0.17877358490566037    1.010634655996503
-0.17783018867924527    1.0085139490940833
-0.17688679245283018    0.9877781482717045
-0.17594339622641508    1.0115771923974066
-0.175    0.9835367344671028
-0.1740566037735849    1.04857174613754
-0.1731132075471698    1.013933533400082
-0.1721698113207547    1.0158186062020078
-0.1712264150943396    1.028307213515677
-0.17028301886792452    1.0676581082582457
-0.16933962264150942    1.06176725575198
-0.16839622641509433    1.0007380237856478
-0.16745283018867924    1.0575258419473783
-0.16650943396226414    1.0344337001222024
-0.16556603773584905    1.0737845948650184
-0.16462264150943395    1.060589085250577
-0.16367924528301886    1.0374969434256476
-0.16273584905660377    1.0299566522173453
-0.16179245283018867    1.0471579415361294
-0.16084905660377358    1.0782616427697491
-0.15990566037735848    1.0761409358675749
-0.1589622641509434    1.060589085250577
-0.1580188679245283    1.0466866733356182
-0.1570754716981132    1.080853617872561
-0.1561320754716981    1.0660086695565818
-0.155188679245283    1.053048794042397
-0.15424528301886792    1.0900433477826585
-0.15330188679245282    1.1194976103144836
-0.15235849056603773    1.0855662998778013
-0.15141509433962264    1.0923996887850866
-0.15047169811320754    1.1008825163944187
-0.14952830188679245    1.0931065910858533
-0.14858490566037735    1.0865088362788238
-0.14764150943396226    1.1048882960986348
-0.14669811320754716    1.1041813937979978
-0.14575471698113207    1.0782616427697491
-0.14481132075471698    1.1133711237079684
-0.14386792452830188    1.1166700011114161
-0.1429245283018868    1.1015894186951856
-0.1419811320754717    1.095227297988154
-0.1410377358490566    1.1225608536179388
-0.1400943396226415    1.1301011448259868
-0.1391509433962264    1.1513082138491286
-0.13820754716981132    1.1084228076024691
-0.13726415094339622    1.1506013115483618
-0.13632075471698113    1.1225608536178069
-0.13537735849056604    1.1576703345560315
-0.13443396226415094    1.128216072023942
-0.13349056603773585    1.11219295320669
-0.13254716981132075    1.1906591085916831
-0.13160377358490566    1.166860064466002
-0.13066037735849056    1.158377236856662
-0.12971698113207547    1.1513082138491286
-0.12877358490566038    1.1359919973323775
-0.12783018867924528    1.1569634322552644
-0.1268867924528302    1.1630899188617747
-0.1259433962264151    1.177699233077762
-0.125    1.1531932866510382
-0.1240566037735849    1.172515282872138
-0.12311320754716981    1.178641769478646
-0.12216981132075472    1.1930154495943797
-0.12122641509433962    1.186182060686826
-0.12028301886792453    1.1425897521396695
-0.11933962264150944    1.1953717905967955
-0.11839622641509434    1.179113037679296
-0.11745283018867925    1.1890096698898935
-0.11650943396226415    1.210452373013298
-0.11556603773584906    1.1934867177947506
-0.11462264150943396    1.2099811048127869
-0.11367924528301887    1.2212915416249144
-0.11273584905660378    1.2092742025120198
-0.11179245283018868    1.2257685895297714
-0.11084905660377359    1.2083316661109973
-0.1099056603773585    1.1953717905967955
-0.1089622641509434    1.2285961987329836
-0.1080188679245283    1.2580504612647925
-0.10707547169811321    1.2135156163166216
-0.10613207547169812    1.2281249305323276
-0.10518867924528302    1.2408491719462775
-0.10424528301886793    1.2700678003778292
-0.10330188679245284    1.277372457485904
-0.10235849056603774    1.212808714015712
-0.10141509433962265    1.2203490052240356
-0.10047169811320755    1.2736023118816637
-0.09952830188679246    1.2516883405580377
-0.09858490566037736    1.2688896298765513
-0.09764150943396227    1.246740024452669
-0.09669811320754718    1.241320440146643
-0.09575471698113208    1.279493164388205
-0.09481132075471699    1.2580504612647925
-0.0938679245283019    1.2578148271646847
-0.0929245283018868    1.289154162498535
-0.0919811320754717    1.2526308769590602
-0.09103773584905661    1.2856196509947007
-0.09009433962264152    1.2905679671002206
-0.08915094339622642    1.2667689229742505
-0.08820754716981133    1.2731310436813021
-0.08726415094339623    1.2912748694008356
-0.08632075471698114    1.267004557074655
-0.08537735849056605    1.2877403578970013
-0.08443396226415095    1.2757230187841144
-0.08349056603773586    1.2738379459819194
-0.08254716981132076    1.3091830610204174
-0.08160377358490567    1.2889185283982794
-0.08066037735849058    1.2637056796710762
-0.07971698113207548    1.2849127486939338
-0.07877358490566039    1.3035278426142818
-0.0778301886792453    1.3424074691563068
-0.0768867924528302    1.3310970323441933
-0.0759433962264151    1.3179015227297215
-0.07500000000000001    1.320493497832689
-0.07405660377358492    1.3212004001333004
-0.07311320754716982    1.3103612315216957
-0.07216981132075473    1.3129532066243534
-0.07122641509433963    1.31554518172732
-0.07028301886792454    1.3108324997220528
-0.06933962264150945    1.3534822718684805
-0.06839622641509435    1.3492408580637199
-0.06745283018867926    1.3523041013672024
-0.06650943396226416    1.3673846837834032
-0.06556603773584907    1.3124819384239965
-0.06462264150943398    1.3692697565854481
-0.06367924528301888    1.340051128153908
-0.06273584905660379    1.3386373235522167
-0.06179245283018869    1.3692697565856096
-0.0608490566037736    1.3683272201844259
-0.059905660377358505    1.3737468044904668
-0.05896226415094341    1.3523041013670432
-0.05801886792452832    1.4133333333334168
-0.05707547169811322    1.366206513282125
-0.05613207547169813    1.3643214404802406
-0.055188679245283034    1.3824652661997634
-0.05424528301886794    1.3393442258531412
-0.053301886792452846    1.3671490496831475
-0.05235849056603775    1.3855285095032495
-0.05141509433962266    1.404850505724048
-0.050471698113207564    1.3789307546960912
-0.04952830188679247    1.404850505724048
-0.048584905660377375    1.3605512948761502
-0.04764150943396228    1.393304434811522
-0.04669811320754719    1.4220517950428762
-0.04575471698113209    1.361258197176757
-0.044811320754717    1.384585973102227
-0.043867924528301905    1.3869423141046202
-0.04292452830188681    1.4229943314438986
-0.04198113207547172    1.380108925197207
-0.04103773584905662    1.4140402356341837
-0.04009433962264153    1.3975458486161234
-0.039150943396226434    1.410505724130349
-0.03820754716981134    1.414275869734273
-0.037264150943396246    1.3768100477937903
-0.03632075471698115    1.4147471379347842
-0.03537735849056606    1.41262643103265
-0.034433962264150964    1.4020228965209804
-0.033490566037735814    1.394718239413056
-0.03254716981132072    1.4133333333334168
-0.031603773584905626    1.4222874291429644
-0.03066037735849053    1.4064999444260027
-0.029716981132075437    1.3892986551071766
-0.028773584905660343    1.381758363899159
-0.02783018867924525    1.455276203178752
-0.026886792452830155    1.398959653217822
-0.02594339622641506    1.4213448927419419
-0.024999999999999967    1.4218161609426205
-0.024056603773584873    1.4343047682560013
-0.02311320754716978    1.3775169500945572
-0.022169811320754684    1.427471379348588
-0.02122641509433959    1.4300633544515684
-0.020283018867924496    1.424408136045265
-0.019339622641509402    1.422758697343643
-0.018396226415094308    1.4222874291429644
-0.017452830188679214    1.4270001111482447
-0.01650943396226412    1.4305346226519113
-0.015566037735849025    1.3678559519840754
-0.014622641509433931    1.4267644770478212
-0.013679245283018837    1.3999021896188444
-0.012735849056603743    1.4592819828830979
-0.011792452830188649    1.421344892742109
-0.010849056603773555    1.4284139157496107
-0.00990566037735846    1.4133333333334168
-0.008962264150943366    1.4199310881404081
-0.008018867924528272    1.4006090919196115
-0.007075471698113178    1.4442014004667376
-0.006132075471698084    1.4401956207625615
-0.00518867924528299    1.4300633544513999
-0.004245283018867896    1.4317127931533578
-0.0033018867924528017    1.4300633544513999
-0.0023584905660377076    1.428178281649523
-0.0014150943396226134    1.4335978659552344
-0.0004716981132075193    1.4354829387574484
0.0004716981132075748    1.4156896743358067
0.0014150943396227245    1.459753251083609
0.002358490566037763    1.4314771590532707
0.0033018867924528017    1.4088562854283935
0.004245283018867951    1.4074424808268597
0.005188679245283101    1.4163965766365736
0.00613207547169814    1.4475002778706572
0.007075471698113178    1.4413737912636702
0.008018867924528328    1.4156896743358067
0.008962264150943478    1.4032010670222586
0.009905660377358516    1.448207180171424
0.010849056603773555    1.4354829387572796
0.011792452830188704    1.4253506724462874
0.012735849056603854    1.4043792375235367
0.013679245283018893    1.4175747471381854
0.014622641509433931    1.4524485939756846
0.015566037735849081    1.418046015338363
0.01650943396226423    1.4229943314437312
0.01745283018867927    1.4550405690788388
0.018396226415094308    1.4013159942202134
0.019339622641509457    1.4248794042457762
0.020283018867924607    1.4081493831276266
0.021226415094339646    1.422287429143299
0.022169811320754684    1.4416094253639258
0.023113207547169834    1.3951895076135672
0.024056603773584984    1.423701233744498
0.025000000000000022    1.443965766366822
0.02594339622641506    1.4265288429475655
0.02688679245283021    1.4354829387572796
0.02783018867924536    1.429356452150633
0.0287735849056604    1.385999777703924
0.029716981132075437    1.4088562854283935
0.030660377358490587    1.4531554962764515
0.03160377358490574    1.3900055574079433
0.032547169811320775    1.3933044348118502
0.033490566037735814    1.4107413582304387
0.034433962264150964    1.4159253084360623
0.03537735849056611    1.4100344559296718
0.03632075471698115    1.4130976992333273
0.03726415094339619    1.4043792375235367
0.03820754716981134    1.398488385017146
0.03915094339622649    1.4145115038345286
0.04009433962264153    1.4081493831279581
0.04103773584905657    1.4340691341557457
0.04198113207547172    1.4130976992329949
0.042924528301886866    1.4352473046570238
0.043867924528301905    1.3850572413029012
0.04481132075471694    1.4020228965209804
0.04575471698113209    1.406735578526093
0.04669811320754724    1.4027297988217473
0.04764150943396228    1.4050861398246344
0.04858490566037732    1.394718239413056
0.04952830188679247    1.4130976992329949
0.05047169811320762    1.4062643103255816
0.05141509433962266    1.3817583638993218
0.052358490566037696    1.3779882182949066
0.053301886792452846    1.3508902967655092
0.054245283018867996    1.3937757030120335
0.055188679245283034    1.3812870956988104
0.05613207547169807    1.3812870956984853
0.05707547169811322    1.393304434811522
0.05801886792452837    1.378930754695929
0.05896226415094341    1.3730399021898614
0.05990566037735845    1.3607869289762458
0.0608490566037736    1.3671490496831475
0.06179245283018875    1.3711548293874933
0.06273584905660379    1.3433500055576455
0.06367924528301883    1.3636145381793132
0.06462264150943398    1.380815827497974
0.06556603773584913    1.3558386128708775
0.06650943396226416    1.3720973657888387
0.0674528301886792    1.3431143714570737
0.06839622641509435    1.3426431032565624
0.0693396226415095    1.323321107035601
0.07028301886792454    1.3282694231412817
0.07122641509433958    1.3409936645547729
0.07216981132075473    1.3325108369455705
0.07311320754716988    1.3360453484494048
0.07405660377358492    1.322849838835401
0.07499999999999996    1.328269423140969
0.0759433962264151    1.3424074691563068
0.07688679245283025    1.3480626875624417
0.0778301886792453    1.3301544959433274
0.07877358490566033    1.3117750361230753
0.07971698113207548    1.3362809825496604
0.08066037735849063    1.2872690896964902
0.08160377358490567    1.3360453484497194
0.08254716981132071    1.3341602756473598
0.08349056603773586    1.3108324997220528
0.08443396226415101    1.3096543292207745
0.08537735849056605    1.296930087807276
0.08632075471698109    1.2813782371900992
0.08726415094339623    1.3009358675113165
0.08820754716981138    1.3146026453261428
0.08915094339622642    1.3091830610205715
0.09009433962264146    1.2929243081026252
0.09103773584905661    1.2908036012003246
0.09198113207547176    1.277843725686265
0.0929245283018868    1.3216716683341225
0.09386792452830184    1.2653551183727167
0.09481132075471699    1.2726597754806412
0.09575471698113214    1.2971657219072263
0.09669811320754718    1.267947093475827
0.09764150943396221    1.249331999555334
0.09858490566037736    1.2396710014448533
0.09952830188679251    1.2410848060463873
0.10047169811320755    1.2556941202625316
0.10141509433962259    1.2587573635655593
0.10235849056603774    1.2566366566632585
0.10330188679245289    1.2653551183727167
0.10424528301886793    1.2326019784374747
0.10518867924528297    1.2655907524729724
0.10613207547169812    1.2472112926530334
0.10707547169811327    1.2349583194397409
0.1080188679245283    1.2243547849285257
0.10896226415094334    1.2224697121261927
0.1099056603773585    1.220349005223892
0.11084905660377364    1.220349005223892
0.11179245283018868    1.2290674669336394
0.11273584905660372    1.1981993997998632
0.11367924528301887    1.2549872179614692
0.11462264150943402    1.2307169056351397
0.11556603773584906    1.2203490052241792
0.1165094339622641    1.2151650550182682
0.11745283018867925    1.200084472601908
0.1183962264150944    1.181705012781969
0.11933962264150944    1.1951361564968213
0.12028301886792447    1.2092742025118777
0.12122641509433962    1.188774035789638
0.12216981132075477    1.1885384016893823
0.12311320754716981    1.1918372790932417
0.12405660377358485    1.1923085472934722
0.125    1.2062109592085544
0.12594339622641515    1.1732221851727667
0.1268867924528302    1.205739691008327
0.12783018867924523    1.1859464265865705
0.12877358490566038    1.2238835167277262
0.12971698113207553    1.1793486717794128
0.13066037735849056    1.1576703345561676
0.1316037735849056    1.1687451372679096
0.13254716981132075    1.1534289207512938
0.1334905660377359    1.177463598977368
0.13443396226415094    1.1819406468825029
0.13537735849056598    1.155313993553339
0.13632075471698113    1.1423541180392796
0.13726415094339628    1.1680382349671428
0.13820754716981132    1.167095698566395
0.13915094339622636    1.1435322885405577
0.1400943396226415    1.1875958652883598
0.14103773584905666    1.1341069245303326
0.1419811320754717    1.1154918306104005
0.14292452830188673    1.135049460931355
0.14386792452830188    1.1409403134377458
0.14481132075471703    1.128687340224453
0.14575471698113207    1.1216183172170484
0.1466981132075471    1.1539001889518052
0.14764150943396226    1.107244637101191
0.1485849056603774    1.1084228076024691
0.14952830188679245    1.1171412693121905
0.15047169811320749    1.1239746582193406
0.15141509433962264    1.1133711237078374
0.15235849056603779    1.115491830610138
0.15330188679245282    1.1060664666001732
0.15424528301886786    1.0749627653661702
0.155188679245283    1.0869801044792071
0.15613207547169816    1.102296320995823
0.1570754716981132    1.126330999222162
0.15801886792452824    1.0822674224740947
0.1589622641509434    1.0919284205845754
0.15990566037735854    1.107951539401958
0.16084905660377358    1.0956985661889231
0.16179245283018862    1.0641235967544114
0.16273584905660377    1.0431521618316606
0.16367924528301891    1.0525775258418857
0.16462264150943395    1.0504568189398322
0.165566037735849    1.0344337001222024
0.16650943396226414    1.0627097921528776
0.1674528301886793    1.051634989440863
0.16839622641509433    1.030663554518355
0.16933962264150937    1.030192286317601
0.17028301886792452    1.0323129932199018
0.17122641509433967    1.0469223074357508
0.1721698113207547    1.0707213515618208
0.17311320754716975    1.0490430143380511
0.1740566037735849    1.016996776703286
0.17500000000000004    1.0382038457262923
0.17594339622641508    1.0450372346339514
0.17688679245283012    1.0184105813048199
0.17783018867924527    1.0341980660219467
0.17877358490566042    1.046686673335495
0.17971698113207546    1.017232410803781
0.1806603773584905    1.0285428476158116
0.18160377358490565    1.0172324108035415
0.1825471698113208    1.0243014338112104
0.18349056603773584    0.9924908302769343
0.18443396226415087    1.0238301656106992
0.18537735849056602    0.975996443258807
0.18632075471698117    1.0033299988884596
0.1872641509433962    0.9967322440815366
0.18820754716981125    0.9889563187728664
0.1891509433962264    0.9816516616649419
0.19009433962264155    0.9844792708680093
0.1910377358490566    1.0047438034902298
0.19198113207547163    0.9807091252639193
0.19292452830188678    0.9910770256751669
0.19386792452830193    0.9906057574746558
0.19481132075471697    0.9776458819608265
0.195754716981132    0.997439146382069
0.19669811320754715    0.9818872957651975
0.1976415094339623    0.9477203512281317
0.19858490566037734    0.9870712459710537
0.19952830188679238    0.9660998110480704
0.20047169811320753    0.9331110370122828
0.20141509433962268    0.9712837612536943
0.20235849056603772    0.9510192286319342
0.20330188679245276    0.9597376903411685
0.2042452830188679    0.9352317439145833
0.20518867924528306    0.9425364010225078
0.2061320754716981    0.9288696232079001
0.20707547169811313    0.9281627209069145
0.20801886792452828    0.9357030121150947
0.20896226415094343    0.9420651328219966
0.20990566037735858    0.9394731577191847
0.21084905660377362    0.9291052573081557
0.21179245283018866    0.921564966099757
0.2127358490566038    0.9074269200844194
0.21367924528301896    0.9479559853283873
0.214622641509434    0.9300477937091784
0.21556603773584904    0.9156741135933663
0.2165094339622642    0.9107257974879982
0.21745283018867934    0.9314615983104934
0.21839622641509437    0.8972946537736386
0.2193396226415094    0.8996509947759838
0.22028301886792456    0.9048349449816075
0.2212264150943397    0.9086050905856975
0.22216981132075475    0.9013004334779853
0.2231132075471698    0.903892408580585
0.22405660377358494    0.8850416805601349
0.2250000000000001    0.8958808491718937
0.22594339622641513    0.874673780149093
0.22688679245283017    0.8883405579637136
0.22783018867924532    0.8824497054573229
0.22877358490566047    0.8709036345447972
0.2297169811320755    0.868076025341934
0.23066037735849054    0.8678403912414742
0.2316037735849057    0.8690185617427523
0.23254716981132084    0.8699610981437746
0.23349056603773588    0.8727887073470476
0.23443396226415092    0.8560586862286927
0.23537735849056607    0.8699610981437746
0.23632075471698122    0.8468689563187233
0.23726415094339626    0.8499321996222464
0.2382075471698113    0.8579437590307377
0.23915094339622645    0.8376792264087539
0.2400943396226416    0.8544092475269033
0.24103773584905663    0.8506391019230135
0.24198113207547167    0.8296676670000624
0.24292452830188682    0.8504034678225576
0.24386792452830197    0.8065755251750111
0.244811320754717    0.8101100366790361
0.24575471698113205    0.8365010559074757
0.2466981132075472    0.8221273757918824
0.24764150943396235    0.8221273757918824
0.2485849056603774    0.8336734467046043
0.24952830188679243    0.8282538623985287
0.2504716981132076    0.8473402245192345
0.2514150943396227    0.8289607646992957
0.25235849056603776    0.8388573969102294
0.2533018867924528    0.8357941536067088
0.25424528301886795    0.8233055462931607
0.2551886792452831    0.8416850061130995
0.25613207547169814    0.7881960653552577
0.2570754716981132    0.8322596421028744
0.25801886792452833    0.8454551517171895
0.2589622641509435    0.7976214293652972
0.2599056603773585    0.8334378126043487
0.26084905660377355    0.7815983105479146
0.2617924528301887    0.783247749249704
0.26273584905660385    0.8164721573857474
0.2636792452830189    0.8169434255864509
0.26462264150943393    0.7926731132599291
0.2655660377358491    0.7874891630543053
0.26650943396226423    0.7823052128486815
0.26745283018867927    0.7950294542626725
0.2683962264150943    0.7804201400466365
0.26933962264150946    0.8063398910747555
0.2702830188679246    0.7863109925530272
0.27122641509433965    0.8013915749695759
0.2721698113207547    0.7750005557407571
0.27311320754716983    0.771230410136667
0.274056603773585    0.7613337779259307
0.275    0.7573279982217633
0.27594339622641506    0.7382416361008792
0.2768867924528302    0.7780637990440802
0.27783018867924536    0.7512015116149388
0.2787735849056604    0.767931532733269
0.27971698113207544    0.7691097032343663
0.2806603773584906    0.7450750250082925
0.28160377358490574    0.7577992664220963
0.2825471698113208    0.7205690785818768
0.2834905660377358    0.7580349005223519
0.28443396226415096    0.7528509503167281
0.2853773584905661    0.7512015116149388
0.28632075471698115    0.7462531955097462
0.2872641509433962    0.7349427586973005
0.28820754716981134    0.7509658775146831
0.2891509433962265    0.7608625097254195
0.29009433962264153    0.7295231743915928
0.29103773584905657    0.728345003890143
0.2919811320754717    0.7330576858952554
0.29292452830188687    0.7401267089029243
0.2938679245283019    0.7245748582862234
0.29481132075471694    0.7198621762809403
0.2957547169811321    0.7243392241857973
0.29669811320754724    0.7653395576302764
0.2976415094339623    0.6967700344560529
0.2985849056603773    0.7217472490829854
0.29952830188679247    0.7384772702011348
0.3004716981132076    0.7290519061909098
0.30141509433962266    0.7127931532734393
0.3023584905660377    0.7003045459597232
0.30330188679245285    0.705488496165347
0.304245283018868    0.686637768144897
0.30518867924528303    0.6970056685563086
0.3061320754716981    0.6955918639546108
0.3070754716981132    0.7026608869622796
0.3080188679245284    0.7033677892630466
0.3089622641509434    0.7014827164611666
0.30990566037735845    0.6937067911525657
0.3108490566037736    0.6908791819494983
0.31179245283018875    0.6859308658441301
0.3127358490566038    0.6682583083251153
0.3136792452830188    0.6647237968211237
0.314622641509434    0.6927642547515432
0.3155660377358491    0.6743847949316043
0.31650943396226416    0.6840457930422461
0.3174528301886792    0.6741491608313487
0.31839622641509435    0.6710859175280256
0.3193396226415095    0.6659019673224018
0.32028301886792454    0.6739135267312517
0.3212264150943396    0.656947871512688
0.32216981132075473    0.6699077470267475
0.3231132075471699    0.676505501833905
0.3240566037735849    0.6958274980550302
0.32499999999999996    0.6557697010114099
0.3259433962264151    0.6644881627208681
0.32688679245283025    0.6576547738134548
0.3278301886792453    0.6463443370013369
0.32877358490566033    0.6395109480937716
0.3297169811320755    0.6442236300988841
0.33066037735849063    0.6432810936978616
0.33160377358490567    0.6487006780038937
0.3325471698113207    0.6684939424252136
0.33349056603773586    0.6357408024896816
0.334433962264151    0.6347982660886591
0.33537735849056605    0.627729243081138
0.3363207547169811    0.5954473713459694
0.33726415094339623    0.6244303656774114
0.3382075471698114    0.6300855840835464
0.3391509433962264    0.6418672890964789
0.34009433962264146    0.6454018006001623
0.3410377358490566    0.643045459597606
0.34198113207547176    0.6102923196620738
0.3429245283018868    0.6152406357675867
0.34386792452830184    0.6065221740579838
0.344811320754717    0.6093497832610513
0.34575471698113214    0.6034589307546606
0.3466981132075472    0.603223296654547
0.3476415094339622    0.6131199288651413
0.34858490566037736    0.6003956874513375
0.3495283018867925    0.5933266644436687
0.35047169811320755    0.6036945648550583
0.3514150943396226    0.6201889518728102
0.35235849056603774    0.5982749805490368
0.3533018867924529    0.6077003445592619
0.35424528301886793    0.582487495832047
0.35518867924528297    0.5923841280426462
0.3561320754716981    0.5765966433255191
0.35707547169811327    0.5751828387239853
0.3580188679245283    0.6013382238525016
0.35896226415094334    0.5690563521173391
0.3599056603773585    0.5839013004334436
0.36084905660377364    0.593091030343413
0.3617924528301887    0.5723552295210526
0.3627358490566037    0.5765966433255191
0.36367924528301887    0.5803667889296091
0.364622641509434    0.5881427142380449
0.36556603773584906    0.563165499611081
0.3665094339622641    0.5749472046237297
0.36745283018867925    0.5732977659219404
0.3683962264150944    0.575418472824241
0.36933962264150944    0.5617516950095469
0.3702830188679245    0.5659931088140159
0.3712264150943396    0.5471423807935658
0.3721698113207548    0.5565677448037909
0.3731132075471698    0.5506768922975298
0.37405660377358485    0.5568033789040465
0.375    0.5659931088140159
0.37594339622641515    0.5285272868733712
0.3768867924528302    0.557981549405456
0.3778301886792452    0.5537401356007233
0.3787735849056604    0.533711237078995
0.3797169811320755    0.5127398021562443
0.38066037735849056    0.564579304212615
0.3816037735849056    0.5374813826830851
0.38254716981132075    0.5398377236856413
0.3834905660377359    0.5363032121818069
0.38443396226415094    0.5421940646883253
0.385377358490566    0.5294698232743937
0.38632075471698113    0.5379526508835963
0.3872641509433963    0.5424296987884533
0.3882075471698113    0.5193375569635241
0.38915094339622636    0.5384239190841076
0.3900943396226415    0.5379526508835963
0.39103773584905666    0.5327687006779726
0.3919811320754717    0.5148605090586661
0.39292452830188673    0.5271134822718374
0.3938679245283019    0.5330043347782282
0.39481132075471703    0.5191019228631462
0.39575471698113207    0.5384239190842343
0.3966981132075471    0.5059064132488311
0.39764150943396226    0.5360675780815513
0.3985849056603774    0.49671668333886165
0.39952830188679245    0.5094409247527854
0.4004716981132075    0.5061420473490866
0.40141509433962264    0.5073202178503649
0.4023584905660378    0.5092052906524099
0.4033018867924528    0.5021362676448592
0.40424528301886786    0.5297054573746494
0.405188679245283    0.5061420473490866
0.40613207547169816    0.4988373902411623
0.4070754716981132    0.501664999444348
0.40801886792452824    0.5033144381460192
0.4089622641509434    0.482578637323524
0.40990566037735854    0.5282916527731156
0.4108490566037736    0.5066133155497172
0.4117924528301886    0.5002511948426961
0.41273584905660377    0.49718795153937284
0.4136792452830189    0.5035500722462748
0.41462264150943395    0.4915327331333535
0.415566037735849    0.4882338557296591
0.41650943396226414    0.49082583083247094
0.4174528301886793    0.49082583083247094
0.41839622641509433    0.4846993442259388
0.41933962264150937    0.47998666222071207
0.4202830188679245    0.482578637323524
0.42122641509433967    0.5016649994442298
0.4221698113207547    0.4790441258198024
0.42311320754716975    0.5061420473490866
0.4240566037735849    0.45736578859617194
0.42500000000000004    0.46749805490716384
0.4259433962264151    0.48894075803054105
0.4268867924528301    0.4934178059352829
0.42783018867924527    0.4821073691230128
0.4287735849056604    0.46985439590972017
0.42971698113207546    0.46726242080701824
0.4306603773584905    0.4755096143158552
0.43160377358490565    0.48140046682224585
0.4325471698113208    0.4748027120150883
0.43349056603773584    0.46396354340343865
0.4344339622641509    0.48564188062684716
0.435377358490566    0.46278537290205135
0.4363207547169812    0.45430254529284875
0.4372641509433962    0.4594864954985807
0.43820754716981125    0.47409580971432147
0.4391509433962264    0.4594864954984726
0.44009433962264155    0.47032566411023147
0.4410377358490566    0.4460553517840068
0.4419811320754716    0.4757452484161109
0.4429245283018868    0.4564232521951494
0.4438679245283019    0.46254973880179573
0.44481132075471697    0.44723352228528523
0.445754716981132    0.45477381349336005
0.44669811320754715    0.4634922752028182
0.4476415094339623    0.4462909858841575
0.44858490566037745    0.44958986328773626
0.4495283018867925    0.45336000889193295
0.45047169811320753    0.45171057019003685
0.4514150943396227    0.4286184283649855
0.45235849056603783    0.42979659886626354
0.45330188679245287    0.4451128153829841
0.4542452830188679    0.4458197176836462
0.45518867924528306    0.4375725241746992
0.4561320754716982    0.41801489385348223
0.45707547169811324    0.4302678670668761
0.4580188679245283    0.4432277425808343
0.45896226415094343    0.42932533066575235
0.4599056603773586    0.4460553517839018
0.4608490566037736    0.434038012670967
0.46179245283018866    0.4406357674780224
0.4627358490566038    0.4300322329665192
0.46367924528301896    0.42154940535731666
0.464622641509434    0.4319173057686659
0.46556603773584904    0.4248482827608954
0.4665094339622642    0.4274402578637073
0.46745283018867934    0.43662998777367673
0.4683962264150944    0.4239057463599727
0.4693396226415094    0.4227275758585948
0.47028301886792456    0.41919306435476034
0.4712264150943397    0.43945759697674425
0.47216981132075475    0.4012848727354271
0.4731132075471698    0.42932533066575235
0.47405660377358494    0.4071757252417234
0.4750000000000001    0.43168167166830856
0.4759433962264151    0.4085895298433533
0.47688679245283017    0.41400911414913655
0.4778301886792453    0.41165277314658033
0.47877358490566047    0.4137734800488809
0.4797169811320755    0.40953206624437605
0.48066037735849054    0.41306657774811406
0.4816037735849057    0.40481938423916713
0.48254716981132084    0.41448038234964785
0.4834905660377359    0.4100033344448874
0.4844339622641509    0.3993997999332877
0.48537735849056607    0.4010492386350771
0.4863207547169812    0.40434811603865584
0.48726415094339626    0.3970434589308249
0.4882075471698113    0.39657219073022015
0.48915094339622645    0.4187217961542491
0.4900943396226416    0.3946871179281752
0.49103773584905663    0.39374458152724534
0.49198113207547167    0.4029343114371221
0.4929245283018868    0.3883249972212732
0.49386792452830197    0.375836389907725
0.494811320754717    0.3979859953318476
0.49575471698113205    0.40081360453482145
0.4966981132075472    0.3883249972212732
0.49764150943396235    0.4019917750360996
0.4985849056603774    0.4012848727354271
0.4995283018867924    0.38290541291539376
0.5004716981132076    0.391623874624852
0.5014150943396227    0.3784283650105369
0.5023584905660378    0.40929643214412037
0.5033018867924528    0.3741869512059356
0.504245283018868    0.37748582860951435
0.5051886792452831    0.3836123152161607
0.5061320754716981    0.3760720240080691
0.5070754716981132    0.3817272424141157
0.5080188679245283    0.35627875958650795
0.5089622641509435    0.3765432922084919
0.5099056603773585    0.39657219073031347
0.5108490566037736    0.36476158719571056
0.5117924528301887    0.38549738801820566
0.5127358490566039    0.3734800489051687
0.5136792452830189    0.38007780371241573
0.5146226415094339    0.3654684894964774
0.5155660377358491    0.3645259530954549
0.5165094339622642    0.35769256418804174
0.5174528301886793    0.37206624430372254
0.5183962264150943    0.3713593420028681
0.5193396226415095    0.3715949761031237
0.5202830188679246    0.372066244303635
0.5212264150943396    0.37583638990781343
0.5221698113207547    0.3588707346893199
0.5231132075471698    0.3501522729798616
0.524056603773585    0.35203734578190665
0.525    0.3671179281983532
0.5259433962264151    0.3515660775813954
0.5268867924528302    0.3609914415916205
0.5278301886792454    0.35981327109034233
0.5287735849056604    0.35651439368684745
0.5297169811320754    0.35345115038344044
0.5306603773584906    0.33884183616759156
0.5316037735849057    0.3435545181727041
0.5325471698113208    0.35887073468940434
0.5334905660377358    0.3298877403578777
0.534433962264151    0.3506235411803729
0.5353773584905661    0.32823830165608836
0.5363207547169812    0.33130154495948944
0.5372641509433962    0.35462932088471855
0.5382075471698113    0.33365788596196777
0.5391509433962265    0.33931310436810286
0.5400943396226415    0.3407269089697168
0.5410377358490566    0.33742803156605783
0.5419811320754717    0.3249394242525096
0.5429245283018869    0.33695676336554653
0.5438679245283019    0.32658886295437584
0.5448113207547169    0.337899299766569
0.5457547169811321    0.33624986106477966
0.5466981132075472    0.33012337445813333
0.5476415094339623    0.33318661776153496
0.5485849056603773    0.3298877403578777
0.5495283018867925    0.3162209625430514
0.5504716981132076    0.3235256196509758
0.5514150943396227    0.32093364454823947
0.5523584905660377    0.33978437256861405
0.5533018867924528    0.32376125375123144
0.554245283018868    0.3287095698565996
0.555188679245283    0.3216405468490065
0.5561320754716981    0.3086806713348713
0.5570754716981132    0.3148071579415176
0.5580188679245284    0.3042036234300144
0.5589622641509434    0.314571523841336
0.5599056603773584    0.3166922307435626
0.5608490566037736    0.3150427920417732
0.5617924528301887    0.29666333222183433
0.5627358490566038    0.3018472824275292
0.5636792452830188    0.3058530621318038
0.564622641509434    0.32211181504944203
0.5655660377358491    0.302554184728225
0.5665094339622642    0.3020829165277849
0.5674528301886792    0.31197954873845013
0.5683962264150944    0.3077381349338488
0.5693396226415095    0.31857730354560765
0.5702830188679245    0.2964276981216485
0.5712264150943396    0.2870023341113536
0.5721698113207547    0.30538179393129256
0.5731132075471699    0.30915193953538256
0.5740566037735849    0.299019673224461
0.575    0.3075025008335932
0.5759433962264151    0.29360008891851114
0.5768867924528303    0.2787551406024067
0.5778301886792453    0.28346782260758596
0.5787735849056603    0.29831277092362374
0.5797169811320755    0.29006557741467676
0.5806603773584906    0.2832321885072636
0.5816037735849057    0.2858241636101428
0.5825471698113207    0.2926575525174887
0.5834905660377359    0.28346782260751924
0.584433962264151    0.29572079582081184
0.585377358490566    0.28299655440707455
0.5863207547169811    0.27545626319882793
0.5872641509433962    0.2891230410136543
0.5882075471698114    0.27239301989550474
0.5891509433962264    0.28464599310886435
0.5900943396226415    0.2749849949983167
0.5910377358490566    0.27309992219627166
0.5919811320754718    0.28087584750470734
0.5929245283018868    0.2787551406024723
0.5938679245283018    0.2801689452039405
0.594811320754717    0.29336445481825557
0.5957547169811321    0.26720906968988095
0.5966981132075472    0.2629676558853416
0.5976415094339622    0.27663443370010604
0.5985849056603774    0.27851950650215107
0.5995283018867925    0.2632032899855353
0.6004716981132076    0.27946204290323934
0.6014150943396226    0.2761631654995948
0.6023584905660377    0.26202511948425716
0.6033018867924529    0.27427809269754977
0.6042452830188679    0.2632032899855973
0.605188679245283    0.2763987995998504
0.6061320754716981    0.2535422918750546
0.6070754716981133    0.26367455818604657
0.6080188679245283    0.25990441258201774
0.6089622641509433    0.28605979771033113
0.6099056603773585    0.25401356007556586
0.6108490566037736    0.2518928531732652
0.6117924528301887    0.2570768033789495
0.6127358490566037    0.2556629987773552
0.6136792452830189    0.24576636656661893
0.614622641509434    0.2518928531732652
0.6155660377358491    0.26178948538406316
0.6165094339622641    0.2516572190730096
0.6174528301886792    0.2568411692786334
0.6183962264150944    0.25212848727352083
0.6193396226415094    0.24765143936872225
0.6202830188679245    0.24953651217070894
0.6212264150943396    0.24341002556406263
0.6221698113207548    0.25118595087249834
0.6231132075471698    0.22220295654110853
0.6240566037735849    0.2379904412581832
0.625    0.24694453706789704
0.6259433962264151    0.2622607535845128
0.6268867924528302    0.22715127264647783
0.6278301886792452    0.23728353895741633
0.6287735849056604    0.22997888184949192
0.6297169811320755    0.22243859064131186
0.6306603773584906    0.23516283205517105
0.6316037735849056    0.23186395465153692
0.6325471698113208    0.2377548071579276
0.6334905660377359    0.24176058686227325
0.6344339622641509    0.2250305657441767
0.635377358490566    0.22408802934310124
0.6363207547169811    0.21607646993440993
0.6372641509433963    0.21866844503722183
0.6382075471698113    0.22997888184954604
0.6391509433962264    0.22149605424028934
0.6400943396226415    0.23139268645102568
0.6410377358490567    0.22597310214514624
0.6419811320754717    0.2238523952428983
0.6429245283018867    0.22267422474156748
0.6438679245283019    0.20947871512725236
0.644811320754717    0.20900744692674111
0.6457547169811321    0.21230632433036986
0.6466981132075471    0.2167833722351768
0.6476415094339623    0.22762254084693562
0.6485849056603774    0.2156052017338987
0.6495283018867924    0.22220295654110853
0.6504716981132075    0.2087718128264855
0.6514150943396226    0.211599422029553
0.6523584905660378    0.22008224963875556
0.6533018867924528    0.20877181282653462
0.6542452830188679    0.21489829943313177
0.655188679245283    0.20500166722239546
0.6561320754716982    0.2229098588418231
0.6570754716981132    0.20076025341784143
0.6580188679245282    0.21018561742801925
0.6589622641509434    0.2035878626208617
0.6599056603773585    0.21584083583415428
0.6608490566037736    0.2115994220296028
0.6617924528301886    0.1974613760142154
0.6627358490566038    0.19227742580859158
0.6636792452830189    0.19722574191395975
0.664622641509434    0.20947871512730168
0.665566037735849    0.20971434922750798
0.6665094339622641    0.2035878626208617
0.6674528301886793    0.17955318439478773
0.6683962264150943    0.1887429143048016
0.6693396226415094    0.1870934756029678
0.6702830188679245    0.1967544737134485
0.6712264150943397    0.19086362120705785
0.6721698113207547    0.18332332999892093
0.6731132075471697    0.18662220740245655
0.6740566037735849    0.1835589640991334
0.675    0.17696120929197584
0.6759433962264151    0.17813937979329592
0.6768867924528301    0.17177725908635205
0.6778301886792453    0.17601867289095333
0.6787735849056604    0.17083472268532954
0.6797169811320755    0.1757830387907391
0.6806603773584905    0.18897854840501283
0.6816037735849056    0.18497276870066717
0.6825471698113208    0.18520840280092277
0.6834905660377358    0.18426586639994366
0.6844339622641509    0.16353006557740513
0.685377358490566    0.16612204068021702
0.6863207547169812    0.17813937979325398
0.6872641509433962    0.17719684339227318
0.6882075471698113    0.16588640657996137
0.6891509433962264    0.16400133377791637
0.6900943396226416    0.1583461153717813
0.6910377358490567    0.1689496498832845
0.6919811320754717    0.16376569967769927
0.6929245283018868    0.16140935867510445
0.6938679245283019    0.15975991997331507
0.6948113207547171    0.15174836056462376
0.6957547169811321    0.16164499277539815
0.6966981132075472    0.15669667666999193
0.6976415094339623    0.15363343336666876
0.6985849056603775    0.15716794487050317
0.6995283018867925    0.14962765366235833
0.7004716981132075    0.14844948316104498
0.7014150943396227    0.16918528398354016
0.7023584905660378    0.13219073024340675
0.7033018867924529    0.15834611537181859
0.7042452830188679    0.1460931421584887
0.7051886792452831    0.15316216516615752
0.7061320754716982    0.15080582416360125
0.7070754716981132    0.14962765366235833
0.7080188679245283    0.14208736245414305
0.7089622641509434    0.14043792375235367
0.7099056603773586    0.1512770923641125
0.7108490566037736    0.13548960764701737
0.7117924528301887    0.1328976325441736
0.7127358490566038    0.13784594864954178
0.713679245283019    0.13831721685005302
0.714622641509434    0.1378459486495742
0.715566037735849    0.12794931643880544
0.7165094339622642    0.1293631210403392
0.7174528301886793    0.1284205846393167
0.7183962264150944    0.12323663443372192
0.7193396226415094    0.12512170723573793
0.7202830188679246    0.12606424363676041
0.7212264150943397    0.12959875514059482
0.7221698113207548    0.11616761142605143
0.7231132075471698    0.12488607313548228
0.7240566037735849    0.1258286095365048
0.7250000000000001    0.12088029343113663
0.7259433962264151    0.11616761142605143
0.7268867924528302    0.11475380682449032
0.7278301886792453    0.11875958652883599
0.7287735849056605    0.11098366122040029
0.7297169811320755    0.11428253862400597
0.7306603773584905    0.11192619762142281
0.7316037735849057    0.1161676114260241
0.7325471698113208    0.10697788151605464
0.7334905660377359    0.10933422251863663
0.7344339622641509    0.09802378570634082
0.7353773584905661    0.0996732244081302
0.7363207547169812    0.1006157608091527
0.7372641509433963    0.10556407691454572
0.7382075471698113    0.10038012670889708
0.7391509433962264    0.09825941980659644
0.7400943396226416    0.10344337001222023
0.7410377358490566    0.10038012670892071
0.7419811320754717    0.09519617650327329
0.7429245283018868    0.11027675891963341
0.743867924528302    0.08765588529509323
0.744811320754717    0.08671334889409113
0.745754716981132    0.09213293319995014
0.7466981132075472    0.0838857396910032
0.7476415094339623    0.08624208069355946
0.7485849056603774    0.08270756918974453
0.7495283018867924    0.09142603089918326
0.7504716981132076    0.08694898299432635
0.7514150943396227    0.08765588529509323
0.7523584905660378    0.08152939868846612
0.7533018867924528    0.08200066688895818
0.754245283018868    0.08317883739023631
0.7551886792452831    0.08247193508946943
0.7561320754716981    0.07446037568079564
0.7570754716981132    0.07940869178614628
0.7580188679245283    0.07705235078359002
0.7589622641509435    0.0761098143825675
0.7599056603773585    0.07987995998667634
0.7608490566037736    0.07893742358563502
0.7617924528301887    0.07893742358563502
0.7627358490566039    0.0690407913748987
0.7636792452830189    0.07139713237747176
0.7646226415094339    0.07210403467822185
0.7655660377358491    0.06927642547515432
0.7665094339622642    0.06479937757029741
0.7674528301886793    0.06621318217184675
0.7683962264150943    0.0699833277759212
0.7693396226415095    0.06409247526953053
0.7702830188679246    0.06409247526953053
0.7712264150943396    0.06197176836724448
0.7721698113207547    0.05443147715904983
0.7731132075471698    0.05890852506390674
0.774056603773585    0.05678781816160609
0.775    0.05278203845727286
0.7759433962264151    0.0506613315549598
0.7768867924528302    0.04924752695342603
0.7778301886792454    0.055609647660327964
0.7787735849056604    0.05066133155497172
0.7797169811320754    0.05019006335444854
0.7806603773584906    0.04712682005112539
0.7816037735849057    0.04924752695342603
0.7825471698113208    0.04005779704346601
0.7834905660377358    0.04524174724908037
0.784433962264151    0.04429921084805787
0.7853773584905661    0.043827942647546615
0.7863207547169812    0.045241747249091024
0.7872641509433962    0.040529065243967835
0.7882075471698113    0.03887962654217845
0.7891509433962265    0.03628765143936655
0.7900943396226415    0.03723018784039782
0.7910377358490566    0.03817272424141157
0.7919811320754717    0.03864399244192282
0.7929245283018869    0.03817272424141157
0.7938679245283019    0.03204623763477281
0.7948113207547169    0.031574969434254016
0.7957547169811321    0.03534511503834405
0.7966981132075472    0.03628765143936655
0.7976415094339623    0.03204623763477281
0.7985849056603773    0.03039679893297588
0.7995283018867925    0.027333555629652728
0.8004716981132076    0.03133933533399839
0.8014150943396227    0.023799044125823923
0.8023584905660377    0.03086806713348713
0.8033018867924528    0.02639101922863022
0.804245283018868    0.027569189729908353
0.805188679245283    0.021442703123267102
0.8061320754716981    0.02332777592530707
0.8070754716981132    0.025212848727352084
0.8080188679245284    0.025684116927863338
0.8089622641509434    0.02450594642659097
0.8099056603773584    0.020264532621983918
0.8108490566037736    0.02238523952428456
0.8117924528301887    0.015080582416360126
0.8127358490566038    0.01932199622096596
0.8136792452830188    0.013902411915081991
0.814622641509434    0.021913971323773308
0.8155660377358491    0.017672557519172023
0.8165094339622642    0.015316216516619357
0.8174528301886792    0.018143825719683274
0.8183962264150944    0.012488607313548228
0.8193396226415095    0.01531621651661575
0.8202830188679245    0.014609314215852308
0.8212264150943396    0.014373680115593245
0.8221698113207547    0.012252973213292603
0.8231132075471699    0.013431143714570735
0.8240566037735849    0.014138046015340945
0.825    0.011781705012781347
0.8259433962264151    0.010603534511503214
0.8268867924528303    0.01083916861175884
0.8278301886792453    0.007540291208181837
0.8287735849056603    0.011781705012781347
0.8297169811320755    0.009189729909969451
0.8306603773584906    0.009425364010225078
0.8316037735849057    0.009425364010227297
0.8325471698113207    0.011310436812270093
0.8334905660377359    0.00848282760920257
0.834433962264151    0.0058908525063906736
0.835377358490566    0.006126486606647743
0.8363207547169811    0.006362120706901928
0.8372641509433962    0.008247193508946944
0.8382075471698114    0.00541958430587942
0.8391509433962264    0.006126486606647743
0.8400943396226415    0.006362120706901928
0.8410377358490566    0.005655218406135047
0.8419811320754718    0.005183950205623793
0.8429245283018868    0.004712682005113648
0.8438679245283018    0.004712682005112539
0.844811320754717    0.004241413804601285
0.8457547169811321    0.004712682005112539
0.8466981132075472    0.003298877403579554
0.8476415094339622    0.0018850728020450157
0.8485849056603774    0.0023563410025562695
0.8495283018867925    0.0025919751028118964
0.8504716981132076    0.003298877403579554
0.8514150943396226    0.004241413804601285
0.8523584905660377    0.0021207069023006426
0.8533018867924529    0.0018850728020450157
0.8542452830188679    0.002827609203068189
0.855188679245283    0.0028276092030675233
0.8561320754716981    0.0023563410025562695
0.8570754716981133    0.0011781705012781348
0.8580188679245283    0.002356341002556824
0.8589622641509433    0.0018850728020450157
0.8599056603773585    0.0009425364010225078
0.8608490566037736    0.0011781705012781348
0.8617924528301887    0.0021207069023011418
0.8627358490566037    0.0004712682005112539
0.8636792452830189    0.0007069023007668808
0.864622641509434    0.0014138046015337617
0.8655660377358491    0.0014138046015340945
0.8665094339622641    0.0007069023007668808
0.8674528301886792    0.0004712682005112539
0.8683962264150944    0.0011781705012781348
0.8693396226415094    0.0
0.8702830188679245    0.0007069023007668808
0.8712264150943396    0.0004712682005112539
0.8721698113207548    0.00023563410025562696
0.8731132075471698    0.00023563410025568242
0.8740566037735849    0.0007069023007668808
0.875    0.00023563410025562696
0.8759433962264151    0.00023563410025562696
0.8768867924528302    0.00023563410025568242
0.8778301886792452    0.0011781705012781348
0.8787735849056604    0.00023563410025562696
0.8797169811320755    0.0
0.8806603773584906    0.0007069023007670473
0.8816037735849056    0.0004712682005112539
0.8825471698113208    0.00023563410025562696
0.8834905660377359    0.0
0.8844339622641509    0.00023563410025568242
0.885377358490566    0.0007069023007668808
0.8863207547169811    0.0004712682005112539
0.8872641509433963    0.0007069023007668808
0.8882075471698113    0.00023563410025568242
0.8891509433962264    0.0007069023007668808
0.8900943396226415    0.0
0.8910377358490567    0.0
0.8919811320754717    0.0
0.8929245283018867    0.00023563410025562696
0.8938679245283019    0.0
0.894811320754717    0.00023563410025562696
0.8957547169811321    0.00023563410025568242
0.8966981132075471    0.0
0.8976415094339623    0.0
0.8985849056603774    0.0
0.8995283018867924    0.0
0.9004716981132075    0.0
0.9014150943396226    0.0
0.9023584905660378    0.0
0.9033018867924528    0.0
0.9042452830188679    0.0
0.905188679245283    0.00023563410025562696
0.9061320754716982    0.00023563410025562696
0.9070754716981132    0.0
0.9080188679245282    0.0
0.9089622641509434    0.0
0.9099056603773585    0.00023563410025562696
0.9108490566037736    0.0
0.9117924528301886    0.0
0.9127358490566038    0.0
0.9136792452830189    0.0
0.914622641509434    0.0
0.915566037735849    0.0
0.9165094339622641    0.0
0.9174528301886793    0.0
0.9183962264150943    0.0
0.9193396226415094    0.0
0.9202830188679245    0.0
0.9212264150943397    0.0
0.9221698113207547    0.0
0.9231132075471697    0.0
0.9240566037735849    0.0
0.925    0.0
0.9259433962264151    0.0
0.9268867924528301    0.0
0.9278301886792453    0.0
0.9287735849056604    0.0
0.9297169811320755    0.0
0.9306603773584905    0.0
0.9316037735849056    0.0
0.9325471698113208    0.0
0.933490566037736    0.0
0.934433962264151    0.0
0.935377358490566    0.0
0.9363207547169812    0.0
0.9372641509433963    0.0
0.9382075471698114    0.0
0.9391509433962264    0.0
0.9400943396226416    0.0
0.9410377358490567    0.0
0.9419811320754717    0.0
0.9429245283018868    0.0
0.9438679245283019    0.0
0.9448113207547171    0.0
0.9457547169811321    0.0
0.9466981132075472    0.0
0.9476415094339623    0.0
0.9485849056603775    0.0
0.9495283018867925    0.0
0.9504716981132075    0.0
0.9514150943396227    0.0
0.9523584905660378    0.0
0.9533018867924529    0.0
0.9542452830188679    0.0
0.9551886792452831    0.0
0.9561320754716982    0.0
0.9570754716981132    0.0
0.9580188679245283    0.0
0.9589622641509434    0.0
0.9599056603773586    0.0
0.9608490566037736    0.0
0.9617924528301887    0.0
0.9627358490566038    0.0
0.963679245283019    0.0
0.964622641509434    0.0
0.965566037735849    0.0
0.9665094339622642    0.0
0.9674528301886793    0.0
0.9683962264150944    0.0
0.9693396226415094    0.0
0.9702830188679246    0.0
0.9712264150943397    0.0
0.9721698113207548    0.0
0.9731132075471698    0.0
0.9740566037735849    0.0
0.9750000000000001    0.0
0.9759433962264151    0.0
0.9768867924528302    0.0
0.9778301886792453    0.0
0.9787735849056605    0.0
0.9797169811320755    0.0
0.9806603773584905    0.0
0.9816037735849057    0.0
0.9825471698113208    0.0
0.9834905660377359    0.0
0.9844339622641509    0.0
0.9853773584905661    0.0
0.9863207547169812    0.0
0.9872641509433963    0.0
0.9882075471698113    0.0
0.9891509433962264    0.0
0.9900943396226416    0.0
0.9910377358490566    0.0
0.9919811320754717    0.0
0.9929245283018868    0.0
0.993867924528302    0.0
0.994811320754717    0.0
0.995754716981132    0.0
0.9966981132075472    0.0
0.9976415094339623    0.0
0.9985849056603774    0.0
0.9995283018867924    0.0