-0.9995283018867924    0.0
-0.9985849056603773    0.0
-0.9976415094339622    0.0
-0.9966981132075472    0.0
-0.995754716981132    0.0
-0.9948113207547169    0.0
-0.9938679245283019    0.0
-0.9929245283018868    0.0
-0.9919811320754717    0.0
-0.9910377358490565    0.0
-0.9900943396226415    0.0
-0.9891509433962264    0.0
-0.9882075471698113    0.0
-0.9872641509433961    0.0
-0.9863207547169811    0.0
-0.9853773584905661    0.0
-0.9844339622641509    0.0
-0.9834905660377358    0.0
-0.9825471698113207    0.0
-0.9816037735849057    0.0
-0.9806603773584905    0.0
-0.9797169811320754    0.0
-0.9787735849056604    0.0
-0.9778301886792453    0.0
-0.9768867924528302    0.0
-0.975943396226415    0.0
-0.975    0.0
-0.9740566037735849    0.0004712682005113093
-0.9731132075471698    0.0018850728020450157
-0.9721698113207546    0.0032988774035791657
-0.9712264150943396    0.007540291208180063
-0.9702830188679246    0.01060353451150446
-0.9693396226415094    0.028040457930419607
-0.9683962264150943    0.03864399244192737
-0.9674528301886792    0.05655218406135047
-0.9665094339622642    0.08577081249305832
-0.965566037735849    0.10415027231298711
-0.9646226415094339    0.1486851172613181
-0.9636792452830188    0.18897854840501283
-0.9627358490566038    0.23586973435591033
-0.9617924528301887    0.29336445481825557
-0.9608490566037735    0.35604312548629424
-0.9599056603773585    0.4003423363343102
-0.9589622641509434    0.45218183839060133
-0.9580188679245283    0.5167455818605898
-0.9570754716981131    0.5770679115260983
-0.9561320754716981    0.6491719462042522
-0.9551886792452831    0.7010114482605727
-0.9542452830188679    0.7608625097254195
-0.9533018867924528    0.7910236745582327
-0.9523584905660377    0.8529954429253696
-0.9514150943396227    0.9152028453929628
-0.9504716981132075    0.9726975658552282
-0.9495283018867924    1.0056863398911342
-0.9485849056603773    1.0721351561631025
-0.9476415094339623    1.1027675891964641
-0.9466981132075472    1.1513082138489934
-0.945754716981132    1.164739357563701
-0.944811320754717    1.2234122485272152
-0.9438679245283019    1.213279982216366
-0.9429245283018868    1.241320440146643
-0.9419811320754716    1.2962231855063564
-0.9410377358490566    1.347355785261675
-0.9400943396226416    1.3534822718684805
-0.9391509433962264    1.3402867622540062
-0.9382075471698113    1.417810381238274
-0.9372641509433962    1.4133333333332505
-0.9363207547169812    1.4524485939758554
-0.935377358490566    1.4677648104923002
-0.9344339622641509    1.5068800711349117
-0.9334905660377358    1.4976903412247649
-0.9325471698113208    1.5106502167390021
-0.9316037735849056    1.5009892186283438
-0.9306603773584905    1.5773346671113524
-0.9297169811320755    1.517247971545982
-0.9287735849056604    1.5615471823942235
-0.9278301886792453    1.5657885961986413
-0.9268867924528301    1.566731132599848
-0.9259433962264151    1.5584839390907168
-0.925    1.5306791152607329
-0.9240566037735849    1.5674380349004304
-0.9231132075471697    1.6107947093476556
-0.9221698113207547    1.5492942091807471
-0.9212264150943397    1.5931221518284815
-0.9202830188679245    1.575920862509633
-0.9193396226415094    1.5990130043348727
-0.9183962264150943    1.5827542514170463
-0.9174528301886793    1.6004268089364067
-0.9165094339622641    1.617628098254879
-0.915566037735849    1.6020762476381962
-0.914622641509434    1.623283316661014
-0.9136792452830189    1.6331799488719427
-0.9127358490566038    1.659335334000125
-0.9117924528301886    1.6487317994888158
-0.9108490566037736    1.6383638990773741
-0.9099056603773585    1.6638123819051778
-0.9089622641509434    1.6607491386016588
-0.9080188679245282    1.6906746693343222
-0.9070754716981132    1.6614560409024257
-0.9061320754716982    1.680778037123585
-0.905188679245283    1.6866688896297777
-0.9042452830188679    1.628231632766574
-0.9033018867924528    1.6671112593085606
-0.9023584905660378    1.6668756252085013
-0.9014150943396226    1.6496743358896444
-0.9004716981132075    1.6244614871624834
-0.8995283018867924    1.651088140491178
-0.8985849056603774    1.5968922974325719
-0.8976415094339623    1.6213982438589691
-0.8966981132075471    1.6013693453374294
-0.8957547169811321    1.6072601978436314
-0.894811320754717    1.5372768700678912
-0.8938679245283019    1.5742714238078437
-0.8929245283018867    1.560604645993201
-0.8919811320754717    1.596185395131617
-0.8910377358490567    1.5596621095921783
-0.8900943396226415    1.5297365788595303
-0.8891509433962264    1.5259664332556198
-0.8882075471698113    1.5087651439367795
-0.8872641509433963    1.494391463821362
-0.8863207547169811    1.4892075136155623
-0.885377358490566    1.5327998221630337
-0.8844339622641509    1.4743625652994579
-0.8834905660377359    1.4489140824720206
-0.8825471698113208    1.4467933755695495
-0.8816037735849056    1.4246437701456882
-0.8806603773584906    1.439017450261114
-0.8797169811320755    1.4463221073692085
-0.8787735849056604    1.4241725019450093
-0.8778301886792452    1.3685628542848423
-0.8768867924528302    1.3728042680892827
-0.8759433962264151    1.3480626875626005
-0.875    1.3878848505056427
-0.8740566037735849    1.3482983216628561
-0.8731132075471698    1.3480626875624417
-0.8721698113207548    1.3063554518173497
-0.8712264150943396    1.3280337890407135
-0.8702830188679245    1.3325108369457273
-0.8693396226415094    1.269125263976807
-0.8683962264150944    1.2832633099922954
-0.8674528301886792    1.2351939535399965
-0.8665094339622641    1.245326219851135
-0.8655660377358491    1.230481271534884
-0.864622641509434    1.19678559519847
-0.8636792452830189    1.2092742025118777
-0.8627358490566037    1.19678559519847
-0.8617924528301887    1.1859464265865705
-0.8608490566037736    1.1579059686562871
-0.8599056603773585    1.1428253862397906
-0.8589622641509433    1.105359564299276
-0.8580188679245283    1.1180838057129499
-0.8570754716981133    1.1152561965100136
-0.8561320754716981    1.1159630988106493
-0.855188679245283    1.1119573191064345
-0.8542452830188679    1.0938134933866204
-0.8533018867924529    1.103474491497231
-0.8523584905660377    1.0968767366899435
-0.8514150943396226    1.0605890852507018
-0.8504716981132076    1.085801933977929
-0.8495283018867925    1.0584683783484008
-0.8485849056603774    1.0815605201733278
-0.8476415094339622    1.0817961542737107
-0.8466981132075472    1.0634166944536445
-0.8457547169811321    1.057054573746867
-0.844811320754717    1.0219450928086542
-0.8438679245283018    1.037261309325392
-0.8429245283018868    1.0042725352894821
-0.8419811320754718    1.028307213515677
-0.8410377358490566    1.0238301656106992
-0.8400943396226415    1.0144048016005933
-0.8391509433962264    1.0122840946981733
-0.8382075471698114    0.9981460486829533
-0.8372641509433962    0.9844792708680093
-0.8363207547169811    0.9748182727576434
-0.835377358490566    0.9545537401355448
-0.834433962264151    0.9797665888630123
-0.8334905660377359    0.9580882516393793
-0.8325471698113207    0.9232144048016551
-0.8316037735849057    0.9686917861508825
-0.8306603773584906    0.9373524508169943
-0.8297169811320755    0.9375880849171397
-0.8287735849056603    0.9432433033233857
-0.8278301886792453    0.9152028453928551
-0.8268867924528303    0.9128465043904063
-0.8259433962264151    0.8598288318327828
-0.825    0.8892830943648408
-0.8240566037735849    0.9029498721795626
-0.8231132075471699    0.8617139046349293
-0.8221698113207547    0.8529954429253696
-0.8212264150943396    0.8402712015116646
-0.8202830188679245    0.8291963987995512
-0.8193396226415095    0.827075691897348
-0.8183962264150944    0.8181215960875369
-0.8174528301886792    0.8143514504834468
-0.816509433962264    0.7976214293653912
-0.8155660377358491    0.8009203067689703
-0.814622641509434    0.7834833833499596
-0.8136792452830188    0.7702878737356446
-0.8127358490566037    0.7599199733244864
-0.8117924528301887    0.767695898632923
-0.8108490566037736    0.7071379348671365
-0.8099056603773584    0.7349427586973005
-0.8089622641509433    0.6981838390575048
-0.8080188679245284    0.747195731910681
-0.8070754716981132    0.7167989329776172
-0.8061320754716981    0.7215116149827296
-0.8051886792452829    0.7224541513838373
-0.804245283018868    0.6948849616539257
-0.8033018867924528    0.7047815938645803
-0.8023584905660377    0.692999888851799
-0.8014150943396225    0.676269867733729
-0.8004716981132076    0.6578904079137878
-0.7995283018867925    0.6701433811270031
-0.7985849056603773    0.6484650439034854
-0.7976415094339622    0.6468156052017721
-0.7966981132075472    0.6602467489163445
-0.7957547169811321    0.6494075803045078
-0.7948113207547169    0.6545915305101316
-0.7938679245283018    0.6274936089808084
-0.7929245283018869    0.6286717794820867
-0.7919811320754717    0.6206602200733214
-0.7910377358490566    0.6312637545848246
-0.7900943396226414    0.6131199288652135
-0.7891509433962265    0.6098210514616343
-0.7882075471698113    0.6173613426697426
-0.7872641509433962    0.5914415916416237
-0.786320754716981    0.6003956874514081
-0.7853773584905661    0.5829587640324897
-0.784433962264151    0.5839013004334436
-0.7834905660377358    0.5961542736467361
-0.7825471698113207    0.5872001778370914
-0.7816037735849057    0.5947404690452724
-0.7806603773584906    0.5407802600866639
-0.7797169811320754    0.5568033789040465
-0.7787735849056603    0.5631654996110147
-0.7778301886792454    0.5537401356007885
-0.7768867924528302    0.5450216738912651
-0.7759433962264151    0.5542114038012346
-0.7749999999999999    0.5304123596754787
-0.774056603773585    0.5440791374903067
-0.7731132075471698    0.5155674113593117
-0.7721698113207547    0.528762920973627
-0.7712264150943395    0.516509947760395
-0.7702830188679246    0.5242858730688317
-0.7693396226415095    0.510383461153688
-0.7683962264150943    0.5219295320662136
-0.7674528301886792    0.5162743136601394
-0.7665094339622642    0.5096765588529811
-0.7655660377358491    0.4835211737245465
-0.7646226415094339    0.4858775147271028
-0.7636792452830188    0.49577414693789745
-0.7627358490566039    0.4832855396243478
-0.7617924528301887    0.4839924419250578
-0.7608490566037736    0.49318217183502727
-0.7599056603773584    0.47456707791488856
-0.7589622641509435    0.47692341891744505
-0.7580188679245283    0.4941247082360497
-0.7570754716981132    0.4839924419250578
-0.756132075471698    0.46160720240082753
-0.7551886792452831    0.44723352228523255
-0.754245283018868    0.47433144381457704
-0.7533018867924528    0.4700900300099758
-0.7523584905660377    0.45736578859622573
-0.7514150943396227    0.43026786706682546
-0.7504716981132076    0.4606646659997507
-0.7495283018867924    0.47338890741355455
-0.7485849056603773    0.4477047904857439
-0.7476415094339623    0.4474691563854883
-0.7466981132075472    0.47433144381457704
-0.745754716981132    0.4458197176836462
-0.7448113207547169    0.458543959097504
-0.743867924528302    0.44652661998446563
-0.7429245283018868    0.44511281538287933
-0.7419811320754717    0.44110703567853365
-0.7410377358490565    0.44275647438037513
-0.7400943396226416    0.413537845948674
-0.7391509433962264    0.4309747693675417
-0.7382075471698113    0.44204957207955614
-0.7372641509433961    0.41495165055020794
-0.7363207547169812    0.44581971768369866
-0.7353773584905661    0.43450928087137614
-0.7344339622641509    0.4434633766810899
-0.7334905660377358    0.439457596976796
-0.7325471698113208    0.43121040346784806
-0.7316037735849057    0.42932533066575235
-0.7306603773584905    0.41942869845501596
-0.7297169811320754    0.4295609647660585
-0.7287735849056605    0.4356874513727055
-0.7278301886792453    0.43474491497163176
-0.7268867924528302    0.42225630765808353
-0.725943396226415    0.4307391352673368
-0.7250000000000001    0.4340380126709159
-0.7240566037735849    0.44534844948313496
-0.7231132075471698    0.43992886517725555
-0.7221698113207546    0.4297965988663141
-0.7212264150943397    0.42673335556299063
-0.7202830188679246    0.4281471601644742
-0.7193396226415094    0.42791152606421856
-0.7183962264150943    0.4335667444704046
-0.7174528301886793    0.4399288651773073
-0.7165094339622642    0.45100366788927
-0.715566037735849    0.4326242080693311
-0.7146226415094339    0.44275647438037513
-0.713679245283019    0.44794042458599953
-0.7127358490566038    0.44723352228517993
-0.7117924528301887    0.4349805490718873
-0.7108490566037735    0.4389863287762847
-0.7099056603773586    0.45901522729801536
-0.7089622641509434    0.44393464488160117
-0.7080188679245283    0.4415783038790449
-0.7070754716981131    0.45053239968881176
-0.7061320754716982    0.44911859508727786
-0.7051886792452831    0.44770479048569123
-0.7042452830188679    0.4448771812826237
-0.7033018867924528    0.42673335556299063
-0.7023584905660378    0.43875069467602906
-0.7014150943396227    0.4828142714237797
-0.7004716981132075    0.4330954762698423
-0.6995283018867924    0.4328598421696377
-0.6985849056603775    0.4451128153829317
-0.6976415094339623    0.4363943536734211
-0.6966981132075472    0.4401644992775111
-0.695754716981132    0.46160720240082753
-0.6948113207547171    0.4429921084806308
-0.6938679245283019    0.44770479048569123
-0.6929245283018868    0.44393464488160117
-0.6919811320754716    0.4373368900744951
-0.6910377358490567    0.41589418695123054
-0.6900943396226416    0.4484116927864581
-0.6891509433962264    0.44794042458594685
-0.6882075471698113    0.44723352228523255
-0.6872641509433963    0.42178503945762186
-0.6863207547169812    0.4375725241746992
-0.685377358490566    0.44204957207955614
-0.6844339622641509    0.4373368900744951
-0.683490566037736    0.41306657774816263
-0.6825471698113208    0.4309747693675417
-0.6816037735849056    0.4198999666555272
-0.6806603773584905    0.41848616205404277
-0.6797169811320756    0.42178503945762186
-0.6787735849056604    0.4243770145603841
-0.6778301886792453    0.4123596754473472
-0.6768867924528301    0.4187217961542984
-0.6759433962264152    0.42249194175838883
-0.675    0.43945759697674425
-0.6740566037735849    0.409296432144024
-0.6731132075471697    0.40387684783819217
-0.6721698113207548    0.40222740913640254
-0.6712264150943397    0.4201356007557829
-0.6702830188679245    0.409296432144024
-0.6693396226415094    0.42037123485608796
-0.6683962264150944    0.39916416583307907
-0.6674528301886793    0.40694009114146773
-0.6665094339622641    0.3920951428253633
-0.665566037735849    0.39138824052464244
-0.6646226415094341    0.38361231521620587
-0.6636792452830189    0.3871468267199951
-0.6627358490566038    0.38031343781258187
-0.6617924528301886    0.3829054129154389
-0.6608490566037737    0.40222740913640254
-0.6599056603773585    0.38149160831386003
-0.6589622641509434    0.39303767922638577
-0.6580188679245282    0.40010670223410166
-0.6570754716981133    0.3838479493164615
-0.6561320754716982    0.3760720240079806
-0.655188679245283    0.3687673669000562
-0.6542452830188679    0.3730087807047014
-0.6533018867924529    0.3638190507947308
-0.6523584905660378    0.372066244303635
-0.6514150943396226    0.3864399244192282
-0.6504716981132075    0.37937090141160407
-0.6495283018867926    0.3581638323885951
-0.6485849056603774    0.36216961209289866
-0.6476415094339623    0.37041680560184553
-0.6466981132075471    0.3635834166944752
-0.6457547169811322    0.3485028342781133
-0.644811320754717    0.3586351005890642
-0.6438679245283019    0.36476158719571056
-0.6429245283018867    0.3468533955763237
-0.6419811320754718    0.3628765143937082
-0.6410377358490567    0.3541580526842073
-0.6400943396226415    0.3522729798821623
-0.6391509433962264    0.36499722129600914
-0.6382075471698113    0.3489741024785835
-0.6372641509433963    0.3619339779926856
-0.6363207547169811    0.3645259530954549
-0.635377358490566    0.3539224185839517
-0.6344339622641508    0.35910636878961777
-0.6334905660377359    0.35462932088476035
-0.6325471698113208    0.346146493275516
-0.6316037735849056    0.3515660775813954
-0.6306603773584905    0.3586351005891064
-0.6297169811320755    0.35604312548629424
-0.6287735849056604    0.3661753917972443
-0.6278301886792452    0.35792819828829736
-0.6268867924528301    0.367824830499077
-0.6259433962264151    0.3628765143937082
-0.625    0.3324797154606896
-0.6240566037735849    0.35627875958650795
-0.6231132075471697    0.3527442480827151
-0.6221698113207548    0.3727731466044457
-0.6212264150943396    0.3404912748693809
-0.6202830188679245    0.35981327109034233
-0.6193396226415093    0.3624052461931969
-0.6183962264150944    0.34968100477939157
-0.6174528301886792    0.34850283427807227
-0.6165094339622641    0.35957763699008677
-0.615566037735849    0.3690030010003552
-0.614622641509434    0.373951317105724
-0.6136792452830189    0.34143381127040345
-0.6127358490566037    0.3532155162831848
-0.6117924528301886    0.34661776147606804
-0.6108490566037736    0.34214071357121056
-0.6099056603773585    0.3675891963987781
-0.6089622641509433    0.34119817717014783
-0.6080188679245282    0.34968100477939157
-0.6070754716981133    0.3331866177614957
-0.6061320754716981    0.3176347671445851
-0.605188679245283    0.346146493275516
-0.6042452830188678    0.34025564076916537
-0.6033018867924529    0.3383705679671201
-0.6023584905660377    0.3404912748693809
-0.6014150943396226    0.3329509836612009
-0.6004716981132074    0.328238301656127
-0.5995283018867925    0.32776703345561564
-0.5985849056603774    0.35109480938088417
-0.5976415094339622    0.34426142047347097
-0.5966981132075471    0.34920973657888027
-0.5957547169811321    0.33648549516507487
-0.594811320754717    0.3268244970545546
-0.5938679245283018    0.32258308324995333
-0.5929245283018867    0.3232899855507582
-0.5919811320754718    0.32729576525510434
-0.5910377358490566    0.3192842058463745
-0.5900943396226415    0.3268244970545546
-0.5891509433962263    0.3197554740469234
-0.5882075471698114    0.3143358897410434
-0.5872641509433962    0.31692786484381824
-0.5863207547169811    0.31857730354560765
-0.5853773584905659    0.2933644548182901
-0.584433962264151    0.29642769812161357
-0.5834905660377359    0.3096232077358938
-0.5825471698113207    0.30090474602643563
-0.5816037735849056    0.29807713682340314
-0.5806603773584906    0.3011403801267267
-0.5797169811320755    0.2855885295098199
-0.5787735849056603    0.3018472824274581
-0.5778301886792452    0.2933644548182901
-0.5768867924528303    0.3162209625430886
-0.5759433962264151    0.2891230410136543
-0.575    0.3136289874402395
-0.5740566037735848    0.2945426253195684
-0.5731132075471699    0.3027898188285163
-0.5721698113207547    0.29854840502387936
-0.5712264150943396    0.29807713682336806
-0.5702830188679244    0.28582416361010915
-0.5693396226415095    0.2997265755251928
-0.5683962264150944    0.288651772813143
-0.5674528301886792    0.29336445481825557
-0.566509433962264    0.2822896521062743
-0.5655660377358491    0.2959564299211023
-0.564622641509434    0.298784039124135
-0.5636792452830188    0.2891230410136543
-0.5627358490566037    0.28865177281317694
-0.5617924528301887    0.2987840391241701
-0.5608490566037736    0.27781260420138415
-0.5599056603773584    0.30467489163052563
-0.5589622641509433    0.2990196732244258
-0.5580188679245284    0.3025541847282606
-0.5570754716981132    0.30467489163052563
-0.5561320754716981    0.29854840502387936
-0.5551886792452829    0.28441035900857525
-0.554245283018868    0.29124374791598917
-0.5533018867924528    0.28605979771033113
-0.5523584905660377    0.28370345670777486
-0.5514150943396225    0.2978415027231475
-0.5504716981132076    0.2917150161165005
-0.5495283018867925    0.29572079582081184
-0.5485849056603773    0.2919506502167218
-0.5476415094339622    0.2881805046126657
-0.5466981132075472    0.2903012115149666
-0.5457547169811321    0.28346782260751924
-0.5448113207547169    0.2978415027231125
-0.5438679245283018    0.29077247971547787
-0.5429245283018869    0.29053684561522225
-0.5419811320754717    0.28299655440700794
-0.5410377358490566    0.2961920640213231
-0.5400943396226414    0.2855885295098535
-0.5391509433962265    0.27592753139937165
-0.5382075471698113    0.2895943092141655
-0.5372641509433962    0.2573124374791447
-0.536320754716981    0.3039679893297946
-0.5353773584905661    0.2898299433144553
-0.534433962264151    0.2827609203067524
-0.5334905660377358    0.27781260420138415
-0.5325471698113207    0.2938357230188014
-0.5316037735849057    0.27569189729911603
-0.5306603773584906    0.27663443370010604
-0.5297169811320754    0.2719217516949935
-0.5287735849056603    0.2848816272090865
-0.5278301886792454    0.27074358119374725
-0.5268867924528302    0.26084694898297905
-0.5259433962264151    0.2761631654995948
-0.5249999999999999    0.2683872401911907
-0.524056603773585    0.2639101922863332
-0.5231132075471698    0.27239301989550474
-0.5221698113207547    0.270979215293971
-0.5212264150943395    0.2653239968878672
-0.5202830188679246    0.2827609203067856
-0.5193396226415095    0.2780482383016398
-0.5183962264150943    0.2639101922863022
-0.5174528301886792    0.2641458263865889
-0.5165094339622642    0.2676803378904237
-0.5155660377358491    0.2735711903967829
-0.5146226415094339    0.2648527286873247
-0.5136792452830188    0.27168611759476985
-0.5127358490566039    0.2804045793042291
-0.5117924528301887    0.2615538512837459
-0.5108490566037736    0.26249638768476846
-0.5099056603773584    0.255191730576874
-0.5089622641509435    0.2533066577748288
-0.5080188679245283    0.25919751028118965
-0.5070754716981132    0.27663443370010604
-0.506132075471698    0.2606113148827541
-0.5051886792452831    0.2745137267978377
-0.504245283018868    0.2657952650883472
-0.5033018867924528    0.2648527286873247
-0.5023584905660377    0.25142158497278355
-0.5014150943396227    0.2589618761809645
-0.5004716981132076    0.27309992219627166
-0.4995283018867924    0.2504790485717314
-0.49858490566037733    0.2575480715794306
-0.49764150943396224    0.2544848282760771
-0.49669811320754714    0.25236412137380615
-0.49575471698113205    0.2669734355896254
-0.49481132075471695    0.25047904857176095
-0.49386792452830186    0.25377792597531024
-0.49292452830188677    0.2533066577748288
-0.49198113207547167    0.25212848727352083
-0.4910377358490566    0.2507146826720166
-0.4900943396226415    0.24482383016559642
-0.4891509433962264    0.25613426697789665
-0.4882075471698113    0.2558986328776109
-0.4872641509433962    0.2584906079804532
-0.4863207547169811    0.2429387573635514
-0.485377358490566    0.24576636656664783
-0.4844339622641509    0.2332777592530707
-0.4834905660377358    0.254484828276107
-0.48254716981132073    0.26343892408579095
-0.48160377358490564    0.2575480715794306
-0.48066037735849054    0.24718017116815266
-0.47971698113207545    0.2629676558853106
-0.47877358490566035    0.24529509836610766
-0.47783018867924526    0.25566299877738535
-0.47688679245283017    0.25825497388016716
-0.47594339622641507    0.2709792152940029
-0.475    0.26461709458706906
-0.4740566037735849    0.2549560964766184
-0.4731132075471698    0.25919751028118965
-0.4721698113207547    0.2584906079804532
-0.4712264150943396    0.255191730576844
-0.4702830188679245    0.26320328998556625
-0.4693396226415094    0.2653239968878359
-0.4683962264150943    0.2702723129932359
-0.4674528301886792    0.2558986328776109
-0.46650943396226413    0.2603756807824984
-0.46556603773584904    0.2547204623763328
-0.46462264150943394    0.25118595087252793
-0.46367924528301885    0.2716861175947379
-0.46273584905660375    0.26603089918863415
-0.46179245283018866    0.25495609647658835
-0.46084905660377357    0.2723930198955368
-0.45990566037735847    0.25142158497275396
-0.4589622641509434    0.2603756807824984
-0.4580188679245283    0.2429387573635514
-0.4570754716981132    0.27498499499834905
-0.4561320754716981    0.2643814604868135
-0.455188679245283    0.2730999221963038
-0.4542452830188679    0.2745137267978054
-0.4533018867924528    0.25472046237636276
-0.4523584905660377    0.2735711903967829
-0.4514150943396226    0.2730999221963038
-0.45047169811320753    0.2749849949983167
-0.44952830188679244    0.27168611759476985
-0.44858490566037734    0.26720906968988095
-0.44764150943396225    0.2679159719906794
-0.44669811320754715    0.27663443370010604
-0.44575471698113206    0.25636990107815233
-0.44481132075471697    0.28747360231186486
-0.44386792452830187    0.26626653328888983
-0.4429245283018868    0.26061131488272343
-0.4419811320754717    0.28111148160499605
-0.4410377358490566    0.26791597199064787
-0.4400943396226415    0.27734133600090555
-0.4391509433962264    0.28605979771033113
-0.4382075471698113    0.268858508391702
-0.4372641509433962    0.2667378014893697
-0.4363207547169811    0.2738068244970707
-0.435377358490566    0.2683872401911591
-0.43443396226415093    0.2839390908080639
-0.43349056603773584    0.2841747249082861
-0.43254716981132074    0.28676670001113175
-0.43160377358490565    0.2789907747026623
-0.43066037735849055    0.2968989663221249
-0.42971698113207546    0.2858241636100755
-0.42877358490566037    0.2782838724019282
-0.42783018867924527    0.27404245859729415
-0.4268867924528302    0.28535289540959785
-0.4259433962264151    0.28794487051237616
-0.425    0.2839390908080639
-0.4240566037735849    0.2978415027231125
-0.4231132075471698    0.2940713571190571
-0.4221698113207547    0.2865310659108424
-0.4212264150943396    0.29124374791598917
-0.4202830188679245    0.2822896521062411
-0.4193396226415094    0.2938357230188014
-0.41839622641509433    0.3058530621318038
-0.41745283018867924    0.2999622096254484
-0.41650943396226414    0.3077381349338488
-0.41556603773584905    0.2938357230188014
-0.41462264150943395    0.2926575525174887
-0.41367924528301886    0.29053684561522225
-0.41273584905660377    0.2912437479159549
-0.41179245283018867    0.30467489163056155
-0.4108490566037736    0.30019784372566877
-0.4099056603773585    0.31480715794155467
-0.4089622641509434    0.29689896632208995
-0.4080188679245283    0.28794487051241
-0.4070754716981132    0.3190485717461189
-0.4061320754716981    0.2926575525175231
-0.405188679245283    0.31174391463819445
-0.4042452830188679    0.2985484050239145
-0.4033018867924528    0.3058530621318038
-0.40235849056603773    0.30019784372570407
-0.40141509433962264    0.2771057019006173
-0.40047169811320754    0.29666333222186925
-0.39952830188679245    0.29949094142490185
-0.39858490566037735    0.30467489163056155
-0.39764150943396226    0.30467489163052563
-0.39669811320754716    0.31150828053797547
-0.39575471698113207    0.2893586751139099
-0.394811320754717    0.29053684561522225
-0.3938679245283019    0.3077381349338488
-0.3929245283018868    0.29642769812161357
-0.3919811320754717    0.30655996443257066
-0.3910377358490566    0.2973702345226362
-0.3900943396226415    0.30655996443257066
-0.3891509433962264    0.29218628431701177
-0.3882075471698113    0.2917150161164662
-0.3872641509433962    0.2936000889185457
-0.38632075471698113    0.2895943092141655
-0.38537735849056604    0.3176347671446225
-0.38443396226415094    0.30019784372566877
-0.38349056603773585    0.30703123263311805
-0.38254716981132075    0.2976058686228569
-0.38160377358490566    0.30467489163056155
-0.38066037735849056    0.2978415027231125
-0.37971698113207547    0.30797376903414064
-0.3787735849056604    0.29548516172055617
-0.3778301886792453    0.29524952762033535
-0.3768867924528302    0.3049105257307813
-0.3759433962264151    0.31009447593644157
-0.375    0.2813471157052186
-0.3740566037735849    0.30161164832723797
-0.3731132075471698    0.29854840502387936
-0.3721698113207547    0.28441035900857525
-0.3712264150943396    0.2992553073246462
-0.37028301886792453    0.29077247971547787
-0.36933962264150944    0.28794487051237616
-0.36839622641509434    0.2917150161165005
-0.36745283018867925    0.29595642992106747
-0.36650943396226415    0.31080137823720855
-0.36556603773584906    0.2961920640213231
-0.36462264150943396    0.28770923641215435
-0.36367924528301887    0.29407135711902244
-0.3627358490566038    0.28087584750474043
-0.3617924528301887    0.2924219184172331
-0.3608490566037736    0.294778259419824
-0.3599056603773585    0.2820540180059855
-0.3589622641509434    0.28723796821164305
-0.3580188679245283    0.29949094142490185
-0.3570754716981132    0.3020829165277493
-0.3561320754716981    0.2865310659108424
-0.355188679245283    0.2804045793042291
-0.35424528301886793    0.2961920640213231
-0.35330188679245284    0.25566299877738535
-0.35235849056603774    0.2858241636100755
-0.35141509433962265    0.2782838724019282
-0.35047169811320755    0.29336445481825557
-0.34952830188679246    0.27192175169502547
-0.34858490566037736    0.2881805046126318
-0.34764150943396227    0.2754562631988603
-0.3466981132075472    0.2832321885072636
-0.3457547169811321    0.2775769701011612
-0.344811320754717    0.2693297765921816
-0.3438679245283019    0.27262865399579245
-0.3429245283018868    0.2632032899855353
-0.3419811320754717    0.2799333111037177
-0.3410377358490566    0.2763987995998504
-0.3400943396226415    0.28723796821164305
-0.3391509433962264    0.2780482383016398
-0.33820754716981133    0.28865177281317694
-0.33726415094339623    0.27828387240189545
-0.33632075471698114    0.26131821718352105
-0.33537735849056605    0.28605979771033113
-0.33443396226415095    0.2895943092141996
-0.33349056603773586    0.2683872401911591
-0.33254716981132076    0.2702723129932359
-0.33160377358490567    0.2858241636100755
-0.3306603773584906    0.28016894520397345
-0.3297169811320755    0.2763987995998504
-0.3287735849056604    0.28252528620652995
-0.3278301886792453    0.26720906968988095
-0.3268867924528302    0.2794620429032065
-0.3259433962264151    0.26791597199064787
-0.325    0.269565410692469
-0.3240566037735849    0.26084694898297905
-0.3231132075471698    0.2641458263865889
-0.32216981132075473    0.2749849949983167
-0.32122641509433963    0.2610825830832654
-0.32028301886792454    0.270979215293971
-0.31933962264150945    0.2766344337001386
-0.31839622641509435    0.27121484939422663
-0.31745283018867926    0.27121484939425855
-0.31650943396226416    0.2641458263865578
-0.31556603773584907    0.268151606090935
-0.314622641509434    0.2763987995998504
-0.3136792452830189    0.26744470379016805
-0.3127358490566038    0.2558986328776109
-0.3117924528301887    0.2669734355896568
-0.3108490566037736    0.2771057019006173
-0.3099056603773585    0.2575480715794306
-0.3089622641509434    0.2639101922863022
-0.3080188679245283    0.24694453706792613
-0.3070754716981132    0.27027231299320414
-0.30613207547169813    0.27192175169502547
-0.30518867924528303    0.25990441258195657
-0.30424528301886794    0.2705079470934916
-0.30330188679245285    0.26296765588527965
-0.30235849056603775    0.26603089918863415
-0.30141509433962266    0.2542491941758215
-0.30047169811320756    0.25613426697789665
-0.29952830188679247    0.25024341447147586
-0.2985849056603774    0.2596687784817314
-0.2976415094339623    0.25212848727352083
-0.2966981132075472    0.2690941424919576
-0.2957547169811321    0.26461709458706906
-0.294811320754717    0.26226075358454365
-0.2938679245283019    0.2615538512837459
-0.2929245283018868    0.2646170945871002
-0.2919811320754717    0.2547204623763328
-0.2910377358490566    0.2653239968878672
-0.29009433962264153    0.26862287429141474
-0.28915094339622643    0.25566299877738535
-0.28820754716981134    0.2643814604868135
-0.28726415094339625    0.2603756807824984
-0.28632075471698115    0.26980104479269285
-0.28537735849056606    0.2603756807824984
-0.28443396226415096    0.25024341447147586
-0.28349056603773587    0.2577837056796862
-0.2825471698113208    0.25000778037122023
-0.2816037735849057    0.27121484939425855
-0.2806603773584906    0.26061131488272343
-0.2797169811320755    0.25684116927866363
-0.2787735849056604    0.27569189729908355
-0.2778301886792453    0.2606113148827541
-0.2768867924528302    0.26768033789039225
-0.27594339622641506    0.27404245859729415
-0.27499999999999997    0.2745137267978377
-0.2740566037735849    0.26555963098809154
-0.2731132075471698    0.2829965544070413
-0.2721698113207547    0.2773413360008729
-0.2712264150943396    0.2646170945871002
-0.2702830188679245    0.27545626319882793
-0.2693396226415094    0.2738068244970707
-0.2683962264150943    0.27404245859729415
-0.2674528301886792    0.28629543181062045
-0.2665094339622641    0.2907724797154437
-0.265566037735849    0.2782838724019282
-0.26462264150943393    0.27828387240189545
-0.26367924528301884    0.28605979771036477
-0.26273584905660374    0.29666333222183433
-0.26179245283018865    0.2926575525175231
-0.26084905660377355    0.30373235522950315
-0.25990566037735846    0.29218628431701177
-0.25896226415094337    0.30726686673333753
-0.2580188679245283    0.3020829165277493
-0.2570754716981132    0.2964276981215787
-0.2561320754716981    0.31480715794155467
-0.255188679245283    0.3079737690341044
-0.2542452830188679    0.2999622096254484
-0.2533018867924528    0.3032610870289919
-0.2523584905660377    0.30066911192621537
-0.2514150943396226    0.29666333222183433
-0.2504716981132075    0.32211181504948
-0.24952830188679243    0.30938757363563824
-0.24858490566037733    0.314571523841299
-0.24764150943396224    0.3209336445481639
-0.24669811320754714    0.3256463265533148
-0.24575471698113205    0.29407135711902244
-0.24481132075471695    0.31999110814717907
-0.24386792452830186    0.3277670334555771
-0.24292452830188677    0.32706013115484867
-0.24198113207547167    0.32706013115481025
-0.24103773584905658    0.32588196065357045
-0.24009433962264148    0.3150427920417732
-0.2391509433962264    0.33860620206737574
-0.2382075471698113    0.33200844726017836
-0.2372641509433962    0.3126864510392538
-0.2363207547169811    0.32446815605199836
-0.235377358490566    0.31551406024232165
-0.23443396226415092    0.30915193953538256
-0.23349056603773582    0.3124508169389981
-0.23254716981132073    0.3204623763476527
-0.23160377358490564    0.33200844726021744
-0.23066037735849054    0.3157496943425401
-0.22971698113207545    0.32069801044794605
-0.22877358490566035    0.33483605646324593
-0.22783018867924526    0.3178704012448782
-0.22688679245283017    0.3218761809491864
-0.22594339622641507    0.3322440813604731
-0.22499999999999998    0.30396798932975877
-0.22405660377358488    0.32729576525510434
-0.2231132075471698    0.30915193953538256
-0.2221698113207547    0.32470379015229217
-0.2212264150943396    0.3148071579415176
-0.2202830188679245    0.32093364454820167
-0.2193396226415094    0.3181060353450964
-0.21839622641509432    0.30655996443260675
-0.21745283018867922    0.3204623763476527
-0.21650943396226413    0.31834166944538944
-0.21556603773584904    0.3079737690341044
-0.21462264150943394    0.300904746026471
-0.21367924528301885    0.29006557741467676
-0.21273584905660375    0.31739913304436684
-0.21179245283018866    0.3192842058463745
-0.21084905660377357    0.3202267422474347
-0.20990566037735847    0.3190485717461189
-0.20896226415094338    0.3067955985328624
-0.20801886792452828    0.3049105257307813
-0.2070754716981132    0.3124508169389981
-0.2061320754716981    0.30090474602643563
-0.205188679245283    0.300904746026471
-0.2042452830188679    0.31174391463819445
-0.2033018867924528    0.30585306213183977
-0.20235849056603772    0.3190485717461189
-0.20141509433962262    0.3254106924530591
-0.20047169811320753    0.34402578637321535
-0.19952830188679244    0.31174391463823115
-0.19858490566037734    0.3277670334555771
-0.19764150943396225    0.321404912748713
-0.19669811320754715    0.3223474491496977
-0.19575471698113206    0.32470379015229217
-0.19481132075471697    0.33624986106477966
-0.19386792452830187    0.34049127486942105
-0.19292452830188678    0.3355429587640128
-0.19198113207547168    0.33648549516507487
-0.1910377358490566    0.32140491274867516
-0.1900943396226415    0.32470379015229217
-0.1891509433962264    0.33719239746580215
-0.1882075471698113    0.33530732466379665
-0.1872641509433962    0.31999110814714143
-0.18632075471698112    0.3305946426586835
-0.18537735849056602    0.33507169056350156
-0.18443396226415093    0.3381349338668645
-0.18349056603773584    0.33224408136043404
-0.18254716981132074    0.32706013115484867
-0.18160377358490565    0.32564632655327647
-0.18066037735849055    0.32493942425254785
-0.17971698113207546    0.33059464265864463
-0.17877358490566037    0.3435545181727445
-0.17783018867924527    0.3261175947537877
-0.17688679245283018    0.3494453706791359
-0.17594339622641508    0.35109480938088417
-0.175    0.3489741024786246
-0.1740566037735849    0.33507169056350156
-0.1731132075471698    0.34214071357121056
-0.1721698113207547    0.3459108591752604
-0.1712264150943396    0.36075580749140734
-0.17028301886792452    0.34402578637321535
-0.16933962264150942    0.3499166388796472
-0.16839622641509433    0.3437901522729597
-0.16745283018867924    0.3456752250750454
-0.16650943396226414    0.34237634767142594
-0.16556603773584905    0.35745693008782814
-0.16462264150943395    0.3567500277870192
-0.16367924528301886    0.3626408802934526
-0.16273584905660377    0.3675891963987781
-0.16179245283018867    0.3426119817717219
-0.16084905660377358    0.3459108591752604
-0.15990566037735848    0.36004890519064037
-0.1589622641509434    0.3767789263087475
-0.1580188679245283    0.3588707346893621
-0.1570754716981132    0.3489741024785835
-0.1561320754716981    0.3485028342781133
-0.155188679245283    0.3463821273757716
-0.15424528301886792    0.353451150383482
-0.15330188679245282    0.34661776147602724
-0.15235849056603773    0.3551005890852716
-0.15141509433962264    0.3645259530954549
-0.15047169811320754    0.36853173279984397
-0.14952830188679245    0.3515660775813954
-0.14858490566037735    0.3628765143937082
-0.14764150943396226    0.35345115038344044
-0.14669811320754716    0.3475602978770907
-0.14575471698113207    0.36169834389238736
-0.14481132075471698    0.35910636878961777
-0.14386792452830188    0.35250861398241795
-0.1429245283018868    0.3468533955763237
-0.1419811320754717    0.3541580526842073
-0.1410377358490566    0.36711792819831
-0.1400943396226415    0.35792819828829736
-0.1391509433962264    0.36075580749140734
-0.13820754716981132    0.35250861398241795
-0.13726415094339622    0.3487384683783689
-0.13632075471698113    0.3836123152161607
-0.13537735849056604    0.3680604645993326
-0.13443396226415094    0.3690030010003118
-0.13349056603773585    0.3723018784039344
-0.13254716981132075    0.3654684894964774
-0.13160377358490566    0.37159497610316744
-0.13066037735849056    0.3529798821829292
-0.12971698113207547    0.36122707569191864
-0.12877358490566038    0.3654684894964774
-0.12783018867924528    0.3774858286095588
-0.1268867924528302    0.35792819828829736
-0.1259433962264151    0.36476158719575347
-0.125    0.37041680560184553
-0.1240566037735849    0.3645259530954978
-0.12311320754716981    0.3539224185839517
-0.12216981132075472    0.3626408802934526
-0.12122641509433962    0.3612270756918761
-0.12028301886792453    0.3727731466044457
-0.11933962264150944    0.35981327109034233
-0.11839622641509434    0.37041680560188917
-0.11745283018867925    0.3713593420028681
-0.11650943396226415    0.35557185728578294
-0.11556603773584906    0.3675891963987781
-0.11462264150943396    0.3692386351006109
-0.11367924528301887    0.3416694453706591
-0.11273584905660378    0.3744225853062353
-0.11179245283018868    0.36593975769698867
-0.11084905660377359    0.3543936867845046
-0.1099056603773585    0.3692386351005674
-0.1089622641509434    0.367824830499077
-0.1080188679245283    0.3680604645992893
-0.10707547169811321    0.36617539179728736
-0.10613207547169812    0.3515660775813954
-0.10518867924528302    0.360284539290896
-0.10424528301886793    0.3694742692008231
-0.10330188679245284    0.38620429031901804
-0.10235849056603774    0.3565143936867636
-0.10141509433962265    0.3786639991108371
-0.10047169811320755    0.34284761587193724
-0.09952830188679246    0.36641102589754304
-0.09858490566037736    0.34661776147602724
-0.09764150943396227    0.35675002778706116
-0.09669811320754718    0.36523285539622175
-0.09575471698113208    0.35486495498501597
-0.09481132075471699    0.361933977992643
-0.0938679245283019    0.3723018784039344
-0.0929245283018868    0.3671179281982668
-0.0919811320754717    0.34449705457376717
-0.09103773584905661    0.3744225853061912
-0.09009433962264152    0.38196287651441624
-0.08915094339622642    0.34732466377679416
-0.08820754716981133    0.36004890519064037
-0.08726415094339623    0.37489385350670246
-0.08632075471698114    0.3826697788151832
-0.08537735849056605    0.36264088029340985
-0.08443396226415095    0.3593420028898734
-0.08349056603773586    0.36287651439366553
-0.08254716981132076    0.37183061020342306
-0.08160377358490567    0.3624052461931543
-0.08066037735849058    0.36641102589754304
-0.07971698113207548    0.3675891963987781
-0.07877358490566039    0.36688229409805434
-0.0778301886792453    0.36593975769698867
-0.0768867924528302    0.37253751250419004
-0.0759433962264151    0.3734800489051687
-0.07500000000000001    0.3487384683783689
-0.07405660377358492    0.3612270756918761
-0.07311320754716982    0.35981327109038475
-0.07216981132075473    0.36216961209289866
-0.07122641509433963    0.36146270979217426
-0.07028301886792454    0.37277314660440186
-0.06933962264150945    0.36122707569191864
-0.06839622641509435    0.37088807380235683
-0.06745283018867926    0.36711792819831
-0.06650943396226416    0.3675891963987781
-0.06556603773584907    0.3588707346893621
-0.06462264150943398    0.3680604645992893
-0.06367924528301888    0.37183061020342306
-0.06273584905660379    0.361933977992643
-0.06179245283018869    0.3713593420029118
-0.0608490566037736    0.3593420028898311
-0.059905660377358505    0.36052017339115167
-0.05896226415094341    0.363819050794688
-0.05801886792452832    0.3619339779926856
-0.05707547169811322    0.3664110258974999
-0.05613207547169813    0.3485028342781133
-0.055188679245283034    0.3558074913859967
-0.05424528301886794    0.3572212959875725
-0.053301886792452846    0.3586351005890642
-0.05235849056603775    0.34449705457376717
-0.05141509433962266    0.3567500277870192
-0.050471698113207564    0.34025564076916537
-0.04952830188679247    0.35792819828829736
-0.048584905660377375    0.36075580749140734
-0.04764150943396228    0.35627875958650795
-0.04669811320754719    0.36099144159166296
-0.04575471698113209    0.3435545181727041
-0.044811320754717    0.34732466377683496
-0.043867924528301905    0.36264088029340985
-0.04292452830188681    0.3562787595865499
-0.04198113207547172    0.3353073246637571
-0.04103773584905662    0.36146270979217426
-0.04009433962264153    0.3383705679670803
-0.039150943396226434    0.34638212737581237
-0.03820754716981134    0.346146493275516
-0.037264150943396246    0.353451150383482
-0.03632075471698115    0.33860620206733594
-0.03537735849056606    0.34284761587197754
-0.034433962264150964    0.3404912748693809
-0.033490566037735814    0.3435545181727041
-0.03254716981132072    0.34543959097478977
-0.031603773584905626    0.33695676336554653
-0.03066037735849053    0.33554295876405227
-0.029716981132075437    0.3624052461931543
-0.028773584905660343    0.34190507947095494
-0.02783018867924525    0.33507169056350156
-0.026886792452830155    0.3237612537512695
-0.02594339622641506    0.32941647215736647
-0.024999999999999967    0.3176347671446225
-0.024056603773584873    0.3324797154606896
-0.02311320754716978    0.33342225186175134
-0.022169811320754684    0.33624986106477966
-0.02122641509433959    0.33860620206737574
-0.020283018867924496    0.33624986106477966
-0.019339622641509402    0.3289452039568939
-0.018396226415094308    0.31197954873845013
-0.017452830188679214    0.328238301656127
-0.01650943396226412    0.3254106924530208
-0.015566037735849025    0.3096232077359302
-0.014622641509433931    0.35085917528062854
-0.013679245283018837    0.3235256196510139
-0.012735849056603743    0.32658886295429895
-0.011792452830188649    0.31127264643771985
-0.010849056603773555    0.32800266755583274
-0.00990566037735846    0.3338935200622627
-0.008962264150943366    0.3242325219517427
-0.008018867924528272    0.3265888629543374
-0.007075471698113178    0.3426119817716816
-0.006132075471698084    0.3336578859620071
-0.00518867924528299    0.3192842058463745
-0.004245283018867896    0.34119817717018797
-0.0033018867924528017    0.32918083805711085
-0.0023584905660377076    0.34968100477939157
-0.0014150943396226134    0.33884183616759156
-0.0004716981132075193    0.3336578859620071
0.0004716981132075748    0.3395487384683584
0.0014150943396227245    0.3513304434811398
0.002358490566037763    0.3419050794709952
0.0033018867924528017    0.3289452039568552
0.004245283018867951    0.3251750583527652
0.005188679245283101    0.33978437256861405
0.00613207547169814    0.34119817717022816
0.007075471698113178    0.3567500277870192
0.008018867924528328    0.35510058908522985
0.008962264150943478    0.3522729798821623
0.009905660377358516    0.35816383238863725
0.010849056603773555    0.354393686784463
0.011792452830188704    0.354393686784463
0.012735849056603854    0.3532155162831848
0.013679245283018893    0.34873846837841
0.014622641509433931    0.32564632655327647
0.015566037735849081    0.35462932088471855
0.01650943396226423    0.36664665999775553
0.01745283018867927    0.3602845392909384
0.018396226415094308    0.361933977992643
0.019339622641509457    0.3624052461931543
0.020283018867924607    0.3614627097921318
0.021226415094339646    0.35203734578198953
0.022169811320754684    0.3558074913859967
0.023113207547169834    0.3515660775813954
0.024056603773584984    0.3633477825941767
0.025000000000000022    0.36570412359681914
0.02594339622641506    0.3671179281982668
0.02688679245283021    0.3541580526842073
0.02783018867924536    0.3649972212959662
0.0287735849056604    0.3680604645993759
0.029716981132075437    0.37041680560184553
0.030660377358490587    0.3718306102033793
0.03160377358490574    0.3640546848949437
0.032547169811320775    0.36570412359681914
0.033490566037735814    0.36429031899519926
0.034433962264150964    0.37277314660440186
0.03537735849056611    0.35792819828829736
0.03632075471698115    0.36829609869963165
0.03726415094339619    0.3706524397021012
0.03820754716981134    0.36287651439366553
0.03915094339622649    0.36311214849392115
0.04009433962264153    0.36405468489502935
0.04103773584905657    0.36664665999775553
0.04198113207547172    0.3583994664888086
0.042924528301886866    0.3810203401133488
0.043867924528301905    0.35180171168173385
0.04481132075471694    0.3746582194064469
0.04575471698113209    0.3687673669000562
0.04669811320754724    0.35745693008778606
0.04764150943396228    0.34284761587201795
0.04858490566037732    0.36570412359673304
0.04952830188679247    0.35981327109034233
0.05047169811320762    0.3715949761031237
0.05141509433962266    0.363583416694518
0.052358490566037696    0.35769256418804174
0.053301886792452846    0.3614627097921318
0.054245283018867996    0.3793709014115594
0.055188679245283034    0.3631121484940066
0.05613207547169807    0.35109480938088417
0.05707547169811322    0.36853173279980056
0.05801886792452837    0.36028453929085363
0.05896226415094341    0.3680604645993759
0.05990566037735845    0.3586351005890642
0.0608490566037736    0.36853173279980056
0.06179245283018875    0.3690030010003118
0.06273584905660379    0.36758919639886456
0.06367924528301883    0.36570412359673304
0.06462264150943398    0.36664665999775553
0.06556603773584913    0.35627875958650795
0.06650943396226416    0.383612315216251
0.0674528301886792    0.36476158719571056
0.06839622641509435    0.36264088029340985
0.0693396226415095    0.3692386351005674
0.07028301886792454    0.3796065355119044
0.07122641509433958    0.35627875958650795
0.07216981132075473    0.3635834166944324
0.07311320754716988    0.3760720240079806
0.07405660377358492    0.3619339779927282
0.07499999999999996    0.379606535511815
0.0759433962264151    0.3862042903189726
0.07688679245283025    0.3819628765143713
0.0778301886792453    0.37277314660448957
0.07877358490566033    0.37088807380235683
0.07971698113207548    0.37748582860951435
0.08066037735849063    0.3675891963987781
0.08160377358490567    0.3906813382239214
0.08254716981132071    0.3661753917972443
0.08349056603773586    0.3864399244192282
0.08443396226415101    0.39398021562740826
0.08537735849056605    0.3989285317328703
0.08632075471698109    0.379606535511815
0.08726415094339623    0.4029343114371221
0.08820754716981138    0.37772146270977003
0.08915094339622642    0.383612315216251
0.09009433962264146    0.3890318995220401
0.09103773584905661    0.409296432144024
0.09198113207547176    0.3975147271312427
0.0929245283018868    0.3928020451262226
0.09386792452830184    0.4031699455373777
0.09481132075471699    0.3970434589307314
0.09575471698113214    0.37772146270977003
0.09669811320754718    0.4107102367456545
0.09764150943396221    0.40057797043456583
0.09858490566037736    0.4026986773368665
0.09952830188679251    0.3984572635322652
0.10047169811320755    0.39115260642443284
0.10141509433962259    0.39021007002331826
0.10235849056603774    0.40387684783814465
0.10330188679245289    0.39421584972766394
0.10424528301886793    0.3880893631211089
0.10518867924528297    0.3895031677225514
0.10613207547169812    0.3932733133266414
0.10707547169811327    0.3906813382238295
0.1080188679245283    0.40010670223414874
0.10896226415094334    0.38549738801820566
0.1099056603773585    0.4052906524396784
0.11084905660377364    0.38078470601309317
0.11179245283018868    0.3953940202290351
0.11273584905660372    0.3692386351005674
0.11367924528301887    0.3847904857174388
0.11462264150943402    0.3873824608202507
0.11556603773584906    0.41636545515179085
0.1165094339622641    0.3984572635322652
0.11745283018867925    0.38879626542178447
0.1183962264150944    0.4076469934422346
0.11933962264150944    0.3928020451262226
0.12028301886792447    0.39280204512613015
0.12122641509433962    0.3996354340335433
0.12216981132075477    0.3836123152161607
0.12311320754716981    0.40882516394360896
0.12405660377358485    0.39539402022894204
0.125    0.3923307769256189
0.12594339622641515    0.4151872846504147
0.1268867924528302    0.40152050683568286
0.12783018867924523    0.3993997999332877
0.12877358490566038    0.38502611981769447
0.12971698113207553    0.3949227520284308
0.13066037735849056    0.40411248193849536
0.1316037735849056    0.4097677003445353
0.13254716981132075    0.41165277314658033
0.1334905660377359    0.4177792597532266
0.13443396226415094    0.3890318995221317
0.13537735849056598    0.4154229187506703
0.13632075471698113    0.4083538957430015
0.13726415094339628    0.41118150494606903
0.13820754716981132    0.40576192064028516
0.13915094339622636    0.41801489385348223
0.1400943396226415    0.39633655662996453
0.14103773584905666    0.4041124819384002
0.1419811320754717    0.398457263532359
0.14292452830188673    0.3847904857174388
0.14386792452830188    0.38573302211846133
0.14481132075471703    0.3977503612314983
0.14575471698113207    0.4090607980438647
0.1466981132075471    0.397279093030987
0.14764150943396226    0.4019917750360996
0.1485849056603774    0.4081182616427459
0.14952830188679245    0.4005779704346601
0.15047169811320749    0.40906079804376844
0.15141509433962264    0.417543625652971
0.15235849056603779    0.4083538957430015
0.15330188679245282    0.40269867733696124
0.15424528301886786    0.3961009225297089
0.155188679245283    0.4019917750360996
0.15613207547169816    0.40741135934197903
0.1570754716981132    0.40411248193849536
0.15801886792452824    0.39916416583303205
0.1589622641509434    0.3932733133266414
0.15990566037735854    0.3998710681337989
0.16084905660377358    0.39751472713133623
0.16179245283018862    0.40434811603865584
0.16273584905660377    0.40858952984325714
0.16367924528301891    0.39115260642434074
0.16462264150943395    0.4005779704346601
0.165566037735849    0.3993997999332877
0.16650943396226414    0.3798421696120707
0.1674528301886793    0.38337668111590506
0.16839622641509433    0.3793709014116487
0.16933962264150937    0.36994553740133435
0.17028301886792452    0.3862042903189726
0.17122641509433967    0.37772146270977003
0.1721698113207547    0.3852617539180408
0.17311320754716975    0.37230187840389056
0.1740566037735849    0.3765432922084919
0.17500000000000004    0.3883249972212732
0.17594339622641508    0.37206624430372254
0.17688679245283012    0.3838479493164163
0.17783018867924527    0.3767789263087475
0.17877358490566042    0.36853173279980056
0.17971698113207546    0.37018117150167706
0.1806603773584905    0.36476158719571056
0.18160377358490565    0.375836389907725
0.1825471698113208    0.3744225853061912
0.18349056603773584    0.3803134378126714
0.18443396226415087    0.36970990330107867
0.18537735849056602    0.3741869512059356
0.18632075471698117    0.35486495498497417
0.1872641509433962    0.3765432922085805
0.18820754716981125    0.3690030010003118
0.1891509433962264    0.3713593420028681
0.19009433962264155    0.3522729798821623
0.1910377358490566    0.3715949761032112
0.19198113207547163    0.36853173279980056
0.19292452830188678    0.35769256418804174
0.19386792452830193    0.36994553740133435
0.19481132075471697    0.3803134378126714
0.195754716981132    0.3734800489051687
0.19669811320754715    0.3664110258974999
0.1976415094339623    0.36970990330107867
0.19858490566037734    0.3609914415917055
0.19952830188679238    0.361933977992643
0.20047169811320753    0.34685339557628286
0.20141509433962268    0.36664665999775553
0.20235849056603772    0.3654684894965634
0.20330188679245276    0.37088807380235683
0.2042452830188679    0.37512948760695813
0.20518867924528306    0.36523285539622175
0.2061320754716981    0.3647615871957964
0.20707547169811313    0.35910636878957547
0.20801886792452828    0.35769256418804174
0.20896226415094343    0.37395131710567997
0.20990566037735858    0.3734800489051687
0.21084905660377362    0.3527442480827566
0.21179245283018866    0.36782483049903364
0.2127358490566038    0.3760720240079806
0.21367924528301896    0.35345115038344044
0.214622641509434    0.37088807380244415
0.21556603773584904    0.3760720240079806
0.2165094339622642    0.3649972212959662
0.21745283018867934    0.36735356229852245
0.21839622641509437    0.38408358341676235
0.2193396226415094    0.3730087807046575
0.22028301886792456    0.37512948760695813
0.2212264150943397    0.3558074913859967
0.22216981132075475    0.3796065355119044
0.2231132075471698    0.3786639991107925
0.22405660377358494    0.35981327109034233
0.2250000000000001    0.35085917528062854
0.22594339622641513    0.3680604645993759
0.22688679245283017    0.36593975769698867
0.22783018867924532    0.3654684894964774
0.22877358490566047    0.3506235411803729
0.2297169811320755    0.3659397576970748
0.23066037735849054    0.36169834389238736
0.2316037735849057    0.35745693008778606
0.23254716981132084    0.3649972212959662
0.23349056603773588    0.36405468489502935
0.23443396226415092    0.3463821273757716
0.23537735849056607    0.35745693008778606
0.23632075471698122    0.3558074913859967
0.23726415094339626    0.35887073468940434
0.2382075471698113    0.35910636878957547
0.23915094339622645    0.34991663887960606
0.2400943396226416    0.35957763699008677
0.24103773584905663    0.3496810047794327
0.24198113207547167    0.35345115038344044
0.24292452830188682    0.3529798821829292
0.24386792452830197    0.3567500277870192
0.244811320754717    0.3496810047794327
0.24575471698113205    0.36311214849392115
0.2466981132075472    0.3355429587640128
0.24764150943396235    0.3654684894964774
0.2485849056603774    0.34543959097483046
0.24952830188679243    0.33460042236299026
0.2504716981132076    0.34025564076912534
0.2514150943396227    0.33601422696452404
0.25235849056603776    0.3341291541625577
0.2533018867924528    0.32658886295429895
0.25424528301886795    0.3251750583527652
0.2551886792452831    0.33083027675890025
0.25613207547169814    0.34661776147610884
0.2570754716981132    0.34543959097474913
0.25801886792452833    0.3329509836612009
0.2589622641509435    0.33224408136043404
0.2599056603773585    0.3348360564633247
0.26084905660377355    0.33059464265864463
0.2617924528301887    0.3216405468489308
0.26273584905660385    0.3315371790596672
0.2636792452830189    0.324232521951819
0.26462264150943393    0.3242325219517427
0.2655660377358491    0.34402578637321535
0.26650943396226423    0.3190485717461189
0.26745283018867927    0.3150427920418474
0.2683962264150943    0.33012337445813333
0.26933962264150946    0.3150427920417732
0.2702830188679246    0.32399688785148706
0.27122641509433965    0.32564632655335307
0.2721698113207547    0.3016116483272025
0.27311320754716983    0.3181060353450964
0.274056603773585    0.3058530621318038
0.275    0.31433588974108034
0.27594339622641506    0.3100944759364051
0.2768867924528302    0.30114038012669125
0.27783018867924536    0.31080137823717197
0.2787735849056604    0.3018472824275292
0.27971698113207544    0.3096232077358938
0.2806603773584906    0.3075025008335932
0.28160377358490574    0.3148071579415176
0.2825471698113208    0.30538179393136444
0.2834905660377358    0.3298877403578777
0.28443396226415096    0.2801689452039405
0.2853773584905661    0.2971346004223456
0.28632075471698115    0.2987840391242053
0.2872641509433962    0.28370345670777486
0.28820754716981134    0.3016116483272025
0.2891509433962265    0.30396798932975877
0.29009433962264153    0.2919506502167905
0.29103773584905657    0.2971346004223456
0.2919811320754717    0.30396798932975877
0.29292452830188687    0.29949094142490185
0.2938679245283019    0.2884161387129553
0.29481132075471694    0.3023185506279694
0.2957547169811321    0.2999622096254131
0.29669811320754724    0.295013893520045
0.2976415094339623    0.2954851617206257
0.2985849056603773    0.29147938201621054
0.29952830188679247    0.2990196732243906
0.3004716981132076    0.3032610870289919
0.30141509433962266    0.2976058686229269
0.3023584905660377    0.3136289874402395
0.30330188679245285    0.30278981882848066
0.304245283018868    0.3023185506279694
0.30518867924528303    0.3001978437257394
0.3061320754716981    0.31150828053793883
0.3070754716981132    0.3075025008335932
0.3080188679245284    0.2990196732243906
0.3089622641509434    0.30655996443264283
0.30990566037735845    0.3004334778259244
0.3108490566037736    0.30891630543512694
0.31179245283018875    0.3030254529287363
0.3127358490566038    0.2905368456152564
0.3136792452830188    0.32658886295429895
0.314622641509434    0.3152784261420289
0.3155660377358491    0.31857730354560765
0.31650943396226416    0.31669223074363717
0.3174528301886792    0.30938757363563824
0.31839622641509435    0.3049105257307813
0.3193396226415095    0.3242325219517427
0.32028301886792454    0.3070312326331542
0.3212264150943396    0.3016116483272025
0.32216981132075473    0.33766366566631345
0.3231132075471699    0.31598532844279575
0.3240566037735849    0.3112726464377565
0.32499999999999996    0.3136289874402395
0.3259433962264151    0.3216405468489308
0.32688679245283025    0.31881293764586327
0.3278301886792453    0.3280026675559099
0.32877358490566033    0.3272957652550658
0.3297169811320755    0.330359008558389
0.33066037735849063    0.32399688785148706
0.33160377358490567    0.3096232077359667
0.3325471698113207    0.32823830165608836
0.33349056603773586    0.3232899855507202
0.334433962264151    0.32753139935532144
0.33537735849056605    0.33177281316000085
0.3363207547169811    0.3258819606535321
0.33726415094339623    0.33695676336554653
0.3382075471698114    0.33695676336554653
0.3391509433962264    0.32069801044798374
0.34009433962264146    0.34143381127040345
0.3410377358490566    0.34449705457372665
0.34198113207547176    0.3586351005890642
0.3429245283018868    0.3244681560520747
0.34386792452830184    0.3313015449594115
0.344811320754717    0.33342225186171215
0.34575471698113214    0.34944537067909476
0.3466981132075472    0.3364854951651145
0.3476415094339622    0.33177281315992274
0.34858490566037736    0.337899299766569
0.3495283018867925    0.35203734578190665
0.35047169811320755    0.3506235411804554
0.3514150943396226    0.3506235411803729
0.35235849056603774    0.34496832277423783
0.3533018867924529    0.35250861398241795
0.35424528301886793    0.34496832277431905
0.35518867924528297    0.3569856618872749
0.3561320754716981    0.3452039568744935
0.35707547169811327    0.35533622318548547
0.3580188679245283    0.3659397576970748
0.35896226415094334    0.35745693008778606
0.3599056603773585    0.34944537067909476
0.36084905660377364    0.3744225853061912
0.3617924528301887    0.3444970545738077
0.3627358490566037    0.3687673669000562
0.36367924528301887    0.358163832388553
0.364622641509434    0.3532155162831848
0.36556603773584906    0.3647615871957964
0.3665094339622641    0.35085917528062854
0.36745283018867925    0.3539224185839517
0.3683962264150944    0.36004890519059796
0.36933962264150944    0.35462932088480204
0.3702830188679245    0.3810203401133488
0.3712264150943396    0.3513304434811398
0.3721698113207548    0.35533622318548547
0.3731132075471698    0.3673535622986089
0.37405660377358485    0.38290541291539376
0.375    0.36476158719571056
0.37594339622641515    0.36004890519059796
0.3768867924528302    0.3567500277871032
0.3778301886792452    0.3522729798821623
0.3787735849056604    0.34756029787704973
0.3797169811320755    0.36853173279980056
0.38066037735849056    0.3711237079026998
0.3816037735849056    0.35769256418804174
0.38254716981132075    0.36829609869954494
0.3834905660377359    0.34920973657883914
0.38443396226415094    0.3607558074914498
0.385377358490566    0.3555718572857411
0.38632075471698113    0.3452039568744935
0.3872641509433963    0.36994553740133435
0.3882075471698113    0.37819273091037026
0.38915094339622636    0.36028453929085363
0.3900943396226415    0.3624052461931543
0.39103773584905666    0.361933977992643
0.3919811320754717    0.3482672001778986
0.39292452830188673    0.3501522729798616
0.3938679245283019    0.36523285539622175
0.39481132075471703    0.3565143936867636
0.39575471698113207    0.3513304434812225
0.3966981132075471    0.34190507947091475
0.39764150943396226    0.3477959319773054
0.3985849056603774    0.36664665999775553
0.39952830188679245    0.3402556407692054
0.4004716981132075    0.34920973657883914
0.40141509433962264    0.3272957652550658
0.4023584905660378    0.34473268867398227
0.4033018867924528    0.34473268867406337
0.40424528301886786    0.34685339557628286
0.405188679245283    0.3501522729798616
0.40613207547169816    0.35203734578190665
0.4070754716981132    0.35180171168173385
0.40801886792452824    0.3426119817716816
0.4089622641509434    0.3357785928642684
0.40990566037735854    0.3496810047793504
0.4108490566037736    0.3374280315661372
0.4117924528301886    0.3593420028898311
0.41273584905660377    0.354393686784463
0.4136792452830189    0.34143381127040345
0.41462264150943395    0.35180171168173385
0.415566037735849    0.3407269089696366
0.41650943396226414    0.33884183616759156
0.4174528301886793    0.33601422696452404
0.41839622641509433    0.35627875958659183
0.41933962264150937    0.33742803156605783
0.4202830188679245    0.34496832277423783
0.42122641509433967    0.33342225186171215
0.4221698113207547    0.34331888407252925
0.42311320754716975    0.33695676336554653
0.4240566037735849    0.3381349338668247
0.42500000000000004    0.33436478826273464
0.4259433962264151    0.328709569856677
0.4268867924528301    0.3324797154606896
0.42783018867924527    0.33766366566631345
0.4287735849056604    0.3477959319773054
0.42971698113207546    0.3228187173502849
0.4306603773584905    0.32918083805711085
0.43160377358490565    0.3232899855507202
0.4325471698113208    0.3426119817716816
0.43349056603773584    0.3367211292653702
0.4344339622641509    0.33766366566631345
0.435377358490566    0.3489741024785835
0.4363207547169812    0.3463821273757716
0.4372641509433962    0.3426119817717622
0.43820754716981125    0.3421407135711703
0.4391509433962264    0.33436478826273464
0.44009433962264155    0.3404912748693809
0.4410377358490566    0.3239968878515633
0.4419811320754716    0.33177281315992274
0.4429245283018868    0.32753139935532144
0.4438679245283019    0.34402578637321535
0.44481132075471697    0.33624986106485877
0.445754716981132    0.33672112926529096
0.44669811320754715    0.34543959097474913
0.4476415094339623    0.33742803156605783
0.44858490566037745    0.33978437256861405
0.4495283018867925    0.33295098366127923
0.45047169811320753    0.3310659108591559
0.4514150943396227    0.34473268867398227
0.45235849056603783    0.34850283427807227
0.45330188679245287    0.3416694453707395
0.4542452830188679    0.36004890519059796
0.45518867924528306    0.35085917528062854
0.4561320754716982    0.3416694453706591
0.45707547169811324    0.3409625430699724
0.4580188679245283    0.35085917528062854
0.45896226415094343    0.34661776147602724
0.4599056603773586    0.3400200066688697
0.4608490566037736    0.34803156607764296
0.46179245283018866    0.34025564076912534
0.4627358490566038    0.348031566077561
0.46367924528301896    0.346146493275516
0.464622641509434    0.3685317327998873
0.46556603773584904    0.33766366566631345
0.4665094339622642    0.33271534956094523
0.46745283018867934    0.34119817717014783
0.4683962264150944    0.3485028342781543
0.4693396226415094    0.3496810047793504
0.47028301886792456    0.3404912748693809
0.4712264150943397    0.35533622318548547
0.47216981132075475    0.3416694453707395
0.4731132075471698    0.34473268867398227
0.47405660377358494    0.36169834389238736
0.4750000000000001    0.3435545181727041
0.4759433962264151    0.36570412359681914
0.47688679245283017    0.3409625430698922
0.4778301886792453    0.3496810047793504
0.47877358490566047    0.33860620206733594
0.4797169811320755    0.353922418584035
0.48066037735849054    0.3567500277870192
0.4816037735849057    0.3489741024785835
0.48254716981132084    0.3409625430698922
0.4834905660377359    0.34379015227304066
0.4844339622641509    0.3640546848949437
0.48537735849056607    0.3654684894964774
0.4863207547169812    0.3760720240079806
0.48726415094339626    0.3461464932755975
0.4882075471698113    0.36028453929085363
0.48915094339622645    0.3614627097921318
0.4900943396226416    0.36004890519059796
0.49103773584905663    0.36829609869963165
0.49198113207547167    0.3864399244192282
0.4929245283018868    0.358163832388553
0.49386792452830197    0.37253751250414624
0.494811320754717    0.3756007558075578
0.49575471698113205    0.36829609869954494
0.4966981132075472    0.37088807380235683
0.49764150943396235    0.379606535511815
0.4985849056603774    0.3765432922085805
0.4995283018867924    0.3661753917972443
0.5004716981132076    0.391623874624852
0.5014150943396227    0.3824341447148826
0.5023584905660378    0.38502611981778506
0.5033018867924528    0.37112370790261245
0.504245283018868    0.375836389907725
0.5051886792452831    0.36429031899519926
0.5061320754716981    0.39115260642443284
0.5070754716981132    0.37088807380235683
0.5080188679245283    0.38031343781258187
0.5089622641509435    0.4022274091363552
0.5099056603773585    0.38596865621880777
0.5108490566037736    0.37041680560184553
0.5117924528301887    0.391623874624852
0.5127358490566039    0.3675891963987781
0.5136792452830189    0.3880893631211089
0.5146226415094339    0.3744225853061912
0.5155660377358491    0.37489385350670246
0.5165094339622642    0.3812559742136044
0.5174528301886793    0.4076469934423306
0.5183962264150943    0.379606535511815
0.5193396226415095    0.37277314660440186
0.5202830188679246    0.38054907191283754
0.5212264150943396    0.3928020451262226
0.5221698113207547    0.3817272424141157
0.5231132075471698    0.3824341447148826
0.524056603773585    0.3946871179281752
0.525    0.38596865621880777
0.5259433962264151    0.38808936312101755
0.5268867924528302    0.375836389907725
0.5278301886792454    0.40387684783814465
0.5287735849056604    0.39162387462494413
0.5297169811320754    0.38502611981769447
0.5306603773584906    0.40081360453482145
0.5316037735849057    0.3890318995220401
0.5325471698113208    0.4239057463599727
0.5334905660377358    0.3977503612314983
0.534433962264151    0.3899744359230626
0.5353773584905661    0.41306657774811406
0.5363207547169812    0.4114171390464215
0.5372641509433962    0.41448038234964785
0.5382075471698113    0.4135378459486253
0.5391509433962265    0.4378081582749549
0.5400943396226415    0.4208425030566488
0.5410377358490566    0.4257908191619179
0.5419811320754717    0.43238857396907543
0.5429245283018869    0.435216183172143
0.5438679245283019    0.434038012670967
0.5448113207547169    0.42885406246524105
0.5457547169811321    0.4255551850616623
0.5466981132075472    0.42673335556294045
0.5476415094339623    0.41377348004897835
0.5485849056603773    0.42673335556294045
0.5495283018867925    0.42225630765808353
0.5504716981132076    0.4396932310769999
0.5514150943396227    0.414009114149234
0.5523584905660377    0.4309747693675417
0.5533018867924528    0.42531955096140667
0.554245283018868    0.4484116927864581
0.555188679245283    0.42154940535741586
0.5561320754716981    0.42178503945757223
0.5570754716981132    0.44511281538287933
0.5580188679245284    0.4312104034677974
0.5589622641509434    0.4239057463599727
0.5599056603773584    0.4415783038790449
0.5608490566037736    0.4243770145603841
0.5617924528301887    0.42626208736242915
0.5627358490566038    0.4356874513727568
0.5636792452830188    0.4387506946759774
0.564622641509434    0.44794042458594685
0.5655660377358491    0.4512393019895256
0.5665094339622642    0.4517105701901432
0.5674528301886792    0.45076803378901437
0.5683962264150944    0.42979659886626354
0.5693396226415095    0.4568945203956607
0.5702830188679245    0.4545381793932114
0.5712264150943396    0.44911859508722496
0.5721698113207547    0.44911859508722496
0.5731132075471699    0.45925086139821697
0.5740566037735849    0.4571301544960239
0.575    0.44534844948313496
0.5759433962264151    0.46537734800486324
0.5768867924528303    0.45783705679668313
0.5778301886792453    0.4722107369123875
0.5787735849056603    0.4606646659997507
0.5797169811320755    0.4870556852283809
0.5806603773584906    0.4764521507168777
0.5816037735849057    0.4748027120152001
0.5825471698113207    0.478808491719434
0.5834905660377359    0.4712682005112539
0.584433962264151    0.46490607980435195
0.585377358490566    0.503785706346649
0.5863207547169811    0.5080271201511317
0.5872641509433962    0.4696187618094645
0.5882075471698114    0.4828142714237797
0.5891509433962264    0.4764521507169899
0.5900943396226415    0.4875269534288922
0.5910377358490566    0.4821073691230128
0.5919811320754718    0.4766877848171333
0.5929245283018868    0.483049905524149
0.5938679245283018    0.48682005112812526
0.594811320754717    0.5054351450483199
0.5957547169811321    0.5110903634544549
0.5966981132075472    0.4821073691231262
0.5976415094339622    0.49553851283758343
0.5985849056603774    0.5000155607424405
0.5995283018867925    0.480693564521479
0.6004716981132076    0.5066133155497172
0.6014150943396226    0.49671668333886165
0.6023584905660377    0.5155674113593117
0.6033018867924529    0.5059064132488311
0.6042452830188679    0.4936534400356547
0.605188679245283    0.5289985550738825
0.6061320754716981    0.508498388351643
0.6070754716981133    0.5077914860508761
0.6080188679245283    0.5174524841614786
0.6089622641509433    0.5094409247526656
0.6099056603773585    0.506613315549598
0.6108490566037736    0.5026075358452523
0.6117924528301887    0.5075558519507399
0.6127358490566037    0.5245215071690256
0.6136792452830189    0.5306479937756718
0.614622641509434    0.5214582638657025
0.6155660377358491    0.503785706346649
0.6165094339622641    0.5271134822718374
0.6174528301886792    0.5233433366677475
0.6183962264150944    0.5353606757807845
0.6193396226415094    0.5127398021563649
0.6202830188679245    0.5299410914749051
0.6212264150943396    0.5271134822718374
0.6221698113207548    0.5240502389685143
0.6231132075471698    0.5306479937757967
0.6240566037735849    0.5186306546626349
0.625    0.5330043347782282
0.6259433962264151    0.5436078692897314
0.6268867924528302    0.5429009669890923
0.6278301886792452    0.5247571412692813
0.6287735849056604    0.5511481604979115
0.6297169811320755    0.5537401356007233
0.6306603773584906    0.5374813826832117
0.6316037735849056    0.5605735245081366
0.6325471698113208    0.538188284983852
0.6334905660377359    0.5436078692897314
0.6344339622641509    0.5313548960765638
0.635377358490566    0.552090696898934
0.6363207547169811    0.5643436701122265
0.6372641509433963    0.5709414249193842
0.6382075471698113    0.5662287429144048
0.6391509433962264    0.5725908636211735
0.6400943396226415    0.5827231299321655
0.6410377358490567    0.5699988885183616
0.6419811320754717    0.5853151050351151
0.6429245283018867    0.5624585973101814
0.6438679245283019    0.5801311548293535
0.644811320754717    0.5697632544181059
0.6457547169811321    0.5813093253307686
0.6466981132075471    0.59002778704009
0.6476415094339623    0.5652862065132491
0.6485849056603774    0.5494987217961221
0.6495283018867924    0.5671712793154275
0.6504716981132075    0.5862576414359999
0.6514150943396226    0.5662287429142715
0.6523584905660378    0.5827231299321655
0.6533018867924528    0.5761253751251435
0.6542452830188679    0.5737690341224516
0.655188679245283    0.5940335667444356
0.6561320754716982    0.5864932755362555
0.6570754716981132    0.5827231299323026
0.6580188679245282    0.5834300322329324
0.6589622641509434    0.5933266644436687
0.6599056603773585    0.5702345226186172
0.6608490566037736    0.5867289096366493
0.6617924528301886    0.5820162276313985
0.6627358490566038    0.5827231299321655
0.6636792452830189    0.567878181616061
0.664622641509434    0.5973324441481549
0.665566037735849    0.5803667889296091
0.6665094339622641    0.5796598866288424
0.6674528301886793    0.5829587640324211
0.6683962264150943    0.5584528176059673
0.6693396226415094    0.5992175169500594
0.6702830188679245    0.5829587640324211
0.6712264150943397    0.5834300322329324
0.6721698113207547    0.592855396243297
0.6731132075471697    0.5853151050349774
0.6740566037735849    0.5747115705234742
0.675    0.5935622985439243
0.6759433962264151    0.5874358119374162
0.6768867924528301    0.5945048349449468
0.6778301886792453    0.5902634211403456
0.6787735849056604    0.6055796376569613
0.6797169811320755    0.5945048349450868
0.6806603773584905    0.606993442258495
0.6816037735849056    0.6065221740579838
0.6825471698113208    0.595683005446225
0.6834905660377358    0.5864932755363935
0.6844339622641509    0.593091030343413
0.685377358490566    0.5978037123485256
0.6863207547169812    0.5782460820273086
0.6872641509433962    0.5904990552407401
0.6882075471698113    0.6041658330554275
0.6891509433962264    0.60510836945645
0.6900943396226416    0.5702345226186172
0.6910377358490567    0.6025163943536381
0.6919811320754717    0.5784817161277004
0.6929245283018868    0.6216027564743439
0.6938679245283019    0.611470490163352
0.6948113207547171    0.5978037123485256
0.6957547169811321    0.5973324441481549
0.6966981132075472    0.6305568522840578
0.6976415094339623    0.5992175169500594
0.6985849056603775    0.5996887851505706
0.6995283018867925    0.6140624652663084
0.7004716981132075    0.6194820495720432
0.7014150943396227    0.6223096587751108
0.7023584905660378    0.6027520284538938
0.7033018867924529    0.6093497832611947
0.7042452830188679    0.5952117372457137
0.7051886792452831    0.5945048349449468
0.7061320754716982    0.6201889518728102
0.7070754716981132    0.6001600533512231
0.7080188679245283    0.6197176836722988
0.7089622641509434    0.6060509058574726
0.7099056603773586    0.6178326108702539
0.7108490566037736    0.6406891185952005
0.7117924528301887    0.6003956874513375
0.7127358490566038    0.6350339001889146
0.713679245283019    0.6074647104590063
0.714622641509434    0.6150050016673311
0.715566037735849    0.5978037123485256
0.7165094339622642    0.6053440035567056
0.7174528301886793    0.6274936089807346
0.7183962264150944    0.6133555629655413
0.7193396226415094    0.6237234633766445
0.7202830188679246    0.6416316549960722
0.7212264150943397    0.6338557296876365
0.7221698113207548    0.6208958541737232
0.7231132075471698    0.625372902078434
0.7240566037735849    0.6512926531065529
0.7250000000000001    0.6199533177725546
0.7259433962264151    0.6192464154719334
0.7268867924528302    0.6388040457930046
0.7278301886792453    0.6319706568855915
0.7287735849056605    0.6065221740579838
0.7297169811320755    0.6319706568857403
0.7306603773584905    0.6277292430809902
0.7316037735849057    0.6439879959986284
0.7325471698113208    0.6371546070912153
0.7334905660377359    0.6555340669113084
0.7344339622641509    0.6640168945203567
0.7353773584905661    0.6706146493275142
0.7363207547169812    0.6635456263198455
0.7372641509433963    0.6531777259087517
0.7382075471698113    0.6614249194175448
0.7391509433962264    0.6456374347004178
0.7400943396226416    0.6614249194175448
0.7410377358490566    0.6706146493276721
0.7419811320754717    0.6899366455484757
0.7429245283018868    0.705488496165347
0.743867924528302    0.6885228409469419
0.744811320754717    0.7116149827721608
0.745754716981132    0.7076092030676477
0.7466981132075472    0.7045459597643245
0.7476415094339623    0.7064310325663696
0.7485849056603774    0.7045459597644904
0.7495283018867924    0.7307013448926992
0.7504716981132076    0.7193909080804292
0.7514150943396227    0.711850616872249
0.7523584905660378    0.7316438812938939
0.7533018867924528    0.7405979771034356
0.754245283018868    0.735885295098323
0.7551886792452831    0.7170345670778728
0.7561320754716981    0.7651039235302007
0.7570754716981132    0.7356496609980673
0.7580188679245283    0.7382416361008792
0.7589622641509435    0.7764143603422908
0.7599056603773585    0.7547360231189508
0.7608490566037736    0.7481382683116156
0.7617924528301887    0.761805046126442
0.7627358490566039    0.7610981438256751
0.7636792452830189    0.7804201400468203
0.7646226415094339    0.7726442147382008
0.7655660377358491    0.7947938201622298
0.7665094339622642    0.8190641324885592
0.7674528301886793    0.8016272090698316
0.7683962264150943    0.7910236745581397
0.7693396226415095    0.7985639657663198
0.7702830188679246    0.809167500277823
0.7712264150943396    0.8169434255864509
0.7721698113207547    0.8348516172056862
0.7731132075471698    0.8112882071801236
0.774056603773585    0.8070467933755223
0.775    0.8075180615762236
0.7759433962264151    0.8039835500721992
0.7768867924528302    0.8178859619872811
0.7778301886792454    0.8223630098921381
0.7787735849056604    0.8310814716017919
0.7797169811320754    0.8258975213959725
0.7806603773584906    0.809167500277823
0.7816037735849057    0.8131732799821687
0.7825471698113208    0.8459264199178999
0.7834905660377358    0.8233055462931607
0.784433962264151    0.8534667111258809
0.7853773584905661    0.8581793931309933
0.7863207547169812    0.842156274313809
0.7872641509433962    0.8482827609202571
0.7882075471698113    0.8515816383238358
0.7891509433962265    0.8570012226297152
0.7900943396226415    0.871846170946025
0.7910377358490566    0.8586506613315047
0.7919811320754717    0.8732599755473535
0.7929245283018869    0.8817428031565561
0.7938679245283019    0.8626564410360533
0.7948113207547169    0.8921107035678036
0.7957547169811321    0.8826853395575786
0.7966981132075472    0.8859842169611574
0.7976415094339623    0.8883405579639228
0.7985849056603773    0.8836278759586011
0.7995283018867925    0.9111970656885094
0.8004716981132076    0.9302834278092152
0.8014150943396227    0.9156741135935819
0.8023584905660377    0.9154384794931107
0.8033018867924528    0.9533755696342666
0.804245283018868    0.9368811826163729
0.805188679245283    0.9488985217296331
0.8061320754716981    0.9486628876291541
0.8070754716981132    0.9484272535288985
0.8080188679245284    0.9493697899299209
0.8089622641509434    0.9399444259199171
0.8099056603773584    0.944892742025064
0.8108490566037736    0.9807091252639193
0.8117924528301887    0.9484272535288985
0.8127358490566038    0.9887206846728434
0.8136792452830188    0.985421807269032
0.814622641509434    0.9927264643769563
0.8155660377358491    1.029014115816323
0.8165094339622642    0.9828298321664514
0.8174528301886792    1.009927753695617
0.8183962264150944    0.9924908302767007
0.8193396226415095    1.0179393131043084
0.8202830188679245    0.9825941980661957
0.8212264150943396    1.0299566522173453
0.8221698113207547    1.023358897410188
0.8231132075471699    1.0356118706234805
0.8240566037735849    1.0450372346339514
0.825    1.0584683783482762
0.8259433962264151    1.05234189174163
0.8268867924528303    1.0410314549293598
0.8278301886792453    1.063887962654406
0.8287735849056603    1.057997110147765
0.8297169811320755    1.0483361120372843
0.8306603773584906    1.064830499055178
0.8316037735849057    1.0744914971659119
0.8325471698113207    1.0433877959319162
0.8334905660377359    1.0964054684894322
0.834433962264151    1.0843881293763953
0.835377358490566    1.0499855507393208
0.8363207547169811    1.0546982327441863
0.8372641509433962    1.0678937423585015
0.8382075471698114    1.0789685450705158
0.8391509433962264    1.1013537845950596
0.8400943396226415    1.0848593975769065
0.8410377358490566    1.089572079582019
0.8419811320754718    1.0855662998776734
0.8429245283018868    1.0363187729244914
0.8438679245283018    1.074491497165659
0.844811320754717    1.0718995220628469
0.8457547169811321    1.0792041791707714
0.8466981132075472    1.0827386906748606
0.8476415094339622    1.1128998555073262
0.8485849056603774    1.0989974435922443
0.8495283018867925    1.089100811381508
0.8504716981132076    1.1067733689009402
0.8514150943396226    1.0740202289651477
0.8523584905660377    1.0966411025896878
0.8533018867924529    1.077554740468982
0.8542452830188679    1.1124285873070767
0.855188679245283    1.112428587306815
0.8561320754716981    1.1025319550960786
0.8570754716981133    1.1011181504945446
0.8580188679245283    1.111486050906054
0.8589622641509433    1.0994687117927555
0.8599056603773585    1.1225608536178069
0.8608490566037736    1.1013537845948003
0.8617924528301887    1.1126642214073323
0.8627358490566037    1.1018250527953117
0.8636792452830189    1.089572079582019
0.864622641509434    1.1140780260086043
0.8655660377358491    1.1053595642994063
0.8665094339622641    1.0992330776925
0.8674528301886792    1.1258597310213856
0.8683962264150944    1.1138423919083487
0.8693396226415094    1.0874513726799744
0.8702830188679245    1.1319862176280318
0.8712264150943396    1.1107791486050254
0.8721698113207548    1.1001756140935222
0.8731132075471698    1.1091297099034971
0.8740566037735849    1.112428587306815
0.875    1.1449460931420914
0.8759433962264151    1.0926353228853423
0.8768867924528302    1.1081871735024744
0.8778301886792452    1.127509169723175
0.8787735849056604    1.1169056352116717
0.8797169811320755    1.1343425586305882
0.8806603773584906    1.0916927864845767
0.8816037735849056    1.1159630988106493
0.8825471698113208    1.0999399799932668
0.8834905660377359    1.0834455929753728
0.8844339622641509    1.1359919973326449
0.885377358490566    1.1058308324996573
0.8863207547169811    1.107244637101191
0.8872641509433963    1.119968878514995
0.8882075471698113    1.0822674224743494
0.8891509433962264    1.0888651772812523
0.8900943396226415    1.0799110814715382
0.8910377358490567    1.080853617872561
0.8919811320754717    1.0690719128600312
0.8929245283018867    1.041502723129871
0.8938679245283019    1.0476292097365174
0.894811320754717    1.0513993553406074
0.8957547169811321    1.0174680449040368
0.8966981132075471    1.0436234300321718
0.8976415094339623    1.0379682116260367
0.8985849056603774    1.0063932421917827
0.8995283018867924    1.03419806602219
0.9004716981132075    1.0122840946981733
0.9014150943396226    1.020766922307376
0.9023584905660378    1.0297210181170897
0.9033018867924528    0.997910414582815
0.9042452830188679    0.9865999777703102
0.905188679245283    0.989191952873122
0.9061320754716982    0.962094031343725
0.9070754716981132    0.9974391463823038
0.9080188679245282    0.9712837612536943
0.9089622641509434    0.9755251750582956
0.9099056603773585    0.9734044681559949
0.9108490566037736    0.9705768589531559
0.9117924528301886    0.9896632210736332
0.9127358490566038    0.985421807269032
0.9136792452830189    0.9800022229631526
0.914622641509434    0.9722262976549456
0.915566037735849    0.9804734911636637
0.9165094339622641    0.975996443258807
0.9174528301886793    1.00168056018667
0.9183962264150943    0.98235856396594
0.9193396226415094    0.9783527842613631
0.9202830188679245    0.9915482938756782
0.9212264150943397    0.9792953206623857
0.9221698113207547    0.9526686673337239
0.9231132075471697    0.9769389796598292
0.9240566037735849    0.9825941980659645
0.925    0.9769389796598292
0.9259433962264151    0.9837723685674741
0.9268867924528301    0.9352317439145833
0.9278301886792453    0.9347604757140721
0.9287735849056604    0.9628009336444917
0.9297169811320755    0.9788240524621048
0.9306603773584905    0.9630365677447473
0.9316037735849056    0.9467778148271091
0.9325471698113208    0.9305190619094709
0.933490566037736    0.9701055907524161
0.934433962264151    0.9752895409582696
0.935377358490566    0.965157274647048
0.9363207547169812    0.9941402689784903
0.9372641509433963    0.9675136156496043
0.9382075471698114    1.0099277536958549
0.9391509433962264    0.997439146382069
0.9400943396226416    1.002387462487437
0.9410377358490567    1.034669334222458
0.9419811320754717    1.0174680449040368
0.9429245283018868    1.0136978992997072
0.9438679245283019    1.037732577525781
0.9448113207547171    1.0704857174613134
0.9457547169811321    1.0723707902636108
0.9466981132075472    1.064830499055178
0.9476415094339623    1.1011181504945446
0.9485849056603775    1.0810892519728166
0.9495283018867925    1.0940491274871336
0.9504716981132075    1.1006468822940334
0.9514150943396227    1.0949916638878985
0.9523584905660378    1.1187907080137167
0.9533018867924529    1.1190263421142357
0.9542452830188679    1.1230321218183181
0.9551886792452831    1.1531932866510382
0.9561320754716982    1.1265666333221525
0.9570754716981132    1.1390552406359686
0.9580188679245283    1.1147849283093711
0.9589622641509434    1.1430610203400462
0.9599056603773586    1.1649749916638197
0.9608490566037736    1.158848505057446
0.9617924528301887    1.1164343670111605
0.9627358490566038    1.141411581638257
0.963679245283019    1.1107791486050254
0.964622641509434    1.1105435145050313
0.965566037735849    1.0914571523840642
0.9665094339622642    1.084623763476651
0.9674528301886793    1.0407958208291042
0.9683962264150944    0.9898988551741218
0.9693396226415094    0.9385306213181621
0.9702830188679246    0.870432366344286
0.9712264150943397    0.8094031343780786
0.9721698113207548    0.7516727798156269
0.9731132075471698    0.6340913637878921
0.9740566037735849    0.5417227964876864
0.9750000000000001    0.4783372235189227
0.9759433962264151    0.37088807380244415
0.9768867924528302    0.30679559853282634
0.9778301886792453    0.213484494831598
0.9787735849056605    0.1328976325441736
0.9797169811320755    0.08789151939536954
0.9806603773584905    0.04901189285317041
0.9816037735849057    0.017672557519172023
0.9825471698113208    0.007069023007668809
0.9834905660377359    0.0014138046015340945
0.9844339622641509    0.0007069023007668808
0.9853773584905661    0.0
0.9863207547169812    0.0
0.9872641509433963    0.0
0.9882075471698113    0.0
0.9891509433962264    0.0
0.9900943396226416    0.0
0.9910377358490566    0.0
0.9919811320754717    0.0
0.9929245283018868    0.0
0.993867924528302    0.0
0.994811320754717    0.0
0.995754716981132    0.0
0.9966981132075472    0.0
0.9976415094339623    0.0
0.9985849056603774    0.0
0.9995283018867924    0.0