-0.9995283018867924    0.0
-0.9985849056603773    0.0
-0.9976415094339622    0.0
-0.9966981132075472    0.0
-0.995754716981132    0.0
-0.9948113207547169    0.0
-0.9938679245283019    0.0
-0.9929245283018868    0.0
-0.9919811320754717    0.0
-0.9910377358490565    0.0
-0.9900943396226415    0.0
-0.9891509433962264    0.0
-0.9882075471698113    0.0
-0.9872641509433961    0.00023563410025565466
-0.9863207547169811    0.0
-0.9853773584905661    0.0007069023007669641
-0.9844339622641509    0.0037701456040900314
-0.9834905660377358    0.01555185061687321
-0.9825471698113207    0.051368233855726676
-0.9816037735849057    0.1366677781482797
-0.9806603773584905    0.28629543181058675
-0.9797169811320754    0.5405446259864718
-0.9787735849056604    0.9552606424363118
-0.9778301886792453    1.5344492608648235
-0.9768867924528302    2.371892853173141
-0.975943396226415    3.3059464265868352
-0.975    4.415311770589938
-0.9740566037735849    5.712477492497836
-0.9731132075471698    7.022367455818195
-0.9721698113207546    8.17037679226457
-0.9712264150943396    9.300242302989341
-0.9702830188679246    10.250790263421747
-0.9693396226415094    11.086348782926994
-0.9683962264150943    11.603801267089715
-0.9674528301886792    11.879493164387434
-0.9665094339622642    11.978695120596461
-0.965566037735849    11.993304434810902
-0.9646226415094339    11.850745804157642
-0.9636792452830188    11.58377236856662
-0.9627358490566038    11.141251528287864
-0.9617924528301887    10.723236634433071
-0.9608490566037735    10.187875958653485
-0.9599056603773585    9.618819606534949
-0.9589622641509434    9.17677003445647
-0.9580188679245283    8.653897965988156
-0.9570754716981131    8.090025564077393
-0.9561320754716981    7.616636656662885
-0.9551886792452831    7.165397354674203
-0.9542452830188679    6.702847615871565
-0.9533018867924528    6.271872846504761
-0.9523584905660377    5.9283183283313186
-0.9514150943396227    5.553895743025781
-0.9504716981132075    5.292341891741381
-0.9495283018867924    5.088047126820352
-0.9485849056603773    4.849349783260803
-0.9476415094339623    4.589916638879897
-0.9466981132075472    4.3387306880068595
-0.945754716981132    4.152108480604891
-0.944811320754717    3.929669889963091
-0.9438679245283019    3.7378637323554504
-0.9429245283018868    3.5891786150937097
-0.9419811320754716    3.443085472935626
-0.9410377358490566    3.2319573191061792
-0.9400943396226416    3.1761120373459697
-0.9391509433962264    3.037559186395287
-0.9382075471698113    2.9638057130156246
-0.9372641509433962    2.760217850394414
-0.9363207547169812    2.6942403023231556
-0.935377358490566    2.5655840835832664
-0.9344339622641509    2.4890030010004804
-0.9334905660377358    2.451537179059543
-0.9325471698113208    2.3443236634435083
-0.9316037735849056    2.236638879626411
-0.9306603773584905    2.174195843058926
-0.9297169811320755    2.045775258419353
-0.9287735849056604    1.9894587084584927
-0.9278301886792453    1.9206535511836154
-0.9268867924528301    1.8063710125598487
-0.9259433962264151    1.7684339224184802
-0.925    1.682191841725119
-0.9240566037735849    1.6640480160052376
-0.9231132075471697    1.6082027342448433
-0.9221698113207547    1.5125352895408695
-0.9212264150943397    1.4760120040014209
-0.9202830188679245    1.4366611092585575
-0.9193396226415094    1.3735111703902112
-0.9183962264150943    1.351832833166532
-0.9174528301886793    1.3134244748250192
-0.9165094339622641    1.2865621873957231
-0.915566037735849    1.242498610648067
-0.914622641509434    1.2172857619205688
-0.9136792452830189    1.2219984439258254
-0.9127358490566038    1.185003890185548
-0.9117924528301886    1.148480604646061
-0.9108490566037736    1.100882516394289
-0.9099056603773585    1.0820317883739663
-0.9089622641509434    1.0457441369344724
-0.9080188679245282    1.0382038457264144
-0.9070754716981132    1.0028587306879484
-0.9061320754716982    0.9979104145826977
-0.905188679245283    0.9750539068577844
-0.9042452830188679    0.9653929087474171
-0.9033018867924528    0.9276914527064034
-0.9023584905660378    0.8970590196732774
-0.9014150943396226    0.8617139046348278
-0.9004716981132075    0.8812715349561485
-0.8995283018867924    0.862185172835339
-0.8985849056603774    0.8862198510615173
-0.8976415094339623    0.8635989774368728
-0.8966981132075471    0.8355585195065516
-0.8957547169811321    0.8372079582082426
-0.894811320754717    0.8445126153162664
-0.8938679245283019    0.838150494609265
-0.8929245283018867    0.8063398910748504
-0.8919811320754717    0.8134089140824242
-0.8910377358490567    0.7945581860620675
-0.8900943396226415    0.8065755251750111
-0.8891509433962264    0.8195354006891671
-0.8882075471698113    0.8020984772701542
-0.8872641509433963    0.8303745693009271
-0.8863207547169811    0.7884316994553279
-0.885377358490566    0.8075180615761286
-0.8844339622641509    0.7905524063576284
-0.8834905660377359    0.7943225519618119
-0.8825471698113208    0.7811270423474034
-0.8816037735849056    0.7823052128487735
-0.8806603773584906    0.7775925308435689
-0.8797169811320755    0.7705235078359909
-0.8787735849056604    0.7761787262420351
-0.8778301886792452    0.760862509725509
-0.8768867924528302    0.7625119484272088
-0.8759433962264151    0.7474313660109366
-0.875    0.7613337779259307
-0.8740566037735849    0.7563854618206516
-0.8731132075471698    0.696063132155122
-0.8721698113207548    0.7177414693787242
-0.8712264150943396    0.7047815938645803
-0.8702830188679245    0.6988907413582718
-0.8693396226415094    0.7045459597643245
-0.8683962264150944    0.6774480382350073
-0.8674528301886792    0.6503501167055304
-0.8665094339622641    0.6583616761142992
-0.8655660377358491    0.6593042125152443
-0.864622641509434    0.6487006780038174
-0.8636792452830189    0.660011114816011
-0.8627358490566037    0.6331488273869441
-0.8617924528301887    0.6484650439034854
-0.8608490566037736    0.6124130265644465
-0.8599056603773585    0.6369189729909597
-0.8589622641509433    0.6013382238524307
-0.8580188679245283    0.60887851506054
-0.8570754716981133    0.5893208847393924
-0.8561320754716981    0.5923841280426462
-0.855188679245283    0.5926197621429715
-0.8542452830188679    0.5775391797265417
-0.8533018867924529    0.5897921529399037
-0.8523584905660377    0.5801311548293535
-0.8514150943396226    0.5617516950094809
-0.8504716981132076    0.5579815494053246
-0.8495283018867925    0.5471423807936302
-0.8485849056603774    0.5513837945981671
-0.8476415094339622    0.5174524841614176
-0.8466981132075472    0.5195731910636575
-0.8457547169811321    0.5174524841614176
-0.844811320754717    0.5245215071690256
-0.8438679245283018    0.5087340224519584
-0.8429245283018868    0.5054351450483199
-0.8419811320754718    0.4623141047015945
-0.8410377358490566    0.49247526953426035
-0.8400943396226415    0.48469934422588173
-0.8391509433962264    0.46796932310767514
-0.8382075471698114    0.46419917750363976
-0.8372641509433962    0.4938890741357941
-0.8363207547169811    0.46066466599980493
-0.835377358490566    0.4564232521951494
-0.834433962264151    0.47456707791488856
-0.8334905660377359    0.45453817939310437
-0.8325471698113207    0.4594864954985266
-0.8316037735849057    0.45524508169387123
-0.8306603773584906    0.4399288651773073
-0.8297169811320755    0.45171057019003685
-0.8287735849056603    0.43875069467602906
-0.8278301886792453    0.43238857396907543
-0.8268867924528303    0.44134266977884123
-0.8259433962264151    0.43592308547290987
-0.825    0.4342736467711716
-0.8240566037735849    0.4257908191619179
-0.8231132075471699    0.44958986328778916
-0.8221698113207547    0.41683672335220406
-0.8212264150943396    0.41306657774816263
-0.8202830188679245    0.4123596754473472
-0.8193396226415095    0.4026986773369139
-0.8183962264150944    0.4041124819384002
-0.8174528301886792    0.39138824052459636
-0.816509433962264    0.405997554740493
-0.8155660377358491    0.36523285539626477
-0.814622641509434    0.3836123152161607
-0.8136792452830188    0.3661753917972443
-0.8127358490566037    0.38031343781262666
-0.8117924528301887    0.37112370790265614
-0.8108490566037736    0.3539224185839517
-0.8099056603773584    0.3506235411803729
-0.8089622641509433    0.33766366566635314
-0.8080188679245284    0.32682449705459304
-0.8070754716981132    0.3364854951650353
-0.8061320754716981    0.3152784261420289
-0.8051886792452829    0.3188129376459008
-0.804245283018868    0.3082094031343963
-0.8033018867924528    0.30467489163052563
-0.8023584905660377    0.3016116483272025
-0.8014150943396225    0.2893586751139439
-0.8004716981132076    0.28794487051241
-0.7995283018867925    0.28111148160496296
-0.7985849056603773    0.288651772813143
-0.7976415094339622    0.28441035900857525
-0.7966981132075472    0.2657952650883785
-0.7957547169811321    0.2799333111036848
-0.7948113207547169    0.2806402134044517
-0.7938679245283018    0.26084694898300975
-0.7929245283018869    0.26626653328888983
-0.7919811320754717    0.26815160609090344
-0.7910377358490566    0.26791597199064787
-0.7900943396226414    0.25472046237636276
-0.7891509433962265    0.2714504834945142
-0.7882075471698113    0.2721573857952492
-0.7872641509433962    0.24458819606534077
-0.786320754716981    0.2624963876847993
-0.7853773584905661    0.24128931866179038
-0.784433962264151    0.25024341447147586
-0.7834905660377358    0.2415249527620176
-0.7825471698113207    0.24152495276204608
-0.7816037735849057    0.23586973435591033
-0.7806603773584906    0.23751917305767198
-0.7797169811320754    0.22927197954872502
-0.7787735849056603    0.2434100255640913
-0.7778301886792454    0.2391686117594895
-0.7768867924528302    0.23704790485716074
-0.7759433962264151    0.22880071134821378
-0.7749999999999999    0.22903634544849635
-0.774056603773585    0.23327775925309813
-0.7731132075471698    0.22880071134821378
-0.7721698113207547    0.22055351783926683
-0.7712264150943395    0.2339846615538651
-0.7702830188679246    0.23422029565412075
-0.7693396226415095    0.22526619984437937
-0.7683962264150943    0.23469156385460443
-0.7674528301886792    0.2391686117594895
-0.7665094339622642    0.24835834166946003
-0.7655660377358491    0.2389329776592057
-0.7646226415094339    0.24317439146380704
-0.7636792452830188    0.24152495276204608
-0.7627358490566039    0.24246748916306868
-0.7617924528301887    0.2419962209625289
-0.7608490566037736    0.24553073246636328
-0.7599056603773584    0.254484828276107
-0.7589622641509435    0.25047904857176095
-0.7580188679245283    0.2587262420806784
-0.7570754716981132    0.25212848727352083
-0.756132075471698    0.26626653328888983
-0.7551886792452831    0.26603089918863415
-0.754245283018868    0.2665021673891141
-0.7533018867924528    0.2584906079804228
-0.7523584905660377    0.2709792152940029
-0.7514150943396227    0.26084694898300975
-0.7504716981132076    0.26768033789039225
-0.7495283018867924    0.2596687784817009
-0.7485849056603773    0.2780482383016725
-0.7476415094339623    0.2702723129932359
-0.7466981132075472    0.27050794709345977
-0.745754716981132    0.28605979771033113
-0.7448113207547169    0.2775769701011612
-0.743867924528302    0.2740424585973264
-0.7429245283018868    0.270979215293971
-0.7419811320754717    0.2895943092141655
-0.7410377358490565    0.2780482383016725
-0.7400943396226416    0.2804045793042291
-0.7391509433962264    0.2841747249082861
-0.7382075471698113    0.27145048349448225
-0.7372641509433961    0.2629676558853106
-0.7363207547169812    0.27074358119374725
-0.7353773584905661    0.2716861175947379
-0.7344339622641509    0.26555963098809154
-0.7334905660377358    0.2573124374791749
-0.7325471698113208    0.24977214627099398
-0.7316037735849057    0.2504790485717314
-0.7306603773584905    0.24882960986994207
-0.7297169811320754    0.24435256196511393
-0.7287735849056605    0.2318639546515642
-0.7278301886792453    0.24341002556406263
-0.7268867924528302    0.22691563854616875
-0.725943396226415    0.23492719795488773
-0.7250000000000001    0.2313926864510529
-0.7240566037735849    0.2368122707569051
-0.7231132075471698    0.24553073246636328
-0.7221698113207546    0.23280649105258683
-0.7212264150943397    0.22738690674670678
-0.7202830188679246    0.21701900633543242
-0.7193396226415094    0.22408802934310124
-0.7183962264150943    0.21772590863622493
-0.7174528301886793    0.22785817494721808
-0.7165094339622642    0.21866844503722183
-0.715566037735849    0.23516283205511573
-0.7146226415094339    0.23209958875181988
-0.713679245283019    0.23351339335335378
-0.7127358490566038    0.21301322663108677
-0.7117924528301887    0.22408802934310124
-0.7108490566037735    0.22691563854619545
-0.7099056603773586    0.2141913971323901
-0.7089622641509434    0.22503056574412372
-0.7080188679245283    0.22432366344335686
-0.7070754716981131    0.20830054462599873
-0.7061320754716982    0.22644437034568415
-0.7051886792452831    0.20052461931753854
-0.7042452830188679    0.20146715571856105
-0.7033018867924528    0.20830054462599873
-0.7023584905660378    0.20099588751807346
-0.7014150943396227    0.20052461931753854
-0.7004716981132075    0.19958208291651602
-0.6995283018867924    0.18992108480605766
-0.6985849056603775    0.19251305990886988
-0.6976415094339623    0.19981771701677165
-0.6966981132075472    0.2009958875180498
-0.695754716981132    0.1819095253973654
-0.6948113207547171    0.17955318439480888
-0.6938679245283019    0.17460486828941957
-0.6929245283018868    0.17107035678558516
-0.6919811320754716    0.18850728020452373
-0.6910377358490567    0.1771968433922523
-0.6900943396226416    0.1738979659886527
-0.6891509433962264    0.17743247749248708
-0.6882075471698113    0.16730021118151484
-0.6872641509433963    0.1642369678781913
-0.6863207547169812    0.17271979548737457
-0.685377358490566    0.16376569967766072
-0.6844339622641509    0.16989218628432703
-0.683490566037736    0.17295542958765053
-0.6825471698113208    0.17790374569299836
-0.6816037735849056    0.1738979659886527
-0.6806603773584905    0.16753584528177048
-0.6797169811320756    0.16258752917640173
-0.6787735849056604    0.164236967878172
-0.6778301886792453    0.16353006557740513
-0.6768867924528301    0.16753584528177048
-0.6759433962264152    0.16258752917640173
-0.675    0.16565077247970575
-0.6740566037735849    0.17012782038456267
-0.6731132075471697    0.16682894298100354
-0.6721698113207548    0.15740357897077734
-0.6712264150943397    0.14986328776257876
-0.6702830188679245    0.15410470156718004
-0.6693396226415094    0.15740357897077734
-0.6683962264150944    0.14892075136157376
-0.6674528301886793    0.16847838168277326
-0.6665094339622641    0.15716794487050317
-0.665566037735849    0.13808158274981364
-0.6646226415094341    0.16046682227410083
-0.6636792452830189    0.1432655329554212
-0.6627358490566038    0.14185172835388743
-0.6617924528301886    0.15080582416361898
-0.6608490566037737    0.13548960764700144
-0.6599056603773585    0.14114482605312054
-0.6589622641509434    0.1258286095365048
-0.6580188679245282    0.13973102145160324
-0.6570754716981133    0.14609314215850588
-0.6561320754716982    0.13101255974212858
-0.655188679245283    0.13737468044903053
-0.6542452830188679    0.1387884850505806
-0.6533018867924529    0.131012559742144
-0.6523584905660378    0.12135156163164788
-0.6514150943396226    0.12912748694008358
-0.6504716981132075    0.1314838279426553
-0.6495283018867926    0.11310436812271425
-0.6485849056603774    0.13266199844391796
-0.6476415094339623    0.13431143714570737
-0.6466981132075471    0.1270067800377979
-0.6457547169811322    0.11852395242859431
-0.644811320754717    0.13171946204289547
-0.6438679245283019    0.13336890074468485
-0.6429245283018867    0.1211159275314065
-0.6419811320754718    0.12865621873958746
-0.6410377358490567    0.12135156163164788
-0.6400943396226415    0.12017339113036975
-0.6391509433962264    0.11640324552629341
-0.6382075471698113    0.12441480493497103
-0.6372641509433963    0.1133400022229699
-0.6363207547169811    0.122529732132926
-0.635377358490566    0.12818495053906107
-0.6344339622641508    0.12205846393242914
-0.6334905660377359    0.11899522062910563
-0.6325471698113208    0.12629987773701606
-0.6316037735849056    0.12417917083471541
-0.6306603773584905    0.11923085472936126
-0.6297169811320755    0.12842058463933181
-0.6287735849056604    0.11357563632321219
-0.6278301886792452    0.12347226853394852
-0.6268867924528301    0.13548960764700144
-0.6259433962264151    0.12088029343115085
-0.625    0.11711014782704661
-0.6240566037735849    0.11475380682449032
-0.6231132075471697    0.12606424363677526
-0.6221698113207548    0.11899522062910563
-0.6212264150943396    0.13077692564187296
-0.6202830188679245    0.12300100033343726
-0.6193396226415093    0.13077692564188834
-0.6183962264150944    0.1293631210403544
-0.6174528301886792    0.11875958652883599
-0.6165094339622641    0.1354896076469855
-0.615566037735849    0.12347226853396306
-0.614622641509434    0.12417917083473001
-0.6136792452830189    0.12488607313548228
-0.6127358490566037    0.13242636434366234
-0.6117924528301886    0.13949538735134756
-0.6108490566037736    0.14161609425364846
-0.6099056603773585    0.13077692564187296
-0.6089622641509433    0.13478270534621864
-0.6080188679245282    0.1288918528398431
-0.6070754716981133    0.1253573413360083
-0.6061320754716981    0.12794931643880544
-0.605188679245283    0.1529265310659019
-0.6042452830188678    0.14208736245415976
-0.6033018867924529    0.1425586306546711
-0.6023584905660377    0.13596087584749675
-0.6014150943396226    0.14915638546181187
-0.6004716981132074    0.14232299655441544
-0.5995283018867925    0.14939201956208506
-0.5985849056603774    0.14373680115593243
-0.5976415094339622    0.15198399466487938
-0.5966981132075471    0.13690341224853536
-0.5957547169811321    0.15316216516617556
-0.594811320754717    0.15009892186283438
-0.5938679245283018    0.1442080693564437
-0.5929245283018867    0.14656441035901724
-0.5919811320754718    0.1571679448705217
-0.5910377358490566    0.16800711348226202
-0.5900943396226415    0.1583461153717813
-0.5891509433962263    0.16400133377793566
-0.5882075471698114    0.16023118817384518
-0.5872641509433962    0.16470823607868323
-0.5863207547169811    0.1581104812715257
-0.5853773584905659    0.15975991997333389
-0.584433962264151    0.1571679448705217
-0.5834905660377359    0.16541513837945013
-0.5825471698113207    0.17366233188839708
-0.5816037735849056    0.14939201956208506
-0.5806603773584906    0.1642369678781913
-0.5797169811320755    0.16871401578302891
-0.5787735849056603    0.17625430699120898
-0.5778301886792452    0.1632944314771687
-0.5768867924528303    0.1663576747804922
-0.5759433962264151    0.17554740469044208
-0.575    0.16353006557740513
-0.5740566037735848    0.1642369678781913
-0.5731132075471699    0.1663576747804922
-0.5721698113207547    0.164236967878172
-0.5712264150943396    0.1625875291763826
-0.5702830188679244    0.18591530510171153
-0.5693396226415095    0.18214515949762108
-0.5683962264150944    0.17177725908635205
-0.5674528301886792    0.16753584528175078
-0.566509433962264    0.16942091808381574
-0.5655660377358491    0.1684783816827931
-0.564622641509434    0.16140935867510445
-0.5636792452830188    0.1644726019784276
-0.5627358490566037    0.17012782038458268
-0.5617924528301887    0.1585817494720556
-0.5608490566037736    0.16871401578302891
-0.5599056603773584    0.1644726019784276
-0.5589622641509433    0.1581104812715443
-0.5580188679245284    0.1689496498833044
-0.5570754716981132    0.15716794487050317
-0.5561320754716981    0.15080582416360125
-0.5551886792452829    0.1632944314771687
-0.554245283018868    0.17083472268534966
-0.5533018867924528    0.1616449927753601
-0.5523584905660377    0.1512770923641125
-0.5514150943396225    0.156932310770266
-0.5504716981132076    0.16706457708125916
-0.5495283018867925    0.1581104812715257
-0.5485849056603773    0.15009892186283438
-0.5476415094339622    0.14467933755697196
-0.5466981132075472    0.1545759697677095
-0.5457547169811321    0.15363343336666876
-0.5448113207547169    0.1644726019784276
-0.5438679245283018    0.14939201956208506
-0.5429245283018869    0.16140935867512346
-0.5419811320754717    0.15363343336666876
-0.5410377358490566    0.15952428587305945
-0.5400943396226414    0.1413804601533928
-0.5391509433962265    0.13713904634879104
-0.5382075471698113    0.15033455596308998
-0.5372641509433962    0.13501833944647423
-0.536320754716981    0.15269089696566424
-0.5353773584905661    0.1413804601533928
-0.534433962264151    0.13643214404800802
-0.5334905660377358    0.14373680115593243
-0.5325471698113207    0.14750694676003984
-0.5316037735849057    0.14892075136157376
-0.5306603773584906    0.14043792375235367
-0.5297169811320754    0.13572524174724113
-0.5287735849056603    0.14797821496055116
-0.5278301886792454    0.14114482605313716
-0.5268867924528302    0.1458575080582331
-0.5259433962264151    0.1416160942536318
-0.5249999999999999    0.13548960764700144
-0.524056603773585    0.131012559742144
-0.5231132075471698    0.13171946204289547
-0.5221698113207547    0.13784594864954178
-0.5212264150943395    0.13384016894521186
-0.5202830188679246    0.13949538735134756
-0.5193396226415095    0.13713904634877488
-0.5183962264150943    0.15033455596308998
-0.5174528301886792    0.1305412915416327
-0.5165094339622642    0.14067355785262584
-0.5155660377358491    0.13077692564187296
-0.5146226415094339    0.13596087584749675
-0.5136792452830188    0.14232299655441544
-0.5127358490566039    0.13548960764700144
-0.5117924528301887    0.12488607313548228
-0.5108490566037736    0.13761031454928613
-0.5099056603773584    0.12276536623319609
-0.5089622641509435    0.1298343892408657
-0.5080188679245283    0.13219073024340675
-0.5070754716981132    0.12629987773701606
-0.506132075471698    0.12417917083473001
-0.5051886792452831    0.12488607313549699
-0.504245283018868    0.12229409803267038
-0.5033018867924528    0.12465043903522667
-0.5023584905660377    0.11970212292987258
-0.5014150943396227    0.12771368233856484
-0.5004716981132076    0.11310436812270094
-0.4995283018867924    0.11687451372679096
-0.49858490566037733    0.11616761142603775
-0.49764150943396224    0.10768478381682152
-0.49669811320754714    0.11475380682450384
-0.49575471698113205    0.11216183172167843
-0.49481132075471695    0.11687451372680473
-0.49386792452830186    0.11121929532065593
-0.49292452830188677    0.1211159275314065
-0.49198113207547167    0.12724241413803855
-0.4910377358490566    0.11663887962654906
-0.4900943396226415    0.11734578192730222
-0.4891509433962264    0.1107480271201577
-0.4882075471698113    0.11004112481937778
-0.4872641509433962    0.11004112481939074
-0.4863207547169811    0.11121929532065593
-0.485377358490566    0.1060353451150446
-0.4844339622641509    0.10532844281426525
-0.4834905660377358    0.1081560520173455
-0.48254716981132073    0.11875958652883599
-0.48160377358490564    0.10721351561632288
-0.48066037735849054    0.11027675891963341
-0.47971698113207545    0.11475380682450384
-0.47877358490566035    0.11121929532065593
-0.47783018867924526    0.11428253862399253
-0.47688679245283017    0.10485717461375399
-0.47594339622641507    0.1159319773257821
-0.475    0.11546070912525722
-0.4740566037735849    0.11404690452373688
-0.4731132075471698    0.10202956541068647
-0.4721698113207547    0.11121929532066901
-0.4712264150943396    0.11687451372679096
-0.4702830188679245    0.12088029343115085
-0.4693396226415094    0.12182282983215914
-0.4683962264150943    0.12842058463933181
-0.4674528301886792    0.12276536623318164
-0.46650943396226413    0.1272424141380535
-0.46556603773584904    0.13054129154161734
-0.46462264150943394    0.12865621873958746
-0.46367924528301885    0.1354896076469855
-0.46273584905660375    0.13124819384239966
-0.46179245283018866    0.12983438924085045
-0.46084905660377357    0.13384016894521186
-0.45990566037735847    0.13242636434366234
-0.4589622641509434    0.1272424141380535
-0.4580188679245283    0.1435011670556768
-0.4570754716981132    0.1274780482383092
-0.4561320754716981    0.12771368233854982
-0.455188679245283    0.12559297543626396
-0.4542452830188679    0.12394353673445978
-0.4533018867924528    0.1340758030454675
-0.4523584905660377    0.13761031454928613
-0.4514150943396226    0.1326619984439336
-0.45047169811320753    0.12629987773701606
-0.44952830188679244    0.1345470712459788
-0.44858490566037734    0.12724241413803855
-0.44764150943396225    0.12771368233856484
-0.44669811320754715    0.12417917083471541
-0.44575471698113206    0.11970212292987258
-0.44481132075471697    0.13101255974212858
-0.44386792452830187    0.12040902523063955
-0.4429245283018868    0.12629987773701606
-0.4419811320754717    0.11404690452373688
-0.4410377358490566    0.11216183172167843
-0.4400943396226415    0.11522507502501514
-0.4391509433962264    0.11145492942091155
-0.4382075471698113    0.11404690452373688
-0.4372641509433962    0.10603534511503214
-0.4363207547169811    0.10061576080916455
-0.435377358490566    0.10415027231298711
-0.43443396226415093    0.10226519951095414
-0.43349056603773584    0.10980549071912217
-0.43254716981132074    0.1029721018117211
-0.43160377358490565    0.09731688340557393
-0.43066037735849055    0.10391463821274372
-0.42971698113207546    0.09637434700455141
-0.42877358490566037    0.10250083361120979
-0.42783018867924527    0.10155829721017522
-0.4268867924528302    0.09590307880405147
-0.4259433962264151    0.09755251750582956
-0.425    0.0956674447037958
-0.4240566037735849    0.09613871290429579
-0.4231132075471698    0.09708124930532973
-0.4221698113207547    0.0987306880071077
-0.4212264150943396    0.10579971101478895
-0.4202830188679245    0.09849505390685206
-0.4193396226415094    0.10367900411248805
-0.41839622641509433    0.09684561520506267
-0.41745283018867924    0.1034433700122324
-0.41650943396226414    0.11051239301988904
-0.41556603773584905    0.10839168611760115
-0.41462264150943395    0.10980549071912217
-0.41367924528301886    0.10956985661887943
-0.41273584905660377    0.11522507502500158
-0.41179245283018867    0.10391463821274372
-0.4108490566037736    0.1057997110147765
-0.4099056603773585    0.10509280871402199
-0.4089622641509434    0.11074802712014467
-0.4080188679245283    0.11239746582194729
-0.4070754716981132    0.10250083361119773
-0.4061320754716981    0.10202956541069848
-0.405188679245283    0.12040902523062537
-0.4042452830188679    0.11027675891964639
-0.4033018867924528    0.11074802712014467
-0.40235849056603773    0.10792041791708985
-0.40141509433962264    0.11687451372679096
-0.40047169811320754    0.11498944092475949
-0.39952830188679245    0.11192619762142281
-0.39858490566037735    0.10909858841836811
-0.39764150943396226    0.12111592753139226
-0.39669811320754716    0.11381127042348121
-0.39575471698113207    0.10721351561631026
-0.394811320754717    0.10579971101478895
-0.3938679245283019    0.11121929532065593
-0.3929245283018868    0.11498944092475949
-0.3919811320754717    0.11404690452372344
-0.3910377358490566    0.1237079026342187
-0.3900943396226415    0.11098366122040029
-0.3891509433962264    0.11051239301990204
-0.3882075471698113    0.11051239301988904
-0.3872641509433962    0.11734578192731604
-0.38632075471698113    0.12300100033343726
-0.38537735849056604    0.11758141602757168
-0.38443396226415094    0.11145492942091155
-0.38349056603773585    0.11404690452373688
-0.38254716981132075    0.11027675891963341
-0.38160377358490566    0.11216183172169163
-0.38066037735849056    0.10815605201733278
-0.37971698113207547    0.11121929532066901
-0.3787735849056604    0.11475380682449032
-0.3778301886792453    0.11192619762143598
-0.3768867924528302    0.11475380682449032
-0.3759433962264151    0.11687451372680473
-0.375    0.10650661331554338
-0.3740566037735849    0.1133400022229699
-0.3731132075471698    0.10603534511503214
-0.3721698113207547    0.1154607091252708
-0.3712264150943396    0.10038012670889708
-0.37028301886792453    0.1060353451150446
-0.36933962264150944    0.11475380682449032
-0.36839622641509434    0.11428253862399253
-0.36745283018867925    0.09755251750582956
-0.36650943396226415    0.10014449260865324
-0.36556603773584906    0.1083916861175884
-0.36462264150943396    0.10909858841836811
-0.36367924528301887    0.09684561520506267
-0.3627358490566038    0.0909547626986827
-0.3617924528301887    0.10297210181170899
-0.3608490566037736    0.09613871290430712
-0.3599056603773585    0.09896632210736332
-0.3589622641509434    0.09236856730021664
-0.3580188679245283    0.09472490830276203
-0.3570754716981132    0.1008513949094202
-0.3561320754716981    0.09236856730020578
-0.355188679245283    0.09637434700456277
-0.35424528301886793    0.08435700789151446
-0.35330188679245284    0.09236856730021664
-0.35235849056603774    0.08152939868844693
-0.35141509433962265    0.08412137379126872
-0.35047169811320755    0.07587418028231188
-0.34952830188679246    0.09354673780149492
-0.34858490566037736    0.07493164388128938
-0.34764150943396227    0.08577081249305832
-0.3466981132075472    0.0787017894853794
-0.3457547169811321    0.07281093697899729
-0.344811320754717    0.07893742358563502
-0.3438679245283019    0.08529954429254699
-0.3429245283018868    0.0777592530843569
-0.3419811320754717    0.065506279871072
-0.3410377358490566    0.0787017894853794
-0.3400943396226415    0.06621318217183897
-0.3391509433962264    0.0706902300766881
-0.33820754716981133    0.07233966877848598
-0.33726415094339623    0.06503501167055303
-0.33632075471698114    0.06644881627209462
-0.33537735849056605    0.06173613426697426
-0.33443396226415095    0.06880515727465117
-0.33349056603773586    0.06856952317438744
-0.33254716981132076    0.07398910748027558
-0.33160377358490567    0.0683338890741318
-0.3306603773584906    0.06856952317439552
-0.3297169811320755    0.06880515727464306
-0.3287735849056604    0.07092586417695207
-0.3278301886792453    0.07281093697898873
-0.3268867924528302    0.07304657107925294
-0.3259433962264151    0.06715571857285368
-0.325    0.0758741802823208
-0.3240566037735849    0.06668445037234243
-0.3231132075471698    0.0671557185728616
-0.32216981132075473    0.06880515727464306
-0.32122641509433963    0.07375347338001992
-0.32028301886792454    0.07116149827719935
-0.31933962264150945    0.07281093697899729
-0.31839622641509435    0.0664488162720868
-0.31745283018867926    0.07092586417695207
-0.31650943396226416    0.07634544848282314
-0.31556603773584907    0.07705235078359908
-0.314622641509434    0.0812937645881913
-0.3136792452830189    0.0779948871846217
-0.3127358490566038    0.06527064577080867
-0.3117924528301887    0.0805868622874339
-0.3108490566037736    0.08341447149049194
-0.3099056603773585    0.08176503278871217
-0.3089622641509434    0.07658108258307876
-0.3080188679245283    0.08930532399689313
-0.3070754716981132    0.08247193508946943
-0.30613207547169813    0.07563854618206516
-0.30518867924528303    0.08058686228742443
-0.30424528301886794    0.08011559408692259
-0.30330188679245285    0.07893742358563502
-0.30235849056603775    0.08765588529510354
-0.30141509433962266    0.08459264199177008
-0.30047169811320756    0.0831788373902461
-0.29952830188679247    0.07987995998665753
-0.2985849056603774    0.0831788373902461
-0.2976415094339623    0.0822363009892138
-0.2966981132075472    0.08482827609203568
-0.2957547169811321    0.08011559408691317
-0.294811320754717    0.08223630098922348
-0.2938679245283019    0.08082249638768005
-0.2929245283018868    0.07705235078359908
-0.2919811320754717    0.08176503278870256
-0.2910377358490566    0.08035122818717826
-0.29009433962264153    0.07799488718461253
-0.28915094339622643    0.08671334889408093
-0.28820754716981134    0.0857708124930482
-0.28726415094339625    0.08529954429254699
-0.28632075471698115    0.08789151939534885
-0.28537735849056606    0.09331110370123925
-0.28443396226415096    0.09401800600199516
-0.28349056603773587    0.08435700789152438
-0.2825471698113208    0.0864777147938151
-0.2816037735849057    0.08906968989663748
-0.2806603773584906    0.08105813048793567
-0.2797169811320755    0.0831788373902461
-0.2787735849056604    0.08765588529509323
-0.2778301886792453    0.08906968989663748
-0.2768867924528302    0.08529954429253696
-0.27594339622641506    0.09543181060352893
-0.27499999999999997    0.08294320328999046
-0.2740566037735849    0.08789151939534885
-0.2731132075471698    0.08082249638768955
-0.2721698113207547    0.08718461709458197
-0.2712264150943396    0.08859842169612615
-0.2702830188679245    0.08200066688895818
-0.2693396226415094    0.09448927420251753
-0.2683962264150943    0.08671334889407072
-0.2674528301886792    0.08600644659331397
-0.2665094339622641    0.08035122818716879
-0.265566037735849    0.08011559408692259
-0.26462264150943393    0.08506391019228134
-0.26367924528301884    0.07870178948538867
-0.26273584905660374    0.0838857396910032
-0.26179245283018865    0.08082249638768955
-0.26084905660377355    0.08553517839279258
-0.25990566037735846    0.08247193508947913
-0.25896226415094337    0.08247193508946943
-0.2580188679245283    0.0779948871846217
-0.2570754716981132    0.08270756918972506
-0.2561320754716981    0.08647771479382527
-0.255188679245283    0.08082249638768005
-0.2542452830188679    0.08600644659331397
-0.2533018867924528    0.08341447149049194
-0.2523584905660377    0.08600644659331397
-0.2514150943396226    0.08482827609202571
-0.2504716981132075    0.08082249638768955
-0.24952830188679243    0.08459264199177008
-0.24858490566037733    0.0909547626986827
-0.24764150943396224    0.09496054240301767
-0.24669811320754714    0.07917305768589997
-0.24575471698113205    0.09448927420250641
-0.24481132075471695    0.08529954429254699
-0.24386792452830186    0.09307546960097264
-0.24292452830188677    0.09119039679893837
-0.24198113207547167    0.08694898299432635
-0.24103773584905658    0.08129376458820087
-0.24009433962264148    0.09425364010225078
-0.2391509433962264    0.08718461709459223
-0.2382075471698113    0.08365010559074756
-0.2372641509433962    0.08930532399689313
-0.2363207547169811    0.09448927420250641
-0.235377358490566    0.09496054240302883
-0.23443396226415092    0.09684561520506267
-0.23349056603773582    0.09472490830277318
-0.23254716981132073    0.08152939868844693
-0.23160377358490564    0.09684561520507408
-0.23066037735849054    0.09307546960097264
-0.22971698113207545    0.09825941980660802
-0.22877358490566035    0.09425364010225078
-0.22783018867924526    0.09660998110481842
-0.22688679245283017    0.1006157608091527
-0.22594339622641507    0.09260420140047229
-0.22499999999999998    0.09236856730020578
-0.22405660377358488    0.07870178948538867
-0.2231132075471698    0.09778815160608519
-0.2221698113207547    0.10061576080916455
-0.2212264150943396    0.09260420140046138
-0.2202830188679245    0.09990885850839759
-0.2193396226415094    0.09472490830276203
-0.21839622641509432    0.09378237190175057
-0.21745283018867922    0.08930532399688261
-0.21650943396226413    0.0883627875958705
-0.21556603773584904    0.09071912859841638
-0.21462264150943394    0.09590307880405147
-0.21367924528301885    0.09307546960097264
-0.21273584905660375    0.09448927420251753
-0.21179245283018866    0.08011559408691317
-0.21084905660377357    0.08930532399689313
-0.20990566037735847    0.08553517839279258
-0.20896226415094338    0.08765588529510354
-0.20801886792452828    0.09048349449816075
-0.2070754716981132    0.08577081249305832
-0.2061320754716981    0.0812937645881913
-0.205188679245283    0.08247193508947913
-0.2042452830188679    0.08954095809713825
-0.2033018867924528    0.08742025119484789
-0.20235849056603772    0.08317883739023631
-0.20141509433962262    0.08906968989663748
-0.20047169811320753    0.08718461709458197
-0.19952830188679244    0.08435700789152438
-0.19858490566037734    0.08718461709458197
-0.19764150943396225    0.07328220517950862
-0.19669811320754715    0.08247193508946943
-0.19575471698113206    0.08671334889408093
-0.19481132075471697    0.07469600978103375
-0.19386792452830187    0.08365010559075742
-0.19292452830188678    0.07823052128486815
-0.19198113207547168    0.07634544848283212
-0.1910377358490566    0.08294320328998069
-0.1900943396226415    0.0758741802823208
-0.1891509433962264    0.07893742358563502
-0.1882075471698113    0.08082249638768955
-0.1872641509433962    0.07328220517949999
-0.18632075471698112    0.07752361898411039
-0.18537735849056602    0.07092586417694371
-0.18443396226415093    0.07281093697899729
-0.18349056603773584    0.07422474158052249
-0.18254716981132074    0.07281093697899729
-0.18160377358490565    0.07587418028231188
-0.18066037735849055    0.06362120706902676
-0.17971698113207546    0.07045459597643246
-0.17877358490566037    0.06927642547516248
-0.17783018867924527    0.06527064577080867
-0.17688679245283018    0.0680982549738842
-0.17594339622641508    0.06692008447259806
-0.175    0.06621318217183897
-0.1740566037735849    0.06197176836722989
-0.1731132075471698    0.056787818161612776
-0.1721698113207547    0.054667111259305456
-0.1712264150943396    0.06267867066800414
-0.17028301886792452    0.059144159164162366
-0.16933962264150942    0.05490274535956754
-0.16839622641509433    0.06150050016671863
-0.16745283018867924    0.049954429254198796
-0.16650943396226414    0.059144159164162366
-0.16556603773584905    0.0530176725575223
-0.16462264150943395    0.06479937757029741
-0.16367924528301886    0.05490274535956754
-0.16273584905660377    0.056080915860839214
-0.16179245283018867    0.060086695565191944
-0.16084905660377358    0.05443147715904983
-0.15990566037735848    0.052546404357010995
-0.1589622641509434    0.04477047904856912
-0.1580188679245283    0.05843725686340236
-0.1570754716981132    0.044534844948313494
-0.1561320754716981    0.05631654996110147
-0.155188679245283    0.050896965655215426
-0.15424528301886792    0.0504256974547101
-0.15330188679245282    0.055609647660327964
-0.15235849056603773    0.06385684116928242
-0.15141509433962264    0.05961542736467362
-0.15047169811320754    0.050190063354454445
-0.14952830188679245    0.05396020895853857
-0.14858490566037735    0.055138379459823195
-0.14764150943396226    0.051132599755471055
-0.14669811320754716    0.058908525063913676
-0.14575471698113207    0.05513837945981671
-0.14481132075471698    0.05466711125931189
-0.14386792452830188    0.04901189285317041
-0.1429245283018868    0.05560964766033451
-0.1419811320754717    0.059144159164162366
-0.1410377358490566    0.06173613426698153
-0.1400943396226415    0.06055796376569613
-0.1391509433962264    0.06267867066800414
-0.13820754716981132    0.05725908636211735
-0.13726415094339622    0.05631654996110147
-0.13632075471698113    0.06220740246748552
-0.13537735849056604    0.05560964766033451
-0.13443396226415094    0.06597754807157555
-0.13349056603773585    0.056787818161612776
-0.13254716981132075    0.06409247526953053
-0.13160377358490566    0.060793597865958914
-0.13066037735849056    0.05631654996109484
-0.12971698113207547    0.05820162276314671
-0.12877358490566038    0.06880515727464306
-0.12783018867924528    0.05937979326442498
-0.1268867924528302    0.06267867066799677
-0.1259433962264151    0.06267867066800414
-0.125    0.05749472046237298
-0.1240566037735849    0.0659775480715833
-0.12311320754716981    0.06267867066799677
-0.12216981132075472    0.061264866066470226
-0.12122641509433962    0.06715571857285368
-0.12028301886792453    0.060322329665447594
-0.11933962264150944    0.06055796376569613
-0.11839622641509434    0.07139713237746337
-0.11745283018867925    0.05985106146492925
-0.11650943396226415    0.06173613426698153
-0.11556603773584906    0.05678781816160609
-0.11462264150943396    0.057494720462379745
-0.11367924528301887    0.05702345226186172
-0.11273584905660378    0.06102923196621457
-0.11179245283018868    0.06173613426697426
-0.11084905660377359    0.06314993886851546
-0.1099056603773585    0.05796598866288423
-0.1089622641509434    0.05725908636212409
-0.1080188679245283    0.05890852506390674
-0.10707547169811321    0.061264866066470226
-0.10613207547169812    0.0603223296654405
-0.10518867924528302    0.05396020895854493
-0.10424528301886793    0.05796598866288423
-0.10330188679245284    0.05113259975547707
-0.10235849056603774    0.05254640435700481
-0.10141509433962265    0.061264866066470226
-0.10047169811320755    0.05843725686339548
-0.09952830188679246    0.056787818161612776
-0.09858490566037736    0.060086695565184874
-0.09764150943396227    0.056552184061357126
-0.09669811320754718    0.06621318217183117
-0.09575471698113208    0.055138379459823195
-0.09481132075471699    0.051368233855726676
-0.0938679245283019    0.05961542736468063
-0.0929245283018868    0.05985106146492925
-0.0919811320754717    0.05443147715905623
-0.09103773584905661    0.06739135267310932
-0.09009433962264152    0.05537401356007885
-0.08915094339622642    0.05513837945981671
-0.08820754716981133    0.05937979326442498
-0.08726415094339623    0.05843725686339548
-0.08632075471698114    0.06314993886851546
-0.08537735849056605    0.05749472046237298
-0.08443396226415095    0.05796598866289105
-0.08349056603773586    0.05278203845726044
-0.08254716981132076    0.051839502056244026
-0.08160377358490567    0.04924752695342603
-0.08066037735849058    0.05396020895854493
-0.07971698113207548    0.05843725686339548
-0.07877358490566039    0.052310770256755346
-0.0778301886792453    0.06197176836722989
-0.0768867924528302    0.05961542736468063
-0.0759433962264151    0.05513837945981671
-0.07500000000000001    0.059144159164169326
-0.07405660377358492    0.061264866066463
-0.07311320754716982    0.05466711125931189
-0.07216981132075473    0.05843725686339548
-0.07122641509433963    0.0629143047682598
-0.07028301886792454    0.06880515727464306
-0.06933962264150945    0.060086695565191944
-0.06839622641509435    0.06314993886850803
-0.06745283018867926    0.06102923196621457
-0.06650943396226416    0.06055796376569613
-0.06556603773584907    0.07116149827720772
-0.06462264150943398    0.06244303656774114
-0.06367924528301888    0.05796598866289105
-0.06273584905660379    0.06527064577080867
-0.06179245283018869    0.0676269867733729
-0.0608490566037736    0.06715571857285368
-0.059905660377358505    0.0676269867733729
-0.05896226415094341    0.06550627987106429
-0.05801886792452832    0.0659775480715833
-0.05707547169811322    0.06102923196620739
-0.05613207547169813    0.07045459597644076
-0.055188679245283034    0.07681671668333438
-0.05424528301886794    0.0680982549738842
-0.053301886792452846    0.07233966877847747
-0.05235849056603775    0.0706902300766964
-0.05141509433962266    0.07045459597643246
-0.050471698113207564    0.07257530287874164
-0.04952830188679247    0.08341447149049194
-0.048584905660377375    0.07752361898411039
-0.04764150943396228    0.07493164388128938
-0.04669811320754719    0.06739135267311724
-0.04575471698113209    0.08412137379125882
-0.044811320754717    0.08035122818717826
-0.043867924528301905    0.08011559408691317
-0.04292452830188681    0.07728798488385474
-0.04198113207547172    0.0777592530843569
-0.04103773584905662    0.08600644659331397
-0.04009433962264153    0.08317883739023631
-0.039150943396226434    0.08176503278871217
-0.03820754716981134    0.08765588529509323
-0.037264150943396246    0.09001222629766009
-0.03632075471698115    0.08341447149049194
-0.03537735849056606    0.08459264199178003
-0.034433962264150964    0.08954095809713825
-0.033490566037735814    0.09283983550071702
-0.03254716981132072    0.08812715349561485
-0.031603773584905626    0.09189729909969452
-0.03066037735849053    0.08435700789152438
-0.029716981132075437    0.10014449260864146
-0.028773584905660343    0.09731688340558538
-0.02783018867924525    0.09943759030787458
-0.026886792452830155    0.09166166499944967
-0.02594339622641506    0.08765588529509323
-0.024999999999999967    0.0883627875958705
-0.024056603773584873    0.09401800600199516
-0.02311320754716978    0.0909547626986827
-0.022169811320754684    0.08789151939534885
-0.02122641509433959    0.08742025119484789
-0.020283018867924496    0.09684561520506267
-0.019339622641509402    0.08647771479382527
-0.018396226415094308    0.09496054240301767
-0.017452830188679214    0.08011559408692259
-0.01650943396226412    0.08247193508946943
-0.015566037735849025    0.07940869178615563
-0.014622641509433931    0.07705235078359002
-0.013679245283018837    0.07681671668334343
-0.012735849056603743    0.08035122818716879
-0.011792452830188649    0.08529954429254699
-0.010849056603773555    0.0777592530843569
-0.00990566037735846    0.07186840057797468
-0.008962264150943366    0.06951205957540996
-0.008018867924528272    0.07705235078359908
-0.007075471698113178    0.07328220517949999
-0.006132075471698084    0.07422474158053123
-0.00518867924528299    0.06668445037234243
-0.004245283018867896    0.07540291208180949
-0.0033018867924528017    0.06197176836722989
-0.0023584905660377076    0.0629143047682598
-0.0014150943396226134    0.07045459597643246
-0.0004716981132075193    0.06527064577081634
0.0004716981132075748    0.07304657107924435
0.0014150943396227245    0.07846615538512378
0.002358490566037763    0.07375347338002859
0.0033018867924528017    0.07469600978103375
0.004245283018867951    0.07846615538512378
0.005188679245283101    0.07446037568077812
0.00613207547169814    0.0751672779815627
0.007075471698113178    0.07540291208180062
0.008018867924528328    0.08058686228742443
0.008962264150943478    0.07893742358563502
0.009905660377358516    0.08294320329000021
0.010849056603773555    0.0725753028787331
0.011792452830188704    0.090954762698672
0.012735849056603854    0.07634544848282314
0.013679245283018893    0.08765588529511385
0.014622641509433931    0.07893742358563502
0.015566037735849081    0.08859842169611575
0.01650943396226423    0.09024786039790512
0.01745283018867927    0.08836278759588091
0.018396226415094308    0.09048349449816075
0.019339622641509457    0.08718461709458197
0.020283018867924607    0.09024786039790512
0.021226415094339646    0.09236856730022751
0.022169811320754684    0.09048349449816075
0.023113207547169834    0.08553517839279258
0.024056603773584984    0.09613871290429579
0.025000000000000022    0.08388573969102295
0.02594339622641506    0.08930532399688261
0.02688679245283021    0.07846615538512378
0.02783018867924536    0.09166166499943888
0.0287735849056604    0.08105813048795475
0.029716981132075437    0.09189729909969452
0.030660377358490587    0.08789151939534885
0.03160377358490574    0.09778815160608519
0.032547169811320775    0.09236856730022751
0.033490566037735814    0.09071912859841638
0.034433962264150964    0.09236856730020578
0.03537735849056611    0.08600644659330384
0.03632075471698115    0.08577081249306841
0.03726415094339619    0.08836278759586011
0.03820754716981134    0.08200066688895818
0.03915094339622649    0.08200066688895818
0.04009433962264153    0.08482827609204567
0.04103773584905657    0.08365010559074756
0.04198113207547172    0.09024786039790512
0.042924528301886866    0.08294320328998069
0.043867924528301905    0.07469600978105133
0.04481132075471694    0.08200066688895818
0.04575471698113209    0.0777592530843569
0.04669811320754724    0.07799488718461253
0.04764150943396228    0.07681671668335247
0.04858490566037732    0.0874202511948376
0.04952830188679247    0.0777592530843569
0.05047169811320762    0.07728798488384564
0.05141509433962266    0.07705235078360816
0.052358490566037696    0.07493164388128938
0.053301886792452846    0.07681671668333438
0.054245283018867996    0.07705235078359002
0.055188679245283034    0.06527064577082403
0.05613207547169807    0.07446037568077812
0.05707547169811322    0.06880515727464306
0.05801886792452837    0.07210403467822185
0.05896226415094341    0.06927642547517063
0.05990566037735845    0.06597754807157555
0.0608490566037736    0.06880515727464306
0.06179245283018875    0.06527064577080867
0.06273584905660379    0.06550627987107971
0.06367924528301883    0.0690407913748987
0.06462264150943398    0.07092586417694371
0.06556603773584913    0.06621318217183117
0.06650943396226416    0.06432810936980131
0.0674528301886792    0.06668445037234243
0.06839622641509435    0.06150050016671863
0.0693396226415095    0.06314993886850803
0.07028301886792454    0.06880515727465927
0.07122641509433958    0.0664488162720868
0.07216981132075473    0.0629143047682524
0.07311320754716988    0.06150050016671863
0.07405660377358492    0.05867289096366492
0.07499999999999996    0.05961542736467362
0.0759433962264151    0.06621318217183117
0.07688679245283025    0.06220740246748552
0.0778301886792453    0.058201622763153556
0.07877358490566033    0.06668445037234243
0.07971698113207548    0.05820162276313986
0.08066037735849063    0.06055796376569613
0.08160377358490567    0.06173613426698879
0.08254716981132071    0.06338557296876365
0.08349056603773586    0.06362120706901928
0.08443396226415101    0.05655218406135047
0.08537735849056605    0.05655218406136378
0.08632075471698109    0.06220740246748552
0.08726415094339623    0.06338557296876365
0.08820754716981138    0.05749472046237298
0.08915094339622642    0.0629143047682672
0.09009433962264146    0.06173613426697426
0.09103773584905661    0.06055796376569613
0.09198113207547176    0.06102923196620739
0.0929245283018868    0.055845281760596735
0.09386792452830184    0.05655218406135047
0.09481132075471699    0.06574191397131991
0.09575471698113214    0.0629143047682524
0.09669811320754718    0.06715571857286949
0.09764150943396221    0.06456374347004179
0.09858490566037736    0.06362120706901928
0.09952830188679251    0.05655218406135047
0.10047169811320755    0.06503501167056834
0.10141509433962259    0.06479937757029741
0.10235849056603774    0.0603223296654405
0.10330188679245289    0.06102923196620739
0.10424528301886793    0.06479937757031266
0.10518867924528297    0.06055796376569613
0.10613207547169812    0.05843725686339548
0.10707547169811327    0.06456374347004179
0.1080188679245283    0.06173613426698879
0.10896226415094334    0.06762698677336494
0.1099056603773585    0.06362120706901928
0.11084905660377364    0.05678781816160609
0.11179245283018868    0.06904079137491495
0.11273584905660372    0.056080915860839214
0.11367924528301887    0.06574191397131991
0.11462264150943402    0.06079359786595176
0.11556603773584906    0.06244303656775584
0.1165094339622641    0.05961542736467362
0.11745283018867925    0.0664488162720868
0.1183962264150944    0.06668445037234243
0.11933962264150944    0.06880515727465927
0.12028301886792447    0.06173613426697426
0.12122641509433962    0.06668445037234243
0.12216981132075477    0.06456374347004179
0.12311320754716981    0.0669200844726138
0.12405660377358485    0.0664488162720868
0.125    0.06338557296876365
0.12594339622641515    0.07210403467822185
0.1268867924528302    0.06409247526954562
0.12783018867924523    0.06338557296876365
0.12877358490566038    0.06150050016671863
0.12971698113207553    0.0629143047682524
0.13066037735849056    0.06527064577082403
0.1316037735849056    0.06102923196620739
0.13254716981132075    0.059379793264417995
0.1334905660377359    0.06244303656774114
0.13443396226415094    0.06079359786596606
0.13537735849056598    0.05631654996109484
0.13632075471698113    0.05631654996109484
0.13726415094339628    0.06102923196620739
0.13820754716981132    0.0629143047682672
0.13915094339622636    0.05725908636211735
0.1400943396226415    0.05513837945981671
0.14103773584905666    0.06102923196620739
0.1419811320754717    0.057730354562642194
0.14292452830188673    0.05867289096365111
0.14386792452830188    0.05631654996109484
0.14481132075471703    0.06197176836722989
0.14575471698113207    0.05183950205625013
0.1466981132075471    0.05796598866288423
0.14764150943396226    0.05820162276313986
0.1485849056603774    0.055609647660327964
0.14952830188679245    0.05702345226187515
0.15047169811320749    0.05396020895853857
0.15141509433962264    0.05867289096365111
0.15235849056603779    0.04901189285317041
0.15330188679245282    0.05042569745471604
0.15424528301886786    0.06055796376569613
0.155188679245283    0.06409247526953053
0.15613207547169816    0.05749472046237298
0.1570754716981132    0.05042569745471604
0.15801886792452824    0.06220740246748552
0.1589622641509434    0.05655218406135047
0.15990566037735854    0.050896965655215426
0.16084905660377358    0.05749472046238651
0.16179245283018862    0.0541958430587942
0.16273584905660377    0.05325330665777169
0.16367924528301891    0.05678781816160609
0.16462264150943395    0.05678781816161946
0.165566037735849    0.054667111259305456
0.16650943396226414    0.05725908636211735
0.1674528301886793    0.06197176836722989
0.16839622641509433    0.05937979326443197
0.16933962264150937    0.0603223296654405
0.17028301886792452    0.05678781816160609
0.17122641509433967    0.06055796376569613
0.1721698113207547    0.05796598866289788
0.17311320754716975    0.0629143047682524
0.1740566037735849    0.05631654996109484
0.17500000000000004    0.06079359786595176
0.17594339622641508    0.07021896187619336
0.17688679245283012    0.06338557296876365
0.17783018867924527    0.07116149827719935
0.17877358490566042    0.07233966877847747
0.17971698113207546    0.06597754807159108
0.1806603773584905    0.07045459597643246
0.18160377358490565    0.0706902300766881
0.1825471698113208    0.07493164388128938
0.18349056603773584    0.07681671668335247
0.18443396226415087    0.0706902300766881
0.18537735849056602    0.06880515727464306
0.18632075471698117    0.0699833277759212
0.1872641509433962    0.08011559408693202
0.18820754716981125    0.0664488162720868
0.1891509433962264    0.07728798488384564
0.19009433962264155    0.07917305768589065
0.1910377358490566    0.07634544848284111
0.19198113207547163    0.07540291208180062
0.19292452830188678    0.07139713237745497
0.19386792452830193    0.07493164388128938
0.19481132075471697    0.08459264199179
0.195754716981132    0.06739135267310932
0.19669811320754715    0.08176503278870256
0.1976415094339623    0.07940869178614628
0.19858490566037734    0.08270756918974453
0.19952830188679238    0.08058686228742443
0.20047169811320753    0.07728798488384564
0.20141509433962268    0.0838857396910032
0.20235849056603772    0.08152939868846612
0.20330188679245276    0.07799488718461253
0.2042452830188679    0.07398910748026687
0.20518867924528306    0.08082249638768005
0.2061320754716981    0.08129376458821043
0.20707547169811313    0.08553517839279258
0.20801886792452828    0.08035122818716879
0.20896226415094343    0.08294320328998069
0.20990566037735858    0.090954762698672
0.21084905660377362    0.08789151939536954
0.21179245283018866    0.09331110370122828
0.2127358490566038    0.08294320328998069
0.21367924528301896    0.08836278759586011
0.214622641509434    0.09260420140048319
0.21556603773584904    0.09236856730020578
0.2165094339622642    0.08506391019228134
0.21745283018867934    0.09684561520506267
0.21839622641509437    0.0909547626986934
0.2193396226415094    0.090954762698672
0.22028301886792456    0.08176503278870256
0.2212264150943397    0.09613871290429579
0.22216981132075475    0.09048349449818205
0.2231132075471698    0.10556407691452088
0.22405660377358494    0.09024786039790512
0.2250000000000001    0.09119039679892764
0.22594339622641513    0.08742025119485818
0.22688679245283017    0.09731688340557393
0.22783018867924532    0.08624208069355946
0.22877358490566047    0.08906968989662699
0.2297169811320755    0.08223630098923317
0.23066037735849054    0.09236856730020578
0.2316037735849057    0.09519617650327329
0.23254716981132084    0.08765588529509323
0.23349056603773588    0.08529954429255704
0.23443396226415092    0.09378237190173953
0.23537735849056607    0.08270756918972506
0.23632075471698122    0.08718461709458197
0.23726415094339626    0.08223630098923317
0.2382075471698113    0.08859842169611575
0.23915094339622645    0.08906968989662699
0.2400943396226416    0.08859842169611575
0.24103773584905663    0.08836278759588091
0.24198113207547167    0.08765588529509323
0.24292452830188682    0.08341447149049194
0.24386792452830197    0.07705235078359002
0.244811320754717    0.07940869178616498
0.24575471698113205    0.09166166499943888
0.2466981132075472    0.09142603089918326
0.24764150943396235    0.08624208069355946
0.2485849056603774    0.08600644659332408
0.24952830188679243    0.090954762698672
0.2504716981132076    0.09071912859841638
0.2514150943396227    0.08506391019228134
0.25235849056603776    0.08388573969102295
0.2533018867924528    0.08482827609202571
0.25424528301886795    0.07893742358563502
0.2551886792452831    0.08718461709458197
0.25613207547169814    0.09496054240304001
0.2570754716981132    0.0864777147938151
0.25801886792452833    0.08789151939534885
0.2589622641509435    0.08482827609202571
0.2599056603773585    0.08812715349562522
0.26084905660377355    0.08152939868844693
0.2617924528301887    0.08200066688895818
0.26273584905660385    0.09119039679892764
0.2636792452830189    0.09331110370125024
0.26462264150943393    0.09802378570634082
0.2655660377358491    0.09071912859841638
0.26650943396226423    0.09189729909969452
0.26745283018867927    0.08553517839281272
0.2683962264150943    0.08082249638768005
0.26933962264150946    0.08836278759586011
0.2702830188679246    0.07917305768589065
0.27122641509433965    0.0871846170946025
0.2721698113207547    0.0857708124930482
0.27311320754716983    0.0822363009892138
0.274056603773585    0.08883405579637137
0.275    0.08152939868846612
0.27594339622641506    0.08529954429253696
0.2768867924528302    0.08812715349560449
0.27783018867924536    0.07917305768589065
0.2787735849056604    0.08883405579639227
0.27971698113207544    0.08082249638768005
0.2806603773584906    0.08247193508946943
0.28160377358490574    0.08365010559074756
0.2825471698113208    0.07728798488386383
0.2834905660377358    0.08152939868844693
0.28443396226415096    0.08482827609202571
0.2853773584905661    0.0716327664777106
0.28632075471698115    0.0777592530843752
0.2872641509433962    0.08317883739023631
0.28820754716981134    0.08954095809713825
0.2891509433962265    0.07799488718461253
0.29009433962264153    0.08553517839281272
0.29103773584905657    0.08553517839279258
0.2919811320754717    0.08859842169611575
0.29292452830188687    0.0838857396910032
0.2938679245283019    0.07304657107926155
0.29481132075471694    0.08954095809713825
0.2957547169811321    0.07351783927975561
0.29669811320754724    0.07893742358563502
0.2976415094339623    0.08341447149051157
0.2985849056603773    0.08035122818716879
0.29952830188679247    0.07728798488384564
0.3004716981132076    0.07705235078359002
0.30141509433962266    0.07940869178616498
0.3023584905660377    0.07846615538512378
0.30330188679245285    0.07964432588640191
0.304245283018868    0.07398910748026687
0.30518867924528303    0.07116149827721609
0.3061320754716981    0.07634544848282314
0.3070754716981132    0.07375347338001124
0.3080188679245284    0.07634544848282314
0.3089622641509434    0.07728798488386383
0.30990566037735845    0.07281093697898873
0.3108490566037736    0.07092586417694371
0.31179245283018875    0.06927642547515432
0.3127358490566038    0.07634544848284111
0.3136792452830188    0.06951205957540996
0.314622641509434    0.07422474158052249
0.3155660377358491    0.0777592530843569
0.31650943396226416    0.06927642547517063
0.3174528301886792    0.07493164388128938
0.31839622641509435    0.07563854618205625
0.3193396226415095    0.07964432588640191
0.32028301886792454    0.0669200844726138
0.3212264150943396    0.06527064577080867
0.32216981132075473    0.0725753028787331
0.3231132075471699    0.06856952317438744
0.3240566037735849    0.0669200844726138
0.32499999999999996    0.06974769367566558
0.3259433962264151    0.06762698677336494
0.32688679245283025    0.0716327664777106
0.3278301886792453    0.06668445037235812
0.32877358490566033    0.07186840057796622
0.3297169811320755    0.07587418028231188
0.33066037735849063    0.07186840057796622
0.33160377358490567    0.07422474158053996
0.3325471698113207    0.07446037568077812
0.33349056603773586    0.07116149827719935
0.334433962264151    0.07375347338001124
0.33537735849056605    0.07092586417696041
0.3363207547169811    0.0761098143825675
0.33726415094339623    0.07752361898410128
0.3382075471698114    0.06809825497387618
0.3391509433962264    0.07728798488386383
0.34009433962264146    0.06974769367566558
0.3410377358490566    0.06692008447259806
0.34198113207547176    0.07587418028231188
0.3429245283018868    0.07728798488386383
0.34386792452830184    0.07233966877847747
0.344811320754717    0.0716327664777106
0.34575471698113214    0.07752361898410128
0.3466981132075472    0.08200066688897747
0.3476415094339622    0.08200066688895818
0.34858490566037736    0.08341447149049194
0.3495283018867925    0.08930532399688261
0.35047169811320755    0.08671334889409113
0.3514150943396226    0.09590307880404017
0.35235849056603774    0.08341447149049194
0.3533018867924529    0.08789151939534885
0.35424528301886793    0.08341447149051157
0.35518867924528297    0.09637434700455141
0.3561320754716981    0.09543181060352893
0.35707547169811327    0.09825941980659644
0.3580188679245283    0.10179393131045479
0.35896226415094334    0.0996732244081302
0.3599056603773585    0.09778815160608519
0.36084905660377364    0.10344337001222023
0.3617924528301887    0.09802378570636389
0.3627358490566037    0.10085139490940834
0.36367924528301887    0.10627097921528776
0.364622641509434    0.11498944092474596
0.36556603773584906    0.10627097921531277
0.3665094339622641    0.10697788151605464
0.36745283018867925    0.10485717461375399
0.3683962264150944    0.09637434700455141
0.36933962264150944    0.10956985661889233
0.3702830188679245    0.10768478381682152
0.3712264150943396    0.10909858841835528
0.3721698113207548    0.11074802712014467
0.3731132075471698    0.10839168611761392
0.37405660377358485    0.11145492942091155
0.375    0.11475380682449032
0.37594339622641515    0.10886295431809966
0.3768867924528302    0.11993775703014235
0.3778301886792452    0.11381127042346781
0.3787735849056604    0.11334000222295658
0.3797169811320755    0.11522507502500158
0.38066037735849056    0.11216183172170482
0.3816037735849056    0.12417917083471541
0.38254716981132075    0.11121929532065593
0.3834905660377359    0.11145492942091155
0.38443396226415094    0.1140469045237503
0.385377358490566    0.11169056352116717
0.38632075471698113    0.10721351561631026
0.3872641509433963    0.11381127042346781
0.3882075471698113    0.1140469045237503
0.38915094339622636    0.1057997110147765
0.3900943396226415    0.11805268422806911
0.39103773584905666    0.10391463821273149
0.3919811320754717    0.11169056352119347
0.39292452830188673    0.11051239301988904
0.3938679245283019    0.11004112481937778
0.39481132075471703    0.1145181727242347
0.39575471698113207    0.10980549071914801
0.3966981132075471    0.10226519951094211
0.39764150943396226    0.11734578192730222
0.3985849056603774    0.12347226853394852
0.39952830188679245    0.11145492942093778
0.4004716981132075    0.10650661331554338
0.40141509433962264    0.11169056352116717
0.4023584905660378    0.11121929532065593
0.4033018867924528    0.11357563632323892
0.40424528301886786    0.11286873402244532
0.405188679245283    0.11145492942091155
0.40613207547169816    0.11546070912525722
0.4070754716981132    0.1152250750250287
0.40801886792452824    0.1032077359119646
0.4089622641509434    0.10792041791707714
0.40990566037735854    0.10415027231298711
0.4108490566037736    0.11593197732579576
0.4117924528301886    0.11758141602755787
0.41273584905660377    0.10792041791707714
0.4136792452830189    0.11593197732576846
0.41462264150943395    0.11428253862400597
0.415566037735849    0.11758141602755787
0.41650943396226414    0.10367900411247585
0.4174528301886793    0.10438590641324275
0.41839622641509433    0.11004112481940369
0.41933962264150937    0.0987306880071077
0.4202830188679245    0.10744914971656588
0.42122641509433967    0.10768478381682152
0.4221698113207547    0.10485717461377868
0.42311320754716975    0.11404690452372344
0.4240566037735849    0.10815605201733278
0.42500000000000004    0.1032077359119646
0.4259433962264151    0.11239746582196052
0.4268867924528301    0.10014449260864146
0.42783018867924527    0.1083916861175884
0.4287735849056604    0.10721351561631026
0.42971698113207546    0.10273646771147753
0.4306603773584905    0.11027675891963341
0.43160377358490565    0.1161676114260241
0.4325471698113208    0.10792041791707714
0.43349056603773584    0.11098366122042642
0.4344339622641509    0.10250083361119773
0.435377358490566    0.12229409803267038
0.4363207547169812    0.11569634322551284
0.4372641509433962    0.11310436812272756
0.43820754716981125    0.11098366122040029
0.4391509433962264    0.11498944092474596
0.44009433962264155    0.12417917083471541
0.4410377358490566    0.12441480493500032
0.4419811320754716    0.11875958652883599
0.4429245283018868    0.1319550961431511
0.4438679245283019    0.12865621873957234
0.44481132075471697    0.1284205846393469
0.445754716981132    0.13690341224851926
0.44669811320754715    0.12724241413803855
0.4476415094339623    0.13407580304545172
0.44858490566037745    0.12747804823829417
0.4495283018867925    0.14043792375238673
0.45047169811320753    0.13572524174724113
0.4514150943396227    0.14538623985772184
0.45235849056603783    0.1366677781482636
0.45330188679245287    0.12959875514062533
0.4542452830188679    0.1387884850505643
0.45518867924528306    0.12629987773701606
0.4561320754716982    0.13525397354672988
0.45707547169811324    0.1340758030454833
0.4580188679245283    0.134547071245963
0.45896226415094343    0.13007002334110607
0.4599056603773586    0.13619650994775237
0.4608490566037736    0.14538623985775606
0.46179245283018866    0.134547071245963
0.4627358490566038    0.14185172835388743
0.46367924528301896    0.12794931643880544
0.464622641509434    0.13643214404804013
0.46556603773584904    0.1232366344336929
0.4665094339622642    0.13171946204289547
0.46745283018867934    0.12959875514059482
0.4683962264150944    0.1206446593309094
0.4693396226415094    0.13501833944647423
0.47028301886792456    0.1197021229298585
0.4712264150943397    0.12276536623318164
0.47216981132075475    0.11734578192732983
0.4731132075471698    0.12606424363676041
0.47405660377358494    0.12465043903522667
0.4750000000000001    0.12040902523062537
0.4759433962264151    0.1072135156163355
0.47688679245283017    0.10556407691452088
0.4778301886792453    0.11781705012781347
0.47877358490566047    0.11121929532065593
0.4797169811320755    0.11357563632323892
0.48066037735849054    0.11734578192730222
0.4816037735849057    0.12040902523062537
0.48254716981132084    0.1161676114260241
0.4834905660377359    0.1166388796265628
0.4844339622641509    0.11640324552627972
0.48537735849056607    0.11875958652883599
0.4863207547169812    0.120644659330881
0.48726415094339626    0.10768478381684686
0.4882075471698113    0.10792041791707714
0.48915094339622645    0.12017339113036975
0.4900943396226416    0.11781705012781347
0.49103773584905663    0.12771368233857985
0.49198113207547167    0.11828831832832473
0.4929245283018868    0.11216183172167843
0.49386792452830197    0.1189952206290916
0.494811320754717    0.124650439035256
0.49575471698113205    0.12465043903522667
0.4966981132075472    0.13266199844391796
0.49764150943396235    0.12865621873957234
0.4985849056603774    0.13054129154164806
0.4995283018867924    0.13737468044903053
0.5004716981132076    0.1423229965543987
0.5014150943396227    0.1328976325441736
0.5023584905660378    0.14020228965213105
0.5033018867924528    0.1387884850505643
0.504245283018868    0.13384016894519613
0.5051886792452831    0.13973102145158678
0.5061320754716981    0.144679337556989
0.5070754716981132    0.15057019006334563
0.5080188679245283    0.1458575080582331
0.5089622641509435    0.13336890074468485
0.5099056603773585    0.14020228965213105
0.5108490566037736    0.13784594864954178
0.5117924528301887    0.13855285095030864
0.5127358490566039    0.1366677781482636
0.5136792452830189    0.14538623985775606
0.5146226415094339    0.13784594864954178
0.5155660377358491    0.13619650994775237
0.5165094339622642    0.13054129154161734
0.5174528301886793    0.13596087584752878
0.5183962264150943    0.13054129154161734
0.5193396226415095    0.15009892186283438
0.5202830188679246    0.13525397354672988
0.5212264150943396    0.14680004445929015
0.5221698113207547    0.1449149716572106
0.5231132075471698    0.1366677781482636
0.524056603773585    0.14656441035899997
0.525    0.1578748471713072
0.5259433962264151    0.1380815827497974
0.5268867924528302    0.14302989885516557
0.5278301886792454    0.1460931421584887
0.5287735849056604    0.1420873624541765
0.5297169811320754    0.14797821496053373
0.5306603773584906    0.1406735578526093
0.5316037735849057    0.13831721685005302
0.5325471698113208    0.14538623985775606
0.5334905660377358    0.13949538735133116
0.534433962264151    0.15245526286539066
0.5353773584905661    0.14774258086027808
0.5363207547169812    0.14562187395801174
0.5372641509433962    0.15858174947203696
0.5382075471698113    0.14562187395797746
0.5391509433962265    0.15410470156718004
0.5400943396226415    0.16188062687565383
0.5410377358490566    0.15622540846948066
0.5419811320754717    0.16117372457484885
0.5429245283018869    0.15858174947203696
0.5438679245283019    0.1569323107702845
0.5448113207547169    0.16730021118149513
0.5457547169811321    0.16706457708123953
0.5466981132075472    0.16918528398354016
0.5476415094339623    0.1755474046904834
0.5485849056603773    0.16282316327663823
0.5495283018867925    0.164236967878172
0.5504716981132076    0.16800711348226202
0.5514150943396227    0.17460486828946067
0.5523584905660377    0.1757830387906977
0.5533018867924528    0.16541513837945013
0.554245283018868    0.18238079359785528
0.555188679245283    0.17484050238971635
0.5561320754716981    0.1783750138935096
0.5570754716981132    0.17884628209402087
0.5580188679245284    0.17201289318660767
0.5589622641509434    0.19298432810940389
0.5599056603773584    0.1757830387906977
0.5608490566037736    0.1715416249860964
0.5617924528301887    0.16117372457484885
0.5627358490566038    0.17107035678562543
0.5636792452830188    0.17696120929197584
0.564622641509434    0.16706457708123953
0.5655660377358491    0.1764899410914646
0.5665094339622642    0.16847838168281293
0.5674528301886792    0.17861064799376522
0.5683962264150944    0.17177725908635205
0.5693396226415095    0.181909525397344
0.5702830188679245    0.17908191619431862
0.5712264150943396    0.18520840280092277
0.5721698113207547    0.17248416138711892
0.5731132075471699    0.17884628209402087
0.5740566037735849    0.1769612092920175
0.575    0.18662220740245655
0.5759433962264151    0.17955318439478773
0.5768867924528303    0.1764899410914646
0.5778301886792453    0.17248416138715952
0.5787735849056603    0.16871401578302891
0.5797169811320755    0.17059908858507392
0.5806603773584906    0.16400133377791637
0.5816037735849057    0.16117372457488677
0.5825471698113207    0.16188062687561572
0.5834905660377359    0.15881738357229255
0.584433962264151    0.1616449927753601
0.585377358490566    0.16447260197846633
0.5863207547169811    0.16494387017893886
0.5872641509433962    0.16353006557740513
0.5882075471698114    0.1538690674669244
0.5891509433962264    0.16447260197846633
0.5900943396226415    0.15434033566743566
0.5910377358490566    0.15457596976769128
0.5919811320754718    0.16541513837945013
0.5929245283018868    0.15999555407360838
0.5938679245283018    0.14090919195286492
0.594811320754717    0.15434033566743566
0.5957547169811321    0.14632877625874435
0.5966981132075472    0.1378459486495742
0.5976415094339622    0.14680004445925557
0.5985849056603774    0.14632877625874435
0.5995283018867925    0.13784594864954178
0.6004716981132076    0.14962765366235833
0.6014150943396226    0.1423229965543987
0.6023584905660377    0.14279426475490994
0.6033018867924529    0.13690341224851926
0.6042452830188679    0.1380815827498299
0.605188679245283    0.13360453484494048
0.6061320754716981    0.13737468044903053
0.6070754716981133    0.13219073024340675
0.6080188679245283    0.12983438924088103
0.6089622641509433    0.13619650994775237
0.6099056603773585    0.12559297543624917
0.6108490566037736    0.13737468044903053
0.6117924528301887    0.13619650994778443
0.6127358490566037    0.12512170723573793
0.6136792452830189    0.13313326664442923
0.614622641509434    0.13077692564187296
0.6155660377358491    0.1324263643436935
0.6165094339622641    0.12865621873957234
0.6174528301886792    0.122529732132926
0.6183962264150944    0.12983438924085045
0.6193396226415094    0.13831721685008558
0.6202830188679245    0.11734578192730222
0.6212264150943396    0.12889185283982793
0.6221698113207548    0.1293631210403392
0.6231132075471698    0.12182282983218781
0.6240566037735849    0.12959875514059482
0.625    0.13219073024340675
0.6259433962264151    0.12771368233854982
0.6268867924528302    0.11875958652886394
0.6278301886792452    0.11404690452372344
0.6287735849056604    0.11593197732576846
0.6297169811320755    0.12394353673445978
0.6306603773584906    0.11946648882963098
0.6316037735849056    0.13478270534621864
0.6325471698113208    0.12559297543624917
0.6334905660377359    0.1284205846393167
0.6344339622641509    0.11569634322554007
0.635377358490566    0.12417917083471541
0.6363207547169811    0.12818495053906107
0.6372641509433963    0.13124819384238423
0.6382075471698113    0.12347226853397758
0.6391509433962264    0.1328976325441736
0.6400943396226415    0.1387884850505643
0.6410377358490567    0.12347226853394852
0.6419811320754717    0.13619650994778443
0.6429245283018867    0.1328976325441736
0.6438679245283019    0.1416160942536318
0.644811320754717    0.13784594864954178
0.6457547169811321    0.1340758030454833
0.6466981132075471    0.12983438924085045
0.6476415094339623    0.1475069467600225
0.6485849056603774    0.14656441035899997
0.6495283018867924    0.15269089696568222
0.6504716981132075    0.15528287206845814
0.6514150943396226    0.14185172835388743
0.6523584905660378    0.16046682227408196
0.6533018867924528    0.1460931421585231
0.6542452830188679    0.14797821496053373
0.655188679245283    0.13501833944647423
0.6561320754716982    0.15434033566743566
0.6570754716981132    0.14915638546184698
0.6580188679245282    0.1529265310659019
0.6589622641509434    0.15434033566743566
0.6599056603773585    0.15952428587305945
0.6608490566037736    0.16847838168281293
0.6617924528301886    0.15787484717127004
0.6627358490566038    0.16541513837945013
0.6636792452830189    0.16989218628430702
0.664622641509434    0.1569323107702845
0.665566037735849    0.16376569967766072
0.6665094339622641    0.1757830387906977
0.6674528301886793    0.16353006557740513
0.6683962264150943    0.15716794487054017
0.6693396226415094    0.15975991997331507
0.6702830188679245    0.1713059908858408
0.6712264150943397    0.17978881849504338
0.6721698113207547    0.16164499277539815
0.6731132075471697    0.17271979548737457
0.6740566037735849    0.17271979548737457
0.675    0.17083472268532954
0.6759433962264151    0.18450150050019934
0.6768867924528301    0.17342669778814143
0.6778301886792453    0.18520840280092277
0.6787735849056604    0.1880360120039903
0.6797169811320755    0.17766811159278453
0.6806603773584905    0.18426586639990028
0.6816037735849056    0.1729554295876302
0.6825471698113208    0.18214515949759963
0.6834905660377358    0.18709347560301184
0.6844339622641509    0.19086362120705785
0.685377358490566    0.18874291430475718
0.6863207547169812    0.17366233188839708
0.6872641509433962    0.18026008669559704
0.6882075471698113    0.1809669889963215
0.6891509433962264    0.19369123041012534
0.6900943396226416    0.17790374569299836
0.6910377358490567    0.18167389129708836
0.6919811320754717    0.1861509392019891
0.6929245283018868    0.19157052350782472
0.6938679245283019    0.19298432810935848
0.6948113207547171    0.19251305990884723
0.6957547169811321    0.19699010781375048
0.6966981132075472    0.20311659442035043
0.6976415094339623    0.19180615760808034
0.6985849056603775    0.22102478603977807
0.6995283018867925    0.2146626653329267
0.7004716981132075    0.20311659442035043
0.7014150943396227    0.22880071134821378
0.7023584905660378    0.213484494831598
0.7033018867924529    0.2172546404357392
0.7042452830188679    0.21607646993440993
0.7051886792452831    0.2156052017338987
0.7061320754716982    0.23516283205511573
0.7070754716981132    0.2224385906413642
0.7080188679245283    0.23422029565409322
0.7089622641509434    0.21725464043568807
0.7099056603773586    0.24081805046125074
0.7108490566037736    0.22974324774929036
0.7117924528301887    0.2384617094586945
0.7127358490566038    0.2262087362454019
0.713679245283019    0.24435256196508515
0.714622641509434    0.23398466155389264
0.715566037735849    0.24529509836610766
0.7165094339622642    0.24812270756917518
0.7174528301886793    0.23728353895741633
0.7183962264150944    0.25636990107818247
0.7193396226415094    0.2323352228520482
0.7202830188679246    0.24953651217070894
0.7212264150943397    0.2535422918750546
0.7221698113207548    0.2554273646771597
0.7231132075471698    0.2415249527620176
0.7240566037735849    0.2568411692786334
0.7250000000000001    0.270979215293971
0.7259433962264151    0.2707435811937791
0.7268867924528302    0.26815160609090344
0.7278301886792453    0.25542736467709964
0.7287735849056605    0.2719217516949935
0.7297169811320755    0.26626653328892114
0.7306603773584905    0.2851172613093086
0.7316037735849057    0.2780482383016398
0.7325471698113208    0.2775769701011286
0.7334905660377359    0.28111148160502913
0.7344339622641509    0.2858241636100755
0.7353773584905661    0.28181838390572983
0.7363207547169812    0.2924219184172331
0.7372641509433963    0.294542625319603
0.7382075471698113    0.2947782594197893
0.7391509433962264    0.2789907747026623
0.7400943396226416    0.2855885295098199
0.7410377358490566    0.2761631654996598
0.7419811320754717    0.2973702345226012
0.7429245283018868    0.2947782594197893
0.743867924528302    0.2907724797154437
0.744811320754717    0.2976058686229269
0.745754716981132    0.2976058686228569
0.7466981132075472    0.302554184728225
0.7476415094339623    0.2945426253195337
0.7485849056603774    0.28770923641218826
0.7495283018867924    0.30019784372566877
0.7504716981132076    0.29854840502387936
0.7514150943396227    0.2749849949983167
0.7523584905660378    0.2773413360009382
0.7533018867924528    0.2813471157052186
0.754245283018868    0.2799333111036848
0.7551886792452831    0.2858241636100755
0.7561320754716981    0.2976058686229269
0.7570754716981132    0.2749849949983167
0.7580188679245283    0.26603089918860284
0.7589622641509435    0.26626653328885846
0.7599056603773585    0.25731243747920524
0.7608490566037736    0.26084694898297905
0.7617924528301887    0.26603089918860284
0.7627358490566039    0.2542491941758215
0.7636792452830189    0.24364565966437562
0.7646226415094339    0.2544848282760771
0.7655660377358491    0.24482383016559642
0.7665094339622642    0.26061131488272343
0.7674528301886793    0.2386973435590063
0.7683962264150943    0.23492719795486008
0.7693396226415095    0.23304212515281506
0.7702830188679246    0.22267422474156748
0.7712264150943396    0.20877181282653462
0.7721698113207547    0.23657663665664946
0.7731132075471698    0.22432366344335686
0.774056603773585    0.22479493164386813
0.775    0.2386973435590063
0.7759433962264151    0.22526619984437937
0.7768867924528302    0.23563410025562695
0.7778301886792454    0.22243859064131186
0.7787735849056604    0.22267422474161988
0.7797169811320754    0.23751917305767198
0.7806603773584906    0.23021451594974754
0.7816037735849057    0.23280649105255943
0.7825471698113208    0.24741580526846654
0.7834905660377358    0.24812270756917518
0.784433962264151    0.24411692786482955
0.7853773584905661    0.25754807157940024
0.7863207547169812    0.24341002556411992
0.7872641509433962    0.24058241636099514
0.7882075471698113    0.24882960986994207
0.7891509433962265    0.25801933977991154
0.7900943396226415    0.2523641213738359
0.7910377358490566    0.2518928531732652
0.7919811320754717    0.2759275313993391
0.7929245283018869    0.27309992219627166
0.7938679245283019    0.2646170945871314
0.7948113207547169    0.27828387240189545
0.7957547169811321    0.2832321885072636
0.7966981132075472    0.27474936089806107
0.7976415094339623    0.2976058686229269
0.7985849056603773    0.29312882071799995
0.7995283018867925    0.2919506502167218
0.8004716981132076    0.31692786484381824
0.8014150943396227    0.30985884183622237
0.8023584905660377    0.32918083805711085
0.8033018867924528    0.3395487384683584
0.804245283018868    0.34756029787704973
0.805188679245283    0.33342225186179064
0.8061320754716981    0.35203734578190665
0.8070754716981132    0.3649972212959662
0.8080188679245284    0.3843192175169276
0.8089622641509434    0.37583638990781343
0.8099056603773584    0.39398021562740826
0.8108490566037736    0.4019917750360996
0.8117924528301887    0.41047460264530217
0.8127358490566038    0.4194286984551147
0.8136792452830188    0.4121240413470915
0.814622641509434    0.43215293986881986
0.8155660377358491    0.45877959319770567
0.8165094339622642    0.4517105701901432
0.8174528301886792    0.45571634989438253
0.8183962264150944    0.46113593420026194
0.8193396226415095    0.4696187618094645
0.8202830188679245    0.47079693231085346
0.8212264150943396    0.47386017561406585
0.8221698113207547    0.4696187618094645
0.8231132075471699    0.4677336890074195
0.8240566037735849    0.4616072024008818
0.825    0.4811648327219903
0.8259433962264151    0.47739468711790023
0.8268867924528303    0.4938890741357941
0.8278301886792453    0.47173946871187616
0.8287735849056603    0.47268200511278763
0.8297169811320755    0.463021007002307
0.8306603773584906    0.4715038346115095
0.8316037735849057    0.4632566411026716
0.8325471698113207    0.4818717350227571
0.8334905660377359    0.4396932310769999
0.834433962264151    0.4717394687117652
0.835377358490566    0.4821073691231262
0.8363207547169811    0.4533600088918263
0.8372641509433962    0.46938312770920887
0.8382075471698114    0.47338890741355455
0.8391509433962264    0.47268200511289893
0.8400943396226415    0.5026075358452523
0.8410377358490566    0.5089696565521542
0.8419811320754718    0.506613315549598
0.8429245283018868    0.5238146048683819
0.8438679245283018    0.5247571412692813
0.844811320754717    0.5089696565521542
0.8457547169811321    0.5542114038012346
0.8466981132075472    0.5624585973103139
0.8476415094339622    0.5685850839168278
0.8485849056603774    0.5768322774257748
0.8495283018867925    0.5926197621429018
0.8504716981132076    0.598746248749689
0.8514150943396226    0.6142980993664194
0.8523584905660377    0.6284361453817571
0.8533018867924529    0.6093497832610513
0.8542452830188679    0.6100566855619618
0.855188679245283    0.6199533177725546
0.8561320754716981    0.6444592641991397
0.8570754716981133    0.6602467489162667
0.8580188679245283    0.6564766033123313
0.8589622641509433    0.6560053351116655
0.8599056603773585    0.6350339001889146
0.8608490566037736    0.6722640880293037
0.8617924528301887    0.6765055018340642
0.8627358490566037    0.6673157719239355
0.8636792452830189    0.6915860842502651
0.864622641509434    0.6951205957540995
0.8655660377358491    0.7097299099701154
0.8665094339622641    0.7144425919750609
0.8674528301886792    0.7177414693786398
0.8683962264150944    0.7156207624763391
0.8693396226415094    0.7398910748028428
0.8702830188679245    0.7356496609980673
0.8712264150943396    0.7420117817049693
0.8721698113207548    0.7497877070134049
0.8731132075471698    0.743425586306678
0.8740566037735849    0.7587418028231188
0.875    0.7700522396353889
0.8759433962264151    0.7931443814604403
0.8768867924528302    0.7813626764478429
0.8778301886792452    0.7815983105479146
0.8787735849056604    0.7733511170389676
0.8797169811320755    0.7999777703678536
0.8806603773584906    0.7931443814606269
0.8816037735849056    0.7761787262420351
0.8825471698113208    0.8094031343780786
0.8834905660377359    0.7922018450594178
0.8844339622641509    0.8160008891854281
0.885377358490566    0.8291963987995512
0.8863207547169811    0.7995065021673422
0.8872641509433963    0.8258975213959725
0.8882075471698113    0.8150583527844055
0.8891509433962264    0.8164721573857474
0.8900943396226415    0.8506391019228133
0.8910377358490567    0.8489896632210239
0.8919811320754717    0.8824497054575307
0.8929245283018867    0.8713749027453085
0.8938679245283019    0.9170879181949001
0.894811320754717    0.9093119928864645
0.8957547169811321    0.9272201845061103
0.8966981132075471    0.9540824719350336
0.8976415094339623    0.9526686673334998
0.8985849056603774    0.9592664221406573
0.8995283018867924    1.027600311215031
0.9004716981132075    1.0106346559963841
0.9014150943396226    1.0490430143380511
0.9023584905660378    1.0603534511503214
0.9033018867924528    1.0867444703792073
0.9042452830188679    1.1013537845948003
0.905188679245283    1.1171412693119274
0.9061320754716982    1.1161987329109049
0.9070754716981132    1.1513082138492643
0.9080188679245282    1.1334000222295657
0.9089622641509434    1.1751072579748116
0.9099056603773585    1.1916016449927056
0.9108490566037736    1.1984350339004008
0.9117924528301886    1.2488607313548228
0.9127358490566038    1.2705390685783404
0.9136792452830189    1.2717172390796188
0.914622641509434    1.3157808158277307
0.915566037735849    1.3671490496831475
0.9165094339622641    1.42629320884731
0.9174528301886793    1.4361898410580463
0.9183962264150943    1.4559831054798618
0.9193396226415094    1.5155985328441925
0.9202830188679245    1.586760031121392
0.9212264150943397    1.6204557074579466
0.9221698113207547    1.708818495054209
0.9231132075471697    1.7783305546292165
0.9240566037735849    1.8304056907857102
0.925    1.9253662331887278
0.9259433962264151    2.0238612870960564
0.9268867924528301    2.1197643658996204
0.9278301886792453    2.187155718572729
0.9287735849056604    2.3040302322995205
0.9297169811320755    2.393099922196711
0.9306603773584905    2.515394020228818
0.9316037735849056    2.6141247082359254
0.9325471698113208    2.7943847949314797
0.933490566037736    2.858948538401522
0.934433962264151    3.022714238079894
0.935377358490566    3.19849727686988
0.9363207547169812    3.291572746470853
0.9372641509433963    3.4977525841945267
0.9382075471698114    3.633949094143134
0.9391509433962264    3.7856974547069027
0.9400943396226416    3.987871512726231
0.9410377358490567    4.105924196954299
0.9419811320754717    4.343207735912738
0.9429245283018868    4.493306657774551
0.9438679245283019    4.7718261642767015
0.9448113207547171    4.871499388684832
0.9457547169811321    5.094644881628109
0.9466981132075472    5.366330999221648
0.9476415094339623    5.515958652883972
0.9485849056603775    5.787409136378454
0.9495283018867925    5.985813048795101
0.9504716981132075    6.236292097365423
0.9514150943396227    6.56947871512688
0.9523584905660378    6.84799822162903
0.9533018867924529    7.090701344893995
0.9542452830188679    7.382651995109048
0.9551886792452831    7.676958986328326
0.9561320754716982    7.920840280092901
0.9570754716981132    8.125370679116697
0.9580188679245283    8.33579193064306
0.9589622641509434    8.498850728019953
0.9599056603773586    8.626093142157993
0.9608490566037736    8.727887073470477
0.9617924528301887    8.783732355229006
0.9627358490566038    8.746737801488871
0.963679245283019    8.668271646103749
0.964622641509434    8.605828609538033
0.965566037735849    8.517230187839893
0.9665094339622642    8.317883739023632
0.9674528301886793    8.14445704123549
0.9683962264150944    7.941104812716753
0.9693396226415094    7.790534622651538
0.9702830188679246    7.493635656329449
0.9712264150943397    7.344243636767381
0.9721698113207548    7.031792819830075
0.9731132075471698    6.760813604534448
0.9740566037735849    6.264332555295843
0.9750000000000001    5.882134044681216
0.9759433962264151    5.241209291987144
0.9768867924528302    4.607117928198019
0.9778301886792453    3.9174169167497985
0.9787735849056605    3.177761476047385
0.9797169811320755    2.469445370679552
0.9806603773584905    1.7877559186394418
0.9816037735849057    1.3080048905189854
0.9825471698113208    0.8972946537734274
0.9834905660377359    0.5634011337113367
0.9844339622641509    0.3635834166944324
0.9853773584905661    0.23115705235077003
0.9863207547169812    0.16730021118149513
0.9872641509433963    0.10485717461377868
0.9882075471698113    0.0683338890741318
0.9891509433962264    0.04335667444703536
0.9900943396226416    0.020500166722239546
0.9910377358490566    0.004712682005113648
0.9919811320754717    0.00023563410025562696
0.9929245283018868    0.0
0.993867924528302    0.0
0.994811320754717    0.0
0.995754716981132    0.0
0.9966981132075472    0.0
0.9976415094339623    0.0
0.9985849056603774    0.0
0.9995283018867924    0.0