-0.9995283018867924    0.0
-0.9985849056603773    0.0
-0.9976415094339622    0.03510948093808842
-0.9966981132075472    0.8129376458820087
-0.995754716981132    3.0877492497497356
-0.9948113207547169    6.644645993109207
-0.9938679245283019    10.31653217739186
-0.9929245283018868    13.063790152273752
-0.9919811320754717    14.629107480270344
-0.9910377358490565    15.240342336335235
-0.9900943396226415    15.626546626652411
-0.9891509433962264    15.331297099033915
-0.9882075471698113    14.602716461041714
-0.9872641509433961    13.84585973102227
-0.9863207547169811    12.960818050460505
-0.9853773584905661    12.069178615094632
-0.9844339622641509    11.298419473157058
-0.9834905660377358    10.38722240746977
-0.9825471698113207    9.726033122151259
-0.9816037735849057    9.115740802490256
-0.9806603773584905    8.455258419472662
-0.9797169811320754    7.969852172947008
-0.9787735849056604    7.467951539401586
-0.9778301886792453    6.909969989997074
-0.9768867924528302    6.425741913970947
-0.975943396226415    5.917714793820512
-0.975    5.386124263643121
-0.9740566037735849    5.013822385239821
-0.9731132075471698    4.72022229632072
-0.9721698113207546    4.457725908636475
-0.9712264150943396    4.356638879626287
-0.9702830188679246    4.198292764254999
-0.9693396226415094    4.101682783149699
-0.9683962264150943    3.954882738690908
-0.9674528301886792    3.8611003667887034
-0.9665094339622642    3.7654329220853624
-0.965566037735849    3.704639324218967
-0.9646226415094339    3.537339113037888
-0.9636792452830188    3.483850172279445
-0.9627358490566038    3.2477448038236885
-0.9617924528301887    3.14571523841262
-0.9608490566037735    3.0514615983107283
-0.9599056603773585    2.9982082916525976
-0.9589622641509434    2.8902878737358604
-0.9580188679245283    2.832557519172892
-0.9570754716981131    2.7613960208960173
-0.9561320754716981    2.6709125263975317
-0.9551886792452831    2.6643147715906874
-0.9542452830188679    2.627791486050752
-0.9533018867924528    2.573124374791749
-0.9523584905660377    2.4746293208845946
-0.9514150943396227    2.4472957652552294
-0.9504716981132075    2.385795265088223
-0.9495283018867924    2.2785817494721807
-0.9485849056603773    2.1360231188172585
-0.9476415094339623    2.021269311993006
-0.9466981132075472    1.9557630321217037
-0.945754716981132    1.9307858174948342
-0.944811320754717    1.879181949538625
-0.9438679245283019    1.8619806602201834
-0.9429245283018868    1.8063710125596364
-0.9419811320754716    1.7917616983439981
-0.9410377358490566    1.7988307213514563
-0.9400943396226416    1.729083027675994
-0.9391509433962264    1.7227209069688887
-0.9382075471698113    1.7255485161721593
-0.9372641509433962    1.6697032344113725
-0.9363207547169812    1.6369500944760331
-0.935377358490566    1.596185395131617
-0.9344339622641509    1.6126797821497008
-0.9334905660377358    1.5497654773812584
-0.9325471698113208    1.5636678892965246
-0.9316037735849056    1.4880293431142844
-0.9306603773584905    1.4032010670224235
-0.9297169811320755    1.4043792375235367
-0.9287735849056604    1.374218072690978
-0.9278301886792453    1.3584305879736893
-0.9268867924528301    1.3160164499278313
-0.9259433962264151    1.2790218961875433
-0.925    1.2606424363677526
-0.9240566037735849    1.2427342447481766
-0.9231132075471697    1.210452373013298
-0.9221698113207547    1.197021229298585
-0.9212264150943397    1.1362276314327668
-0.9202830188679245    1.1362276314326332
-0.9193396226415094    1.1022963209959524
-0.9183962264150943    1.0898077136822746
-0.9174528301886793    1.086980104479335
-0.9165094339622641    1.0551695009446975
-0.915566037735849    1.0558764032455885
-0.914622641509434    1.0356118706234805
-0.9136792452830189    1.0238301656108195
-0.9127358490566038    0.9767033455595736
-0.9117924528301886    0.9460709125264536
-0.9108490566037736    0.9140246748915769
-0.9099056603773585    0.945128376125431
-0.9089622641509434    0.935467378014839
-0.9080188679245282    0.8975302878737886
-0.9070754716981132    0.903892408580585
-0.9061320754716982    0.9088407246860601
-0.905188679245283    0.8977659219739388
-0.9042452830188679    0.8798577303546146
-0.9033018867924528    0.8932888740690818
-0.9023584905660378    0.8671334889408092
-0.9014150943396226    0.870432366344286
-0.9004716981132075    0.8362654218073184
-0.8995283018867924    0.8680760253417297
-0.8985849056603774    0.8555874180282822
-0.8976415094339623    0.8591219295320158
-0.8966981132075471    0.84757585861959
-0.8957547169811321    0.8169434255862587
-0.894811320754717    0.8329665444037393
-0.8938679245283019    0.7973857952650416
-0.8929245283018867    0.7959719906636015
-0.8919811320754717    0.7735867511392233
-0.8910377358490567    0.7790063354451944
-0.8900943396226415    0.7495520729131494
-0.8891509433962264    0.7780637990441718
-0.8882075471698113    0.7422474158052249
-0.8872641509433963    0.7651039235301108
-0.8863207547169811    0.7514371457151943
-0.885377358490566    0.7521440480160497
-0.8844339622641509    0.7257530287873311
-0.8834905660377359    0.7283450038902287
-0.8825471698113208    0.7241035900855416
-0.8816037735849056    0.7396554407025001
-0.8806603773584906    0.7443681227075255
-0.8797169811320755    0.709023007669265
-0.8787735849056604    0.7167989329776172
-0.8778301886792452    0.719155273980258
-0.8768867924528302    0.7043103256640689
-0.8759433962264151    0.6833388907413986
-0.875    0.6715571857285368
-0.8740566037735849    0.6416316549961477
-0.8731132075471698    0.6317350227853359
-0.8721698113207548    0.6388040457930798
-0.8712264150943396    0.6197176836722988
-0.8702830188679245    0.6350339001889893
-0.8693396226415094    0.6105279537623294
-0.8683962264150944    0.6109992219629127
-0.8674528301886792    0.5914415916416237
-0.8665094339622641    0.5669356452151051
-0.8655660377358491    0.5822518617316542
-0.864622641509434    0.6015738579526864
-0.8636792452830189    0.5890852506390674
-0.8627358490566037    0.6135911970657248
-0.8617924528301887    0.6006313215515932
-0.8608490566037736    0.6074647104590778
-0.8599056603773585    0.6105279537623294
-0.8589622641509433    0.6065221740580552
-0.8580188679245283    0.6046371012559388
-0.8570754716981133    0.6171257085695596
-0.8561320754716981    0.6039301989551719
-0.855188679245283    0.5928553962432271
-0.8542452830188679    0.5963899077469919
-0.8533018867924529    0.5728264977214965
-0.8523584905660377    0.5605735245081366
-0.8514150943396226    0.5242858730688317
-0.8504716981132076    0.5358319439812957
-0.8495283018867925    0.49883739024122103
-0.8485849056603774    0.48493497832608023
-0.8476415094339622    0.4828142714238364
-0.8466981132075472    0.49035456263195965
-0.8457547169811321    0.4481760586862552
-0.844811320754717    0.4467622540846687
-0.8438679245283018    0.4316816716683594
-0.8429245283018868    0.4404001333777668
-0.8419811320754718    0.4290896965655472
-0.8410377358490566    0.4121240413470915
-0.8400943396226415    0.412830943647907
-0.8391509433962264    0.4100033344447909
-0.8382075471698114    0.4125953095476514
-0.8372641509433962    0.40434811603865584
-0.8363207547169811    0.4231988440591558
-0.835377358490566    0.42154940535731666
-0.834433962264151    0.4279115260642689
-0.8334905660377359    0.4380437923752105
-0.8325471698113207    0.4201356007558323
-0.8316037735849057    0.42178503945757223
-0.8306603773584906    0.43710125597423943
-0.8297169811320755    0.4203712348560385
-0.8287735849056603    0.413537845948674
-0.8278301886792453    0.4137734800488809
-0.8268867924528303    0.4147160164499522
-0.8259433962264151    0.4128309436478584
-0.825    0.42178503945762186
-0.8240566037735849    0.4041124819384002
-0.8231132075471699    0.4140091141491853
-0.8221698113207547    0.4107102367455578
-0.8212264150943396    0.42037123485608796
-0.8202830188679245    0.42908969656549667
-0.8193396226415095    0.4191930643548097
-0.8183962264150944    0.4248482827608954
-0.8174528301886792    0.4300322329665192
-0.816509433962264    0.40788262754253823
-0.8155660377358491    0.4095320662443278
-0.814622641509434    0.40481938423916713
-0.8136792452830188    0.39421584972766394
-0.8127358490566037    0.38361231521620587
-0.8117924528301887    0.4088251639435609
-0.8108490566037736    0.4109458708458134
-0.8099056603773584    0.40128487273533275
-0.8089622641509433    0.3946871179282216
-0.8080188679245284    0.39303767922643207
-0.8070754716981132    0.38596865621871695
-0.8061320754716981    0.3826697788151382
-0.8051886792452829    0.39963543403359036
-0.804245283018868    0.39398021562745467
-0.8033018867924528    0.3824341447148826
-0.8023584905660377    0.3607558074913648
-0.8014150943396225    0.354158052684249
-0.8004716981132076    0.35462932088476035
-0.7995283018867925    0.348031566077561
-0.7985849056603773    0.3364854951650353
-0.7976415094339622    0.31999110814717907
-0.7966981132075472    0.3235256196510139
-0.7957547169811321    0.2912437479159549
-0.7948113207547169    0.2971346004223456
-0.7938679245283018    0.27121484939425855
-0.7929245283018869    0.27639879959988295
-0.7919811320754717    0.27427809269754977
-0.7910377358490566    0.2610825830832347
-0.7900943396226414    0.2587262420807088
-0.7891509433962265    0.2507146826720166
-0.7882075471698113    0.23492719795486008
-0.7872641509433962    0.22997888184949192
-0.786320754716981    0.2318639546515642
-0.7853773584905661    0.23634100255642165
-0.784433962264151    0.2332777592530707
-0.7834905660377358    0.2297432477492363
-0.7825471698113207    0.24034678226076778
-0.7816037735849057    0.24435256196511393
-0.7806603773584906    0.2368122707569051
-0.7797169811320754    0.2507146826719871
-0.7787735849056603    0.2500077803712496
-0.7778301886792454    0.27262865399579245
-0.7768867924528302    0.2733355562965272
-0.7759433962264151    0.2596687784817009
-0.7749999999999999    0.26131821718352105
-0.774056603773585    0.2721573857952812
-0.7731132075471698    0.2558986328776109
-0.7721698113207547    0.2415249527620176
-0.7712264150943395    0.2577837056796862
-0.7702830188679246    0.2676803378904237
-0.7693396226415095    0.23374902745358192
-0.7683962264150943    0.24246748916304012
-0.7674528301886792    0.24788707346894873
-0.7665094339622642    0.2288007113482407
-0.7655660377358491    0.241289318661762
-0.7646226415094339    0.23351339335332633
-0.7636792452830188    0.23775480715795555
-0.7627358490566039    0.2382260753584669
-0.7617924528301887    0.2474158052684083
-0.7608490566037736    0.25024341447147586
-0.7599056603773584    0.24152495276204608
-0.7589622641509435    0.2391686117594895
-0.7580188679245283    0.239404245859717
-0.7570754716981132    0.2587262420806784
-0.756132075471698    0.23987551406025648
-0.7551886792452831    0.24105368456153475
-0.754245283018868    0.2429387573635514
-0.7533018867924528    0.2419962209625289
-0.7523584905660377    0.242231855062813
-0.7514150943396227    0.22903634544849635
-0.7504716981132076    0.2332777592530707
-0.7495283018867924    0.21701900633543242
-0.7485849056603773    0.21560520173392403
-0.7476415094339623    0.21913971323775885
-0.7466981132075472    0.2038234967211173
-0.745754716981132    0.19157052350782472
-0.7448113207547169    0.1908636212070803
-0.743867924528302    0.1809669889963428
-0.7429245283018868    0.18332332999887777
-0.7419811320754717    0.17436923418916395
-0.7410377358490565    0.16305879737691303
-0.7400943396226416    0.16942091808381574
-0.7391509433962264    0.16565077247970575
-0.7382075471698113    0.14915638546181187
-0.7372641509433961    0.1611737245748678
-0.7363207547169812    0.1632944314771687
-0.7353773584905661    0.1538690674669244
-0.7344339622641509    0.15363343336666876
-0.7334905660377358    0.16753584528177048
-0.7325471698113208    0.14656441035901724
-0.7316037735849057    0.1538690674669244
-0.7306603773584905    0.16470823607868323
-0.7297169811320754    0.16211626097589044
-0.7287735849056605    0.16659330888074786
-0.7278301886792453    0.16706457708123953
-0.7268867924528302    0.16706457708123953
-0.725943396226415    0.1663576747804922
-0.7250000000000001    0.17554740469046276
-0.7240566037735849    0.17201289318660767
-0.7231132075471698    0.1748405023896752
-0.7221698113207546    0.18049572079583148
-0.7212264150943397    0.16659330888074786
-0.7202830188679246    0.16800711348226202
-0.7193396226415094    0.16353006557740513
-0.7183962264150943    0.1771968433922523
-0.7174528301886793    0.1845015005001776
-0.7165094339622642    0.15716794487050317
-0.715566037735849    0.16235189507612696
-0.7146226415094339    0.16965655218407136
-0.713679245283019    0.17837501389353058
-0.7127358490566038    0.16211626097587134
-0.7117924528301887    0.14656441035899997
-0.7108490566037735    0.14892075136157376
-0.7099056603773586    0.1616449927753791
-0.7089622641509434    0.16070245637433758
-0.7080188679245283    0.1616449927753601
-0.7070754716981131    0.1611737245748678
-0.7061320754716982    0.1611737245748678
-0.7051886792452831    0.1713059908858408
-0.7042452830188679    0.1581104812715257
-0.7033018867924528    0.15975991997333389
-0.7023584905660378    0.15080582416361898
-0.7014150943396227    0.16659330888072826
-0.7004716981132075    0.1529265310659019
-0.6995283018867924    0.1472713126597842
-0.6985849056603775    0.1564610425697547
-0.6976415094339623    0.14703567855951122
-0.6966981132075472    0.1496276536623231
-0.695754716981132    0.15410470156719816
-0.6948113207547171    0.14208736245415976
-0.6938679245283019    0.15881738357229255
-0.6929245283018868    0.14185172835388743
-0.6919811320754716    0.1336045348449562
-0.6910377358490567    0.1352539735467458
-0.6900943396226416    0.13596087584749675
-0.6891509433962264    0.1406735578526093
-0.6882075471698113    0.12771368233856484
-0.6872641509433963    0.13030565744137704
-0.6863207547169812    0.12747804823829417
-0.685377358490566    0.12889185283982793
-0.6844339622641509    0.1340758030454675
-0.683490566037736    0.13313326664444491
-0.6825471698113208    0.13973102145158678
-0.6816037735849056    0.13478270534621864
-0.6806603773584905    0.1352539735467458
-0.6797169811320756    0.1343114371457232
-0.6787735849056604    0.14020228965209802
-0.6778301886792453    0.13525397354672988
-0.6768867924528301    0.1262998777370309
-0.6759433962264152    0.1340758030454675
-0.675    0.1354896076469855
-0.6740566037735849    0.1416160942536318
-0.6731132075471697    0.13077692564188834
-0.6721698113207548    0.12417917083473001
-0.6712264150943397    0.12017339113036975
-0.6702830188679245    0.11852395242858037
-0.6693396226415094    0.11852395242859431
-0.6683962264150944    0.12088029343115085
-0.6674528301886793    0.11758141602755787
-0.6665094339622641    0.11828831832832473
-0.665566037735849    0.13030565744137704
-0.6646226415094341    0.13030565744137704
-0.6636792452830189    0.1189952206290916
-0.6627358490566038    0.10603534511503214
-0.6617924528301886    0.12229409803268478
-0.6608490566037737    0.12135156163166216
-0.6599056603773585    0.10792041791707714
-0.6589622641509434    0.11074802712014467
-0.6580188679245282    0.10839168611760115
-0.6570754716981133    0.10650661331555591
-0.6561320754716982    0.11286873402244532
-0.655188679245283    0.11051239301988904
-0.6542452830188679    0.09990885850839759
-0.6533018867924529    0.1076847838168342
-0.6523584905660378    0.10273646771145335
-0.6514150943396226    0.10250083361119773
-0.6504716981132075    0.0904834944981714
-0.6495283018867926    0.09990885850839759
-0.6485849056603774    0.09425364010225078
-0.6476415094339623    0.090954762698672
-0.6466981132075471    0.09660998110481842
-0.6457547169811322    0.09401800600200622
-0.644811320754717    0.09213293319995014
-0.6438679245283019    0.09496054240301767
-0.6429245283018867    0.09684561520507408
-0.6419811320754718    0.09283983550072795
-0.6410377358490567    0.090954762698672
-0.6400943396226415    0.09802378570634082
-0.6391509433962264    0.09142603089919402
-0.6382075471698113    0.09849505390685206
-0.6372641509433963    0.09425364010226187
-0.6363207547169811    0.09896632210736332
-0.635377358490566    0.10509280871400963
-0.6344339622641508    0.1008513949094202
-0.6334905660377359    0.11616761142603775
-0.6325471698113208    0.10155829721017522
-0.6316037735849056    0.10038012670889708
-0.6306603773584905    0.10980549071913508
-0.6297169811320755    0.11145492942092466
-0.6287735849056604    0.10956985661886653
-0.6278301886792452    0.10862732021784403
-0.6268867924528301    0.11004112481939074
-0.6259433962264151    0.11239746582194729
-0.625    0.11687451372679096
-0.6240566037735849    0.11169056352116717
-0.6231132075471697    0.11263309992220294
-0.6221698113207548    0.12252973213294045
-0.6212264150943396    0.11334000222295658
-0.6202830188679245    0.1380815827497974
-0.6193396226415093    0.1253573413360083
-0.6183962264150944    0.12771368233856484
-0.6174528301886792    0.12912748694008358
-0.6165094339622641    0.13077692564187296
-0.615566037735849    0.1293631210403544
-0.614622641509434    0.12653551183728656
-0.6136792452830189    0.14397243525618808
-0.6127358490566037    0.1267711459375273
-0.6117924528301886    0.13384016894521186
-0.6108490566037736    0.13643214404802406
-0.6099056603773585    0.13384016894519613
-0.6089622641509433    0.13384016894519613
-0.6080188679245282    0.1326619984439336
-0.6070754716981133    0.1366677781482797
-0.6061320754716981    0.13619650994775237
-0.605188679245283    0.13336890074468485
-0.6042452830188678    0.13313326664444491
-0.6033018867924529    0.14538623985773894
-0.6023584905660377    0.12135156163164788
-0.6014150943396226    0.13101255974212858
-0.6004716981132074    0.1435011670556937
-0.5995283018867925    0.1274780482383092
-0.5985849056603774    0.13313326664442923
-0.5976415094339622    0.12488607313548228
-0.5966981132075471    0.11852395242859431
-0.5957547169811321    0.12300100033345175
-0.594811320754717    0.11993775703011411
-0.5938679245283018    0.11875958652883599
-0.5929245283018867    0.11734578192731604
-0.5919811320754718    0.11852395242859431
-0.5910377358490566    0.10509280871400963
-0.5900943396226415    0.10744914971656588
-0.5891509433962263    0.10273646771146544
-0.5882075471698114    0.10980549071913508
-0.5872641509433962    0.10391463821273149
-0.5863207547169811    0.10792041791707714
-0.5853773584905659    0.10014449260865324
-0.584433962264151    0.09213293319996099
-0.5834905660377359    0.09519617650327329
-0.5825471698113207    0.10815605201733278
-0.5816037735849056    0.08671334889408093
-0.5806603773584906    0.09590307880405147
-0.5797169811320755    0.08930532399688261
-0.5787735849056603    0.09001222629764949
-0.5778301886792452    0.08765588529510354
-0.5768867924528303    0.08859842169612615
-0.5759433962264151    0.08694898299432635
-0.575    0.07823052128486815
-0.5740566037735848    0.08011559408692259
-0.5731132075471699    0.07987995998666694
-0.5721698113207547    0.08058686228742443
-0.5712264150943396    0.07658108258307876
-0.5702830188679244    0.07233966877848598
-0.5693396226415095    0.07516727798155384
-0.5683962264150944    0.0690407913748987
-0.5674528301886792    0.06527064577080867
-0.566509433962264    0.06927642547516248
-0.5655660377358491    0.07328220517950862
-0.564622641509434    0.06621318217183117
-0.5636792452830188    0.07540291208180062
-0.5627358490566037    0.07116149827720772
-0.5617924528301887    0.06856952317439552
-0.5608490566037736    0.06668445037234243
-0.5599056603773584    0.06597754807157555
-0.5589622641509433    0.06739135267311724
-0.5580188679245284    0.06362120706902676
-0.5570754716981132    0.0629143047682524
-0.5561320754716981    0.061264866066463
-0.5551886792452829    0.060793597865958914
-0.554245283018868    0.06974769367567378
-0.5533018867924528    0.06527064577080867
-0.5523584905660377    0.06856952317438744
-0.5514150943396225    0.06055796376570325
-0.5504716981132076    0.060793597865958914
-0.5495283018867925    0.05985106146492925
-0.5485849056603773    0.05655218406135047
-0.5476415094339622    0.05466711125931189
-0.5466981132075472    0.0629143047682598
-0.5457547169811321    0.054667111259305456
-0.5448113207547169    0.0541958430587942
-0.5438679245283018    0.06409247526953808
-0.5429245283018869    0.0633855729687711
-0.5419811320754717    0.05513837945981671
-0.5410377358490566    0.06173613426697426
-0.5400943396226414    0.06385684116928242
-0.5391509433962265    0.06314993886851546
-0.5382075471698113    0.06479937757029741
-0.5372641509433962    0.06668445037234243
-0.536320754716981    0.0577303545626354
-0.5353773584905661    0.06362120706902676
-0.534433962264151    0.06550627987106429
-0.5334905660377358    0.06527064577080867
-0.5325471698113207    0.06409247526953808
-0.5316037735849057    0.07469600978104253
-0.5306603773584906    0.07493164388128938
-0.5297169811320754    0.06880515727464306
-0.5287735849056603    0.07516727798155384
-0.5278301886792454    0.06880515727465117
-0.5268867924528302    0.0787017894853794
-0.5259433962264151    0.0761098143825675
-0.5249999999999999    0.08129376458820087
-0.524056603773585    0.08011559408692259
-0.5231132075471698    0.07681671668333438
-0.5221698113207547    0.08553517839279258
-0.5212264150943395    0.08694898299433658
-0.5202830188679246    0.07987995998666694
-0.5193396226415095    0.08152939868844693
-0.5183962264150943    0.08270756918972506
-0.5174528301886792    0.08176503278871217
-0.5165094339622642    0.078466155385133
-0.5155660377358491    0.0822363009892138
-0.5146226415094339    0.08270756918972506
-0.5136792452830188    0.07893742358564432
-0.5127358490566039    0.0706902300766964
-0.5117924528301887    0.07139713237745497
-0.5108490566037736    0.0725753028787331
-0.5099056603773584    0.06479937757030504
-0.5089622641509435    0.06833388907413986
-0.5080188679245283    0.06574191397131991
-0.5070754716981132    0.07021896187617684
-0.506132075471698    0.06456374347004938
-0.5051886792452831    0.06409247526953808
-0.504245283018868    0.06786262087362056
-0.5033018867924528    0.06197176836722989
-0.5023584905660377    0.059144159164169326
-0.5014150943396227    0.06362120706902676
-0.5004716981132076    0.059144159164162366
-0.4995283018867924    0.06079359786595176
-0.49858490566037733    0.06362120706902676
-0.49764150943396224    0.06927642547515432
-0.49669811320754714    0.0629143047682598
-0.49575471698113205    0.06762698677336494
-0.49481132075471695    0.0650350116705607
-0.49386792452830186    0.06244303656774114
-0.49292452830188677    0.06432810936979373
-0.49198113207547167    0.06621318217183117
-0.4910377358490566    0.062443036567748494
-0.4900943396226415    0.06597754807157555
-0.4891509433962264    0.061264866066470226
-0.4882075471698113    0.07540291208180062
-0.4872641509433962    0.06904079137490682
-0.4863207547169811    0.07139713237745497
-0.485377358490566    0.06527064577081634
-0.4844339622641509    0.06762698677336494
-0.4834905660377358    0.07116149827720772
-0.48254716981132073    0.07398910748026687
-0.48160377358490564    0.07351783927976427
-0.48066037735849054    0.06692008447259806
-0.47971698113207545    0.06314993886851546
-0.47877358490566035    0.07658108258307876
-0.47783018867924526    0.06998332777592943
-0.47688679245283017    0.0664488162720868
-0.47594339622641507    0.06786262087362856
-0.475    0.07304657107924435
-0.4740566037735849    0.07469600978104253
-0.4731132075471698    0.06574191397131991
-0.4721698113207547    0.06880515727465117
-0.4712264150943396    0.06432810936978617
-0.4702830188679245    0.07233966877848598
-0.4693396226415094    0.07375347338001124
-0.4683962264150943    0.07469600978104253
-0.4674528301886792    0.06786262087362056
-0.46650943396226413    0.0650350116705607
-0.46556603773584904    0.0683338890741318
-0.46462264150943394    0.060793597865958914
-0.46367924528301885    0.07116149827719935
-0.46273584905660375    0.06055796376570325
-0.46179245283018866    0.05372457485828294
-0.46084905660377357    0.059144159164169326
-0.45990566037735847    0.05278203845726044
-0.4589622641509434    0.065506279871072
-0.4580188679245283    0.05867289096365111
-0.4570754716981132    0.06409247526953808
-0.4561320754716981    0.06173613426697426
-0.455188679245283    0.061500500166725876
-0.4542452830188679    0.05985106146492925
-0.4533018867924528    0.05325330665777796
-0.4523584905660377    0.06715571857285368
-0.4514150943396226    0.061264866066470226
-0.45047169811320753    0.06456374347004179
-0.44952830188679244    0.062443036567748494
-0.44858490566037734    0.06197176836722989
-0.44764150943396225    0.06692008447260593
-0.44669811320754715    0.07092586417694371
-0.44575471698113206    0.06102923196621457
-0.44481132075471697    0.05985106146492925
-0.44386792452830187    0.0577303545626354
-0.4429245283018868    0.06739135267310932
-0.4419811320754717    0.05985106146493629
-0.4410377358490566    0.06055796376569613
-0.4400943396226415    0.06479937757030504
-0.4391509433962264    0.06150050016671863
-0.4382075471698113    0.05372457485828926
-0.4372641509433962    0.06432810936978617
-0.4363207547169811    0.05937979326442498
-0.435377358490566    0.05325330665777169
-0.43443396226415093    0.06644881627209462
-0.43349056603773584    0.059379793264417995
-0.43254716981132074    0.05396020895854493
-0.43160377358490565    0.054902745359561085
-0.43066037735849055    0.04830499055240921
-0.42971698113207546    0.047833722351892274
-0.42877358490566037    0.05325330665777796
-0.42783018867924527    0.05443147715904983
-0.4268867924528302    0.051839502056244026
-0.4259433962264151    0.045006113148824745
-0.425    0.055138379459823195
-0.4240566037735849    0.04877625875291478
-0.4231132075471698    0.04806935645215356
-0.4221698113207547    0.047833722351892274
-0.4212264150943396    0.04312104034678481
-0.4202830188679245    0.044534844948313494
-0.4193396226415094    0.0452417472490857
-0.41839622641509433    0.04712682005112539
-0.41745283018867924    0.04759808825164225
-0.41650943396226414    0.04854062465265915
-0.41556603773584905    0.048540624652664864
-0.41462264150943395    0.048069356452147896
-0.41367924528301886    0.0504256974547101
-0.41273584905660377    0.044534844948313494
-0.41179245283018867    0.03817272424141606
-0.4108490566037736    0.04712682005112539
-0.4099056603773585    0.04806935645215356
-0.4089622641509434    0.04901189285317041
-0.4080188679245283    0.04241413804601784
-0.4070754716981132    0.04665555185061414
-0.4061320754716981    0.04571301544959701
-0.405188679245283    0.04665555185061414
-0.4042452830188679    0.0452417472490857
-0.4033018867924528    0.044534844948313494
-0.40235849056603773    0.041942869845506534
-0.40141509433962264    0.043827942647546615
-0.40047169811320754    0.04288540624652916
-0.39952830188679245    0.04312104034677973
-0.39858490566037735    0.039350894742694334
-0.39764150943396226    0.040764699344223464
-0.39669811320754716    0.043356674447040465
-0.39575471698113207    0.03911526064243408
-0.394811320754717    0.04665555185061963
-0.3938679245283019    0.043827942647546615
-0.3929245283018868    0.040057797043461296
-0.3919811320754717    0.0419428698455016
-0.3910377358490566    0.042649772146273496
-0.3900943396226415    0.03864399244192282
-0.3891509433962264    0.043356674447040465
-0.3882075471698113    0.044534844948313494
-0.3872641509433962    0.05066133155496576
-0.38632075471698113    0.04524174724908037
-0.38537735849056604    0.03982216294320565
-0.38443396226415094    0.04924752695342603
-0.38349056603773585    0.045006113148830046
-0.38254716981132075    0.050896965655215426
-0.38160377358490566    0.052310770256755346
-0.38066037735849056    0.04901189285317041
-0.37971698113207547    0.04901189285317617
-0.3787735849056604    0.04618428365010289
-0.3778301886792453    0.04571301544959701
-0.3768867924528302    0.04995442925419291
-0.3759433962264151    0.056787818161612776
-0.375    0.052310770256749184
-0.3740566037735849    0.04052906524397261
-0.3731132075471698    0.0428854062465241
-0.3721698113207547    0.04547738134934135
-0.3712264150943396    0.045477381349336
-0.37028301886792453    0.04830499055240921
-0.36933962264150944    0.04477047904856912
-0.36839622641509434    0.04453484494831874
-0.36745283018867925    0.054667111259305456
-0.36650943396226415    0.04759808825164225
-0.36556603773584906    0.05631654996109484
-0.36462264150943396    0.05278203845726665
-0.36367924528301887    0.048304990552403525
-0.3627358490566038    0.049954429254198796
-0.3617924528301887    0.0516038679559823
-0.3608490566037736    0.0577303545626354
-0.3599056603773585    0.05325330665777169
-0.3589622641509434    0.05066133155496576
-0.3580188679245283    0.04971879515393729
-0.3570754716981132    0.05961542736468063
-0.3561320754716981    0.05890852506390674
-0.355188679245283    0.053488940758033614
-0.35424528301886793    0.059379793264417995
-0.35330188679245284    0.05466711125931189
-0.35235849056603774    0.06055796376569613
-0.35141509433962265    0.0671557185728616
-0.35047169811320755    0.05749472046237298
-0.34952830188679246    0.057494720462379745
-0.34858490566037736    0.06055796376569613
-0.34764150943396227    0.05961542736468063
-0.3466981132075472    0.06150050016671863
-0.3457547169811321    0.05702345226186844
-0.344811320754717    0.054667111259305456
-0.3438679245283019    0.06998332777592943
-0.3429245283018868    0.06432810936978617
-0.3419811320754717    0.06527064577081634
-0.3410377358490566    0.06385684116927491
-0.3400943396226415    0.06385684116928242
-0.3391509433962264    0.06809825497387618
-0.33820754716981133    0.061500500166725876
-0.33726415094339623    0.059379793264417995
-0.33632075471698114    0.061264866066470226
-0.33537735849056605    0.059379793264417995
-0.33443396226415095    0.06173613426698153
-0.33349056603773586    0.06762698677336494
-0.33254716981132076    0.061500500166725876
-0.33160377358490567    0.06244303656774114
-0.3306603773584906    0.07116149827720772
-0.3297169811320755    0.06621318217183117
-0.3287735849056604    0.061500500166725876
-0.3278301886792453    0.06362120706901928
-0.3268867924528302    0.060086695565191944
-0.3259433962264151    0.0716327664777106
-0.325    0.058908525063913676
-0.3240566037735849    0.06197176836722989
-0.3231132075471698    0.0633855729687711
-0.32216981132075473    0.0716327664777106
-0.32122641509433963    0.06927642547516248
-0.32028301886792454    0.0629143047682524
-0.31933962264150945    0.0577303545626354
-0.31839622641509435    0.05796598866288423
-0.31745283018867926    0.06904079137490682
-0.31650943396226416    0.05820162276313986
-0.31556603773584907    0.061264866066470226
-0.314622641509434    0.05796598866288423
-0.3136792452830189    0.0650350116705607
-0.3127358490566038    0.06739135267310932
-0.3117924528301887    0.061500500166725876
-0.3108490566037736    0.07116149827719935
-0.3099056603773585    0.06432810936979373
-0.3089622641509434    0.06362120706901928
-0.3080188679245283    0.06527064577081634
-0.3070754716981132    0.06197176836722989
-0.30613207547169813    0.05443147715905623
-0.30518867924528303    0.05773035456262861
-0.30424528301886794    0.05278203845726665
-0.30330188679245285    0.06479937757029741
-0.30235849056603775    0.0680982549738842
-0.30141509433962266    0.06362120706901928
-0.30047169811320756    0.061264866066470226
-0.29952830188679247    0.06503501167055303
-0.2985849056603774    0.060793597865958914
-0.2976415094339623    0.05985106146492925
-0.2966981132075472    0.05702345226186844
-0.2957547169811321    0.061264866066463
-0.294811320754717    0.06833388907413986
-0.2938679245283019    0.06220740246748552
-0.2929245283018868    0.06197176836723718
-0.2919811320754717    0.05443147715904983
-0.2910377358490566    0.05937979326442498
-0.29009433962264153    0.06856952317438744
-0.28915094339622643    0.0633855729687711
-0.28820754716981134    0.05820162276313986
-0.28726415094339625    0.05820162276314671
-0.28632075471698115    0.059379793264417995
-0.28537735849056606    0.0676269867733729
-0.28443396226415096    0.05961542736467362
-0.28349056603773587    0.060793597865958914
-0.2825471698113208    0.05443147715904983
-0.2816037735849057    0.05560964766033451
-0.2806603773584906    0.0603223296654405
-0.2797169811320755    0.060086695565191944
-0.2787735849056604    0.05348894075802732
-0.2778301886792453    0.05796598866289105
-0.2768867924528302    0.05396020895853857
-0.27594339622641506    0.05396020895853857
-0.27499999999999997    0.060793597865958914
-0.2740566037735849    0.05678781816160609
-0.2731132075471698    0.05631654996110147
-0.2721698113207547    0.04689118595086977
-0.2712264150943396    0.05207513615649968
-0.2702830188679245    0.052075136156493555
-0.2693396226415094    0.0504256974547101
-0.2683962264150943    0.04618428365010289
-0.2674528301886792    0.04971879515394314
-0.2665094339622641    0.05183950205623793
-0.265566037735849    0.04594864954985266
-0.26462264150943393    0.0516038679559823
-0.26367924528301884    0.0452417472490857
-0.26273584905660374    0.04712682005112539
-0.26179245283018865    0.04665555185061963
-0.26084905660377355    0.040057797043456585
-0.25990566037735846    0.04312104034678481
-0.25896226415094337    0.04170723574524597
-0.2580188679245283    0.0374658219406491
-0.2570754716981132    0.04359230854729099
-0.2561320754716981    0.0374658219406491
-0.255188679245283    0.04241413804601286
-0.2542452830188679    0.04312104034678481
-0.2533018867924528    0.040057797043456585
-0.2523584905660377    0.041000333444483915
-0.2514150943396226    0.04335667444703536
-0.2504716981132075    0.041942869845506534
-0.24952830188679243    0.043827942647546615
-0.24858490566037733    0.0374658219406491
-0.24764150943396224    0.0358163832388553
-0.24669811320754714    0.048540624652664864
-0.24575471698113205    0.047833722351892274
-0.24481132075471695    0.043356674447040465
-0.24386792452830186    0.048069356452147896
-0.24292452830188677    0.04217850394576219
-0.24198113207547167    0.048069356452147896
-0.24103773584905658    0.03817272424141606
-0.24009433962264148    0.047598088251636646
-0.2391509433962264    0.04736245415138659
-0.2382075471698113    0.04524174724908037
-0.2372641509433962    0.041235967544739564
-0.2363207547169811    0.0428854062465241
-0.235377358490566    0.04076469934422826
-0.23443396226415092    0.036758919639877805
-0.23349056603773582    0.03723018784039344
-0.23254716981132073    0.045006113148824745
-0.23160377358490564    0.04217850394576219
-0.23066037735849054    0.039822162943200956
-0.22971698113207545    0.03887962654218302
-0.22877358490566035    0.03887962654217845
-0.22783018867924526    0.036052017339115165
-0.22688679245283017    0.035580749138599675
-0.22594339622641507    0.03887962654218302
-0.22499999999999998    0.03770145604090031
-0.22405660377358488    0.03393131043681428
-0.2231132075471698    0.03770145604090031
-0.2221698113207547    0.03864399244192737
-0.2212264150943396    0.03440257863732153
-0.2202830188679245    0.03982216294320565
-0.2193396226415094    0.03510948093808842
-0.21839622641509432    0.03864399244192737
-0.21745283018867922    0.0393508947426897
-0.21650943396226413    0.041707235745250884
-0.21556603773584904    0.040057797043456585
-0.21462264150943394    0.037701456040904746
-0.21367924528301885    0.03723018784038906
-0.21273584905660375    0.04217850394576219
-0.21179245283018866    0.04335667444703536
-0.21084905660377357    0.04312104034678481
-0.20990566037735847    0.045006113148824745
-0.20896226415094338    0.0379370901411604
-0.20801886792452828    0.04594864954984726
-0.2070754716981132    0.04806935645215356
-0.2061320754716981    0.04641991775035851
-0.205188679245283    0.05136823385573272
-0.2042452830188679    0.05183950205623793
-0.2033018867924528    0.04547738134934135
-0.20235849056603772    0.04241413804601286
-0.20141509433962262    0.0478337223518979
-0.20047169811320753    0.04571301544959163
-0.19952830188679244    0.05466711125931189
-0.19858490566037734    0.05254640435700481
-0.19764150943396225    0.04948316105368748
-0.19669811320754715    0.0506613315549598
-0.19575471698113206    0.05325330665777796
-0.19481132075471697    0.04641991775035851
-0.19386792452830187    0.053488940758033614
-0.19292452830188678    0.050896965655215426
-0.19198113207547168    0.049954429254198796
-0.1910377358490566    0.05325330665777169
-0.1900943396226415    0.0478337223518979
-0.1891509433962264    0.04571301544959163
-0.1882075471698113    0.05066133155496576
-0.1872641509433962    0.04877625875291478
-0.18632075471698112    0.042649772146273496
-0.18537735849056602    0.0506613315549598
-0.18443396226415093    0.05490274535956754
-0.18349056603773584    0.05183950205623793
-0.18254716981132074    0.04924752695343183
-0.18160377358490565    0.052075136156493555
-0.18066037735849055    0.05443147715905623
-0.17971698113207546    0.04854062465265915
-0.17877358490566037    0.04971879515394314
-0.17783018867924527    0.04571301544959163
-0.17688679245283018    0.051603867955988376
-0.17594339622641508    0.04877625875291478
-0.175    0.050190063354454445
-0.1740566037735849    0.04594864954984726
-0.1731132075471698    0.05490274535956754
-0.1721698113207547    0.04948316105368166
-0.1712264150943396    0.04759808825164225
-0.17028301886792452    0.04712682005112539
-0.16933962264150942    0.045006113148830046
-0.16839622641509433    0.04618428365010289
-0.16745283018867924    0.05278203845726665
-0.16650943396226414    0.04618428365010289
-0.16556603773584905    0.04971879515394314
-0.16462264150943395    0.043827942647546615
-0.16367924528301886    0.0478337223518979
-0.16273584905660377    0.04995442925419291
-0.16179245283018867    0.0478337223518979
-0.16084905660377358    0.04901189285317041
-0.15990566037735848    0.04618428365010832
-0.1589622641509434    0.04594864954984726
-0.1580188679245283    0.04830499055240921
-0.1570754716981132    0.045006113148824745
-0.1561320754716981    0.04453484494831874
-0.155188679245283    0.04924752695342603
-0.15424528301886792    0.04382794264755177
-0.15330188679245282    0.03723018784038906
-0.15235849056603773    0.04689118595087528
-0.15141509433962264    0.035580749138599675
-0.15047169811320754    0.03982216294320565
-0.14952830188679245    0.03463821273757716
-0.14858490566037735    0.0379370901411604
-0.14764150943396226    0.0358163832388553
-0.14669811320754716    0.0379370901411604
-0.14575471698113207    0.032988774035787774
-0.14481132075471698    0.032753139935536
-0.14386792452830188    0.036758919639877805
-0.1429245283018868    0.036052017339115165
-0.1419811320754717    0.03251750583527652
-0.1410377358490566    0.03157496943425773
-0.1400943396226415    0.03746582194064469
-0.1391509433962264    0.03322440813604731
-0.13820754716981132    0.03487384683783279
-0.13726415094339622    0.03911526064243868
-0.13632075471698113    0.0341669445370659
-0.13537735849056604    0.036758919639882134
-0.13443396226415094    0.03817272424141157
-0.13349056603773585    0.034402578637325584
-0.13254716981132075    0.0358163832388553
-0.13160377358490566    0.04382794264755177
-0.13066037735849056    0.03770145604090031
-0.12971698113207547    0.034402578637325584
-0.12877358490566038    0.03699455374013343
-0.12783018867924528    0.03628765143937082
-0.1268867924528302    0.04217850394575723
-0.1259433962264151    0.04382794264755177
-0.125    0.03840835834166719
-0.1240566037735849    0.038408358341671715
-0.12311320754716981    0.03911526064243408
-0.12216981132075472    0.03982216294320565
-0.12122641509433962    0.04029343114371221
-0.12028301886792453    0.03817272424141606
-0.11933962264150944    0.0393508947426897
-0.11839622641509434    0.03911526064243868
-0.11745283018867925    0.041235967544734714
-0.11650943396226415    0.041000333444483915
-0.11556603773584906    0.044534844948313494
-0.11462264150943396    0.04052906524397261
-0.11367924528301887    0.04147160164499034
-0.11273584905660378    0.034402578637325584
-0.11179245283018868    0.03487384683783279
-0.11084905660377359    0.035109480938092553
-0.1099056603773585    0.0393508947426897
-0.1089622641509434    0.04029343114371695
-0.1080188679245283    0.03817272424141157
-0.10707547169811321    0.03322440813604731
-0.10613207547169812    0.03463821273757716
-0.10518867924528302    0.03393131043681428
-0.10424528301886793    0.036758919639877805
-0.10330188679245284    0.03393131043681428
-0.10235849056603774    0.032281871735020895
-0.10141509433962265    0.03652328553962647
-0.10047169811320755    0.03369567633655466
-0.09952830188679246    0.028747360231189872
-0.09858490566037736    0.02921862843169774
-0.09764150943396227    0.029454262531956838
-0.09669811320754718    0.02332777592530707
-0.09575471698113208    0.028276092030678563
-0.09481132075471699    0.024505946426585205
-0.0938679245283019    0.02968989663221249
-0.0929245283018868    0.029925530732464626
-0.0919811320754717    0.025448482827610707
-0.09103773584905661    0.027333555629652728
-0.09009433962264152    0.032753139935536
-0.08915094339622642    0.03181060353450964
-0.08820754716981133    0.033460042236302966
-0.08726415094339623    0.03534511503834405
-0.08632075471698114    0.03204623763476904
-0.08537735849056605    0.0306324330332315
-0.08443396226415095    0.030868067133490766
-0.08349056603773586    0.041235967544734714
-0.08254716981132076    0.03298877403579165
-0.08160377358490567    0.03393131043681028
-0.08066037735849058    0.04076469934422826
-0.07971698113207548    0.03770145604090031
-0.07877358490566039    0.035816383238859516
-0.0778301886792453    0.036523285539622176
-0.0768867924528302    0.039350894742694334
-0.0759433962264151    0.032753139935532145
-0.07500000000000001    0.036758919639882134
-0.07405660377358492    0.0358163832388553
-0.07311320754716982    0.03393131043681428
-0.07216981132075473    0.03487384683783279
-0.07122641509433963    0.03110370123374642
-0.07028301886792454    0.028040457930419607
-0.06933962264150945    0.03181060353451338
-0.06839622641509435    0.03039679893297588
-0.06745283018867926    0.028040457930422907
-0.06650943396226416    0.029925530732464626
-0.06556603773584907    0.027569189729911597
-0.06462264150943398    0.020500166722239546
-0.06367924528301888    0.026391019228633326
-0.06273584905660379    0.02639101922863022
-0.06179245283018869    0.027097921529400288
-0.0608490566037736    0.025448482827607713
-0.059905660377358505    0.023799044125821126
-0.05896226415094341    0.02238523952428456
-0.05801886792452832    0.027097921529400288
-0.05707547169811322    0.021913971323773308
-0.05613207547169813    0.024977214627099398
-0.055188679245283034    0.02686228742914147
-0.05424528301886794    0.022385239524287195
-0.053301886792452846    0.025212848727352084
-0.05235849056603775    0.020264532621986305
-0.05141509433962266    0.02238523952428456
-0.050471698113207564    0.026391019228633326
-0.04952830188679247    0.02238523952428456
-0.048584905660377375    0.02214960542403154
-0.04764150943396228    0.02639101922863022
-0.04669811320754719    0.026155385128377673
-0.04575471698113209    0.023563410025562694
-0.044811320754717    0.02662665332888898
-0.043867924528301905    0.027569189729908353
-0.04292452830188681    0.02474158052684374
-0.04198113207547172    0.027569189729908353
-0.04103773584905662    0.026155385128377673
-0.04009433962264153    0.02639101922863022
-0.039150943396226434    0.03322440813604731
-0.03820754716981134    0.025919751028118963
-0.037264150943396246    0.03251750583528035
-0.03632075471698115    0.03723018784038906
-0.03537735849056606    0.03416694453706993
-0.034433962264150964    0.03346004223629903
-0.033490566037735814    0.028982994331442115
-0.03254716981132072    0.032753139935536
-0.031603773584905626    0.03440257863732153
-0.03066037735849053    0.03958652884294998
-0.029716981132075437    0.0393508947426897
-0.028773584905660343    0.03887962654218302
-0.02783018867924525    0.03699455374013343
-0.026886792452830155    0.0374658219406491
-0.02594339622641506    0.0393508947426897
-0.024999999999999967    0.04052906524397261
-0.024056603773584873    0.040764699344223464
-0.02311320754716978    0.04312104034678481
-0.022169811320754684    0.040529065243967835
-0.02122641509433959    0.037701456040904746
-0.020283018867924496    0.03793709014115594
-0.019339622641509402    0.040057797043461296
-0.018396226415094308    0.03369567633655466
-0.017452830188679214    0.03393131043681428
-0.01650943396226412    0.04100033344447909
-0.015566037735849025    0.03369567633655862
-0.014622641509433931    0.03887962654217845
-0.013679245283018837    0.038408358341671715
-0.012735849056603743    0.035580749138599675
-0.011792452830188649    0.03723018784039344
-0.010849056603773555    0.0341669445370659
-0.00990566037735846    0.03416694453706993
-0.008962264150943366    0.03440257863732153
-0.008018867924528272    0.027804823830167254
-0.007075471698113178    0.03086806713348713
-0.006132075471698084    0.030632433033235113
-0.00518867924528299    0.02874736023118649
-0.004245283018867896    0.032753139935536
-0.0033018867924528017    0.03393131043681028
-0.0023584905660377076    0.03228187173502469
-0.0014150943396226134    0.032046237634765266
-0.0004716981132075193    0.02662665332888898
0.0004716981132075748    0.036523285539622176
0.0014150943396227245    0.03463821273757716
0.002358490566037763    0.026155385128380747
0.0033018867924528017    0.028276092030675236
0.004245283018867951    0.0270979215293971
0.005188679245283101    0.026155385128374592
0.00613207547169814    0.0334600422363069
0.007075471698113178    0.029689896632208997
0.008018867924528328    0.032046237634765266
0.008962264150943478    0.03181060353450964
0.009905660377358516    0.025919751028125066
0.010849056603773555    0.02851172613093086
0.011792452830188704    0.032753139935532145
0.012735849056603854    0.024977214627096456
0.013679245283018893    0.02639101922863643
0.014622641509433931    0.028040457930419607
0.015566037735849081    0.028040457930419607
0.01650943396226423    0.028982994331442115
0.01745283018867927    0.02709792152940348
0.018396226415094308    0.026626653328885846
0.019339622641509457    0.025919751028118963
0.020283018867924607    0.027804823830163982
0.021226415094339646    0.02898299433144894
0.022169811320754684    0.03251750583527652
0.023113207547169834    0.024505946426585205
0.024056603773584984    0.02686228742914147
0.025000000000000022    0.028040457930426206
0.02594339622641506    0.023563410025562694
0.02688679245283021    0.02639101922863022
0.02783018867924536    0.025684116927863338
0.0287735849056604    0.025684116927869382
0.029716981132075437    0.027333555629652728
0.030660377358490587    0.028276092030675236
0.03160377358490574    0.0306324330332315
0.032547169811320775    0.030632433033238714
0.033490566037735814    0.028276092030675236
0.034433962264150964    0.02639101922863022
0.03537735849056611    0.026626653328885846
0.03632075471698115    0.029454262531960304
0.03726415094339619    0.029689896632208997
0.03820754716981134    0.026155385128374592
0.03915094339622649    0.02639101922863022
0.04009433962264153    0.038172724241420555
0.04103773584905657    0.028276092030675236
0.04198113207547172    0.02945426253195337
0.042924528301886866    0.028276092030675236
0.043867924528301905    0.025448482827613698
0.04481132075471694    0.028040457930419607
0.04575471698113209    0.028040457930419607
0.04669811320754724    0.0306324330332315
0.04764150943396228    0.028511726130937574
0.04858490566037732    0.029689896632208997
0.04952830188679247    0.02874736023118649
0.05047169811320762    0.02686228742914147
0.05141509433962266    0.029689896632215985
0.052358490566037696    0.0270979215293971
0.053301886792452846    0.029689896632208997
0.054245283018867996    0.02945426253195337
0.055188679245283034    0.03393131043681827
0.05613207547169807    0.024505946426585205
0.05707547169811322    0.02945426253195337
0.05801886792452837    0.03110370123374276
0.05896226415094341    0.030632433033238714
0.05990566037735845    0.032988774035787774
0.0608490566037736    0.03016116483272025
0.06179245283018875    0.03133933533399839
0.06273584905660379    0.034638212737585314
0.06367924528301883    0.02921862843169774
0.06462264150943398    0.03016116483272025
0.06556603773584913    0.029689896632208997
0.06650943396226416    0.035345115038352366
0.0674528301886792    0.03181060353450964
0.06839622641509435    0.0332244081360434
0.0693396226415095    0.03133933533399839
0.07028301886792454    0.03016116483272735
0.07122641509433958    0.02874736023118649
0.07216981132075473    0.03110370123374276
0.07311320754716988    0.03393131043681028
0.07405660377358492    0.032753139935539854
0.07499999999999996    0.03016116483272025
0.0759433962264151    0.032281871735020895
0.07688679245283025    0.03086806713348713
0.0778301886792453    0.03605201733911941
0.07877358490566033    0.03393131043681028
0.07971698113207548    0.03628765143936655
0.08066037735849063    0.03817272424141157
0.08160377358490567    0.030632433033238714
0.08254716981132071    0.03699455374013343
0.08349056603773586    0.035580749138599675
0.08443396226415101    0.03039679893297588
0.08537735849056605    0.02992553073247167
0.08632075471698109    0.03393131043681028
0.08726415094339623    0.03086806713348713
0.08820754716981138    0.03346004223629903
0.08915094339622642    0.03652328553963077
0.09009433962264146    0.03487384683783279
0.09103773584905661    0.032046237634765266
0.09198113207547176    0.032046237634765266
0.0929245283018868    0.02992553073247167
0.09386792452830184    0.03699455374013343
0.09481132075471699    0.03440257863732153
0.09575471698113214    0.032046237634765266
0.09669811320754718    0.03322440813605122
0.09764150943396221    0.0358163832388553
0.09858490566037736    0.03110370123374276
0.09952830188679251    0.03251750583527652
0.10047169811320755    0.035580749138608044
0.10141509433962259    0.03487384683783279
0.10235849056603774    0.03534511503834405
0.10330188679245289    0.041235967544734714
0.10424528301886793    0.035580749138608044
0.10518867924528297    0.03510948093808842
0.10613207547169812    0.032281871735020895
0.10707547169811327    0.0306324330332315
0.1080188679245283    0.03699455374014214
0.10896226415094334    0.03133933533399839
0.1099056603773585    0.04147160164499034
0.11084905660377364    0.029925530732464626
0.11179245283018868    0.04170723574525578
0.11273584905660372    0.039822162943200956
0.11367924528301887    0.041235967544734714
0.11462264150943402    0.03817272424141157
0.11556603773584906    0.047126820051136484
0.1165094339622641    0.044063576747802244
0.11745283018867925    0.036523285539622176
0.1183962264150944    0.036758919639877805
0.11933962264150944    0.04453484494832398
0.12028301886792447    0.04429921084805787
0.12122641509433962    0.04029343114371221
0.12216981132075477    0.0419428698455016
0.12311320754716981    0.03982216294321033
0.12405660377358485    0.04100033344447909
0.125    0.043827942647546615
0.12594339622641515    0.044063576747802244
0.1268867924528302    0.04359230854730125
0.12783018867924523    0.045477381349336
0.12877358490566038    0.04029343114371221
0.12971698113207553    0.04429921084805787
0.13066037735849056    0.03699455374014214
0.1316037735849056    0.03840835834166719
0.13254716981132075    0.0393508947426897
0.1334905660377359    0.040764699344223464
0.13443396226415094    0.03699455374014214
0.13537735849056598    0.03887962654217845
0.13632075471698113    0.040529065243967835
0.13726415094339628    0.03346004223629903
0.13820754716981132    0.039115260642443285
0.13915094339622636    0.03746582194064469
0.1400943396226415    0.040764699344223464
0.14103773584905666    0.027569189729908353
0.1419811320754717    0.038172724241420555
0.14292452830188673    0.0306324330332315
0.14386792452830188    0.03534511503834405
0.14481132075471703    0.03039679893297588
0.14575471698113207    0.0334600422363069
0.1466981132075471    0.027569189729908353
0.14764150943396226    0.028982994331442115
0.1485849056603774    0.028040457930419607
0.14952830188679245    0.03298877403579554
0.15047169811320749    0.026626653328885846
0.15141509433962264    0.032753139935532145
0.15235849056603779    0.031574969434254016
0.15330188679245282    0.027333555629659157
0.15424528301886786    0.02921862843169774
0.155188679245283    0.0341669445370659
0.15613207547169816    0.032281871735020895
0.1570754716981132    0.037937090141164864
0.15801886792452824    0.03746582194064469
0.1589622641509434    0.03181060353450964
0.15990566037735854    0.03723018784038906
0.16084905660377358    0.04005779704346601
0.16179245283018862    0.03746582194064469
0.16273584905660377    0.03887962654217845
0.16367924528301891    0.04241413804601286
0.16462264150943395    0.041942869845511474
0.165566037735849    0.04571301544959163
0.16650943396226414    0.039822162943200956
0.1674528301886793    0.04100033344447909
0.16839622641509433    0.04123596754474443
0.16933962264150937    0.04524174724908037
0.17028301886792452    0.0419428698455016
0.17122641509433967    0.045006113148824745
0.1721698113207547    0.04123596754474443
0.17311320754716975    0.040529065243967835
0.1740566037735849    0.040764699344223464
0.17500000000000004    0.03770145604090031
0.17594339622641508    0.03746582194065351
0.17688679245283012    0.032046237634765266
0.17783018867924527    0.03440257863732153
0.17877358490566042    0.03534511503834405
0.17971698113207546    0.029689896632215985
0.1806603773584905    0.0358163832388553
0.18160377358490565    0.02921862843169774
0.1825471698113208    0.032046237634765266
0.18349056603773584    0.03298877403579554
0.18443396226415087    0.028982994331442115
0.18537735849056602    0.027804823830163982
0.18632075471698117    0.029925530732464626
0.1872641509433962    0.03605201733911941
0.18820754716981125    0.03463821273757716
0.1891509433962264    0.03181060353450964
0.19009433962264155    0.0358163832388553
0.1910377358490566    0.029689896632215985
0.19198113207547163    0.032988774035787774
0.19292452830188678    0.03487384683783279
0.19386792452830193    0.0341669445370659
0.19481132075471697    0.040529065243977376
0.195754716981132    0.035580749138599675
0.19669811320754715    0.04100033344447909
0.1976415094339623    0.039822162943200956
0.19858490566037734    0.039586528842954646
0.19952830188679238    0.04100033344447909
0.20047169811320753    0.04100033344447909
0.20141509433962268    0.04689118595086977
0.20235849056603772    0.04100033344448874
0.20330188679245276    0.04147160164499034
0.2042452830188679    0.05019006335444854
0.20518867924528306    0.04594864954984726
0.2061320754716981    0.044299210848068295
0.20707547169811313    0.04618428365010289
0.20801886792452828    0.04689118595086977
0.20896226415094343    0.04641991775035851
0.20990566037735858    0.041235967544734714
0.21084905660377362    0.04312104034678988
0.21179245283018866    0.04641991775035851
0.2127358490566038    0.04477047904856912
0.21367924528301896    0.04264977214626848
0.214622641509434    0.04029343114372169
0.21556603773584904    0.040764699344223464
0.2165094339622642    0.04571301544959163
0.21745283018867934    0.03887962654217845
0.21839622641509437    0.03982216294321033
0.2193396226415094    0.03723018784038906
0.22028301886792456    0.03840835834166719
0.2212264150943397    0.03911526064243408
0.22216981132075475    0.04170723574525578
0.2231132075471698    0.0419428698455016
0.22405660377358494    0.041235967544734714
0.2250000000000001    0.0332244081360434
0.22594339622641513    0.04100033344448874
0.22688679245283017    0.03534511503834405
0.22783018867924532    0.04217850394575723
0.22877358490566047    0.0306324330332315
0.2297169811320755    0.03110370123375008
0.23066037735849054    0.03463821273757716
0.2316037735849057    0.036052017339110926
0.23254716981132084    0.0341669445370659
0.23349056603773588    0.0334600422363069
0.23443396226415092    0.027569189729908353
0.23537735849056607    0.0341669445370659
0.23632075471698122    0.032753139935532145
0.23726415094339626    0.035345115038352366
0.2382075471698113    0.0341669445370659
0.23915094339622645    0.0358163832388553
0.2400943396226416    0.03534511503834405
0.24103773584905663    0.03652328553963077
0.24198113207547167    0.03534511503834405
0.24292452830188682    0.03086806713348713
0.24386792452830197    0.04147160164499034
0.244811320754717    0.02709792152940348
0.24575471698113205    0.03487384683783279
0.2466981132075472    0.0341669445370659
0.24764150943396235    0.032988774035787774
0.2485849056603774    0.03982216294321033
0.24952830188679243    0.032988774035787774
0.2504716981132076    0.03628765143936655
0.2514150943396227    0.039822162943200956
0.25235849056603776    0.041942869845511474
0.2533018867924528    0.04147160164499034
0.25424528301886795    0.039822162943200956
0.2551886792452831    0.04241413804601286
0.25613207547169814    0.03935089474269896
0.2570754716981132    0.035580749138599675
0.25801886792452833    0.044534844948313494
0.2589622641509435    0.04217850394575723
0.2599056603773585    0.0468911859508808
0.26084905660377355    0.04312104034677973
0.2617924528301887    0.04359230854729099
0.26273584905660385    0.045477381349336
0.2636792452830189    0.04123596754474443
0.26462264150943393    0.04241413804601286
0.2655660377358491    0.04477047904856912
0.26650943396226423    0.0428854062465241
0.26745283018867927    0.045241747249091024
0.2683962264150943    0.047833722351892274
0.26933962264150946    0.04618428365010289
0.2702830188679246    0.04335667444703536
0.27122641509433965    0.042885406246534204
0.2721698113207547    0.0419428698455016
0.27311320754716983    0.04641991775035851
0.274056603773585    0.04641991775035851
0.275    0.04453484494832398
0.27594339622641506    0.04901189285317041
0.2768867924528302    0.04877625875291478
0.27783018867924536    0.04854062465265915
0.2787735849056604    0.054667111259318314
0.27971698113207544    0.04618428365010289
0.2806603773584906    0.0516038679559823
0.28160377358490574    0.05396020895853857
0.2825471698113208    0.04995442925420467
0.2834905660377358    0.05301767255751607
0.28443396226415096    0.05348894075802732
0.2853773584905661    0.05183950205623793
0.28632075471698115    0.05937979326443197
0.2872641509433962    0.06362120706901928
0.28820754716981134    0.055609647660327964
0.2891509433962265    0.050896965655215426
0.29009433962264153    0.05702345226187515
0.29103773584905657    0.05773035456262861
0.2919811320754717    0.059379793264417995
0.29292452830188687    0.05867289096365111
0.2938679245283019    0.052310770256761494
0.29481132075471694    0.06314993886850803
0.2957547169811321    0.055609647660327964
0.29669811320754724    0.06055796376569613
0.2976415094339623    0.05066133155497172
0.2985849056603773    0.06385684116927491
0.29952830188679247    0.05631654996109484
0.3004716981132076    0.06715571857285368
0.30141509433962266    0.0631499388685229
0.3023584905660377    0.06267867066799677
0.30330188679245285    0.0716327664777106
0.304245283018868    0.06621318217183117
0.30518867924528303    0.06621318217184675
0.3061320754716981    0.07139713237745497
0.3070754716981132    0.07422474158052249
0.3080188679245284    0.07281093697898873
0.3089622641509434    0.07045459597644904
0.30990566037735845    0.0690407913748987
0.3108490566037736    0.06880515727464306
0.31179245283018875    0.07422474158052249
0.3127358490566038    0.08105813048795475
0.3136792452830188    0.06597754807157555
0.314622641509434    0.06479937757029741
0.3155660377358491    0.07210403467822185
0.31650943396226416    0.06173613426698879
0.3174528301886792    0.07139713237745497
0.31839622641509435    0.07139713237745497
0.3193396226415095    0.07304657107924435
0.32028301886792454    0.07186840057798315
0.3212264150943396    0.06338557296876365
0.32216981132075473    0.06338557296876365
0.3231132075471699    0.06715571857285368
0.3240566037735849    0.06998332777593767
0.32499999999999996    0.0690407913748987
0.3259433962264151    0.07328220517949999
0.32688679245283025    0.06079359786595176
0.3278301886792453    0.06527064577082403
0.32877358490566033    0.061264866066463
0.3297169811320755    0.06362120706901928
0.33066037735849063    0.07092586417694371
0.33160377358490567    0.07069023007670473
0.3325471698113207    0.06880515727464306
0.33349056603773586    0.06762698677336494
0.334433962264151    0.07116149827719935
0.33537735849056605    0.058201622763153556
0.3363207547169811    0.07045459597643246
0.33726415094339623    0.06951205957540996
0.3382075471698114    0.0812937645881913
0.3391509433962264    0.07422474158053996
0.34009433962264146    0.07563854618205625
0.3410377358490566    0.0699833277759212
0.34198113207547176    0.07587418028231188
0.3429245283018868    0.07964432588642066
0.34386792452830184    0.06856952317438744
0.344811320754717    0.0761098143825675
0.34575471698113214    0.07658108258307876
0.3466981132075472    0.07587418028232973
0.3476415094339622    0.07516727798154499
0.34858490566037736    0.08152939868844693
0.3495283018867925    0.08624208069355946
0.35047169811320755    0.08270756918974453
0.3514150943396226    0.07092586417694371
0.35235849056603774    0.07728798488384564
0.3533018867924529    0.07210403467822185
0.35424528301886793    0.07799488718463088
0.35518867924528297    0.07493164388128938
0.3561320754716981    0.07351783927975561
0.35707547169811327    0.07351783927975561
0.3580188679245283    0.07705235078360816
0.35896226415094334    0.07446037568077812
0.3599056603773585    0.07469600978103375
0.36084905660377364    0.07540291208180062
0.3617924528301887    0.08482827609204567
0.3627358490566037    0.08152939868844693
0.36367924528301887    0.06244303656774114
0.364622641509434    0.07233966877847747
0.36556603773584906    0.06786262087363654
0.3665094339622641    0.06503501167055303
0.36745283018867925    0.07375347338001124
0.3683962264150944    0.07186840057796622
0.36933962264150944    0.07328220517951724
0.3702830188679245    0.06974769367566558
0.3712264150943396    0.06856952317438744
0.3721698113207548    0.07186840057796622
0.3731132075471698    0.07940869178616498
0.37405660377358485    0.07375347338001124
0.375    0.07446037568077812
0.37594339622641515    0.07469600978103375
0.3768867924528302    0.07281093697900587
0.3778301886792452    0.08270756918972506
0.3787735849056604    0.06880515727464306
0.3797169811320755    0.07139713237745497
0.38066037735849056    0.07069023007670473
0.3816037735849056    0.07139713237745497
0.38254716981132075    0.06527064577080867
0.3834905660377359    0.06220740246748552
0.38443396226415094    0.06927642547517063
0.385377358490566    0.06385684116927491
0.38632075471698113    0.06809825497387618
0.3872641509433963    0.0664488162720868
0.3882075471698113    0.05961542736468765
0.38915094339622636    0.0690407913748987
0.3900943396226415    0.06479937757029741
0.39103773584905666    0.06409247526953053
0.3919811320754717    0.06597754807159108
0.39292452830188673    0.06197176836722989
0.3938679245283019    0.06527064577080867
0.39481132075471703    0.06150050016671863
0.39575471698113207    0.06621318217184675
0.3966981132075471    0.054667111259305456
0.39764150943396226    0.05749472046237298
0.3985849056603774    0.055845281760583586
0.39952830188679245    0.060557963765710376
0.4004716981132075    0.05890852506390674
0.40141509433962264    0.060086695565184874
0.4023584905660378    0.05820162276313986
0.4033018867924528    0.06220740246750016
0.40424528301886786    0.05820162276313986
0.405188679245283    0.056080915860839214
0.40613207547169816    0.055374013560072335
0.4070754716981132    0.06197176836724448
0.40801886792452824    0.05985106146492925
0.4089622641509434    0.05796598866288423
0.40990566037735854    0.04901189285317041
0.4108490566037736    0.0603223296654547
0.4117924528301886    0.04971879515393729
0.41273584905660377    0.04971879515393729
0.4136792452830189    0.04641991775035851
0.41462264150943395    0.05655218406136378
0.415566037735849    0.05749472046237298
0.41650943396226414    0.04641991775035851
0.4174528301886793    0.050896965655215426
0.41839622641509433    0.04359230854730125
0.41933962264150937    0.05042569745470417
0.4202830188679245    0.040764699344223464
0.42122641509433967    0.05042569745470417
0.4221698113207547    0.04312104034678988
0.42311320754716975    0.045006113148824745
0.4240566037735849    0.045006113148824745
0.42500000000000004    0.04571301544959163
0.4259433962264151    0.048776258752926266
0.4268867924528301    0.04264977214626848
0.42783018867924527    0.0393508947426897
0.4287735849056604    0.04689118595086977
0.42971698113207546    0.041942869845511474
0.4306603773584905    0.04312104034677973
0.43160377358490565    0.036523285539622176
0.4325471698113208    0.04618428365010289
0.43349056603773584    0.04594864954985807
0.4344339622641509    0.0393508947426897
0.435377358490566    0.04029343114371221
0.4363207547169812    0.036758919639877805
0.4372641509433962    0.042414138046022835
0.43820754716981125    0.04264977214626848
0.4391509433962264    0.05443147715904983
0.44009433962264155    0.0419428698455016
0.4410377358490566    0.04264977214627852
0.4419811320754716    0.04594864954984726
0.4429245283018868    0.0506613315549598
0.4438679245283019    0.04359230854729099
0.44481132075471697    0.03982216294321033
0.445754716981132    0.04477047904856912
0.44669811320754715    0.045006113148824745
0.4476415094339623    0.04571301544959163
0.44858490566037745    0.040057797043456585
0.4495283018867925    0.03935089474269896
0.45047169811320753    0.04170723574524597
0.4514150943396227    0.04429921084805787
0.45235849056603783    0.04877625875291478
0.45330188679245287    0.042414138046022835
0.4542452830188679    0.04736245415138102
0.45518867924528306    0.04429921084805787
0.4561320754716982    0.047833722351892274
0.45707547169811324    0.044299210848068295
0.4580188679245283    0.04641991775035851
0.45896226415094343    0.04665555185061414
0.4599056603773586    0.05019006335444854
0.4608490566037736    0.04571301544960239
0.46179245283018866    0.0516038679559823
0.4627358490566038    0.04665555185061414
0.46367924528301896    0.05749472046237298
0.464622641509434    0.05702345226187515
0.46556603773584904    0.05725908636211735
0.4665094339622642    0.05325330665777169
0.46745283018867934    0.06244303656774114
0.4683962264150944    0.05278203845727286
0.4693396226415094    0.059144159164162366
0.47028301886792456    0.06715571857285368
0.4712264150943397    0.0603223296654405
0.47216981132075475    0.06998332777593767
0.4731132075471698    0.06739135267310932
0.47405660377358494    0.06621318217183117
0.4750000000000001    0.06762698677336494
0.4759433962264151    0.0603223296654547
0.47688679245283017    0.0716327664777106
0.4778301886792453    0.06621318217183117
0.47877358490566047    0.07705235078359002
0.4797169811320755    0.0751672779815627
0.48066037735849054    0.06974769367566558
0.4816037735849057    0.0725753028787331
0.48254716981132084    0.06786262087362056
0.4834905660377359    0.07139713237747176
0.4844339622641509    0.06762698677336494
0.48537735849056607    0.0725753028787331
0.4863207547169812    0.07233966877847747
0.48726415094339626    0.07563854618207405
0.4882075471698113    0.07186840057796622
0.48915094339622645    0.07398910748026687
0.4900943396226416    0.06692008447259806
0.49103773584905663    0.0669200844726138
0.49198113207547167    0.0706902300766881
0.4929245283018868    0.0777592530843569
0.49386792452830197    0.07634544848282314
0.494811320754717    0.07563854618207405
0.49575471698113205    0.0812937645881913
0.4966981132075472    0.0787017894853794
0.49764150943396235    0.07422474158052249
0.4985849056603774    0.07493164388130702
0.4995283018867924    0.07045459597643246
0.5004716981132076    0.07469600978103375
0.5014150943396227    0.07186840057796622
0.5023584905660378    0.07493164388130702
0.5033018867924528    0.06762698677336494
0.504245283018868    0.07846615538512378
0.5051886792452831    0.06762698677336494
0.5061320754716981    0.07705235078360816
0.5070754716981132    0.07752361898410128
0.5080188679245283    0.08200066688895818
0.5089622641509435    0.07987995998665753
0.5099056603773585    0.07351783927977291
0.5108490566037736    0.07681671668333438
0.5117924528301887    0.08624208069355946
0.5127358490566039    0.08624208069355946
0.5136792452830189    0.08200066688897747
0.5146226415094339    0.08600644659330384
0.5155660377358491    0.0838857396910032
0.5165094339622642    0.09519617650327329
0.5174528301886793    0.08553517839281272
0.5183962264150943    0.09071912859841638
0.5193396226415095    0.09519617650327329
0.5202830188679246    0.09778815160608519
0.5212264150943396    0.10132266310994344
0.5221698113207547    0.1006157608091527
0.5231132075471698    0.09684561520506267
0.524056603773585    0.09024786039790512
0.525    0.0937823719017616
0.5259433962264151    0.08906968989662699
0.5268867924528302    0.09401800600199516
0.5278301886792454    0.09755251750582956
0.5287735849056604    0.09519617650329569
0.5297169811320754    0.09637434700455141
0.5306603773584906    0.090954762698672
0.5316037735849057    0.10367900411247585
0.5325471698113208    0.09825941980661956
0.5334905660377358    0.08836278759586011
0.534433962264151    0.09660998110480705
0.5353773584905661    0.08930532399688261
0.5363207547169812    0.0900122262976707
0.5372641509433962    0.08859842169611575
0.5382075471698113    0.09496054240301767
0.5391509433962265    0.08435700789151446
0.5400943396226415    0.0843570078915343
0.5410377358490566    0.08883405579637137
0.5419811320754717    0.08624208069355946
0.5429245283018869    0.07493164388128938
0.5438679245283019    0.08223630098923317
0.5448113207547169    0.08600644659330384
0.5457547169811321    0.08341447149049194
0.5466981132075472    0.0787017894853794
0.5476415094339623    0.09236856730022751
0.5485849056603773    0.08270756918972506
0.5495283018867925    0.0838857396910032
0.5504716981132076    0.08789151939534885
0.5514150943396227    0.08459264199179
0.5523584905660377    0.07658108258307876
0.5533018867924528    0.08812715349560449
0.554245283018868    0.09213293319995014
0.555188679245283    0.08930532399690363
0.5561320754716981    0.09071912859841638
0.5570754716981132    0.08789151939534885
0.5580188679245284    0.09071912859841638
0.5589622641509434    0.09802378570636389
0.5599056603773584    0.08977659219739387
0.5608490566037736    0.0935467378014839
0.5617924528301887    0.09071912859841638
0.5627358490566038    0.09331110370125024
0.5636792452830188    0.09236856730020578
0.564622641509434    0.09142603089918326
0.5655660377358491    0.09119039679892764
0.5665094339622642    0.09166166499946046
0.5674528301886792    0.08459264199177008
0.5683962264150944    0.08765588529509323
0.5693396226415095    0.09001222629764949
0.5702830188679245    0.09166166499946046
0.5712264150943396    0.09425364010225078
0.5721698113207547    0.08789151939534885
0.5731132075471699    0.09543181060352893
0.5740566037735849    0.10297210181173322
0.575    0.10367900411247585
0.5759433962264151    0.0996732244081302
0.5768867924528303    0.09896632210736332
0.5778301886792453    0.10014449260866502
0.5787735849056603    0.0987306880071077
0.5797169811320755    0.09802378570634082
0.5806603773584906    0.10933422251861091
0.5816037735849057    0.10674224741582414
0.5825471698113207    0.11546070912525722
0.5834905660377359    0.12300100033343726
0.584433962264151    0.11051239301988904
0.585377358490566    0.11475380682451734
0.5863207547169811    0.10886295431809966
0.5872641509433962    0.11663887962653535
0.5882075471698114    0.11875958652883599
0.5891509433962264    0.1166388796265628
0.5900943396226415    0.11381127042346781
0.5910377358490566    0.11758141602755787
0.5919811320754718    0.11051239301988904
0.5929245283018868    0.11334000222298324
0.5938679245283018    0.11121929532065593
0.594811320754717    0.11758141602755787
0.5957547169811321    0.11498944092474596
0.5966981132075472    0.11569634322554007
0.5976415094339622    0.106742247415799
0.5985849056603774    0.11498944092474596
0.5995283018867925    0.09896632210736332
0.6004716981132076    0.10603534511505708
0.6014150943396226    0.1083916861175884
0.6023584905660377    0.10956985661886653
0.6033018867924529    0.11310436812270094
0.6042452830188679    0.10391463821275594
0.605188679245283    0.10768478381682152
0.6061320754716981    0.10509280871400963
0.6070754716981133    0.11192619762142281
0.6080188679245283    0.10415027231301163
0.6089622641509433    0.10273646771145335
0.6099056603773585    0.11687451372679096
0.6108490566037736    0.11192619762142281
0.6117924528301887    0.09331110370125024
0.6127358490566037    0.11334000222295658
0.6136792452830189    0.11192619762142281
0.614622641509434    0.10108702900966396
0.6155660377358491    0.10768478381684686
0.6165094339622641    0.11546070912525722
0.6174528301886792    0.11946648882960285
0.6183962264150944    0.11286873402244532
0.6193396226415094    0.11451817272426165
0.6202830188679245    0.11404690452372344
0.6212264150943396    0.1189952206290916
0.6221698113207548    0.12111592753139226
0.6231132075471698    0.12229409803269917
0.6240566037735849    0.12983438924085045
0.625    0.12818495053906107
0.6259433962264151    0.1258286095365048
0.6268867924528302    0.13713904634880716
0.6278301886792452    0.12959875514059482
0.6287735849056604    0.1293631210403392
0.6297169811320755    0.13855285095030864
0.6306603773584906    0.14185172835392082
0.6316037735849056    0.1425586306546543
0.6325471698113208    0.14373680115593243
0.6334905660377359    0.13101255974212858
0.6344339622641509    0.14562187395801174
0.635377358490566    0.13855285095030864
0.6363207547169811    0.1548116038679469
0.6372641509433963    0.1432655329554212
0.6382075471698113    0.15057019006338104
0.6391509433962264    0.15669667666999193
0.6400943396226415    0.16353006557740513
0.6410377358490567    0.14821384906078935
0.6419811320754717    0.15834611537181859
0.6429245283018867    0.16305879737689385
0.6438679245283019    0.16588640657996137
0.644811320754717    0.16824274758251764
0.6457547169811321    0.16258752917642086
0.6466981132075471    0.16470823607868323
0.6476415094339623    0.16211626097587134
0.6485849056603774    0.16635767478047261
0.6495283018867924    0.1607024563743754
0.6504716981132075    0.15858174947203696
0.6514150943396226    0.14892075136155625
0.6523584905660378    0.16400133377791637
0.6533018867924528    0.16423696787821065
0.6542452830188679    0.14986328776257876
0.655188679245283    0.1590530176725482
0.6561320754716982    0.15881738357229255
0.6570754716981132    0.14585750805826742
0.6580188679245282    0.15975991997331507
0.6589622641509434    0.1512770923641125
0.6599056603773585    0.15928865177280382
0.6608490566037736    0.16282316327667654
0.6617924528301886    0.1548116038679469
0.6627358490566038    0.15339779926641317
0.6636792452830189    0.16329443147714948
0.664622641509434    0.16140935867514244
0.665566037735849    0.1609380904745932
0.6665094339622641    0.15245526286539066
0.6674528301886793    0.16305879737689385
0.6683962264150943    0.16305879737693224
0.6693396226415094    0.15693231077024755
0.6702830188679245    0.16682894298098389
0.6712264150943397    0.15316216516615752
0.6721698113207547    0.15858174947207426
0.6731132075471697    0.15787484717127004
0.6740566037735849    0.15575414026896942
0.675    0.15339779926641317
0.6759433962264151    0.15269089696568222
0.6768867924528301    0.15598977436922506
0.6778301886792453    0.15198399466487938
0.6787735849056604    0.15787484717127004
0.6797169811320755    0.15504723796823902
0.6806603773584905    0.15009892186283438
0.6816037735849056    0.14703567855951122
0.6825471698113208    0.14774258086027808
0.6834905660377358    0.1369034122485515
0.6844339622641509    0.15245526286539066
0.685377358490566    0.15575414026896942
0.6863207547169812    0.15269089696564628
0.6872641509433962    0.1486851172613356
0.6882075471698113    0.1432655329554212
0.6891509433962264    0.16023118817382634
0.6900943396226416    0.164236967878172
0.6910377358490567    0.15198399466487938
0.6919811320754717    0.15858174947207426
0.6929245283018868    0.15787484717127004
0.6938679245283019    0.18002445259529898
0.6948113207547171    0.16612204068021702
0.6957547169811321    0.16847838168281293
0.6966981132075472    0.1703634544848183
0.6976415094339623    0.16942091808379578
0.6985849056603775    0.16918528398354016
0.6995283018867925    0.17672557519176182
0.7004716981132075    0.17625430699120898
0.7014150943396227    0.18214515949759963
0.7023584905660378    0.17884628209402087
0.7033018867924529    0.1878003779037789
0.7042452830188679    0.19816827831498227
0.7051886792452831    0.1974613760142154
0.7061320754716982    0.195811937312426
0.7070754716981132    0.1998177170168187
0.7080188679245283    0.19604757141268164
0.7089622641509434    0.20193842391907232
0.7099056603773586    0.18944981660552407
0.7108490566037736    0.19675447371349483
0.7117924528301887    0.20240969211958357
0.7127358490566038    0.20429476492162857
0.713679245283019    0.21890407913747745
0.714622641509434    0.23115705235082445
0.715566037735849    0.21749027453594366
0.7165094339622642    0.23822607535843884
0.7174528301886793    0.23139268645102568
0.7183962264150944    0.2306857841503131
0.7193396226415094    0.23751917305767198
0.7202830188679246    0.23021451594974754
0.7212264150943397    0.22055351783926683
0.7221698113207548    0.2276225408469892
0.7231132075471698    0.22526619984437937
0.7240566037735849    0.23209958875179254
0.7250000000000001    0.22267422474156748
0.7259433962264151    0.22856507724801195
0.7268867924528302    0.21701900633543242
0.7278301886792453    0.2106568856285305
0.7287735849056605    0.21301322663108677
0.7297169811320755    0.21089251972883574
0.7306603773584905    0.2177259086361993
0.7316037735849057    0.213484494831598
0.7325471698113208    0.2099499833277636
0.7334905660377359    0.22314549294213123
0.7344339622641509    0.2132488607313424
0.7353773584905661    0.21372012893185366
0.7363207547169812    0.22927197954872502
0.7372641509433963    0.22220295654110853
0.7382075471698113    0.22573746804489064
0.7391509433962264    0.23068578415025878
0.7400943396226416    0.2410536845615064
0.7410377358490566    0.23751917305772788
0.7419811320754717    0.22715127264642437
0.7429245283018868    0.2384617094586945
0.743867924528302    0.24670890296764145
0.744811320754717    0.24694453706795516
0.745754716981132    0.2415249527620176
0.7466981132075472    0.2410536845615064
0.7476415094339623    0.2403467822607395
0.7485849056603774    0.23610536845619376
0.7495283018867924    0.25283538957428775
0.7504716981132076    0.23916861175946136
0.7514150943396227    0.24835834166943083
0.7523584905660378    0.25566299877741544
0.7533018867924528    0.257076803378889
0.754245283018868    0.26249638768476846
0.7551886792452831    0.26603089918860284
0.7561320754716981    0.2646170945871314
0.7570754716981132    0.25943314438144527
0.7580188679245283    0.26343892408579095
0.7589622641509435    0.26791597199064787
0.7599056603773585    0.2624963876848302
0.7608490566037736    0.2584906079804228
0.7617924528301887    0.27522062909857226
0.7627358490566039    0.2693297765921816
0.7636792452830189    0.2804045793042621
0.7646226415094339    0.27851950650215107
0.7655660377358491    0.28111148160496296
0.7665094339622642    0.2667378014893697
0.7674528301886793    0.2799333111037507
0.7683962264150943    0.27474936089806107
0.7693396226415095    0.302554184728225
0.7702830188679246    0.27687006780036166
0.7712264150943396    0.29430699121934734
0.7721698113207547    0.2997265755251575
0.7731132075471698    0.30632433033231504
0.774056603773585    0.31150828053793883
0.775    0.31810603534517123
0.7759433962264151    0.32376125375123144
0.7768867924528302    0.3247037901522539
0.7778301886792454    0.3272957652550658
0.7787735849056604    0.3284739357564213
0.7797169811320754    0.33436478826273464
0.7806603773584906    0.3235256196509758
0.7816037735849057    0.3171634989440739
0.7825471698113208    0.31009447593647804
0.7834905660377358    0.31433588974100635
0.784433962264151    0.32635322885404333
0.7853773584905661    0.32211181504944203
0.7863207547169812    0.309387573635711
0.7872641509433962    0.32116927864841954
0.7882075471698113    0.30538179393129256
0.7891509433962265    0.31339335333998386
0.7900943396226415    0.33130154495948944
0.7910377358490566    0.32800266755583274
0.7919811320754717    0.314571523841262
0.7929245283018869    0.3235256196509758
0.7938679245283019    0.3303590085584667
0.7948113207547169    0.3435545181727041
0.7957547169811321    0.3383705679670803
0.7966981132075472    0.3409625430698922
0.7976415094339623    0.3711237079026998
0.7985849056603773    0.3477959319773054
0.7995283018867925    0.3649972212959662
0.8004716981132076    0.3593420028898311
0.8014150943396227    0.36829609869963165
0.8023584905660377    0.3793709014115594
0.8033018867924528    0.379606535511815
0.804245283018868    0.3810203401133488
0.805188679245283    0.3883249972213646
0.8061320754716981    0.37489385350670246
0.8070754716981132    0.37371568300542435
0.8080188679245284    0.40340557963763335
0.8089622641509434    0.3989285317328703
0.8099056603773584    0.40175614093584394
0.8108490566037736    0.39916416583303205
0.8117924528301887    0.4041124819384002
0.8127358490566038    0.40434811603875104
0.8136792452830188    0.4102389685450465
0.814622641509434    0.42461264866063975
0.8155660377358491    0.44110703567853365
0.8165094339622642    0.4394575969768477
0.8174528301886792    0.4305035011670304
0.8183962264150944    0.44440591308211247
0.8193396226415095    0.45477381349336005
0.8202830188679245    0.4493542291875864
0.8212264150943396    0.4634922752028182
0.8221698113207547    0.4493542291874806
0.8231132075471699    0.46231410470154005
0.8240566037735849    0.4755096143159671
0.825    0.49624541513835035
0.8259433962264151    0.4660842503056301
0.8268867924528303    0.463021007002307
0.8278301886792453    0.484463710125683
0.8287735849056603    0.47409580971432147
0.8297169811320755    0.45500944759361567
0.8306603773584906    0.46914749360895325
0.8316037735849057    0.4606646659998591
0.8325471698113207    0.4609003001000063
0.8334905660377359    0.45760142269642756
0.834433962264151    0.45972212959872816
0.835377358490566    0.4651417139047171
0.8363207547169811    0.45171057019003685
0.8372641509433962    0.4620784706012845
0.8382075471698114    0.45972212959872816
0.8391509433962264    0.45430254529295566
0.8400943396226415    0.46113593420026194
0.8410377358490566    0.45713015449591626
0.8419811320754718    0.45972212959872816
0.8429245283018868    0.47268200511289893
0.8438679245283018    0.46796932310767514
0.844811320754717    0.5044926086472973
0.8457547169811321    0.4922396354340047
0.8466981132075472    0.503785706346649
0.8476415094339622    0.5334756029787394
0.8485849056603774    0.4934178059352829
0.8495283018867925    0.5575102812048134
0.8504716981132076    0.5565677448039218
0.8514150943396226    0.5721195954206623
0.8523584905660377    0.5737690341224516
0.8533018867924529    0.5857863732354885
0.8542452830188679    0.5968611759476435
0.855188679245283    0.5963899077469919
0.8561320754716981    0.5777748138267973
0.8570754716981133    0.6060509058574726
0.8580188679245283    0.6058152717573595
0.8589622641509433    0.6331488273868696
0.8599056603773585    0.60887851506054
0.8608490566037736    0.6298499499832908
0.8617924528301887    0.6421029231967346
0.8627358490566037    0.6211314882738326
0.8636792452830189    0.6369189729909597
0.864622641509434    0.6305568522840578
0.8655660377358491    0.6362120706903425
0.8665094339622641    0.6489363121039967
0.8674528301886792    0.6425741913970947
0.8683962264150944    0.6345626319884035
0.8693396226415094    0.6249016338780697
0.8702830188679245    0.6336200955873809
0.8712264150943396    0.6093497832610513
0.8721698113207548    0.6487006780037411
0.8731132075471698    0.6609536512171892
0.8740566037735849    0.6456374347004178
0.875    0.6597754807157554
0.8759433962264151    0.6720284539290481
0.8768867924528302    0.6741491608315073
0.8778301886792452    0.6826319884405513
0.8787735849056604    0.6722640880293037
0.8797169811320755    0.7179771034788953
0.8806603773584906    0.7144425919752291
0.8816037735849056    0.7608625097254195
0.8825471698113208    0.7175058352783841
0.8834905660377359    0.7266955651883534
0.8844339622641509    0.7384772702013087
0.885377358490566    0.7290519061909098
0.8863207547169811    0.7387129043013906
0.8872641509433963    0.7665177281315545
0.8882075471698113    0.7441324886074451
0.8891509433962264    0.7545003890185176
0.8900943396226415    0.7726442147382008
0.8910377358490567    0.7705235078359002
0.8919811320754717    0.7742936534401724
0.8929245283018867    0.8013915749693873
0.8938679245283019    0.7917305768589066
0.894811320754717    0.8124663776814017
0.8957547169811321    0.8145870845838942
0.8966981132075471    0.8369723241079869
0.8976415094339623    0.8145870845837024
0.8985849056603774    0.8169434255862587
0.8995283018867924    0.8409781038125306
0.9004716981132075    0.8626564410358503
0.9014150943396226    0.8610070023340608
0.9023584905660378    0.8944670445703599
0.9033018867924528    0.928162720907133
0.9042452830188679    0.9524330332332441
0.905188679245283    0.9783527842613631
0.9061320754716982    1.0047438034899934
0.9070754716981132    1.027600311215031
0.9080188679245282    1.0457441369344724
0.9089622641509434    1.0235945315104436
0.9099056603773585    1.047864843836773
0.9108490566037736    1.027600311215031
0.9117924528301886    1.0259508725129998
0.9127358490566038    1.0690719128597794
0.9136792452830189    1.0688362787595238
0.914622641509434    1.0629454262533833
0.915566037735849    1.1128998555073262
0.9165094339622641    1.1258597310213856
0.9174528301886793    1.1604979437589626
0.9183962264150943    1.1675669667669064
0.9193396226415094    1.164739357563564
0.9202830188679245    1.2123374458152008
0.9212264150943397    1.2102167389129
0.9221698113207547    1.1845326219853154
0.9231132075471697    1.2490963654550784
0.9240566037735849    1.2205846393241475
0.925    1.2227053462264483
0.9259433962264151    1.291746137601651
0.9268867924528301    1.3164877181281878
0.9278301886792453    1.3261487162386687
0.9287735849056604    1.3393442258529837
0.9297169811320755    1.3417005668558555
0.9306603773584905    1.3911837279092216
0.9316037735849056    1.3424074691563068
0.9325471698113208    1.3907124597087102
0.933490566037736    1.407913749027371
0.934433962264151    1.4392530843617082
0.935377358490566    1.4543336667777296
0.9363207547169812    1.5090007780370351
0.9372641509433963    1.5193686784482827
0.9382075471698114    1.5641391574972199
0.9391509433962264    1.590530176725482
0.9400943396226416    1.596185395131617
0.9410377358490567    1.633415582972006
0.9419811320754717    1.6899677670337543
0.9429245283018868    1.718715127264543
0.9438679245283019    1.7517039013003308
0.9448113207547171    1.8089629876624482
0.9457547169811321    1.8120262309661979
0.9466981132075472    1.831819495387244
0.9476415094339623    1.9001533844613758
0.9485849056603775    1.9211248193841266
0.9495283018867925    2.0094876069804597
0.9504716981132075    2.0391775036121955
0.9514150943396227    2.130603534511379
0.9523584905660378    2.1579370901410315
0.9533018867924529    2.2328687340228464
0.9542452830188679    2.256196509947628
0.9551886792452831    2.3061509392018213
0.9561320754716982    2.3447949316437438
0.9570754716981132    2.4331577192401768
0.9580188679245283    2.516100922529585
0.9589622641509434    2.584670445703972
0.9599056603773586    2.712148493942266
0.9608490566037736    2.763045459598132
0.9617924528301887    2.810172279648607
0.9627358490566038    2.95979993331093
0.963679245283019    3.104479270867885
0.964622641509434    3.2142847615877637
0.965566037735849    3.452746471045702
0.9665094339622642    3.6834322551959606
0.9674528301886793    3.8375369567631403
0.9683962264150944    3.8964454818279646
0.9693396226415094    4.072699788818256
0.9702830188679246    4.143390018894944
0.9712264150943397    4.195700789151694
0.9721698113207548    4.268982994332198
0.9731132075471698    4.452306324330071
0.9740566037735849    4.595336223185237
0.9750000000000001    4.871263754584576
0.9759433962264151    4.857361342670638
0.9768867924528302    5.037621429365048
0.9778301886792453    5.292106257641126
0.9787735849056605    5.711534956096142
0.9797169811320755    6.119888851840583
0.9806603773584905    6.552984328108986
0.9816037735849057    7.171995109480517
0.9825471698113208    7.597785928642436
0.9834905660377359    8.34191841725167
0.9844339622641509    9.023843503389491
0.9853773584905661    10.009500944758777
0.9863207547169812    11.010474602644681
0.9872641509433963    11.948298321664888
0.9882075471698113    12.648131599421287
0.9891509433962264    13.634024674890831
0.9900943396226416    14.590463487828421
0.9910377358490566    15.534649327556375
0.9919811320754717    16.375391797264793
0.9929245283018868    16.631761698342917
0.993867924528302    16.17321773924547
0.994811320754717    14.56077359119964
0.995754716981132    12.072241858396536
0.9966981132075472    8.598995220628595
0.9976415094339623    3.2512793153271407
0.9985849056603774    0.15975991997335268
0.9995283018867924    0.0