-0.9995283018867924    0.0
-0.9985849056603773    0.0
-0.9976415094339622    0.16753584528175078
-0.9966981132075472    10.663856841169908
-0.995754716981132    32.52763810158751
-0.9948113207547169    38.090959208627346
-0.9938679245283019    35.56990996998791
-0.9929245283018868    30.86453262198693
-0.9919811320754717    26.11839057463446
-0.9910377358490565    21.566411025898798
-0.9900943396226415    18.51094364788154
-0.9891509433962264    16.72742914304867
-0.9882075471698113    15.176249861063908
-0.9872641509433961    13.650283427810077
-0.9863207547169811    12.658499499832535
-0.9853773584905661    11.548191619429382
-0.9844339622641509    10.183634544847687
-0.9834905660377358    8.937365788596727
-0.9825471698113207    7.842845392908287
-0.9816037735849057    6.860486828943386
-0.9806603773584905    6.16536623318848
-0.9797169811320754    5.5213782371905005
-0.9787735849056604    5.017592530843321
-0.9778301886792453    4.598635100589357
-0.9768867924528302    4.13443592308523
-0.975943396226415    3.890083361120603
-0.975    3.7133577859284252
-0.9740566037735849    3.5121262643105333
-0.9731132075471698    3.3481249305322036
-0.9721698113207546    3.105893075469784
-0.9712264150943396    2.9216272090695186
-0.9702830188679246    2.665964210292477
-0.9693396226415094    2.5229343114369978
-0.9683962264150943    2.39899077470282
-0.9674528301886792    2.2679782149604093
-0.9665094339622642    2.147333555629781
-0.965566037735849    2.0877181282648545
-0.9646226415094339    2.0125508502835467
-0.9636792452830188    1.889785484050128
-0.9627358490566038    1.8450150050017762
-0.9617924528301887    1.7865777481381635
-0.9608490566037735    1.7149449816606548
-0.9599056603773585    1.6430765810824868
-0.9589622641509434    1.6119728798489337
-0.9580188679245283    1.5372768700677104
-0.9570754716981131    1.4585750805825024
-0.9561320754716981    1.3598443925752233
-0.9551886792452831    1.3002289652107026
-0.9542452830188679    1.2693608980770625
-0.9533018867924528    1.290332332999965
-0.9523584905660377    1.2516883405578905
-0.9514150943396227    1.2613493386685195
-0.9504716981132075    1.2154006891185238
-0.9495283018867924    1.1708658441703481
-0.9485849056603773    1.0645948649549226
-0.9476415094339623    1.0210025564077516
-0.9466981132075472    0.9646860064465368
-0.945754716981132    0.9262776481049786
-0.944811320754717    0.9156741135933663
-0.9438679245283019    0.9107257974881054
-0.9429245283018868    0.9597376903411685
-0.9419811320754716    0.8723174391464337
-0.9410377358490566    0.840742469712077
-0.9400943396226416    0.8291963987996488
-0.9391509433962264    0.775707458041524
-0.9382075471698113    0.7629832166278099
-0.9372641509433962    0.7547360231187732
-0.9363207547169812    0.7370634655996879
-0.935377358490566    0.6847526953428519
-0.9344339622641509    0.7010114482605727
-0.9334905660377358    0.6644881627208681
-0.9325471698113208    0.6649594309214575
-0.9316037735849056    0.6538846282093649
-0.9306603773584905    0.635269534289245
-0.9297169811320755    0.6505857508057861
-0.9287735849056604    0.6409247526953807
-0.9278301886792453    0.6456374347004178
-0.9268867924528301    0.6223096587751841
-0.9259433962264151    0.6314993886850802
-0.925    0.6336200955874555
-0.9240566037735849    0.6034589307546606
-0.9231132075471697    0.5716483272202183
-0.9221698113207547    0.5360675780815513
-0.9212264150943397    0.5167455818606508
-0.9202830188679245    0.4842280760253134
-0.9193396226415094    0.4839924419251147
-0.9183962264150943    0.4609003001000063
-0.9174528301886793    0.45006113148830046
-0.9165094339622641    0.4484116927864581
-0.915566037735849    0.4451128153829317
-0.914622641509434    0.43662998777367673
-0.9136792452830189    0.43003223296656984
-0.9127358490566038    0.44770479048569123
-0.9117924528301886    0.46655551850619625
-0.9108490566037736    0.47386017561406585
-0.9099056603773585    0.5026075358453115
-0.9089622641509434    0.490118928531704
-0.9080188679245282    0.47456707791488856
-0.9070754716981132    0.510383461153688
-0.9061320754716982    0.4811648327220469
-0.905188679245283    0.4764521507168777
-0.9042452830188679    0.48776258752920515
-0.9033018867924528    0.46113593420026194
-0.9023584905660378    0.4724463710125877
-0.9014150943396226    0.4484116927864581
-0.9004716981132075    0.4436990107813978
-0.8995283018867924    0.4050550183394227
-0.8985849056603774    0.3916238746248981
-0.8976415094339623    0.3706524397021012
-0.8966981132075471    0.38125597421364926
-0.8957547169811321    0.35981327109034233
-0.894811320754717    0.3829054129154389
-0.8938679245283019    0.3555718572857411
-0.8929245283018867    0.36711792819831
-0.8919811320754717    0.3518017116816511
-0.8910377358490567    0.3701811715016335
-0.8900943396226415    0.39021007002331826
-0.8891509433962264    0.38337668111595014
-0.8882075471698113    0.3770145604090031
-0.8872641509433963    0.3986928976325677
-0.8863207547169811    0.36429031899519926
-0.885377358490566    0.39303767922643207
-0.8844339622641509    0.38596865621871695
-0.8834905660377359    0.3942158497277103
-0.8825471698113208    0.3836123152161607
-0.8816037735849056    0.393744581527199
-0.8806603773584906    0.37395131710567997
-0.8797169811320755    0.35675002778706116
-0.8787735849056604    0.3338935200622234
-0.8778301886792452    0.33035900855842787
-0.8768867924528302    0.3129220851394726
-0.8759433962264151    0.30019784372570407
-0.875    0.31598532844279575
-0.8740566037735849    0.30985884183618595
-0.8731132075471698    0.3148071579415176
-0.8721698113207548    0.2994909414249371
-0.8712264150943396    0.31834166944535197
-0.8702830188679245    0.3435545181727445
-0.8693396226415094    0.33601422696452404
-0.8683962264150944    0.34638212737581237
-0.8674528301886792    0.3364854951650353
-0.8665094339622641    0.3456752250750454
-0.8655660377358491    0.337899299766569
-0.864622641509434    0.3468533955763237
-0.8636792452830189    0.31598532844279575
-0.8627358490566037    0.3042036234300502
-0.8617924528301887    0.2895943092141655
-0.8608490566037736    0.3197554740469234
-0.8599056603773585    0.3100944759364051
-0.8589622641509433    0.3025541847282606
-0.8580188679245283    0.2971346004223456
-0.8570754716981133    0.2733355562965594
-0.8561320754716981    0.288651772813143
-0.855188679245283    0.2787551406024395
-0.8542452830188679    0.2749849949983167
-0.8533018867924529    0.2893586751139439
-0.8523584905660377    0.27050794709345977
-0.8514150943396226    0.2780482383016725
-0.8504716981132076    0.2695654106924373
-0.8495283018867925    0.2683872401911907
-0.8485849056603774    0.25495609647658835
-0.8476415094339622    0.2735711903968151
-0.8466981132075472    0.28299655440700794
-0.8457547169811321    0.28252528620652995
-0.844811320754717    0.26603089918860284
-0.8438679245283018    0.24977214627099398
-0.8429245283018868    0.2368122707569051
-0.8419811320754718    0.2189040791375032
-0.8410377358490566    0.20924308102699674
-0.8400943396226415    0.2141913971323901
-0.8391509433962264    0.19227742580859158
-0.8382075471698114    0.20971434922753268
-0.8372641509433962    0.18944981660552407
-0.8363207547169811    0.1788462820940419
-0.835377358490566    0.17224852728686332
-0.834433962264151    0.18897854840503506
-0.8334905660377359    0.15575414026896942
-0.8325471698113207    0.16046682227410083
-0.8316037735849057    0.17201289318660767
-0.8306603773584906    0.15504723796822079
-0.8297169811320755    0.15622540846948066
-0.8287735849056603    0.14821384906080678
-0.8278301886792453    0.13242636434366234
-0.8268867924528303    0.14302989885518239
-0.8259433962264151    0.14562187395797746
-0.825    0.1366677781482797
-0.8240566037735849    0.13266199844391796
-0.8231132075471699    0.1270067800377979
-0.8221698113207547    0.11687451372679096
-0.8212264150943396    0.1274780482383092
-0.8202830188679245    0.12370790263420416
-0.8193396226415095    0.11145492942092466
-0.8183962264150944    0.11192619762142281
-0.8174528301886792    0.12276536623318164
-0.816509433962264    0.12064465933089519
-0.8155660377358491    0.11970212292987258
-0.814622641509434    0.11828831832832473
-0.8136792452830188    0.1057997110147765
-0.8127358490566037    0.12064465933089519
-0.8117924528301887    0.1272424141380535
-0.8108490566037736    0.11828831832832473
-0.8099056603773584    0.10886295431809966
-0.8089622641509433    0.12064465933089519
-0.8080188679245284    0.12276536623319609
-0.8070754716981132    0.12512170723573793
-0.8061320754716981    0.1284205846393167
-0.8051886792452829    0.1232366344337074
-0.804245283018868    0.1298343892408657
-0.8033018867924528    0.12700678003778293
-0.8023584905660377    0.1293631210403392
-0.8014150943396225    0.12465043903524131
-0.8004716981132076    0.1274780482383092
-0.7995283018867925    0.12700678003778293
-0.7985849056603773    0.13242636434366234
-0.7976415094339622    0.14161609425364846
-0.7966981132075472    0.14302989885518239
-0.7957547169811321    0.15151272646436814
-0.7948113207547169    0.14680004445925557
-0.7938679245283018    0.14326553295543806
-0.7929245283018869    0.14208736245415976
-0.7919811320754717    0.15151272646436814
-0.7910377358490566    0.14020228965209802
-0.7900943396226414    0.16235189507614609
-0.7891509433962265    0.16706457708125916
-0.7882075471698113    0.13525397354672988
-0.7872641509433962    0.1529265310659019
-0.786320754716981    0.14161609425364846
-0.7853773584905661    0.13761031454930234
-0.784433962264151    0.13713904634877488
-0.7834905660377358    0.12794931643880544
-0.7825471698113207    0.12606424363677526
-0.7816037735849057    0.1293631210403544
-0.7806603773584906    0.1258286095365048
-0.7797169811320754    0.12088029343113663
-0.7787735849056603    0.10933422251862378
-0.7778301886792454    0.12441480493498568
-0.7768867924528302    0.11334000222295658
-0.7759433962264151    0.12370790263420416
-0.7749999999999999    0.12417917083473001
-0.774056603773585    0.1232366344337074
-0.7731132075471698    0.13007002334110607
-0.7721698113207547    0.13713904634877488
-0.7712264150943395    0.13643214404802406
-0.7702830188679246    0.13077692564188834
-0.7693396226415095    0.14538623985772184
-0.7683962264150943    0.13973102145158678
-0.7674528301886792    0.1409091919528815
-0.7665094339622642    0.1270067800377979
-0.7655660377358491    0.13054129154161734
-0.7646226415094339    0.12441480493497103
-0.7636792452830188    0.10415027231299936
-0.7627358490566039    0.10509280871402199
-0.7617924528301887    0.10627097921528776
-0.7608490566037736    0.09496054240301767
-0.7599056603773584    0.09166166499944967
-0.7589622641509435    0.08294320328999046
-0.7580188679245283    0.07516727798154499
-0.7570754716981132    0.08694898299432635
-0.756132075471698    0.09119039679893837
-0.7551886792452831    0.09166166499944967
-0.754245283018868    0.08694898299432635
-0.7533018867924528    0.09590307880404017
-0.7523584905660377    0.09260420140047229
-0.7514150943396227    0.08577081249305832
-0.7504716981132076    0.09142603089918326
-0.7495283018867924    0.09071912859841638
-0.7485849056603773    0.09024786039791574
-0.7476415094339623    0.07705235078359908
-0.7466981132075472    0.07304657107924435
-0.745754716981132    0.07351783927975561
-0.7448113207547169    0.06527064577081634
-0.743867924528302    0.06786262087362856
-0.7429245283018868    0.06597754807157555
-0.7419811320754717    0.06762698677336494
-0.7410377358490565    0.07870178948538867
-0.7400943396226416    0.06267867066800414
-0.7391509433962264    0.06715571857285368
-0.7382075471698113    0.06974769367566558
-0.7372641509433961    0.07045459597644076
-0.7363207547169812    0.07233966877848598
-0.7353773584905661    0.07092586417694371
-0.7344339622641509    0.07233966877847747
-0.7334905660377358    0.07398910748027558
-0.7325471698113208    0.07516727798155384
-0.7316037735849057    0.07233966877847747
-0.7306603773584905    0.07940869178614628
-0.7297169811320754    0.08671334889408093
-0.7287735849056605    0.09331110370123925
-0.7278301886792453    0.08718461709458197
-0.7268867924528302    0.08789151939534885
-0.725943396226415    0.09189729909970532
-0.7250000000000001    0.08954095809714878
-0.7240566037735849    0.09331110370122828
-0.7231132075471698    0.08765588529509323
-0.7221698113207546    0.08294320328999046
-0.7212264150943397    0.09001222629766009
-0.7202830188679246    0.09024786039790512
-0.7193396226415094    0.08718461709458197
-0.7183962264150943    0.08812715349561485
-0.7174528301886793    0.08765588529510354
-0.7165094339622642    0.08836278759586011
-0.715566037735849    0.08765588529509323
-0.7146226415094339    0.08859842169612615
-0.713679245283019    0.09024786039791574
-0.7127358490566038    0.07987995998665753
-0.7117924528301887    0.0787017894853794
-0.7108490566037735    0.08694898299433658
-0.7099056603773586    0.08011559408692259
-0.7089622641509434    0.0838857396910032
-0.7080188679245283    0.08341447149049194
-0.7070754716981131    0.07563854618206516
-0.7061320754716982    0.08011559408692259
-0.7051886792452831    0.07516727798154499
-0.7042452830188679    0.08671334889407072
-0.7033018867924528    0.07610981438257645
-0.7023584905660378    0.07422474158053123
-0.7014150943396227    0.07021896187617684
-0.7004716981132075    0.07728798488384564
-0.6995283018867924    0.0779948871846217
-0.6985849056603775    0.07728798488385474
-0.6976415094339623    0.07281093697898873
-0.6966981132075472    0.08600644659330384
-0.695754716981132    0.07634544848283212
-0.6948113207547171    0.07116149827720772
-0.6938679245283019    0.0683338890741318
-0.6929245283018868    0.06739135267310932
-0.6919811320754716    0.0671557185728616
-0.6910377358490567    0.06362120706902676
-0.6900943396226416    0.06432810936978617
-0.6891509433962264    0.059379793264417995
-0.6882075471698113    0.060086695565191944
-0.6872641509433963    0.06432810936979373
-0.6863207547169812    0.060086695565184874
-0.685377358490566    0.05985106146492925
-0.6844339622641509    0.05820162276314671
-0.683490566037736    0.06527064577081634
-0.6825471698113208    0.06244303656774114
-0.6816037735849056    0.05820162276313986
-0.6806603773584905    0.06974769367567378
-0.6797169811320756    0.06527064577081634
-0.6787735849056604    0.0699833277759212
-0.6778301886792453    0.0716327664777106
-0.6768867924528301    0.07281093697899729
-0.6759433962264152    0.06927642547516248
-0.675    0.0761098143825675
-0.6740566037735849    0.07563854618205625
-0.6731132075471697    0.07257530287874164
-0.6721698113207548    0.07375347338001992
-0.6712264150943397    0.06809825497387618
-0.6702830188679245    0.06951205957540996
-0.6693396226415094    0.07752361898411039
-0.6683962264150944    0.07610981438257645
-0.6674528301886793    0.0761098143825675
-0.6665094339622641    0.06762698677336494
-0.665566037735849    0.06904079137490682
-0.6646226415094341    0.0680982549738842
-0.6636792452830189    0.06503501167055303
-0.6627358490566038    0.06079359786595176
-0.6617924528301886    0.06621318217183897
-0.6608490566037737    0.06362120706902676
-0.6599056603773585    0.05301767255751607
-0.6589622641509434    0.05443147715904983
-0.6580188679245282    0.05537401356007885
-0.6570754716981133    0.04924752695343183
-0.6561320754716982    0.04712682005112539
-0.655188679245283    0.05278203845726044
-0.6542452830188679    0.0478337223518979
-0.6533018867924529    0.03982216294320565
-0.6523584905660378    0.04429921084805787
-0.6514150943396226    0.04477047904856912
-0.6504716981132075    0.042649772146273496
-0.6495283018867926    0.04665555185061963
-0.6485849056603774    0.045477381349336
-0.6476415094339623    0.05019006335444854
-0.6466981132075471    0.041707235745250884
-0.6457547169811322    0.04641991775036398
-0.644811320754717    0.04665555185061414
-0.6438679245283019    0.043827942647546615
-0.6429245283018867    0.04759808825164225
-0.6419811320754718    0.04641991775036398
-0.6410377358490567    0.03911526064243408
-0.6400943396226415    0.04217850394575723
-0.6391509433962264    0.041000333444483915
-0.6382075471698113    0.048069356452147896
-0.6372641509433963    0.037701456040904746
-0.6363207547169811    0.03487384683783279
-0.635377358490566    0.04217850394575723
-0.6344339622641508    0.039350894742694334
-0.6334905660377359    0.03652328553962647
-0.6325471698113208    0.04429921084805787
-0.6316037735849056    0.04312104034677973
-0.6306603773584905    0.035816383238859516
-0.6297169811320755    0.039350894742694334
-0.6287735849056604    0.04147160164499034
-0.6278301886792452    0.0393508947426897
-0.6268867924528301    0.035816383238859516
-0.6259433962264151    0.0374658219406491
-0.625    0.03699455374013343
-0.6240566037735849    0.040057797043456585
-0.6231132075471697    0.04736245415138659
-0.6221698113207548    0.03817272424141606
-0.6212264150943396    0.0419428698455016
-0.6202830188679245    0.045477381349336
-0.6193396226415093    0.04618428365010832
-0.6183962264150944    0.05136823385573272
-0.6174528301886792    0.04665555185061414
-0.6165094339622641    0.04901189285317041
-0.615566037735849    0.051839502056244026
-0.614622641509434    0.04971879515394314
-0.6136792452830189    0.04594864954984726
-0.6127358490566037    0.05019006335444854
-0.6117924528301886    0.043356674447040465
-0.6108490566037736    0.04712682005113093
-0.6099056603773585    0.0419428698455016
-0.6089622641509433    0.04312104034677973
-0.6080188679245282    0.03133933533400207
-0.6070754716981133    0.03628765143937082
-0.6061320754716981    0.03723018784038906
-0.605188679245283    0.035580749138599675
-0.6042452830188678    0.03204623763476904
-0.6033018867924529    0.036052017339115165
-0.6023584905660377    0.03911526064243408
-0.6014150943396226    0.03510948093808842
-0.6004716981132074    0.035816383238859516
-0.5995283018867925    0.03699455374013779
-0.5985849056603774    0.04170723574524597
-0.5976415094339622    0.032046237634765266
-0.5966981132075471    0.03817272424141606
-0.5957547169811321    0.03558074913860386
-0.594811320754717    0.04571301544959163
-0.5938679245283018    0.044063576747802244
-0.5929245283018867    0.04147160164499523
-0.5919811320754718    0.041000333444483915
-0.5910377358490566    0.04618428365010289
-0.5900943396226415    0.048304990552403525
-0.5891509433962263    0.0374658219406491
-0.5882075471698114    0.0478337223518979
-0.5872641509433962    0.04594864954984726
-0.5863207547169811    0.0516038679559823
-0.5853773584905659    0.04830499055240921
-0.584433962264151    0.05631654996110147
-0.5834905660377359    0.05796598866288423
-0.5825471698113207    0.06362120706901928
-0.5816037735849056    0.060086695565191944
-0.5806603773584906    0.05867289096365802
-0.5797169811320755    0.06880515727464306
-0.5787735849056603    0.06244303656774114
-0.5778301886792452    0.06692008447260593
-0.5768867924528303    0.06692008447260593
-0.5759433962264151    0.0699833277759212
-0.575    0.07398910748026687
-0.5740566037735848    0.06409247526953808
-0.5731132075471699    0.06904079137490682
-0.5721698113207547    0.0629143047682524
-0.5712264150943396    0.07116149827719935
-0.5702830188679244    0.06974769367567378
-0.5693396226415095    0.06927642547516248
-0.5683962264150944    0.06456374347004179
-0.5674528301886792    0.05985106146492925
-0.566509433962264    0.05537401356007885
-0.5655660377358491    0.059144159164169326
-0.564622641509434    0.0603223296654405
-0.5636792452830188    0.05773035456262861
-0.5627358490566037    0.05537401356007885
-0.5617924528301887    0.051603867955988376
-0.5608490566037736    0.04971879515393729
-0.5599056603773584    0.052075136156493555
-0.5589622641509433    0.04547738134934135
-0.5580188679245284    0.03864399244192737
-0.5570754716981132    0.0428854062465241
-0.5561320754716981    0.03770145604090031
-0.5551886792452829    0.04547738134934135
-0.554245283018868    0.03416694453706993
-0.5533018867924528    0.0358163832388553
-0.5523584905660377    0.02874736023118649
-0.5514150943396225    0.030868067133490766
-0.5504716981132076    0.027804823830167254
-0.5495283018867925    0.032046237634765266
-0.5485849056603773    0.028040457930419607
-0.5476415094339622    0.026155385128377673
-0.5466981132075472    0.02921862843170118
-0.5457547169811321    0.025448482827607713
-0.5448113207547169    0.02921862843169774
-0.5438679245283018    0.026155385128377673
-0.5429245283018869    0.028040457930422907
-0.5419811320754717    0.026155385128374592
-0.5410377358490566    0.0306324330332315
-0.5400943396226414    0.024505946426588085
-0.5391509433962265    0.02144270312326458
-0.5382075471698113    0.02120706902300643
-0.5372641509433962    0.027569189729908353
-0.536320754716981    0.023327775925309813
-0.5353773584905661    0.022385239524287195
-0.534433962264151    0.02332777592530707
-0.5334905660377358    0.022856507724795815
-0.5325471698113207    0.023327775925309813
-0.5316037735849057    0.02403467822607678
-0.5306603773584906    0.019086362120705785
-0.5297169811320754    0.022620873624540187
-0.5287735849056603    0.020264532621986305
-0.5278301886792454    0.021678337223520232
-0.5268867924528302    0.0209714349227508
-0.5259433962264151    0.018379459819938902
-0.5249999999999999    0.020500166722241957
-0.524056603773585    0.018379459819941067
-0.5231132075471698    0.01625875291763826
-0.5221698113207547    0.018850728020450156
-0.5212264150943395    0.015787484717128864
-0.5202830188679246    0.023327775925309813
-0.5193396226415095    0.023563410025562694
-0.5183962264150943    0.024270312326329577
-0.5174528301886792    0.025919751028122013
-0.5165094339622642    0.02309214182505416
-0.5155660377358491    0.027333555629652728
-0.5146226415094339    0.023799044125818323
-0.5136792452830188    0.02403467822607678
-0.5127358490566039    0.027333555629655944
-0.5117924528301887    0.026626653328885846
-0.5108490566037736    0.026155385128374592
-0.5099056603773584    0.024505946426588085
-0.5089622641509435    0.028982994331445525
-0.5080188679245283    0.026626653328885846
-0.5070754716981132    0.025684116927863338
-0.506132075471698    0.026391019228633326
-0.5051886792452831    0.025919751028122013
-0.504245283018868    0.027804823830163982
-0.5033018867924528    0.02639101922863022
-0.5023584905660377    0.026391019228633326
-0.5014150943396227    0.028747360231189872
-0.5004716981132076    0.02874736023118649
-0.4995283018867924    0.028276092030675236
-0.49858490566037733    0.02686228742914463
-0.49764150943396224    0.026155385128374592
-0.49669811320754714    0.02474158052684374
-0.49575471698113205    0.025448482827607713
-0.49481132075471695    0.026391019228633326
-0.49386792452830186    0.027804823830163982
-0.49292452830188677    0.023327775925309813
-0.49198113207547167    0.025212848727352084
-0.4910377358490566    0.02686228742914463
-0.4900943396226415    0.02474158052684083
-0.4891509433962264    0.028040457930422907
-0.4882075471698113    0.028040457930419607
-0.4872641509433962    0.025448482827610707
-0.4863207547169811    0.024505946426585205
-0.485377358490566    0.02474158052684374
-0.4844339622641509    0.02874736023118649
-0.4834905660377358    0.02662665332888898
-0.48254716981132073    0.025212848727352084
-0.48160377358490564    0.02474158052684374
-0.48066037735849054    0.024505946426585205
-0.47971698113207545    0.022856507724798504
-0.47877358490566035    0.02874736023118649
-0.47783018867924526    0.02474158052684374
-0.47688679245283017    0.026155385128374592
-0.47594339622641507    0.02968989663221249
-0.475    0.02474158052684083
-0.4740566037735849    0.025448482827610707
-0.4731132075471698    0.026626653328885846
-0.4721698113207547    0.03110370123374642
-0.4712264150943396    0.024270312326329577
-0.4702830188679245    0.03487384683783689
-0.4693396226415094    0.02945426253195337
-0.4683962264150943    0.027804823830167254
-0.4674528301886792    0.025448482827607713
-0.46650943396226413    0.027569189729911597
-0.46556603773584904    0.036052017339110926
-0.46462264150943394    0.027333555629655944
-0.46367924528301885    0.0306324330332315
-0.46273584905660375    0.027333555629655944
-0.46179245283018866    0.02639101922863022
-0.46084905660377357    0.029454262531956838
-0.45990566037735847    0.029689896632208997
-0.4589622641509434    0.028276092030678563
-0.4580188679245283    0.032046237634765266
-0.4570754716981132    0.0353451150383482
-0.4561320754716981    0.03251750583527652
-0.455188679245283    0.03181060353451338
-0.4542452830188679    0.03086806713348713
-0.4533018867924528    0.03369567633655862
-0.4523584905660377    0.029689896632208997
-0.4514150943396226    0.028982994331445525
-0.45047169811320753    0.03016116483272025
-0.44952830188679244    0.02474158052684374
-0.44858490566037734    0.032281871735020895
-0.44764150943396225    0.03157496943425773
-0.44669811320754715    0.03346004223629903
-0.44575471698113206    0.032753139935536
-0.44481132075471697    0.027333555629652728
-0.44386792452830187    0.030396798932979457
-0.4429245283018868    0.031574969434254016
-0.4419811320754717    0.027804823830167254
-0.4410377358490566    0.0306324330332315
-0.4400943396226415    0.03369567633655862
-0.4391509433962264    0.029689896632208997
-0.4382075471698113    0.02521284872735505
-0.4372641509433962    0.02639101922863022
-0.4363207547169811    0.024977214627099398
-0.435377358490566    0.03039679893297588
-0.43443396226415093    0.03487384683783689
-0.43349056603773584    0.02945426253195337
-0.43254716981132074    0.029454262531956838
-0.43160377358490565    0.029689896632208997
-0.43066037735849055    0.03558074913860386
-0.42971698113207546    0.02945426253195337
-0.42877358490566037    0.0374658219406491
-0.42783018867924527    0.0393508947426897
-0.4268867924528302    0.03463821273758124
-0.4259433962264151    0.03628765143936655
-0.425    0.04029343114371695
-0.4240566037735849    0.04312104034677973
-0.4231132075471698    0.03982216294320565
-0.4221698113207547    0.04429921084805787
-0.4212264150943396    0.042649772146273496
-0.4202830188679245    0.0419428698455016
-0.4193396226415094    0.03982216294320565
-0.41839622641509433    0.0358163832388553
-0.41745283018867924    0.036052017339115165
-0.41650943396226414    0.0428854062465241
-0.41556603773584905    0.03463821273758124
-0.41462264150943395    0.03346004223629903
-0.41367924528301886    0.0379370901411604
-0.41273584905660377    0.035580749138599675
-0.41179245283018867    0.035816383238859516
-0.4108490566037736    0.03699455374013343
-0.4099056603773585    0.03251750583528035
-0.4089622641509434    0.02921862843169774
-0.4080188679245283    0.03110370123374642
-0.4070754716981132    0.035580749138599675
-0.4061320754716981    0.03133933533400207
-0.405188679245283    0.035580749138599675
-0.4042452830188679    0.03110370123374642
-0.4033018867924528    0.027804823830163982
-0.40235849056603773    0.03110370123374642
-0.40141509433962264    0.03039679893297588
-0.40047169811320754    0.025448482827610707
-0.39952830188679245    0.02874736023118649
-0.39858490566037735    0.026391019228633326
-0.39764150943396226    0.022149605424028936
-0.39669811320754716    0.022856507724798504
-0.39575471698113207    0.02120706902300643
-0.394811320754717    0.021678337223520232
-0.3938679245283019    0.023799044125818323
-0.3929245283018868    0.022856507724798504
-0.3919811320754717    0.024505946426585205
-0.3910377358490566    0.022856507724798504
-0.3900943396226415    0.0209714349227508
-0.3891509433962264    0.025448482827610707
-0.3882075471698113    0.02144270312326205
-0.3872641509433962    0.01861509392019672
-0.38632075471698113    0.024270312326329577
-0.38537735849056604    0.019321996220963686
-0.38443396226415094    0.02073580082249517
-0.38349056603773585    0.022856507724798504
-0.38254716981132075    0.023092141825051444
-0.38160377358490566    0.02120706902300892
-0.38066037735849056    0.02144270312326205
-0.37971698113207547    0.023563410025565466
-0.3787735849056604    0.023799044125818323
-0.3778301886792453    0.020028898521730648
-0.3768867924528302    0.026626653328885846
-0.3759433962264151    0.02309214182505416
-0.375    0.02167833722351768
-0.3740566037735849    0.02144270312326458
-0.3731132075471698    0.01932199622096141
-0.3721698113207547    0.027569189729911597
-0.3712264150943396    0.023092141825051444
-0.37028301886792453    0.026155385128377673
-0.36933962264150944    0.02474158052684083
-0.36839622641509434    0.026155385128377673
-0.36745283018867925    0.025212848727352084
-0.36650943396226415    0.024505946426588085
-0.36556603773584906    0.02686228742914147
-0.36462264150943396    0.02568411692786636
-0.36367924528301887    0.0270979215293971
-0.3627358490566038    0.027333555629655944
-0.3617924528301887    0.027333555629652728
-0.3608490566037736    0.03181060353451338
-0.3599056603773585    0.028982994331442115
-0.3589622641509434    0.029454262531956838
-0.3580188679245283    0.027569189729908353
-0.3570754716981132    0.025919751028122013
-0.3561320754716981    0.03440257863732153
-0.355188679245283    0.028982994331445525
-0.35424528301886793    0.0358163832388553
-0.35330188679245284    0.033460042236302966
-0.35235849056603774    0.03534511503834405
-0.35141509433962265    0.032753139935536
-0.35047169811320755    0.03699455374013343
-0.34952830188679246    0.03463821273758124
-0.34858490566037736    0.03346004223629903
-0.34764150943396227    0.03228187173502469
-0.3466981132075472    0.029925530732464626
-0.3457547169811321    0.029454262531956838
-0.344811320754717    0.02874736023118649
-0.3438679245283019    0.023799044125821126
-0.3429245283018868    0.024977214627096456
-0.3419811320754717    0.028747360231189872
-0.3410377358490566    0.018850728020450156
-0.3400943396226415    0.02474158052684374
-0.3391509433962264    0.017436923418916395
-0.33820754716981133    0.017908191619429758
-0.33726415094339623    0.017672557519172023
-0.33632075471698114    0.01955763032121934
-0.33537735849056605    0.015787484717127008
-0.33443396226415095    0.01555185061687321
-0.33349056603773586    0.01790819161942765
-0.33254716981132076    0.022385239524287195
-0.33160377358490567    0.0209714349227508
-0.3306603773584906    0.0176725575191741
-0.3297169811320755    0.013902411915081991
-0.3287735849056604    0.015316216516617557
-0.3278301886792453    0.015080582416360126
-0.3268867924528302    0.016730021118151483
-0.3259433962264151    0.018143825719683274
-0.325    0.020264532621986305
-0.3240566037735849    0.014844948316104499
-0.3231132075471698    0.018850728020452373
-0.32216981132075473    0.01790819161942765
-0.32122641509433963    0.014373680115594936
-0.32028301886792454    0.01460931421584887
-0.31933962264150945    0.013666777814827972
-0.31839622641509435    0.017672557519172023
-0.31745283018867926    0.0176725575191741
-0.31650943396226416    0.01932199622096141
-0.31556603773584907    0.016730021118151483
-0.314622641509434    0.014844948316104499
-0.3136792452830189    0.016730021118151483
-0.3127358490566038    0.016730021118149516
-0.3117924528301887    0.017201289318662792
-0.3108490566037736    0.017672557519172023
-0.3099056603773585    0.01460931421585059
-0.3089622641509434    0.018850728020450156
-0.3080188679245283    0.013902411915083627
-0.3070754716981132    0.01861509392019453
-0.30613207547169813    0.013195509614316663
-0.30518867924528303    0.014138046015337618
-0.30424528301886794    0.016258752917640173
-0.30330188679245285    0.0209714349227508
-0.30235849056603775    0.013666777814827972
-0.30141509433962266    0.016023118817382633
-0.30047169811320756    0.01602311881738452
-0.29952830188679247    0.014844948316104499
-0.2985849056603774    0.01696565521840714
-0.2976415094339623    0.017436923418916395
-0.2966981132075472    0.014844948316106246
-0.2957547169811321    0.01531621651661575
-0.294811320754717    0.014373680115594936
-0.2938679245283019    0.019793264421472664
-0.2929245283018868    0.014373680115594936
-0.2919811320754717    0.01861509392019453
-0.2910377358490566    0.020264532621986305
-0.29009433962264153    0.017672557519172023
-0.28915094339622643    0.01861509392019672
-0.28820754716981134    0.018143825719683274
-0.28726415094339625    0.01979326442147499
-0.28632075471698115    0.025919751028118963
-0.28537735849056606    0.026155385128377673
-0.28443396226415096    0.0270979215293971
-0.28349056603773587    0.027804823830167254
-0.2825471698113208    0.028040457930419607
-0.2816037735849057    0.026155385128377673
-0.2806603773584906    0.026155385128374592
-0.2797169811320755    0.02686228742914463
-0.2787735849056604    0.03110370123374276
-0.2778301886792453    0.03298877403579165
-0.2768867924528302    0.029689896632208997
-0.27594339622641506    0.02851172613093086
-0.27499999999999997    0.02921862843170118
-0.2740566037735849    0.02639101922863022
-0.2731132075471698    0.028982994331445525
-0.2721698113207547    0.02073580082249517
-0.2712264150943396    0.022385239524287195
-0.2702830188679245    0.024270312326329577
-0.2693396226415094    0.021913971323775885
-0.2683962264150943    0.02073580082249517
-0.2674528301886792    0.022856507724798504
-0.2665094339622641    0.022856507724795815
-0.265566037735849    0.019321996220963686
-0.26462264150943393    0.02238523952428456
-0.26367924528301884    0.021678337223520232
-0.26273584905660374    0.018379459819938902
-0.26179245283018865    0.01955763032121934
-0.26084905660377355    0.01790819161942765
-0.25990566037735846    0.020735800822497614
-0.25896226415094337    0.023799044125818323
-0.2580188679245283    0.020735800822497614
-0.2570754716981132    0.013902411915081991
-0.2561320754716981    0.016730021118151483
-0.255188679245283    0.020264532621983918
-0.2542452830188679    0.01955763032121934
-0.2533018867924528    0.017672557519172023
-0.2523584905660377    0.01696565521840714
-0.2514150943396226    0.021913971323773308
-0.2504716981132075    0.01908636212070803
-0.24952830188679243    0.020264532621983918
-0.24858490566037733    0.01861509392019672
-0.24764150943396224    0.016023118817382633
-0.24669811320754714    0.016730021118151483
-0.24575471698113205    0.01790819161942765
-0.24481132075471695    0.015080582416361898
-0.24386792452830186    0.018850728020450156
-0.24292452830188677    0.018850728020452373
-0.24198113207547167    0.014844948316104499
-0.24103773584905658    0.014844948316106246
-0.24009433962264148    0.016494387017893887
-0.2391509433962264    0.01696565521840714
-0.2382075471698113    0.012724241413803856
-0.2372641509433962    0.01696565521840714
-0.2363207547169811    0.012017339113036974
-0.235377358490566    0.01555185061687321
-0.23443396226415092    0.016494387017893887
-0.23349056603773582    0.015316216516617557
-0.23254716981132073    0.012488607313548228
-0.23160377358490564    0.012488607313549699
-0.23066037735849054    0.011546070912525722
-0.22971698113207545    0.012488607313549699
-0.22877358490566035    0.013431143714570735
-0.22783018867924526    0.01107480271201577
-0.22688679245283017    0.013902411915081991
-0.22594339622641507    0.013195509614316663
-0.22499999999999998    0.011310436812270093
-0.22405660377358488    0.013195509614316663
-0.2231132075471698    0.011546070912525722
-0.2221698113207547    0.012488607313549699
-0.2212264150943396    0.011781705012781347
-0.2202830188679245    0.014844948316106246
-0.2193396226415094    0.012488607313548228
-0.21839622641509432    0.014373680115594936
-0.21745283018867922    0.013666777814826364
-0.21650943396226413    0.014373680115594936
-0.21556603773584904    0.012017339113036974
-0.21462264150943394    0.01460931421585059
-0.21367924528301885    0.009896632210736332
-0.21273584905660375    0.015080582416361898
-0.21179245283018866    0.016730021118149516
-0.21084905660377357    0.01602311881738452
-0.20990566037735847    0.016494387017893887
-0.20896226415094338    0.0176725575191741
-0.20801886792452828    0.018143825719683274
-0.2070754716981132    0.020028898521730648
-0.2061320754716981    0.02144270312326205
-0.205188679245283    0.020971434922753267
-0.2042452830188679    0.025448482827607713
-0.2033018867924528    0.02568411692786636
-0.20235849056603772    0.026155385128374592
-0.20141509433962262    0.02662665332888898
-0.20047169811320753    0.024270312326329577
-0.19952830188679244    0.028040457930422907
-0.19858490566037734    0.026155385128374592
-0.19764150943396225    0.027097921529400288
-0.19669811320754715    0.029925530732464626
-0.19575471698113206    0.030161164832723797
-0.19481132075471697    0.0270979215293971
-0.19386792452830187    0.025448482827610707
-0.19292452830188678    0.01790819161942765
-0.19198113207547168    0.02262087362454285
-0.1910377358490566    0.02073580082249517
-0.1900943396226415    0.021913971323775885
-0.1891509433962264    0.016023118817382633
-0.1882075471698113    0.020735800822497614
-0.1872641509433962    0.019086362120705785
-0.18632075471698112    0.017908191619429758
-0.18537735849056602    0.016023118817382633
-0.18443396226415093    0.015316216516617557
-0.18349056603773584    0.014373680115593245
-0.18254716981132074    0.01955763032121934
-0.18160377358490565    0.01861509392019453
-0.18066037735849055    0.017201289318662792
-0.17971698113207546    0.015787484717127008
-0.17877358490566037    0.015316216516617557
-0.17783018867924527    0.013666777814826364
-0.17688679245283018    0.017201289318662792
-0.17594339622641508    0.016494387017893887
-0.175    0.01814382571968541
-0.1740566037735849    0.015080582416360126
-0.1731132075471698    0.013431143714572316
-0.1721698113207547    0.014138046015337618
-0.1712264150943396    0.01555185061687321
-0.17028301886792452    0.01319550961431511
-0.16933962264150942    0.01602311881738452
-0.16839622641509433    0.01696565521840514
-0.16745283018867924    0.014844948316106246
-0.16650943396226414    0.01625875291763826
-0.16556603773584905    0.013195509614316663
-0.16462264150943395    0.014138046015337618
-0.16367924528301886    0.018850728020452373
-0.16273584905660377    0.018850728020450156
-0.16179245283018867    0.022385239524287195
-0.16084905660377358    0.023799044125818323
-0.15990566037735848    0.01696565521840714
-0.1589622641509434    0.02120706902300643
-0.1580188679245283    0.02262087362454285
-0.1570754716981132    0.022856507724795815
-0.1561320754716981    0.024270312326332432
-0.155188679245283    0.023563410025562694
-0.15424528301886792    0.023563410025565466
-0.15330188679245282    0.0209714349227508
-0.15235849056603773    0.02474158052684374
-0.15141509433962264    0.01955763032121704
-0.15047169811320754    0.020028898521730648
-0.14952830188679245    0.02474158052684083
-0.14858490566037735    0.02474158052684374
-0.14764150943396226    0.019793264421472664
-0.14669811320754716    0.01908636212070803
-0.14575471698113207    0.02073580082249517
-0.14481132075471698    0.020500166722241957
-0.14386792452830188    0.018850728020450156
-0.1429245283018868    0.01908636212070803
-0.1419811320754717    0.02120706902300643
-0.1410377358490566    0.01979326442147499
-0.1400943396226415    0.01932199622096141
-0.1391509433962264    0.015787484717128864
-0.13820754716981132    0.022620873624540187
-0.13726415094339622    0.022856507724798504
-0.13632075471698113    0.025684116927863338
-0.13537735849056604    0.020500166722241957
-0.13443396226415094    0.02167833722351768
-0.13349056603773585    0.018379459819941067
-0.13254716981132075    0.024977214627096456
-0.13160377358490566    0.024977214627099398
-0.13066037735849056    0.020264532621983918
-0.12971698113207547    0.021678337223520232
-0.12877358490566038    0.017672557519172023
-0.12783018867924528    0.026155385128377673
-0.1268867924528302    0.032046237634765266
-0.1259433962264151    0.02214960542403154
-0.125    0.025448482827607713
-0.1240566037735849    0.025448482827610707
-0.12311320754716981    0.031574969434254016
-0.12216981132075472    0.027804823830167254
-0.12122641509433962    0.02921862843169774
-0.12028301886792453    0.03322440813604731
-0.11933962264150944    0.03346004223629903
-0.11839622641509434    0.03228187173502469
-0.11745283018867925    0.03393131043681028
-0.11650943396226415    0.03157496943425773
-0.11556603773584906    0.03628765143936655
-0.11462264150943396    0.03652328553962647
-0.11367924528301887    0.027804823830163982
-0.11273584905660378    0.03487384683783689
-0.11179245283018868    0.03463821273757716
-0.11084905660377359    0.03817272424141606
-0.1099056603773585    0.03534511503834405
-0.1089622641509434    0.03911526064243868
-0.1080188679245283    0.029925530732464626
-0.10707547169811321    0.028276092030678563
-0.10613207547169812    0.036052017339110926
-0.10518867924528302    0.03393131043681428
-0.10424528301886793    0.02474158052684083
-0.10330188679245284    0.027333555629655944
-0.10235849056603774    0.035580749138599675
-0.10141509433962265    0.030632433033235113
-0.10047169811320755    0.03110370123374276
-0.09952830188679246    0.028982994331445525
-0.09858490566037736    0.03086806713348713
-0.09764150943396227    0.027569189729911597
-0.09669811320754718    0.027333555629652728
-0.09575471698113208    0.02662665332888898
-0.09481132075471699    0.021913971323773308
-0.0938679245283019    0.027569189729911597
-0.0929245283018868    0.026626653328885846
-0.0919811320754717    0.024505946426588085
-0.09103773584905661    0.025684116927863338
-0.09009433962264152    0.022856507724798504
-0.08915094339622642    0.023799044125818323
-0.08820754716981133    0.020735800822497614
-0.08726415094339623    0.027569189729908353
-0.08632075471698114    0.02262087362454285
-0.08537735849056605    0.023092141825051444
-0.08443396226415095    0.020028898521730648
-0.08349056603773586    0.022620873624540187
-0.08254716981132076    0.021678337223520232
-0.08160377358490567    0.020500166722239546
-0.08066037735849058    0.023563410025565466
-0.07971698113207548    0.022856507724795815
-0.07877358490566039    0.020028898521730648
-0.0778301886792453    0.023799044125818323
-0.0768867924528302    0.023327775925309813
-0.0759433962264151    0.025919751028118963
-0.07500000000000001    0.02568411692786636
-0.07405660377358492    0.025448482827607713
-0.07311320754716982    0.02851172613093422
-0.07216981132075473    0.02945426253195337
-0.07122641509433963    0.02968989663221249
-0.07028301886792454    0.02639101922863022
-0.06933962264150945    0.03487384683783689
-0.06839622641509435    0.03510948093808842
-0.06745283018867926    0.034402578637325584
-0.06650943396226416    0.03534511503834405
-0.06556603773584907    0.034402578637325584
-0.06462264150943398    0.04170723574524597
-0.06367924528301888    0.035816383238859516
-0.06273584905660379    0.040529065243967835
-0.06179245283018869    0.04029343114371695
-0.0608490566037736    0.041235967544734714
-0.059905660377358505    0.04029343114371695
-0.05896226415094341    0.04665555185061414
-0.05801886792452832    0.04217850394576219
-0.05707547169811322    0.040529065243967835
-0.05613207547169813    0.037701456040904746
-0.055188679245283034    0.03723018784038906
-0.05424528301886794    0.0379370901411604
-0.053301886792452846    0.03770145604090031
-0.05235849056603775    0.030868067133490766
-0.05141509433962266    0.03346004223629903
-0.050471698113207564    0.02921862843170118
-0.04952830188679247    0.02851172613093086
-0.048584905660377375    0.026391019228633326
-0.04764150943396228    0.025919751028118963
-0.04669811320754719    0.021913971323775885
-0.04575471698113209    0.02073580082249517
-0.044811320754717    0.023327775925309813
-0.043867924528301905    0.025919751028118963
-0.04292452830188681    0.021913971323775885
-0.04198113207547172    0.017436923418916395
-0.04103773584905662    0.020028898521730648
-0.04009433962264153    0.01531621651661575
-0.039150943396226434    0.015316216516617557
-0.03820754716981134    0.01319550961431511
-0.037264150943396246    0.013431143714572316
-0.03632075471698115    0.011074802712014468
-0.03537735849056606    0.013195509614316663
-0.034433962264150964    0.011781705012781347
-0.033490566037735814    0.011546070912525722
-0.03254716981132072    0.011781705012782733
-0.031603773584905626    0.011074802712014468
-0.03066037735849053    0.012252973213294042
-0.029716981132075437    0.013666777814826364
-0.028773584905660343    0.011310436812271426
-0.02783018867924525    0.01083916861175884
-0.026886792452830155    0.01107480271201577
-0.02594339622641506    0.009660998110480705
-0.024999999999999967    0.008247193508947913
-0.024056603773584873    0.01083916861175884
-0.02311320754716978    0.011310436812271426
-0.022169811320754684    0.009896632210736332
-0.02122641509433959    0.008247193508947913
-0.020283018867924496    0.006362120706901928
-0.019339622641509402    0.00801155940869226
-0.018396226415094308    0.0058908525063906736
-0.017452830188679214    0.008718461709459223
-0.01650943396226412    0.006126486606646301
-0.015566037735849025    0.004241413804601785
-0.014622641509433931    0.008247193508946944
-0.013679245283018837    0.0051839502056244035
-0.012735849056603743    0.0058908525063906736
-0.011792452830188649    0.009896632210737496
-0.010849056603773555    0.00541958430587942
-0.00990566037735846    0.005655218406135713
-0.008962264150943366    0.008954095809713824
-0.008018867924528272    0.006362120706902677
-0.007075471698113178    0.008718461709458197
-0.006132075471698084    0.0065977548071583314
-0.00518867924528299    0.006362120706901928
-0.004245283018867896    0.008954095809714879
-0.0033018867924528017    0.006362120706901928
-0.0023584905660377076    0.005655218406135713
-0.0014150943396226134    0.0058908525063906736
-0.0004716981132075193    0.006362120706902677
0.0004716981132075748    0.008247193508946944
0.0014150943396227245    0.00541958430587942
0.002358490566037763    0.008011559408693202
0.0033018867924528017    0.006126486606646301
0.004245283018867951    0.008247193508946944
0.005188679245283101    0.006597754807157555
0.00613207547169814    0.006597754807159108
0.007075471698113178    0.007069023007668809
0.008018867924528328    0.007304657107924435
0.008962264150943478    0.00848282760920257
0.009905660377358516    0.0058908525063920605
0.010849056603773555    0.00777592530843569
0.011792452830188704    0.005655218406135047
0.012735849056603854    0.005655218406135047
0.013679245283018893    0.007540291208181837
0.014622641509433931    0.009896632210736332
0.015566037735849081    0.004005779704345658
0.01650943396226423    0.009189729909969451
0.01745283018867927    0.006597754807159108
0.018396226415094308    0.009189729909969451
0.019339622641509457    0.005655218406135047
0.020283018867924607    0.006597754807157555
0.021226415094339646    0.008011559408693202
0.022169811320754684    0.009425364010225078
0.023113207547169834    0.007304657107924435
0.024056603773584984    0.010132266310991959
0.025000000000000022    0.011310436812272756
0.02594339622641506    0.007069023007668809
0.02688679245283021    0.008954095809713824
0.02783018867924536    0.011310436812270093
0.0287735849056604    0.00777592530843752
0.029716981132075437    0.009189729909969451
0.030660377358490587    0.011310436812270093
0.03160377358490574    0.009896632210736332
0.032547169811320775    0.012724241413806849
0.033490566037735814    0.012017339113036974
0.034433962264150964    0.011781705012781347
0.03537735849056611    0.012959875514059482
0.03632075471698115    0.013431143714573898
0.03726415094339619    0.010603534511503214
0.03820754716981134    0.014138046015337618
0.03915094339622649    0.01460931421584887
0.04009433962264153    0.010839168611761391
0.04103773584905657    0.01932199622096141
0.04198113207547172    0.013902411915081991
0.042924528301886866    0.017201289318660766
0.043867924528301905    0.011781705012784121
0.04481132075471694    0.017672557519172023
0.04575471698113209    0.019086362120705785
0.04669811320754724    0.014844948316104499
0.04764150943396228    0.02050016672224437
0.04858490566037732    0.018850728020450156
0.04952830188679247    0.017201289318660766
0.05047169811320762    0.015787484717127008
0.05141509433962266    0.023563410025568242
0.052358490566037696    0.0209714349227508
0.053301886792452846    0.024977214627096456
0.054245283018867996    0.02120706902300643
0.055188679245283034    0.02332777592531256
0.05613207547169807    0.025212848727352084
0.05707547169811322    0.024977214627096456
0.05801886792452837    0.02167833722351768
0.05896226415094341    0.023092141825056877
0.05990566037735845    0.02474158052684083
0.0608490566037736    0.026155385128374592
0.06179245283018875    0.027804823830163982
0.06273584905660379    0.02639101922863643
0.06367924528301883    0.026626653328885846
0.06462264150943398    0.027333555629652728
0.06556603773584913    0.025919751028118963
0.06650943396226416    0.025448482827613698
0.0674528301886792    0.026155385128374592
0.06839622641509435    0.02474158052684083
0.0693396226415095    0.027333555629652728
0.07028301886792454    0.022385239524289828
0.07122641509433958    0.023799044125818323
0.07216981132075473    0.0209714349227508
0.07311320754716988    0.025448482827607713
0.07405660377358492    0.020971434922755737
0.07499999999999996    0.02144270312326205
0.0759433962264151    0.024505946426585205
0.07688679245283025    0.02073580082249517
0.0778301886792453    0.017672557519176183
0.07877358490566033    0.017201289318660766
0.07971698113207548    0.023092141825051444
0.08066037735849063    0.01955763032121704
0.08160377358490567    0.020971434922755737
0.08254716981132071    0.01955763032121704
0.08349056603773586    0.01625875291763826
0.08443396226415101    0.015080582416360126
0.08537735849056605    0.019086362120710278
0.08632075471698109    0.018379459819938902
0.08726415094339623    0.022620873624540187
0.08820754716981138    0.017672557519172023
0.08915094339622642    0.01673002111815345
0.09009433962264146    0.022620873624540187
0.09103773584905661    0.021913971323773308
0.09198113207547176    0.016494387017893887
0.0929245283018868    0.020264532621988688
0.09386792452830184    0.0209714349227508
0.09481132075471699    0.020028898521728292
0.09575471698113214    0.023563410025562694
0.09669811320754718    0.023563410025568242
0.09764150943396221    0.02238523952428456
0.09858490566037736    0.0270979215293971
0.09952830188679251    0.028040457930419607
0.10047169811320755    0.02639101922863643
0.10141509433962259    0.032281871735020895
0.10235849056603774    0.02851172613093086
0.10330188679245289    0.032281871735020895
0.10424528301886793    0.04217850394576715
0.10518867924528297    0.040764699344223464
0.10613207547169812    0.03817272424141157
0.10707547169811327    0.04170723574524597
0.1080188679245283    0.04264977214627852
0.10896226415094334    0.03840835834166719
0.1099056603773585    0.04147160164499034
0.11084905660377364    0.03817272424141157
0.11179245283018868    0.0334600422363069
0.11273584905660372    0.03110370123374276
0.11367924528301887    0.0332244081360434
0.11462264150943402    0.032988774035787774
0.11556603773584906    0.03605201733911941
0.1165094339622641    0.03251750583527652
0.11745283018867925    0.03110370123374276
0.1183962264150944    0.028276092030675236
0.11933962264150944    0.02521284872735802
0.12028301886792447    0.02851172613093086
0.12122641509433962    0.03086806713348713
0.12216981132075477    0.02945426253195337
0.12311320754716981    0.027804823830170525
0.12405660377358485    0.027569189729908353
0.125    0.027804823830163982
0.12594339622641515    0.02851172613093086
0.1268867924528302    0.030632433033238714
0.12783018867924523    0.031574969434254016
0.12877358490566038    0.029925530732464626
0.12971698113207553    0.025212848727352084
0.13066037735849056    0.027333555629659157
0.1316037735849056    0.03039679893297588
0.13254716981132075    0.027569189729908353
0.1334905660377359    0.026626653328885846
0.13443396226415094    0.022385239524289828
0.13537735849056598    0.025684116927863338
0.13632075471698113    0.028276092030675236
0.13726415094339628    0.02874736023118649
0.13820754716981132    0.03298877403579554
0.13915094339622636    0.028982994331442115
0.1400943396226415    0.02921862843169774
0.14103773584905666    0.029925530732464626
0.1419811320754717    0.026626653328892115
0.14292452830188673    0.027804823830163982
0.14386792452830188    0.028040457930419607
0.14481132075471703    0.024505946426585205
0.14575471698113207    0.025919751028125066
0.1466981132075471    0.029689896632208997
0.14764150943396226    0.023799044125818323
0.1485849056603774    0.0209714349227508
0.14952830188679245    0.024034678226079607
0.15047169811320749    0.02332777592530707
0.15141509433962264    0.025448482827607713
0.15235849056603779    0.017436923418916395
0.15330188679245282    0.022385239524289828
0.15424528301886786    0.023799044125818323
0.155188679245283    0.0209714349227508
0.15613207547169816    0.020264532621983918
0.1570754716981132    0.01861509392019891
0.15801886792452824    0.020264532621983918
0.1589622641509434    0.01861509392019453
0.15990566037735854    0.018850728020450156
0.16084905660377358    0.019557630321221642
0.16179245283018862    0.01861509392019453
0.16273584905660377    0.01932199622096141
0.16367924528301891    0.023092141825051444
0.16462264150943395    0.021442703123267102
0.165566037735849    0.025684116927863338
0.16650943396226414    0.022620873624540187
0.1674528301886793    0.02238523952428456
0.16839622641509433    0.021678337223522783
0.16933962264150937    0.01696565521840514
0.17028301886792452    0.020500166722239546
0.17122641509433967    0.02120706902300643
0.1721698113207547    0.020028898521733004
0.17311320754716975    0.022149605424028936
0.1740566037735849    0.02144270312326205
0.17500000000000004    0.018379459819938902
0.17594339622641508    0.022385239524289828
0.17688679245283012    0.023563410025562694
0.17783018867924527    0.018143825719683274
0.17877358490566042    0.018850728020450156
0.17971698113207546    0.023092141825056877
0.1806603773584905    0.020264532621983918
0.18160377358490565    0.022856507724795815
0.1825471698113208    0.021913971323773308
0.18349056603773584    0.02050016672224437
0.18443396226415087    0.0209714349227508
0.18537735849056602    0.019793264421472664
0.18632075471698117    0.022856507724795815
0.1872641509433962    0.023092141825056877
0.18820754716981125    0.01932199622096141
0.1891509433962264    0.02144270312326205
0.19009433962264155    0.02120706902300643
0.1910377358490566    0.024034678226079607
0.19198113207547163    0.023799044125818323
0.19292452830188678    0.020028898521728292
0.19386792452830193    0.023563410025562694
0.19481132075471697    0.026862287429147796
0.195754716981132    0.020028898521728292
0.19669811320754715    0.028040457930419607
0.1976415094339623    0.022620873624540187
0.19858490566037734    0.018850728020454594
0.19952830188679238    0.020264532621983918
0.20047169811320753    0.02073580082249517
0.20141509433962268    0.01861509392019453
0.20235849056603772    0.019793264421477323
0.20330188679245276    0.01696565521840514
0.2042452830188679    0.020028898521728292
0.20518867924528306    0.019793264421472664
0.2061320754716981    0.0174369234189205
0.20707547169811313    0.019086362120705785
0.20801886792452828    0.02073580082249517
0.20896226415094343    0.01696565521840514
0.20990566037735858    0.01861509392019453
0.21084905660377362    0.016023118817386404
0.21179245283018866    0.014138046015337618
0.2127358490566038    0.017672557519172023
0.21367924528301896    0.018143825719683274
0.214622641509434    0.018850728020454594
0.21556603773584904    0.016023118817382633
0.2165094339622642    0.01696565521840514
0.21745283018867934    0.01696565521840514
0.21839622641509437    0.013666777814829579
0.2193396226415094    0.012017339113036974
0.22028301886792456    0.016494387017893887
0.2212264150943397    0.018143825719683274
0.22216981132075475    0.015080582416363675
0.2231132075471698    0.01460931421584887
0.22405660377358494    0.015787484717127008
0.2250000000000001    0.011546070912525722
0.22594339622641513    0.01555185061687504
0.22688679245283017    0.014138046015337618
0.22783018867924532    0.01319550961431511
0.22877358490566047    0.012252973213292603
0.2297169811320755    0.014373680115596628
0.23066037735849054    0.013431143714570735
0.2316037735849057    0.011546070912525722
0.23254716981132084    0.01790819161942765
0.23349056603773588    0.016965655218409134
0.23443396226415092    0.012488607313548228
0.23537735849056607    0.015080582416360126
0.23632075471698122    0.013902411915081991
0.23726415094339626    0.015080582416363675
0.2382075471698113    0.016023118817382633
0.23915094339622645    0.013902411915081991
0.2400943396226416    0.020500166722239546
0.24103773584905663    0.01649438701789777
0.24198113207547167    0.01460931421584887
0.24292452830188682    0.01625875291763826
0.24386792452830197    0.012959875514059482
0.244811320754717    0.0174369234189205
0.24575471698113205    0.015787484717127008
0.2466981132075472    0.017201289318660766
0.24764150943396235    0.016730021118149516
0.2485849056603774    0.016965655218409134
0.24952830188679243    0.01790819161942765
0.2504716981132076    0.011781705012781347
0.2514150943396227    0.01955763032121704
0.25235849056603776    0.017908191619431864
0.2533018867924528    0.024505946426585205
0.25424528301886795    0.02238523952428456
0.2551886792452831    0.023563410025562694
0.25613207547169814    0.019557630321221642
0.2570754716981132    0.023563410025562694
0.25801886792452833    0.026626653328885846
0.2589622641509435    0.028276092030675236
0.2599056603773585    0.02521284872735802
0.26084905660377355    0.02474158052684083
0.2617924528301887    0.02332777592530707
0.26273584905660385    0.024270312326329577
0.2636792452830189    0.028511726130937574
0.26462264150943393    0.024977214627096456
0.2655660377358491    0.024977214627096456
0.26650943396226423    0.025448482827607713
0.26745283018867927    0.025684116927869382
0.2683962264150943    0.026626653328885846
0.26933962264150946    0.02238523952428456
0.2702830188679246    0.02167833722351768
0.27122641509433965    0.020264532621988688
0.2721698113207547    0.022149605424028936
0.27311320754716983    0.020264532621983918
0.274056603773585    0.02238523952428456
0.275    0.023799044125823923
0.27594339622641506    0.024034678226073948
0.2768867924528302    0.01861509392019453
0.27783018867924536    0.021913971323773308
0.2787735849056604    0.018143825719687545
0.27971698113207544    0.02167833722351768
0.2806603773584906    0.021913971323773308
0.28160377358490574    0.020028898521728292
0.2825471698113208    0.021207069023011418
0.2834905660377358    0.019086362120705785
0.28443396226415096    0.01696565521840514
0.2853773584905661    0.01625875291763826
0.28632075471698115    0.020264532621988688
0.2872641509433962    0.020500166722239546
0.28820754716981134    0.019793264421472664
0.2891509433962265    0.02144270312326205
0.29009433962264153    0.018143825719687545
0.29103773584905657    0.019793264421472664
0.2919811320754717    0.018143825719683274
0.29292452830188687    0.020264532621983918
0.2938679245283019    0.01861509392019891
0.29481132075471694    0.02167833722351768
0.2957547169811321    0.01861509392019453
0.29669811320754724    0.022856507724795815
0.2976415094339623    0.021207069023011418
0.2985849056603773    0.022149605424028936
0.29952830188679247    0.02332777592530707
0.3004716981132076    0.020264532621983918
0.30141509433962266    0.024977214627102336
0.3023584905660377    0.018850728020450156
0.30330188679245285    0.025212848727352084
0.304245283018868    0.020264532621983918
0.30518867924528303    0.023563410025568242
0.3061320754716981    0.023799044125818323
0.3070754716981132    0.024505946426585205
0.3080188679245284    0.022620873624540187
0.3089622641509434    0.02709792152940348
0.30990566037735845    0.016494387017893887
0.3108490566037736    0.020028898521728292
0.31179245283018875    0.020264532621983918
0.3127358490566038    0.01673002111815345
0.3136792452830188    0.029925530732464626
0.314622641509434    0.032281871735020895
0.3155660377358491    0.029689896632208997
0.31650943396226416    0.024034678226079607
0.3174528301886792    0.019793264421472664
0.31839622641509435    0.02144270312326205
0.3193396226415095    0.025448482827607713
0.32028301886792454    0.022856507724801196
0.3212264150943396    0.025448482827607713
0.32216981132075473    0.021913971323773308
0.3231132075471699    0.022856507724795815
0.3240566037735849    0.019557630321221642
0.32499999999999996    0.020264532621983918
0.3259433962264151    0.017436923418916395
0.32688679245283025    0.01696565521840514
0.3278301886792453    0.018143825719687545
0.32877358490566033    0.014373680115593245
0.3297169811320755    0.018850728020450156
0.33066037735849063    0.02167833722351768
0.33160377358490567    0.01720128931866482
0.3325471698113207    0.014138046015337618
0.33349056603773586    0.014373680115593245
0.334433962264151    0.018379459819938902
0.33537735849056605    0.017908191619431864
0.3363207547169811    0.020028898521728292
0.33726415094339623    0.019086362120705785
0.3382075471698114    0.019086362120705785
0.3391509433962264    0.019557630321221642
0.34009433962264146    0.02144270312326205
0.3410377358490566    0.019793264421472664
0.34198113207547176    0.024270312326329577
0.3429245283018868    0.023799044125823923
0.34386792452830184    0.023799044125818323
0.344811320754717    0.022620873624540187
0.34575471698113214    0.02639101922863022
0.3466981132075472    0.02332777592531256
0.3476415094339622    0.02945426253195337
0.34858490566037736    0.031574969434254016
0.3495283018867925    0.02686228742914147
0.35047169811320755    0.02827609203068189
0.3514150943396226    0.029925530732464626
0.35235849056603774    0.02945426253195337
0.3533018867924529    0.0306324330332315
0.35424528301886793    0.029689896632215985
0.35518867924528297    0.0306324330332315
0.3561320754716981    0.02945426253195337
0.35707547169811327    0.028276092030675236
0.3580188679245283    0.034638212737585314
0.35896226415094334    0.029689896632208997
0.3599056603773585    0.03723018784038906
0.36084905660377364    0.0306324330332315
0.3617924528301887    0.030632433033238714
0.3627358490566037    0.03746582194064469
0.36367924528301887    0.03181060353450964
0.364622641509434    0.03133933533399839
0.36556603773584906    0.03016116483272735
0.3665094339622641    0.03133933533399839
0.36745283018867925    0.03746582194064469
0.3683962264150944    0.03251750583527652
0.36933962264150944    0.0334600422363069
0.3702830188679245    0.0332244081360434
0.3712264150943396    0.03181060353450964
0.3721698113207548    0.0332244081360434
0.3731132075471698    0.028511726130937574
0.37405660377358485    0.03039679893297588
0.375    0.022620873624540187
0.37594339622641515    0.024034678226073948
0.3768867924528302    0.029689896632215985
0.3778301886792452    0.02474158052684083
0.3787735849056604    0.026155385128374592
0.3797169811320755    0.022620873624540187
0.38066037735849056    0.021678337223522783
0.3816037735849056    0.018850728020450156
0.38254716981132075    0.025684116927863338
0.3834905660377359    0.02120706902300643
0.38443396226415094    0.017672557519176183
0.385377358490566    0.019793264421472664
0.38632075471698113    0.015787484717127008
0.3872641509433963    0.01955763032121704
0.3882075471698113    0.01932199622096596
0.38915094339622636    0.021913971323773308
0.3900943396226415    0.01932199622096141
0.39103773584905666    0.02144270312326205
0.3919811320754717    0.023563410025568242
0.39292452830188673    0.018850728020450156
0.3938679245283019    0.023092141825051444
0.39481132075471703    0.02332777592530707
0.39575471698113207    0.025448482827613698
0.3966981132075471    0.021913971323773308
0.39764150943396226    0.026155385128374592
0.3985849056603774    0.02945426253195337
0.39952830188679245    0.02756918972991484
0.4004716981132075    0.03369567633655466
0.40141509433962264    0.03133933533399839
0.4023584905660378    0.03016116483272025
0.4033018867924528    0.03228187173502849
0.40424528301886786    0.024977214627096456
0.405188679245283    0.028276092030675236
0.40613207547169816    0.02144270312326205
0.4070754716981132    0.03133933533400576
0.40801886792452824    0.032046237634765266
0.4089622641509434    0.027333555629652728
0.40990566037735854    0.022856507724795815
0.4108490566037736    0.02992553073247167
0.4117924528301886    0.024034678226073948
0.41273584905660377    0.02474158052684083
0.4136792452830189    0.03086806713348713
0.41462264150943395    0.02756918972991484
0.415566037735849    0.025212848727352084
0.41650943396226414    0.02474158052684083
0.4174528301886793    0.029689896632208997
0.41839622641509433    0.02639101922863643
0.41933962264150937    0.024034678226073948
0.4202830188679245    0.02686228742914147
0.42122641509433967    0.024270312326329577
0.4221698113207547    0.02709792152940348
0.42311320754716975    0.025919751028118963
0.4240566037735849    0.0270979215293971
0.42500000000000004    0.02874736023118649
0.4259433962264151    0.02639101922863643
0.4268867924528301    0.028276092030675236
0.42783018867924527    0.032281871735020895
0.4287735849056604    0.029689896632208997
0.42971698113207546    0.03322440813605122
0.4306603773584905    0.02874736023118649
0.43160377358490565    0.03369567633655466
0.4325471698113208    0.023799044125818323
0.43349056603773584    0.028747360231193255
0.4344339622641509    0.029925530732464626
0.435377358490566    0.028982994331442115
0.4363207547169812    0.036523285539622176
0.4372641509433962    0.03369567633656259
0.43820754716981125    0.03723018784038906
0.4391509433962264    0.0341669445370659
0.44009433962264155    0.032753139935532145
0.4410377358490566    0.046184283650113754
0.4419811320754716    0.04524174724908037
0.4429245283018868    0.040529065243967835
0.4438679245283019    0.04312104034677973
0.44481132075471697    0.04641991775036944
0.445754716981132    0.04264977214626848
0.44669811320754715    0.04571301544959163
0.4476415094339623    0.04217850394575723
0.44858490566037745    0.04264977214626848
0.4495283018867925    0.0468911859508808
0.45047169811320753    0.04971879515393729
0.4514150943396227    0.04736245415138102
0.45235849056603783    0.04100033344447909
0.45330188679245287    0.04076469934423306
0.4542452830188679    0.040529065243967835
0.45518867924528306    0.04100033344447909
0.4561320754716982    0.04029343114371221
0.45707547169811324    0.03204623763477281
0.4580188679245283    0.03181060353450964
0.45896226415094343    0.035580749138599675
0.4599056603773586    0.028982994331442115
0.4608490566037736    0.030868067133494395
0.46179245283018866    0.027804823830163982
0.4627358490566038    0.03110370123374276
0.46367924528301896    0.024505946426585205
0.464622641509434    0.023799044125823923
0.46556603773584904    0.018850728020450156
0.4665094339622642    0.02073580082249517
0.46745283018867934    0.02120706902300643
0.4683962264150944    0.022149605424034147
0.4693396226415094    0.02120706902300643
0.47028301886792456    0.01861509392019453
0.4712264150943397    0.019086362120705785
0.47216981132075475    0.019793264421477323
0.4731132075471698    0.020028898521728292
0.47405660377358494    0.01555185061687138
0.4750000000000001    0.01955763032121704
0.4759433962264151    0.020264532621988688
0.47688679245283017    0.02073580082249517
0.4778301886792453    0.01625875291763826
0.47877358490566047    0.018379459819938902
0.4797169811320755    0.014844948316107992
0.48066037735849054    0.02073580082249517
0.4816037735849057    0.019793264421472664
0.48254716981132084    0.017436923418916395
0.4834905660377359    0.023092141825056877
0.4844339622641509    0.02144270312326205
0.48537735849056607    0.017436923418916395
0.4863207547169812    0.01955763032121704
0.48726415094339626    0.01649438701789777
0.4882075471698113    0.02474158052684083
0.48915094339622645    0.023799044125818323
0.4900943396226416    0.024034678226073948
0.49103773584905663    0.020735800822500053
0.49198113207547167    0.027804823830163982
0.4929245283018868    0.025919751028118963
0.49386792452830197    0.029925530732464626
0.494811320754717    0.02827609203068189
0.49575471698113205    0.03133933533399839
0.4966981132075472    0.032046237634765266
0.49764150943396235    0.029689896632208997
0.4985849056603774    0.03228187173502849
0.4995283018867924    0.03393131043681028
0.5004716981132076    0.03110370123374276
0.5014150943396227    0.0332244081360434
0.5023584905660378    0.03157496943426145
0.5033018867924528    0.03369567633655466
0.504245283018868    0.03039679893297588
0.5051886792452831    0.027333555629652728
0.5061320754716981    0.035345115038352366
0.5070754716981132    0.02874736023118649
0.5080188679245283    0.026155385128374592
0.5089622641509435    0.028982994331442115
0.5099056603773585    0.028747360231193255
0.5108490566037736    0.026626653328885846
0.5117924528301887    0.02639101922863022
0.5127358490566039    0.020500166722239546
0.5136792452830189    0.025448482827613698
0.5146226415094339    0.02144270312326205
0.5155660377358491    0.023799044125818323
0.5165094339622642    0.02073580082249517
0.5174528301886793    0.021207069023011418
0.5183962264150943    0.015787484717127008
0.5193396226415095    0.020500166722239546
0.5202830188679246    0.02120706902300643
0.5212264150943396    0.016965655218409134
0.5221698113207547    0.016730021118149516
0.5231132075471698    0.017201289318660766
0.524056603773585    0.02167833722351768
0.525    0.016258752917642085
0.5259433962264151    0.01555185061687138
0.5268867924528302    0.016730021118149516
0.5278301886792454    0.01460931421584887
0.5287735849056604    0.014138046015340945
0.5297169811320754    0.01625875291763826
0.5306603773584906    0.017201289318660766
0.5316037735849057    0.015787484717127008
0.5325471698113208    0.015316216516619357
0.5334905660377358    0.017201289318660766
0.534433962264151    0.015787484717127008
0.5353773584905661    0.01460931421584887
0.5363207547169812    0.016965655218409134
0.5372641509433962    0.014138046015337618
0.5382075471698113    0.012252973213292603
0.5391509433962265    0.019793264421472664
0.5400943396226415    0.01649438701789777
0.5410377358490566    0.018850728020450156
0.5419811320754717    0.014373680115593245
0.5429245283018869    0.01696565521840514
0.5438679245283019    0.017672557519176183
0.5448113207547169    0.019086362120705785
0.5457547169811321    0.023563410025562694
0.5466981132075472    0.020500166722239546
0.5476415094339623    0.016965655218409134
0.5485849056603773    0.02238523952428456
0.5495283018867925    0.02332777592530707
0.5504716981132076    0.02332777592530707
0.5514150943396227    0.02639101922863643
0.5523584905660377    0.03016116483272025
0.5533018867924528    0.027569189729908353
0.554245283018868    0.03369567633655466
0.555188679245283    0.02709792152940348
0.5561320754716981    0.03110370123374276
0.5570754716981132    0.03181060353450964
0.5580188679245284    0.035580749138599675
0.5589622641509434    0.037937090141164864
0.5599056603773584    0.04335667444703536
0.5608490566037736    0.05254640435700481
0.5617924528301887    0.04689118595086977
0.5627358490566038    0.05019006335446036
0.5636792452830188    0.05796598866288423
0.564622641509434    0.04971879515393729
0.5655660377358491    0.05749472046237298
0.5665094339622642    0.05066133155497172
0.5674528301886792    0.05890852506390674
0.5683962264150944    0.052310770256749184
0.5693396226415095    0.05773035456262861
0.5702830188679245    0.059144159164176285
0.5712264150943396    0.050896965655215426
0.5721698113207547    0.054902745359561085
0.5731132075471699    0.05725908636211735
0.5740566037735849    0.054667111259318314
0.575    0.05325330665777169
0.5759433962264151    0.047833722351892274
0.5768867924528303    0.05372457485828294
0.5778301886792453    0.054667111259318314
0.5787735849056603    0.05513837945981671
0.5797169811320755    0.06102923196620739
0.5806603773584906    0.05254640435700481
0.5816037735849057    0.052546404357017185
0.5825471698113207    0.05301767255751607
0.5834905660377359    0.055374013560072335
0.584433962264151    0.047598088251636646
0.585377358490566    0.05113259975548309
0.5863207547169811    0.04170723574524597
0.5872641509433962    0.04712682005112539
0.5882075471698114    0.045006113148824745
0.5891509433962264    0.048776258752926266
0.5900943396226415    0.04170723574524597
0.5910377358490566    0.04217850394575723
0.5919811320754718    0.04477047904856912
0.5929245283018868    0.043827942647556926
0.5938679245283018    0.04312104034677973
0.594811320754717    0.039822162943200956
0.5957547169811321    0.04264977214626848
0.5966981132075472    0.03746582194065351
0.5976415094339622    0.03817272424141157
0.5985849056603774    0.03746582194064469
0.5995283018867925    0.03958652884294533
0.6004716981132076    0.035345115038352366
0.6014150943396226    0.03887962654217845
0.6023584905660377    0.04312104034677973
0.6033018867924529    0.036758919639877805
0.6042452830188679    0.043356674447045565
0.605188679245283    0.045006113148824745
0.6061320754716981    0.04736245415138102
0.6070754716981133    0.04948316105368166
0.6080188679245283    0.05113259975548309
0.6089622641509433    0.04948316105368166
0.6099056603773585    0.05254640435700481
0.6108490566037736    0.061264866066463
0.6117924528301887    0.04359230854730125
0.6127358490566037    0.05254640435700481
0.6136792452830189    0.044063576747802244
0.614622641509434    0.04029343114371221
0.6155660377358491    0.044299210848068295
0.6165094339622641    0.04359230854729099
0.6174528301886792    0.04736245415138102
0.6183962264150944    0.03911526064243408
0.6193396226415094    0.038172724241420555
0.6202830188679245    0.03393131043681028
0.6212264150943396    0.03864399244192282
0.6221698113207548    0.04147160164499034
0.6231132075471698    0.039586528842954646
0.6240566037735849    0.03911526064243408
0.625    0.03723018784038906
0.6259433962264151    0.040529065243967835
0.6268867924528302    0.041942869845511474
0.6278301886792452    0.04477047904856912
0.6287735849056604    0.044063576747802244
0.6297169811320755    0.044063576747802244
0.6306603773584906    0.035580749138608044
0.6316037735849056    0.04335667444703536
0.6325471698113208    0.04147160164499034
0.6334905660377359    0.04029343114371221
0.6344339622641509    0.04170723574525578
0.635377358490566    0.03817272424141157
0.6363207547169811    0.039822162943200956
0.6372641509433963    0.03346004223629903
0.6382075471698113    0.03628765143937509
0.6391509433962264    0.035580749138599675
0.6400943396226415    0.02921862843169774
0.6410377358490567    0.036052017339110926
0.6419811320754717    0.02756918972991484
0.6429245283018867    0.036052017339110926
0.6438679245283019    0.027569189729908353
0.644811320754717    0.0341669445370659
0.6457547169811321    0.03039679893298303
0.6466981132075471    0.03110370123374276
0.6476415094339623    0.03699455374013343
0.6485849056603774    0.036758919639877805
0.6495283018867924    0.03652328553963077
0.6504716981132075    0.03817272424141157
0.6514150943396226    0.04477047904856912
0.6523584905660378    0.04170723574524597
0.6533018867924528    0.04665555185062512
0.6542452830188679    0.05325330665777169
0.655188679245283    0.05019006335444854
0.6561320754716982    0.056080915860839214
0.6570754716981132    0.05537401356008537
0.6580188679245282    0.05631654996109484
0.6589622641509434    0.05183950205623793
0.6599056603773585    0.06244303656774114
0.6608490566037736    0.05985106146494334
0.6617924528301886    0.05867289096365111
0.6627358490566038    0.059379793264417995
0.6636792452830189    0.055609647660327964
0.664622641509434    0.06008669556519902
0.665566037735849    0.05702345226186172
0.6665094339622641    0.05042569745470417
0.6674528301886793    0.055609647660327964
0.6683962264150943    0.052310770256761494
0.6693396226415094    0.055845281760583586
0.6702830188679245    0.055374013560072335
0.6712264150943397    0.055845281760583586
0.6721698113207547    0.059144159164176285
0.6731132075471697    0.05183950205623793
0.6740566037735849    0.05702345226186172
0.675    0.0541958430587942
0.6759433962264151    0.05985106146494334
0.6768867924528301    0.06880515727464306
0.6778301886792453    0.0603223296654405
0.6787735849056604    0.06267867066799677
0.6797169811320755    0.06621318217184675
0.6806603773584905    0.06220740246748552
0.6816037735849056    0.06503501167055303
0.6825471698113208    0.05820162276313986
0.6834905660377358    0.06998332777593767
0.6844339622641509    0.0706902300766881
0.685377358490566    0.07092586417694371
0.6863207547169812    0.07658108258307876
0.6872641509433962    0.07728798488386383
0.6882075471698113    0.07398910748026687
0.6891509433962264    0.07634544848282314
0.6900943396226416    0.08671334889407072
0.6910377358490567    0.07846615538512378
0.6919811320754717    0.07446037568079564
0.6929245283018868    0.07940869178614628
0.6938679245283019    0.07210403467822185
0.6948113207547171    0.0716327664777106
0.6957547169811321    0.07705235078360816
0.6966981132075472    0.07540291208180062
0.6976415094339623    0.08035122818716879
0.6985849056603775    0.0787017894853794
0.6995283018867925    0.08365010559076726
0.7004716981132075    0.09024786039790512
0.7014150943396227    0.0838857396910032
0.7023584905660378    0.08930532399688261
0.7033018867924529    0.09024786039792637
0.7042452830188679    0.08789151939534885
0.7051886792452831    0.09260420140046138
0.7061320754716982    0.09778815160608519
0.7070754716981132    0.09731688340559684
0.7080188679245283    0.09825941980659644
0.7089622641509434    0.10556407691452088
0.7099056603773586    0.10485717461375399
0.7108490566037736    0.09802378570636389
0.7117924528301887    0.09543181060352893
0.7127358490566038    0.10485717461375399
0.713679245283019    0.09660998110480705
0.714622641509434    0.10179393131045479
0.715566037735849    0.09755251750582956
0.7165094339622642    0.09590307880404017
0.7174528301886793    0.09496054240301767
0.7183962264150944    0.09472490830278434
0.7193396226415094    0.08930532399688261
0.7202830188679246    0.09448927420250641
0.7212264150943397    0.0812937645881913
0.7221698113207548    0.07987995998667634
0.7231132075471698    0.0822363009892138
0.7240566037735849    0.0838857396910032
0.7250000000000001    0.08011559408691317
0.7259433962264151    0.07728798488386383
0.7268867924528302    0.07516727798154499
0.7278301886792453    0.07893742358563502
0.7287735849056605    0.07940869178614628
0.7297169811320755    0.07987995998667634
0.7306603773584905    0.07634544848282314
0.7316037735849057    0.0787017894853794
0.7325471698113208    0.08435700789151446
0.7334905660377359    0.08529954429255704
0.7344339622641509    0.08954095809713825
0.7353773584905661    0.08247193508946943
0.7363207547169812    0.09189729909969452
0.7372641509433963    0.09024786039792637
0.7382075471698113    0.09071912859841638
0.7391509433962264    0.08765588529509323
0.7400943396226416    0.09755251750582956
0.7410377358490566    0.09755251750585253
0.7419811320754717    0.09307546960097264
0.7429245283018868    0.090954762698672
0.743867924528302    0.10273646771145335
0.744811320754717    0.09755251750585253
0.745754716981132    0.10344337001222023
0.7466981132075472    0.09990885850838582
0.7476415094339623    0.10792041791707714
0.7485849056603774    0.09613871290431843
0.7495283018867924    0.09142603089918326
0.7504716981132076    0.09637434700455141
0.7514150943396227    0.0970812493053183
0.7523584905660378    0.10485717461377868
0.7533018867924528    0.09943759030787458
0.754245283018868    0.0970812493053183
0.7551886792452831    0.09260420140046138
0.7561320754716981    0.09590307880406275
0.7570754716981132    0.10532844281426525
0.7580188679245283    0.09425364010225078
0.7589622641509435    0.10367900411247585
0.7599056603773585    0.10909858841838095
0.7608490566037736    0.11852395242858037
0.7617924528301887    0.12040902523062537
0.7627358490566039    0.11593197732576846
0.7636792452830189    0.11711014782707417
0.7646226415094339    0.12088029343113663
0.7655660377358491    0.1145181727242347
0.7665094339622642    0.11239746582193406
0.7674528301886793    0.11781705012784122
0.7683962264150943    0.1197021229298585
0.7693396226415095    0.1189952206290916
0.7702830188679246    0.11216183172167843
0.7712264150943396    0.11616761142605143
0.7721698113207547    0.11098366122040029
0.7731132075471698    0.11286873402244532
0.774056603773585    0.12182282983215914
0.775    0.1140469045237503
0.7759433962264151    0.11946648882960285
0.7768867924528302    0.12158719573190352
0.7778301886792454    0.11852395242858037
0.7787735849056604    0.11192619762144915
0.7797169811320754    0.13619650994775237
0.7806603773584906    0.12300100033343726
0.7816037735849057    0.12889185283982793
0.7825471698113208    0.13666777814829578
0.7834905660377358    0.14821384906078935
0.784433962264151    0.15434033566743566
0.7853773584905661    0.15269089696564628
0.7863207547169812    0.16023118817386403
0.7872641509433962    0.15174836056462376
0.7882075471698113    0.14774258086027808
0.7891509433962265    0.1423229965543987
0.7900943396226415    0.15740357897079585
0.7910377358490566    0.14090919195286492
0.7919811320754717    0.13478270534621864
0.7929245283018869    0.14538623985772184
0.7938679245283019    0.14774258086031286
0.7948113207547169    0.1399666555518424
0.7957547169811321    0.1328976325441736
0.7966981132075472    0.1319550961431511
0.7976415094339623    0.13666777814829578
0.7985849056603773    0.13855285095030864
0.7995283018867925    0.1319550961431511
0.8004716981132076    0.15104145826385687
0.8014150943396227    0.13737468044906284
0.8023584905660377    0.14373680115593243
0.8033018867924528    0.15339779926641317
0.804245283018868    0.13431143714570737
0.805188679245283    0.13925975325110831
0.8061320754716981    0.1387884850505643
0.8070754716981132    0.13148382794263982
0.8080188679245284    0.1387884850505643
0.8089622641509434    0.13902411915085264
0.8099056603773584    0.12205846393241478
0.8108490566037736    0.12158719573190352
0.8117924528301887    0.13407580304545172
0.8127358490566038    0.13761031454931855
0.8136792452830188    0.12205846393241478
0.814622641509434    0.14114482605312054
0.8155660377358491    0.13973102145158678
0.8165094339622642    0.14821384906082424
0.8174528301886792    0.13973102145158678
0.8183962264150944    0.15669667666999193
0.8193396226415095    0.16046682227408196
0.8202830188679245    0.1515127264644038
0.8212264150943396    0.14043792375235367
0.8221698113207547    0.1319550961431511
0.8231132075471699    0.13171946204289547
0.8240566037735849    0.1378459486495742
0.825    0.13973102145158678
0.8259433962264151    0.1354896076469855
0.8268867924528303    0.1380815827497974
0.8278301886792453    0.14515060575750036
0.8287735849056603    0.14185172835388743
0.8297169811320755    0.14090919195286492
0.8306603773584906    0.1496276536623231
0.8316037735849057    0.15269089696568222
0.8325471698113207    0.1413804601533762
0.8334905660377359    0.16847838168277326
0.834433962264151    0.15669667666999193
0.835377358490566    0.17460486828946067
0.8363207547169811    0.1807313548960659
0.8372641509433962    0.19722574191395975
0.8382075471698114    0.1906279871068022
0.8391509433962264    0.19675447371349483
0.8400943396226415    0.21183505612980863
0.8410377358490566    0.23916861175946136
0.8419811320754718    0.24176058686227325
0.8429245283018868    0.24341002556411992
0.8438679245283018    0.2558986328776109
0.844811320754717    0.2719217516949935
0.8457547169811321    0.25236412137377645
0.8466981132075472    0.2547204623763927
0.8476415094339622    0.26061131488272343
0.8485849056603774    0.24223185506278452
0.8495283018867925    0.258961876180934
0.8504716981132076    0.2533066577748586
0.8514150943396226    0.2490652439701977
0.8523584905660377    0.26768033789039225
0.8533018867924529    0.2851172613093086
0.8542452830188679    0.2763987995999155
0.855188679245283    0.2945426253195337
0.8561320754716981    0.2907724797154437
0.8570754716981133    0.2964276981215787
0.8580188679245283    0.31857730354568264
0.8589622641509433    0.31692786484381824
0.8599056603773585    0.3209336445481639
0.8608490566037736    0.3218761809491864
0.8617924528301887    0.34284761587201795
0.8627358490566037    0.33177281315992274
0.8636792452830189    0.33012337445813333
0.864622641509434    0.3254106924530208
0.8655660377358491    0.3164565966433815
0.8665094339622641    0.33012337445813333
0.8674528301886792    0.3470890296765385
0.8683962264150944    0.3364854951650353
0.8693396226415094    0.36758919639886456
0.8702830188679245    0.36994553740133435
0.8712264150943396    0.38054907191283754
0.8721698113207548    0.36264088029340985
0.8731132075471698    0.363583416694518
0.8740566037735849    0.3456752250750047
0.875    0.3607558074913648
0.8759433962264151    0.3532155162831848
0.8768867924528302    0.3501522729799441
0.8778301886792452    0.3501522729798616
0.8787735849056604    0.3477959319773054
0.8797169811320755    0.35769256418804174
0.8806603773584906    0.33837056796716
0.8816037735849056    0.35203734578190665
0.8825471698113208    0.3932733133266414
0.8834905660377359    0.391623874624852
0.8844339622641509    0.36617539179733044
0.885377358490566    0.39539402022894204
0.8863207547169811    0.3946871179281752
0.8872641509433963    0.387853729020762
0.8882075471698113    0.36570412359681914
0.8891509433962264    0.37253751250414624
0.8900943396226415    0.4024630432366108
0.8910377358490567    0.39421584972766394
0.8919811320754717    0.4064688229410522
0.8929245283018867    0.40364121373788897
0.8938679245283019    0.4052906524396784
0.894811320754717    0.4083538957430015
0.8957547169811321    0.4342736467712227
0.8966981132075471    0.40646882294095654
0.8976415094339623    0.4029343114371221
0.8985849056603774    0.41188840724683595
0.8995283018867924    0.42908969656559764
0.9004716981132075    0.43238857396907543
0.9014150943396226    0.4380437923752105
0.9023584905660378    0.4406357674780224
0.9033018867924528    0.4663198844059955
0.9042452830188679    0.45713015449591626
0.905188679245283    0.46749805490716384
0.9061320754716982    0.46443481160384076
0.9070754716981132    0.4566588862955125
0.9080188679245282    0.45972212959872816
0.9089622641509434    0.46231410470154005
0.9099056603773585    0.49671668333886165
0.9108490566037736    0.5021362676448592
0.9117924528301886    0.528762920973627
0.9127358490566038    0.5367744803823182
0.9136792452830189    0.5353606757807845
0.914622641509434    0.5525619650995752
0.915566037735849    0.5360675780815513
0.9165094339622641    0.5238146048682587
0.9174528301886793    0.5099121929531767
0.9183962264150943    0.5259353117706832
0.9193396226415094    0.5478492830943327
0.9202830188679245    0.5553895743025127
0.9212264150943397    0.5518550627986782
0.9221698113207547    0.573533400022331
0.9231132075471697    0.6249016338779226
0.9240566037735849    0.6611892853172893
0.925    0.6779193064354387
0.9259433962264151    0.664016894520513
0.9268867924528301    0.6885228409469419
0.9278301886792453    0.68970101144822
0.9287735849056604    0.6958274980548664
0.9297169811320755    0.6659019673225585
0.9306603773584905    0.7186840057796622
0.9316037735849056    0.7766499944425465
0.9325471698113208    0.8011559408691317
0.933490566037736    0.8303745693008294
0.934433962264151    0.8522885406248033
0.935377358490566    0.8977659219739388
0.9363207547169812    0.9232144048015464
0.9372641509433963    0.9415938646214852
0.9382075471698114    0.9682205179505992
0.9391509433962264    1.0108702900966398
0.9400943396226416    1.0664799377569676
0.9410377358490567    1.1114860509057922
0.9419811320754717    1.1645037234635824
0.9429245283018868    1.169923307769188
0.9438679245283019    1.205975325108299
0.9448113207547171    1.2806713348893324
0.9457547169811321    1.3581949538737534
0.9466981132075472    1.3775169500943951
0.9476415094339623    1.4364254751583019
0.9485849056603775    1.4557474713792633
0.9495283018867925    1.557541402690061
0.9504716981132075    1.574035789707588
0.9514150943396227    1.6850194509279883
0.9523584905660378    1.7411003667888276
0.9533018867924529    1.8341758363902319
0.9542452830188679    1.8410092252972134
0.9551886792452831    1.9206535511836154
0.9561320754716982    2.0196198732909787
0.9570754716981132    2.156994553740517
0.9580188679245283    2.3070934756028434
0.9589622641509434    2.455071690563377
0.9599056603773586    2.6141247082359254
0.9608490566037736    2.653946871179751
0.9617924528301887    2.7576258752916023
0.9627358490566038    2.9199777703677294
0.963679245283019    3.090576858952803
0.964622641509434    3.2767277981555196
0.965566037735849    3.489269756585324
0.9665094339622642    3.629472046237422
0.9674528301886793    3.9188307213513323
0.9683962264150944    4.193344448150124
0.9693396226415094    4.458432810936717
0.9702830188679246    4.711268200511006
0.9712264150943397    4.971172613092961
0.9721698113207548    5.403089918862798
0.9731132075471698    5.683965766366233
0.9740566037735849    6.077239079692875
0.9750000000000001    6.576076469934038
0.9759433962264151    7.092586417696041
0.9768867924528302    7.66494164721529
0.9778301886792453    8.308694009113662
0.9787735849056605    8.953153273312802
0.9797169811320755    9.519382016229315
0.9806603773584905    9.992299655440116
0.9816037735849057    10.643356674446414
0.9825471698113208    11.422363009891518
0.9834905660377359    12.387991552741992
0.9844339622641509    13.649105257307191
0.9853773584905661    14.913046571078374
0.9863207547169812    16.303759030787084
0.9872641509433963    17.680804712685127
0.9882075471698113    19.570118928530587
0.9891509433962264    21.503496721128002
0.9900943396226416    22.791001444924753
0.9910377358490566    23.34851172613506
0.9919811320754717    22.595189507612325
0.9929245283018868    20.72519728798367
0.993867924528302    15.929572079581149
0.994811320754717    10.84034678226267
0.995754716981132    11.785710792485693
0.9966981132075472    15.739650994775113
0.9976415094339623    20.508885183949005
0.9985849056603774    19.692648660668148
0.9995283018867924    0.7874891630543053