-0.9995283018867924    0.0
-0.9985849056603773    0.0
-0.9976415094339622    0.0
-0.9966981132075472    0.0
-0.995754716981132    0.0
-0.9948113207547169    0.0
-0.9938679245283019    0.0
-0.9929245283018868    0.0
-0.9919811320754717    0.0
-0.9910377358490565    0.0
-0.9900943396226415    0.0
-0.9891509433962264    0.0
-0.9882075471698113    0.0
-0.9872641509433961    0.0
-0.9863207547169811    0.0
-0.9853773584905661    0.0
-0.9844339622641509    0.0
-0.9834905660377358    0.0
-0.9825471698113207    0.0
-0.9816037735849057    0.0
-0.9806603773584905    0.0
-0.9797169811320754    0.0
-0.9787735849056604    0.0
-0.9778301886792453    0.0
-0.9768867924528302    0.0
-0.975943396226415    0.0
-0.975    0.0
-0.9740566037735849    0.0
-0.9731132075471698    0.0
-0.9721698113207546    0.0
-0.9712264150943396    0.0
-0.9702830188679246    0.0
-0.9693396226415094    0.0
-0.9683962264150943    0.0
-0.9674528301886792    0.0
-0.9665094339622642    0.0
-0.965566037735849    0.0
-0.9646226415094339    0.0
-0.9636792452830188    0.0
-0.9627358490566038    0.0
-0.9617924528301887    0.0
-0.9608490566037735    0.0
-0.9599056603773585    0.0
-0.9589622641509434    0.0
-0.9580188679245283    0.0
-0.9570754716981131    0.0
-0.9561320754716981    0.0
-0.9551886792452831    0.0
-0.9542452830188679    0.0
-0.9533018867924528    0.0
-0.9523584905660377    0.0
-0.9514150943396227    0.0
-0.9504716981132075    0.0
-0.9495283018867924    0.0
-0.9485849056603773    0.0
-0.9476415094339623    0.0
-0.9466981132075472    0.0
-0.945754716981132    0.0
-0.944811320754717    0.0
-0.9438679245283019    0.0
-0.9429245283018868    0.0
-0.9419811320754716    0.0
-0.9410377358490566    0.0
-0.9400943396226416    0.0
-0.9391509433962264    0.0
-0.9382075471698113    0.0
-0.9372641509433962    0.0
-0.9363207547169812    0.0
-0.935377358490566    0.0
-0.9344339622641509    0.0
-0.9334905660377358    0.0
-0.9325471698113208    0.0
-0.9316037735849056    0.0
-0.9306603773584905    0.0
-0.9297169811320755    0.0
-0.9287735849056604    0.0
-0.9278301886792453    0.0
-0.9268867924528301    0.0
-0.9259433962264151    0.0
-0.925    0.0
-0.9240566037735849    0.0
-0.9231132075471697    0.0
-0.9221698113207547    0.0
-0.9212264150943397    0.0
-0.9202830188679245    0.0
-0.9193396226415094    0.0
-0.9183962264150943    0.0
-0.9174528301886793    0.0
-0.9165094339622641    0.0
-0.915566037735849    0.0
-0.914622641509434    0.0
-0.9136792452830189    0.0
-0.9127358490566038    0.0
-0.9117924528301886    0.0
-0.9108490566037736    0.0
-0.9099056603773585    0.0
-0.9089622641509434    0.0
-0.9080188679245282    0.0
-0.9070754716981132    0.0
-0.9061320754716982    0.0
-0.905188679245283    0.0
-0.9042452830188679    0.0
-0.9033018867924528    0.0
-0.9023584905660378    0.0
-0.9014150943396226    0.0
-0.9004716981132075    0.0
-0.8995283018867924    0.0
-0.8985849056603774    0.0
-0.8976415094339623    0.0
-0.8966981132075471    0.0
-0.8957547169811321    0.0
-0.894811320754717    0.0
-0.8938679245283019    0.0
-0.8929245283018867    0.0
-0.8919811320754717    0.0
-0.8910377358490567    0.0
-0.8900943396226415    0.0
-0.8891509433962264    0.0
-0.8882075471698113    0.0
-0.8872641509433963    0.0
-0.8863207547169811    0.0
-0.885377358490566    0.0
-0.8844339622641509    0.0
-0.8834905660377359    0.0
-0.8825471698113208    0.0
-0.8816037735849056    0.0
-0.8806603773584906    0.0
-0.8797169811320755    0.0
-0.8787735849056604    0.0
-0.8778301886792452    0.0
-0.8768867924528302    0.0
-0.8759433962264151    0.0
-0.875    0.0
-0.8740566037735849    0.0
-0.8731132075471698    0.0
-0.8721698113207548    0.0
-0.8712264150943396    0.0
-0.8702830188679245    0.0
-0.8693396226415094    0.0
-0.8683962264150944    0.0
-0.8674528301886792    0.0
-0.8665094339622641    0.0
-0.8655660377358491    0.0
-0.864622641509434    0.0
-0.8636792452830189    0.0
-0.8627358490566037    0.0
-0.8617924528301887    0.0
-0.8608490566037736    0.0
-0.8599056603773585    0.0
-0.8589622641509433    0.0
-0.8580188679245283    0.0
-0.8570754716981133    0.0
-0.8561320754716981    0.0
-0.855188679245283    0.0
-0.8542452830188679    0.0
-0.8533018867924529    0.0
-0.8523584905660377    0.0
-0.8514150943396226    0.0
-0.8504716981132076    0.0
-0.8495283018867925    0.0
-0.8485849056603774    0.0
-0.8476415094339622    0.0
-0.8466981132075472    0.0
-0.8457547169811321    0.0
-0.844811320754717    0.0
-0.8438679245283018    0.0
-0.8429245283018868    0.0
-0.8419811320754718    0.0
-0.8410377358490566    0.0
-0.8400943396226415    0.0
-0.8391509433962264    0.0
-0.8382075471698114    0.0
-0.8372641509433962    0.0
-0.8363207547169811    0.0
-0.835377358490566    0.0
-0.834433962264151    0.0
-0.8334905660377359    0.0
-0.8325471698113207    0.0
-0.8316037735849057    0.0
-0.8306603773584906    0.0
-0.8297169811320755    0.0
-0.8287735849056603    0.0
-0.8278301886792453    0.0
-0.8268867924528303    0.0
-0.8259433962264151    0.0
-0.825    0.0
-0.8240566037735849    0.0
-0.8231132075471699    0.0
-0.8221698113207547    0.0
-0.8212264150943396    0.0
-0.8202830188679245    0.0
-0.8193396226415095    0.0
-0.8183962264150944    0.0
-0.8174528301886792    0.0
-0.816509433962264    0.0
-0.8155660377358491    0.0
-0.814622641509434    0.0
-0.8136792452830188    0.0
-0.8127358490566037    0.0
-0.8117924528301887    0.0
-0.8108490566037736    0.0
-0.8099056603773584    0.0
-0.8089622641509433    0.0
-0.8080188679245284    0.0
-0.8070754716981132    0.0
-0.8061320754716981    0.0
-0.8051886792452829    0.0
-0.804245283018868    0.0
-0.8033018867924528    0.0
-0.8023584905660377    0.0
-0.8014150943396225    0.0
-0.8004716981132076    0.0
-0.7995283018867925    0.0
-0.7985849056603773    0.0
-0.7976415094339622    0.0
-0.7966981132075472    0.0
-0.7957547169811321    0.0
-0.7948113207547169    0.0
-0.7938679245283018    0.0
-0.7929245283018869    0.0
-0.7919811320754717    0.0
-0.7910377358490566    0.0
-0.7900943396226414    0.0
-0.7891509433962265    0.0
-0.7882075471698113    0.0
-0.7872641509433962    0.0
-0.786320754716981    0.0
-0.7853773584905661    0.0
-0.784433962264151    0.0
-0.7834905660377358    0.0
-0.7825471698113207    0.0
-0.7816037735849057    0.0
-0.7806603773584906    0.0
-0.7797169811320754    0.0
-0.7787735849056603    0.0
-0.7778301886792454    0.0
-0.7768867924528302    0.0
-0.7759433962264151    0.0
-0.7749999999999999    0.0
-0.774056603773585    0.0
-0.7731132075471698    0.0
-0.7721698113207547    0.0
-0.7712264150943395    0.0
-0.7702830188679246    0.0
-0.7693396226415095    0.0
-0.7683962264150943    0.0
-0.7674528301886792    0.0
-0.7665094339622642    0.0
-0.7655660377358491    0.0
-0.7646226415094339    0.0
-0.7636792452830188    0.0
-0.7627358490566039    0.0
-0.7617924528301887    0.0
-0.7608490566037736    0.0
-0.7599056603773584    0.0
-0.7589622641509435    0.0
-0.7580188679245283    0.0
-0.7570754716981132    0.0
-0.756132075471698    0.0
-0.7551886792452831    0.0
-0.754245283018868    0.0
-0.7533018867924528    0.0
-0.7523584905660377    0.0
-0.7514150943396227    0.0
-0.7504716981132076    0.0
-0.7495283018867924    0.0
-0.7485849056603773    0.0
-0.7476415094339623    0.0
-0.7466981132075472    0.0
-0.745754716981132    0.0
-0.7448113207547169    0.0
-0.743867924528302    0.0
-0.7429245283018868    0.0
-0.7419811320754717    0.0
-0.7410377358490565    0.0
-0.7400943396226416    0.0
-0.7391509433962264    0.0
-0.7382075471698113    0.0
-0.7372641509433961    0.0
-0.7363207547169812    0.0
-0.7353773584905661    0.0
-0.7344339622641509    0.0
-0.7334905660377358    0.0
-0.7325471698113208    0.0
-0.7316037735849057    0.0
-0.7306603773584905    0.0
-0.7297169811320754    0.0
-0.7287735849056605    0.0
-0.7278301886792453    0.0
-0.7268867924528302    0.0
-0.725943396226415    0.0
-0.7250000000000001    0.0
-0.7240566037735849    0.0
-0.7231132075471698    0.0
-0.7221698113207546    0.0
-0.7212264150943397    0.0
-0.7202830188679246    0.0
-0.7193396226415094    0.0
-0.7183962264150943    0.0
-0.7174528301886793    0.0
-0.7165094339622642    0.0
-0.715566037735849    0.0
-0.7146226415094339    0.0
-0.713679245283019    0.0
-0.7127358490566038    0.0
-0.7117924528301887    0.0
-0.7108490566037735    0.0
-0.7099056603773586    0.0
-0.7089622641509434    0.0
-0.7080188679245283    0.0
-0.7070754716981131    0.0
-0.7061320754716982    0.0
-0.7051886792452831    0.0
-0.7042452830188679    0.0
-0.7033018867924528    0.0
-0.7023584905660378    0.0
-0.7014150943396227    0.0
-0.7004716981132075    0.0
-0.6995283018867924    0.0
-0.6985849056603775    0.0
-0.6976415094339623    0.0
-0.6966981132075472    0.0
-0.695754716981132    0.0
-0.6948113207547171    0.0
-0.6938679245283019    0.0
-0.6929245283018868    0.0
-0.6919811320754716    0.0
-0.6910377358490567    0.0
-0.6900943396226416    0.0
-0.6891509433962264    0.0
-0.6882075471698113    0.0
-0.6872641509433963    0.0
-0.6863207547169812    0.0
-0.685377358490566    0.0
-0.6844339622641509    0.0
-0.683490566037736    0.0
-0.6825471698113208    0.0
-0.6816037735849056    0.0
-0.6806603773584905    0.0
-0.6797169811320756    0.0
-0.6787735849056604    0.0
-0.6778301886792453    0.0
-0.6768867924528301    0.0
-0.6759433962264152    0.0
-0.675    0.0
-0.6740566037735849    0.0
-0.6731132075471697    0.0
-0.6721698113207548    0.0
-0.6712264150943397    0.0
-0.6702830188679245    0.0
-0.6693396226415094    0.0
-0.6683962264150944    0.0
-0.6674528301886793    0.0
-0.6665094339622641    0.0
-0.665566037735849    0.0
-0.6646226415094341    0.0
-0.6636792452830189    0.0
-0.6627358490566038    0.0
-0.6617924528301886    0.0
-0.6608490566037737    0.0
-0.6599056603773585    0.0
-0.6589622641509434    0.0
-0.6580188679245282    0.0
-0.6570754716981133    0.0
-0.6561320754716982    0.0
-0.655188679245283    0.0
-0.6542452830188679    0.0
-0.6533018867924529    0.0
-0.6523584905660378    0.0
-0.6514150943396226    0.0
-0.6504716981132075    0.0
-0.6495283018867926    0.0
-0.6485849056603774    0.0
-0.6476415094339623    0.0
-0.6466981132075471    0.0
-0.6457547169811322    0.0
-0.644811320754717    0.0
-0.6438679245283019    0.0
-0.6429245283018867    0.0
-0.6419811320754718    0.0
-0.6410377358490567    0.0
-0.6400943396226415    0.0
-0.6391509433962264    0.0
-0.6382075471698113    0.0
-0.6372641509433963    0.0
-0.6363207547169811    0.0
-0.635377358490566    0.0
-0.6344339622641508    0.0
-0.6334905660377359    0.0
-0.6325471698113208    0.0
-0.6316037735849056    0.0
-0.6306603773584905    0.0
-0.6297169811320755    0.0
-0.6287735849056604    0.0
-0.6278301886792452    0.0
-0.6268867924528301    0.0
-0.6259433962264151    0.0
-0.625    0.0
-0.6240566037735849    0.0
-0.6231132075471697    0.0
-0.6221698113207548    0.0
-0.6212264150943396    0.0
-0.6202830188679245    0.0
-0.6193396226415093    0.0
-0.6183962264150944    0.0
-0.6174528301886792    0.0
-0.6165094339622641    0.0
-0.615566037735849    0.0
-0.614622641509434    0.0
-0.6136792452830189    0.0
-0.6127358490566037    0.0
-0.6117924528301886    0.0
-0.6108490566037736    0.0
-0.6099056603773585    0.0
-0.6089622641509433    0.0
-0.6080188679245282    0.0
-0.6070754716981133    0.0
-0.6061320754716981    0.0
-0.605188679245283    0.0
-0.6042452830188678    0.0
-0.6033018867924529    0.0
-0.6023584905660377    0.0
-0.6014150943396226    0.0
-0.6004716981132074    0.0
-0.5995283018867925    0.0
-0.5985849056603774    0.0
-0.5976415094339622    0.0
-0.5966981132075471    0.0
-0.5957547169811321    0.0
-0.594811320754717    0.0
-0.5938679245283018    0.0
-0.5929245283018867    0.0
-0.5919811320754718    0.0
-0.5910377358490566    0.0
-0.5900943396226415    0.0
-0.5891509433962263    0.0
-0.5882075471698114    0.0
-0.5872641509433962    0.0
-0.5863207547169811    0.0
-0.5853773584905659    0.0
-0.584433962264151    0.0
-0.5834905660377359    0.0
-0.5825471698113207    0.0
-0.5816037735849056    0.0
-0.5806603773584906    0.0
-0.5797169811320755    0.0
-0.5787735849056603    0.0
-0.5778301886792452    0.0
-0.5768867924528303    0.0
-0.5759433962264151    0.0
-0.575    0.0
-0.5740566037735848    0.0
-0.5731132075471699    0.0
-0.5721698113207547    0.0
-0.5712264150943396    0.0
-0.5702830188679244    0.0
-0.5693396226415095    0.0
-0.5683962264150944    0.0
-0.5674528301886792    0.0
-0.566509433962264    0.0
-0.5655660377358491    0.0
-0.564622641509434    0.0
-0.5636792452830188    0.0
-0.5627358490566037    0.0
-0.5617924528301887    0.0
-0.5608490566037736    0.0
-0.5599056603773584    0.0
-0.5589622641509433    0.0
-0.5580188679245284    0.0
-0.5570754716981132    0.0
-0.5561320754716981    0.0
-0.5551886792452829    0.0
-0.554245283018868    0.0
-0.5533018867924528    0.0
-0.5523584905660377    0.0
-0.5514150943396225    0.0
-0.5504716981132076    0.0
-0.5495283018867925    0.0
-0.5485849056603773    0.0
-0.5476415094339622    0.0
-0.5466981132075472    0.0
-0.5457547169811321    0.0
-0.5448113207547169    0.0
-0.5438679245283018    0.0
-0.5429245283018869    0.0
-0.5419811320754717    0.0
-0.5410377358490566    0.0
-0.5400943396226414    0.0
-0.5391509433962265    0.0
-0.5382075471698113    0.0
-0.5372641509433962    0.0
-0.536320754716981    0.0
-0.5353773584905661    0.0
-0.534433962264151    0.0
-0.5334905660377358    0.0
-0.5325471698113207    0.0
-0.5316037735849057    0.0
-0.5306603773584906    0.0
-0.5297169811320754    0.0
-0.5287735849056603    0.0
-0.5278301886792454    0.0
-0.5268867924528302    0.0
-0.5259433962264151    0.0
-0.5249999999999999    0.0
-0.524056603773585    0.0
-0.5231132075471698    0.0
-0.5221698113207547    0.0
-0.5212264150943395    0.0
-0.5202830188679246    0.0
-0.5193396226415095    0.0
-0.5183962264150943    0.0
-0.5174528301886792    0.0
-0.5165094339622642    0.0
-0.5155660377358491    0.0
-0.5146226415094339    0.0
-0.5136792452830188    0.0
-0.5127358490566039    0.0
-0.5117924528301887    0.0
-0.5108490566037736    0.0
-0.5099056603773584    0.0
-0.5089622641509435    0.0
-0.5080188679245283    0.0
-0.5070754716981132    0.0
-0.506132075471698    0.0
-0.5051886792452831    0.0
-0.504245283018868    0.0
-0.5033018867924528    0.0
-0.5023584905660377    0.0
-0.5014150943396227    0.0
-0.5004716981132076    0.0
-0.4995283018867924    0.0
-0.49858490566037733    0.0
-0.49764150943396224    0.0
-0.49669811320754714    0.0
-0.49575471698113205    0.0
-0.49481132075471695    0.0
-0.49386792452830186    0.0
-0.49292452830188677    0.0
-0.49198113207547167    0.0
-0.4910377358490566    0.0
-0.4900943396226415    0.0
-0.4891509433962264    0.0
-0.4882075471698113    0.0
-0.4872641509433962    0.0
-0.4863207547169811    0.0
-0.485377358490566    0.0
-0.4844339622641509    0.0
-0.4834905660377358    0.0
-0.48254716981132073    0.00023563410025562696
-0.48160377358490564    0.0
-0.48066037735849054    0.0
-0.47971698113207545    0.0
-0.47877358490566035    0.0
-0.47783018867924526    0.0
-0.47688679245283017    0.0
-0.47594339622641507    0.0
-0.475    0.0
-0.4740566037735849    0.0
-0.4731132075471698    0.0
-0.4721698113207547    0.0
-0.4712264150943396    0.00023563410025562696
-0.4702830188679245    0.0
-0.4693396226415094    0.0
-0.4683962264150943    0.0
-0.4674528301886792    0.00023563410025562696
-0.46650943396226413    0.0
-0.46556603773584904    0.0
-0.46462264150943394    0.00023563410025565466
-0.46367924528301885    0.0
-0.46273584905660375    0.0
-0.46179245283018866    0.0
-0.46084905660377357    0.00023563410025565466
-0.45990566037735847    0.0
-0.4589622641509434    0.0
-0.4580188679245283    0.0
-0.4570754716981132    0.0
-0.4561320754716981    0.0
-0.455188679245283    0.0
-0.4542452830188679    0.0
-0.4533018867924528    0.0
-0.4523584905660377    0.0
-0.4514150943396226    0.0
-0.45047169811320753    0.00023563410025562696
-0.44952830188679244    0.0
-0.44858490566037734    0.0
-0.44764150943396225    0.0
-0.44669811320754715    0.0
-0.44575471698113206    0.0
-0.44481132075471697    0.0
-0.44386792452830187    0.00023563410025565466
-0.4429245283018868    0.00023563410025562696
-0.4419811320754717    0.0
-0.4410377358490566    0.0
-0.4400943396226415    0.0
-0.4391509433962264    0.0
-0.4382075471698113    0.0
-0.4372641509433962    0.0
-0.4363207547169811    0.0
-0.435377358490566    0.0
-0.43443396226415093    0.0
-0.43349056603773584    0.0
-0.43254716981132074    0.0
-0.43160377358490565    0.0
-0.43066037735849055    0.00023563410025565466
-0.42971698113207546    0.0
-0.42877358490566037    0.0
-0.42783018867924527    0.0
-0.4268867924528302    0.0
-0.4259433962264151    0.0
-0.425    0.0
-0.4240566037735849    0.0
-0.4231132075471698    0.0
-0.4221698113207547    0.0
-0.4212264150943396    0.0
-0.4202830188679245    0.00023563410025562696
-0.4193396226415094    0.00023563410025565466
-0.41839622641509433    0.0
-0.41745283018867924    0.0
-0.41650943396226414    0.0
-0.41556603773584905    0.0
-0.41462264150943395    0.00023563410025562696
-0.41367924528301886    0.0
-0.41273584905660377    0.0
-0.41179245283018867    0.0
-0.4108490566037736    0.0
-0.4099056603773585    0.0
-0.4089622641509434    0.0
-0.4080188679245283    0.0004712682005113093
-0.4070754716981132    0.0004712682005112539
-0.4061320754716981    0.00023563410025565466
-0.405188679245283    0.0
-0.4042452830188679    0.0
-0.4033018867924528    0.0004712682005112539
-0.40235849056603773    0.0
-0.40141509433962264    0.0
-0.40047169811320754    0.0
-0.39952830188679245    0.00023563410025562696
-0.39858490566037735    0.0007069023007669641
-0.39764150943396226    0.00023563410025562696
-0.39669811320754716    0.0009425364010226187
-0.39575471698113207    0.0007069023007668808
-0.394811320754717    0.0
-0.3938679245283019    0.0
-0.3929245283018868    0.0004712682005113093
-0.3919811320754717    0.0004712682005112539
-0.3910377358490566    0.00023563410025565466
-0.3900943396226415    0.0007069023007668808
-0.3891509433962264    0.00023563410025565466
-0.3882075471698113    0.00023563410025562696
-0.3872641509433962    0.00023563410025565466
-0.38632075471698113    0.00023563410025562696
-0.38537735849056604    0.0009425364010226187
-0.38443396226415094    0.00023563410025562696
-0.38349056603773585    0.0004712682005113093
-0.38254716981132075    0.0004712682005112539
-0.38160377358490566    0.0004712682005113093
-0.38066037735849056    0.0
-0.37971698113207547    0.0011781705012782733
-0.3787735849056604    0.0
-0.3778301886792453    0.0007069023007669641
-0.3768867924528302    0.0004712682005112539
-0.3759433962264151    0.0004712682005113093
-0.375    0.0004712682005112539
-0.3740566037735849    0.0004712682005113093
-0.3731132075471698    0.0014138046015337617
-0.3721698113207547    0.0009425364010226187
-0.3712264150943396    0.0007069023007668808
-0.37028301886792453    0.00023563410025565466
-0.36933962264150944    0.0007069023007668808
-0.36839622641509434    0.0004712682005113093
-0.36745283018867925    0.00023563410025562696
-0.36650943396226415    0.0018850728020452373
-0.36556603773584906    0.0004712682005112539
-0.36462264150943396    0.0007069023007669641
-0.36367924528301887    0.00023563410025562696
-0.3627358490566038    0.0007069023007669641
-0.3617924528301887    0.0014138046015337617
-0.3608490566037736    0.0004712682005113093
-0.3599056603773585    0.0009425364010225078
-0.3589622641509434    0.0004712682005113093
-0.3580188679245283    0.0
-0.3570754716981132    0.0016494387017895829
-0.3561320754716981    0.0021207069023006426
-0.355188679245283    0.0016494387017895829
-0.35424528301886793    0.0021207069023006426
-0.35330188679245284    0.0009425364010226187
-0.35235849056603774    0.0023563410025562695
-0.35141509433962265    0.0011781705012782733
-0.35047169811320755    0.0014138046015337617
-0.34952830188679246    0.0014138046015339282
-0.34858490566037736    0.0014138046015337617
-0.34764150943396227    0.0016494387017895829
-0.3466981132075472    0.0016494387017893888
-0.3457547169811321    0.0023563410025565466
-0.344811320754717    0.0023563410025562695
-0.3438679245283019    0.0018850728020452373
-0.3429245283018868    0.0025919751028118964
-0.3419811320754717    0.0011781705012782733
-0.3410377358490566    0.0011781705012781348
-0.3400943396226415    0.0030632433033235106
-0.3391509433962264    0.0014138046015337617
-0.33820754716981133    0.0023563410025565466
-0.33726415094339623    0.004477047904856912
-0.33632075471698114    0.0023563410025565466
-0.33537735849056605    0.0025919751028118964
-0.33443396226415095    0.0032988774035791657
-0.33349056603773586    0.0023563410025562695
-0.33254716981132076    0.0023563410025565466
-0.33160377358490567    0.0023563410025562695
-0.3306603773584906    0.0028276092030678564
-0.3297169811320755    0.0023563410025562695
-0.3287735849056604    0.0028276092030678564
-0.3278301886792453    0.0035345115038344045
-0.3268867924528302    0.0023563410025565466
-0.3259433962264151    0.0030632433033231507
-0.325    0.0032988774035791657
-0.3240566037735849    0.0037701456040900314
-0.3231132075471698    0.004712682005113093
-0.32216981132075473    0.004477047904856912
-0.32122641509433963    0.0028276092030678564
-0.32028301886792454    0.004005779704345658
-0.31933962264150945    0.0035345115038348204
-0.31839622641509435    0.004477047904856912
-0.31745283018867926    0.005655218406135713
-0.31650943396226416    0.004477047904856912
-0.31556603773584907    0.0035345115038348204
-0.314622641509434    0.006833388907413182
-0.3136792452830189    0.00400577970434613
-0.3127358490566038    0.006126486606646301
-0.3117924528301887    0.0051839502056244035
-0.3108490566037736    0.006362120706901928
-0.3099056603773585    0.007069023007669641
-0.3089622641509434    0.004477047904856912
-0.3080188679245283    0.005890852506391367
-0.3070754716981132    0.007304657107924435
-0.30613207547169813    0.005655218406135713
-0.30518867924528303    0.005183950205623793
-0.30424528301886794    0.00801155940869226
-0.30330188679245285    0.004712682005112539
-0.30235849056603775    0.0065977548071583314
-0.30141509433962266    0.007304657107924435
-0.30047169811320756    0.006362120706902677
-0.29952830188679247    0.009189729909969451
-0.2985849056603774    0.0065977548071583314
-0.2976415094339623    0.007069023007668809
-0.2966981132075472    0.009189729909970534
-0.2957547169811321    0.008718461709458197
-0.294811320754717    0.010132266310993152
-0.2938679245283019    0.010603534511503214
-0.2929245283018868    0.009189729909970534
-0.2919811320754717    0.01083916861175884
-0.2910377358490566    0.01107480271201577
-0.29009433962264153    0.010367900411247586
-0.28915094339622643    0.01201733911303839
-0.28820754716981134    0.012252973213292603
-0.28726415094339625    0.01460931421585059
-0.28632075471698115    0.014373680115593245
-0.28537735849056606    0.013195509614316663
-0.28443396226415096    0.012017339113036974
-0.28349056603773587    0.014373680115594936
-0.2825471698113208    0.014138046015337618
-0.2816037735849057    0.014844948316106246
-0.2806603773584906    0.015787484717127008
-0.2797169811320755    0.016258752917640173
-0.2787735849056604    0.016730021118149516
-0.2778301886792453    0.020500166722241957
-0.2768867924528302    0.01861509392019453
-0.27594339622641506    0.020264532621983918
-0.27499999999999997    0.01955763032121934
-0.2740566037735849    0.020028898521728292
-0.2731132075471698    0.01908636212070803
-0.2721698113207547    0.025919751028118963
-0.2712264150943396    0.020971434922753267
-0.2702830188679245    0.025448482827607713
-0.2693396226415094    0.01955763032121934
-0.2683962264150943    0.025684116927863338
-0.2674528301886792    0.024977214627099398
-0.2665094339622641    0.023092141825051444
-0.265566037735849    0.027097921529400288
-0.26462264150943393    0.027333555629652728
-0.26367924528301884    0.030632433033235113
-0.26273584905660374    0.029689896632208997
-0.26179245283018865    0.03487384683783689
-0.26084905660377355    0.03510948093808842
-0.25990566037735846    0.02921862843170118
-0.25896226415094337    0.03369567633655466
-0.2580188679245283    0.035109480938092553
-0.2570754716981132    0.0358163832388553
-0.2561320754716981    0.03958652884294998
-0.255188679245283    0.04029343114371221
-0.2542452830188679    0.036052017339115165
-0.2533018867924528    0.039822162943200956
-0.2523584905660377    0.03652328553962647
-0.2514150943396226    0.0419428698455016
-0.2504716981132075    0.04948316105368748
-0.24952830188679243    0.048069356452147896
-0.24858490566037733    0.04382794264755177
-0.24764150943396224    0.04641991775035851
-0.24669811320754714    0.052310770256755346
-0.24575471698113205    0.04948316105368166
-0.24481132075471695    0.05372457485828926
-0.24386792452830186    0.051132599755471055
-0.24292452830188677    0.05466711125931189
-0.24198113207547167    0.05183950205623793
-0.24103773584905658    0.05796598866289105
-0.24009433962264148    0.0629143047682524
-0.2391509433962264    0.06621318217183897
-0.2382075471698113    0.0603223296654405
-0.2372641509433962    0.07304657107925294
-0.2363207547169811    0.0706902300766881
-0.235377358490566    0.07540291208180949
-0.23443396226415092    0.08200066688895818
-0.23349056603773582    0.08388573969101307
-0.23254716981132073    0.08152939868844693
-0.23160377358490564    0.08105813048794522
-0.23066037735849054    0.0874202511948376
-0.22971698113207545    0.0909547626986827
-0.22877358490566035    0.08365010559074756
-0.22783018867924526    0.09071912859842705
-0.22688679245283017    0.09637434700455141
-0.22594339622641507    0.10061576080916455
-0.22499999999999998    0.09943759030787458
-0.22405660377358488    0.1076847838168342
-0.2231132075471698    0.11428253862397907
-0.2221698113207547    0.10980549071913508
-0.2212264150943396    0.11475380682449032
-0.2202830188679245    0.11687451372680473
-0.2193396226415094    0.1161676114260241
-0.21839622641509432    0.11640324552629341
-0.21745283018867922    0.13596087584749675
-0.21650943396226413    0.1451506057574833
-0.21556603773584904    0.14373680115593243
-0.21462264150943394    0.14420806935646066
-0.21367924528301885    0.14562187395797746
-0.21273584905660375    0.1491563854618294
-0.21179245283018866    0.1590530176725482
-0.21084905660377357    0.16494387017895826
-0.20990566037735847    0.16188062687561572
-0.20896226415094338    0.1559897743692434
-0.20801886792452828    0.17672557519172022
-0.2070754716981132    0.1797888184950645
-0.2061320754716981    0.18827164610424596
-0.205188679245283    0.19675447371347166
-0.2042452830188679    0.19604757141268164
-0.2033018867924528    0.2021740580193517
-0.20235849056603772    0.21796154273645493
-0.20141509433962262    0.22055351783929278
-0.20047169811320753    0.22503056574412372
-0.19952830188679244    0.2189040791375032
-0.19858490566037734    0.23869734355895011
-0.19764150943396225    0.25212848727355053
-0.19669811320754715    0.253306657774799
-0.19575471698113206    0.2582549738801975
-0.19481132075471697    0.25636990107812213
-0.19386792452830187    0.26508836278761155
-0.19292452830188678    0.27474936089806107
-0.19198113207547168    0.2827609203067856
-0.1910377358490566    0.2683872401911591
-0.1900943396226415    0.28865177281317694
-0.1891509433962264    0.30655996443257066
-0.1882075471698113    0.2999622096254484
-0.1872641509433962    0.31951983994663014
-0.18632075471698112    0.33200844726021744
-0.18537735849056602    0.3539224185839517
-0.18443396226415093    0.34072690896967667
-0.18349056603773584    0.3609914415916205
-0.18254716981132074    0.36735356229856564
-0.18160377358490565    0.38078470601309317
-0.18066037735849055    0.3831410470156945
-0.17971698113207546    0.39303767922638577
-0.17877358490566037    0.40976770034458354
-0.17783018867924527    0.4067044570412121
-0.17688679245283018    0.44016449927756296
-0.17594339622641508    0.435216183172143
-0.175    0.44087140157832994
-0.1740566037735849    0.46537734800486324
-0.1731132075471698    0.47456707791488856
-0.1721698113207547    0.47998666222071207
-0.1712264150943396    0.5084983883517028
-0.17028301886792452    0.5132110703567555
-0.16933962264150942    0.5247571412693429
-0.16839622641509433    0.5271134822718374
-0.16745283018867924    0.557510281204879
-0.16650943396226414    0.5565677448037909
-0.16556603773584905    0.5417227964877501
-0.16462264150943395    0.6003956874513375
-0.16367924528301886    0.5940335667445055
-0.16273584905660377    0.627257974880479
-0.16179245283018867    0.6380971434923128
-0.16084905660377358    0.6263154384794564
-0.15990566037735848    0.6649594309214575
-0.1589622641509434    0.6699077470267475
-0.1580188679245283    0.6979482049572492
-0.1570754716981132    0.7003045459597232
-0.1561320754716981    0.7200978103812807
-0.155188679245283    0.7420117817049693
-0.15424528301886792    0.7394198066022444
-0.15330188679245282    0.7714660442369227
-0.15235849056603773    0.778535067244683
-0.15141509433962264    0.811052573079868
-0.15047169811320754    0.845455151717289
-0.14952830188679245    0.857236856729971
-0.14858490566037735    0.8772657552518024
-0.14764150943396226    0.8492252973212795
-0.14669811320754716    0.9076625541847818
-0.14575471698113207    0.8923463376680593
-0.14481132075471698    0.923921307102422
-0.14386792452830188    0.9635078359452586
-0.1429245283018868    0.9743470045571321
-0.1419811320754717    1.0382038457262923
-0.1410377358490566    1.070721351561695
-0.1400943396226415    1.0367900411247586
-0.1391509433962264    1.080146715571921
-0.13820754716981132    1.0636523285539001
-0.13726415094339622    1.0940491274870048
-0.13632075471698113    1.1326931199287986
-0.13537735849056604    1.1670956985662577
-0.13443396226415094    1.1819406468822247
-0.13349056603773585    1.198906302100771
-0.13254716981132075    1.2276536623318164
-0.13160377358490566    1.2703034344782342
-0.13066037735849056    1.2945737468044145
-0.12971698113207547    1.289625430699198
-0.12877358490566038    1.3393442258529837
-0.12783018867924528    1.3786951205958355
-0.1268867924528302    1.4043792375235367
-0.1259433962264151    1.4168678448372516
-0.125    1.429356452150633
-0.1240566037735849    1.4639946648883826
-0.12311320754716981    1.4840235634099386
-0.12216981132075472    1.5448171612760722
-0.12122641509433962    1.586760031121392
-0.12028301886792453    1.5445815271758165
-0.11933962264150944    1.6013693453372408
-0.11839622641509434    1.6722952095143813
-0.11745283018867925    1.699864399244093
-0.11650943396226415    1.7425141713905663
-0.11556603773584906    1.735209514282437
-0.11462264150943396    1.714238079359888
-0.11367924528301887    1.7656063132154127
-0.11273584905660378    1.821215960875955
-0.11179245283018868    1.88106702234067
-0.11084905660377359    1.9131132599756604
-0.1099056603773585    1.915940869178503
-0.1089622641509434    1.9218317216851195
-0.1080188679245283    1.9696654440367856
-0.10707547169811321    1.9998266088697412
-0.10613207547169812    2.0330510170055494
-0.10518867924528302    2.0653328887408136
-0.10424528301886793    2.131781705012657
-0.10330188679245284    2.1772590863622496
-0.10235849056603774    2.181029231966083
-0.10141509433962265    2.200586862287559
-0.10047169811320755    2.2606735578524852
-0.09952830188679246    2.2917772590864973
-0.09858490566037736    2.302380793597731
-0.09764150943396227    2.3509214182506666
-0.09669811320754718    2.390979215293847
-0.09575471698113208    2.3813182171836464
-0.09481132075471699    2.4270312326329573
-0.0938679245283019    2.446353228854207
-0.0929245283018868    2.486882294097887
-0.0919811320754717    2.5655840835835684
-0.09103773584905661    2.605406246526467
-0.09009433962264152    2.626142047349272
-0.08915094339622642    2.676803378903922
-0.08820754716981133    2.7307635878627825
-0.08726415094339623    2.705315105034853
-0.08632075471698114    2.765873068800875
-0.08537735849056605    2.792735356229691
-0.08443396226415095    2.842689785484218
-0.08349056603773586    2.899713237745745
-0.08254716981132076    2.916443258864238
-0.08160377358490567    2.9746448816270346
-0.08066037735849058    3.0443925753030583
-0.07971698113207548    3.0073980215625666
-0.07877358490566039    3.0144670445705906
-0.0778301886792453    3.0813871290428336
-0.0768867924528302    3.1603245526288406
-0.0759433962264151    3.19849727686988
-0.07500000000000001    3.238555073913718
-0.07405660377358492    3.2211181504944206
-0.07311320754716982    3.2340780260088606
-0.07216981132075473    3.316785595198205
-0.07122641509433963    3.3549583194400117
-0.07028301886792454    3.4270623541178384
-0.06933962264150945    3.38700455707478
-0.06839622641509435    3.448740691341356
-0.06745283018867926    3.502700900300307
-0.06650943396226416    3.523907969322901
-0.06556603773584907    3.5432299655442794
-0.06462264150943398    3.5988396132041904
-0.06367924528301888    3.6810759141938374
-0.06273584905660379    3.7048749583192224
-0.06179245283018869    3.7003979104148015
-0.0608490566037736    3.70016227631411
-0.059905660377358505    3.8316461042572008
-0.05896226415094341    3.8255196176501034
-0.05801886792452832    3.8335311770592457
-0.05707547169811322    3.9216583305543993
-0.05613207547169813    3.924250305657673
-0.055188679245283034    3.9815093920193285
-0.05424528301886794    3.984101367122609
-0.053301886792452846    4.002716461042335
-0.05235849056603775    4.037354673780388
-0.05141509433962266    4.049372012892949
-0.050471698113207564    4.13749916638904
-0.04952830188679247    4.185097254640191
-0.048584905660377375    4.217614760475963
-0.04764150943396228    4.246833388907164
-0.04669811320754719    4.230339001889769
-0.04575471698113209    4.29396020895829
-0.044811320754717    4.333782371902001
-0.043867924528301905    4.303385572968515
-0.04292452830188681    4.313046571079504
-0.04198113207547172    4.40494387017869
-0.04103773584905662    4.358995220629356
-0.04009433962264153    4.468800711347965
-0.039150943396226434    4.422380793598127
-0.03820754716981134    4.473042125152566
-0.037264150943396246    4.554100255641038
-0.03632075471698115    4.525352895409316
-0.03537735849056606    4.591566077581687
-0.034433962264150964    4.619842169611822
-0.033490566037735814    4.624790485717191
-0.03254716981132072    4.666497721462986
-0.031603773584905626    4.678043792374962
-0.03066037735849053    4.7004290318998
-0.029716981132075437    4.727762587528899
-0.028773584905660343    4.703727909303378
-0.02783018867924525    4.778659553184115
-0.026886792452830155    4.699722129599032
-0.02594339622641506    4.764285873068522
-0.024999999999999967    4.8399244192511475
-0.024056603773584873    4.792561965099197
-0.02311320754716978    4.873855729687961
-0.022169811320754684    4.866315438479209
-0.02122641509433959    4.83921751695038
-0.020283018867924496    4.92168945203928
-0.019339622641509402    4.852884294765208
-0.018396226415094308    4.889878848504771
-0.017452830188679214    4.92216072024037
-0.01650943396226412    4.9120284539288
-0.015566037735849025    5.021127042347746
-0.014622641509433931    4.969994442591684
-0.013679245283018837    4.978948538401983
-0.012735849056603743    4.955856396576346
-0.011792452830188649    4.97046571079278
-0.010849056603773555    5.082863176614129
-0.00990566037735846    5.082863176614728
-0.008962264150943366    5.0258397243522674
-0.008018867924528272    5.050816938979958
-0.007075471698113178    5.027489163054057
-0.006132075471698084    5.041155940869476
-0.00518867924528299    5.050581304879108
-0.004245283018867896    5.062598643992741
-0.0033018867924528017    4.994264754918013
-0.0023584905660377076    5.011230410137008
-0.0014150943396226134    5.073673446704159
-0.0004716981132075193    5.025604090252603
0.0004716981132075748    5.080271201511317
0.0014150943396227245    5.101713904634579
0.002358490566037763    5.065897521396916
0.0033018867924528017    5.040213404467861
0.004245283018867951    5.018535067244343
0.005188679245283101    5.041391574969139
0.00613207547169814    5.0569434255872
0.007075471698113178    5.071788373902114
0.008018867924528328    5.030788040457636
0.008962264150943478    5.052702011781409
0.009905660377358516    4.998506168723791
0.010849056603773555    5.04351228187144
0.011792452830188704    5.008167166833095
0.012735849056603854    4.9436034233630535
0.013679245283018893    4.978241636101803
0.014622641509433931    4.936063132154874
0.015566037735849081    4.944074691563565
0.01650943396226423    4.960097810380947
0.01745283018867927    4.986488829610751
0.018396226415094308    4.858775147271028
0.019339622641509457    4.85382683116566
0.020283018867924607    4.873148827386621
0.021226415094339646    4.8288496165397
0.022169811320754684    4.840395687451089
0.023113207547169834    4.748262754251139
0.024056603773584984    4.813769034122203
0.025000000000000022    4.783607869290608
0.02594339622641506    4.752268533955485
0.02688679245283021    4.72446371012532
0.02783018867924536    4.785964210292039
0.0287735849056604    4.728233855730523
0.029716981132075437    4.654244748249144
0.030660377358490587    4.659428698454767
0.03160377358490574    4.608060464599041
0.032547169811320775    4.630210070024159
0.033490566037735814    4.59250861398217
0.034433962264150964    4.603112148493673
0.03537735849056611    4.612066244303387
0.03632075471698115    4.492599755474841
0.03726415094339619    4.510743581193467
0.03820754716981134    4.484588196065093
0.03915094339622649    4.428742914304509
0.04009433962264153    4.457254640436489
0.04103773584905657    4.389156385461563
0.04198113207547172    4.387506946759774
0.042924528301886866    4.342265199510694
0.043867924528301905    4.304328109370551
0.04481132075471694    4.313753473379763
0.04575471698113209    4.267097921529149
0.04669811320754724    4.1997065688560395
0.04764150943396228    4.248954095810466
0.04858490566037732    4.15493608980747
0.04952830188679247    4.092728687339984
0.05047169811320762    4.177085695231499
0.05141509433962266    4.032877625876004
0.052358490566037696    4.055734133599851
0.053301886792452846    4.007664777147703
0.054245283018867996    3.987164610425464
0.055188679245283034    3.927077914861203
0.05613207547169807    3.9242503056572113
0.05707547169811322    3.815858619539623
0.05801886792452837    3.808553962431698
0.05896226415094341    3.775329554296544
0.05990566037735845    3.772973213293099
0.0608490566037736    3.7069956652215232
0.06179245283018875    3.7161853951314927
0.06273584905660379    3.640311214850038
0.06367924528301883    3.6575125041678413
0.06462264150943398    3.608736245414927
0.06556603773584913    3.5488851839499977
0.06650943396226416    3.53592530843677
0.0674528301886792    3.51589640991421
0.06839622641509435    3.436252084027808
0.0693396226415095    3.4006713348892084
0.07028301886792454    3.3705101700572815
0.07122641509433958    3.3127798154938595
0.07216981132075473    3.285446259864207
0.07311320754716988    3.2757852617537258
0.07405660377358492    3.2618828498394117
0.07499999999999996    3.147600311214665
0.0759433962264151    3.0816227631430895
0.07688679245283025    3.049576525508324
0.0778301886792453    3.0095187284655758
0.07877358490566033    3.0561742803154814
0.07971698113207548    2.976294320328824
0.08066037735849063    2.9628631766142535
0.08160377358490567    2.9112593086589564
0.08254716981132071    2.8881671668332194
0.08349056603773586    2.816063132154998
0.08443396226415101    2.830908080471102
0.08537735849056605    2.7809536512175637
0.08632075471698109    2.712384128042522
0.08726415094339623    2.7529131932864894
0.08820754716981138    2.6426364343668562
0.08915094339622642    2.644521507169524
0.09009433962264146    2.5893831277090844
0.09103773584905661    2.5674691563853114
0.09198113207547176    2.557572524174575
0.0929245283018868    2.4729798821833873
0.09386792452830184    2.4242036234298903
0.09481132075471699    2.445175058352641
0.09575471698113214    2.3855596309879674
0.09669811320754718    2.330656885628955
0.09764150943396221    2.334898299433007
0.09858490566037736    2.2698632877624547
0.09952830188679251    2.2807024563742133
0.10047169811320755    2.1810292319665963
0.10141509433962259    2.155109480937964
0.10235849056603774    2.1402645326218597
0.10330188679245289    2.115051683894508
0.10424528301886793    2.0481315994223914
0.10518867924528297    2.040826942313985
0.10613207547169812    1.9991197065687392
0.10707547169811327    1.944923863509945
0.1080188679245283    1.9442169612096356
0.10896226415094334    1.9206535511836154
0.1099056603773585    1.8803601200399032
0.11084905660377364    1.8624519284204755
0.11179245283018868    1.8205090585754022
0.11273584905660372    1.7656063132154127
0.11367924528301887    1.7905835278425093
0.11462264150943402    1.7274335889740013
0.11556603773584906    1.7307324663779875
0.1165094339622641    1.6918528398354016
0.11745283018867925    1.6480248971878548
0.1183962264150944    1.6256396576635703
0.11933962264150944    1.5865243970215097
0.12028301886792447    1.5561275980881604
0.12122641509433962    1.5170123374457263
0.12216981132075477    1.4877937090140287
0.12311320754716981    1.4503278870737253
0.12405660377358485    1.4555118372790077
0.125    1.4354829387572796
0.12594339622641515    1.4159253084360623
0.1268867924528302    1.371154829387816
0.12783018867924523    1.3478270534621861
0.12877358490566038    1.3061198177169402
0.12971698113207553    1.2629987773701603
0.13066037735849056    1.2587573635658555
0.1316037735849056    1.2450905857507328
0.13254716981132075    1.2135156163164786
0.1334905660377359    1.1967855951983293
0.13443396226415094    1.166388796265628
0.13537735849056598    1.1520151161497603
0.13632075471698113    1.1246815605201075
0.13726415094339628    1.119968878514995
0.13820754716981132    1.1091297099034971
0.13915094339622636    1.0766122040679595
0.1400943396226415    1.0556407691452088
0.14103773584905666    1.0287784817160674
0.1419811320754717    1.0035656329889515
0.14292452830188673    1.0014449260864144
0.14386792452830188    0.9364099144158615
0.14481132075471703    0.9324041347115158
0.14575471698113207    0.9441858397245194
0.1466981132075471    0.8678403912414742
0.14764150943396226    0.8562943203289484
0.1485849056603774    0.8638346115371285
0.14952830188679245    0.8423919084140646
0.15047169811320749    0.8209492052906043
0.15141509433962264    0.8035122818716879
0.15235849056603779    0.783247749249704
0.15330188679245282    0.7886673335557691
0.15424528301886786    0.7384772702011348
0.155188679245283    0.7523796821162169
0.15613207547169816    0.6998332777592121
0.1570754716981132    0.7036034233634677
0.15801886792452824    0.6642525286206125
0.1589622641509434    0.6934711570523101
0.15990566037735854    0.6437523618983728
0.16084905660377358    0.6378615093921323
0.16179245283018862    0.6180682449705095
0.16273584905660377    0.6091141491607956
0.16367924528301891    0.5803667889296091
0.16462264150943395    0.5652862065133821
0.165566037735849    0.5480849171945883
0.16650943396226414    0.541251528287175
0.1674528301886793    0.5278203845726044
0.16839622641509433    0.5148605090586661
0.16933962264150937    0.5275847504723488
0.17028301886792452    0.5002511948426961
0.17122641509433967    0.48964766033119284
0.1721698113207547    0.47103256641110913
0.17311320754716975    0.48140046682224585
0.1740566037735849    0.46019339779923946
0.17500000000000004    0.4335667444703536
0.17594339622641508    0.44369901078144997
0.17688679245283012    0.4095320662442796
0.17783018867924527    0.39798599533175394
0.17877358490566042    0.4045837501389115
0.17971698113207546    0.38102034011343844
0.1806603773584905    0.38761809492050636
0.18160377358490565    0.37277314660440186
0.1825471698113208    0.34661776147602724
0.18349056603773584    0.35722129598761454
0.18443396226415087    0.3298877403578777
0.18537735849056602    0.32211181504944203
0.18632075471698117    0.32376125375123144
0.1872641509433962    0.323525619651052
0.18820754716981125    0.3162209625430514
0.1891509433962264    0.29572079582081184
0.19009433962264155    0.2924219184172331
0.1910377358490566    0.2870023341114212
0.19198113207547163    0.2738068244970385
0.19292452830188678    0.27545626319882793
0.19386792452830193    0.24835834166943083
0.19481132075471697    0.2674447037901995
0.195754716981132    0.253306657774799
0.19669811320754715    0.23916861175946136
0.1976415094339623    0.23139268645102568
0.19858490566037734    0.22644437034571083
0.19952830188679238    0.21843281093696618
0.20047169811320753    0.20947871512725236
0.20141509433962268    0.20688674002444046
0.20235849056603772    0.1932199622096596
0.20330188679245276    0.1948694009114035
0.2042452830188679    0.19274869400910283
0.20518867924528306    0.19251305990884723
0.2061320754716981    0.1821451594976425
0.20707547169811313    0.17625430699120898
0.20801886792452828    0.18026008669555463
0.20896226415094343    0.15716794487050317
0.20990566037735858    0.16305879737689385
0.21084905660377362    0.15292653106593787
0.21179245283018866    0.15434033566743566
0.2127358490566038    0.1564610425697363
0.21367924528301896    0.13925975325107554
0.214622641509434    0.12370790263423327
0.21556603773584904    0.1354896076469855
0.2165094339622642    0.13831721685005302
0.21745283018867934    0.13360453484494048
0.21839622641509437    0.1324263643436935
0.2193396226415094    0.12205846393241478
0.22028301886792456    0.11569634322551284
0.2212264150943397    0.10815605201733278
0.22216981132075475    0.11993775703014235
0.2231132075471698    0.1057997110147765
0.22405660377358494    0.10438590641324275
0.2250000000000001    0.10179393131043085
0.22594339622641513    0.09448927420252866
0.22688679245283017    0.08977659219739387
0.22783018867924532    0.09024786039790512
0.22877358490566047    0.08765588529509323
0.2297169811320755    0.08647771479383544
0.23066037735849054    0.08529954429253696
0.2316037735849057    0.07516727798154499
0.23254716981132084    0.0787017894853794
0.23349056603773588    0.07681671668335247
0.23443396226415092    0.08176503278870256
0.23537735849056607    0.07116149827719935
0.23632075471698122    0.07752361898410128
0.23726415094339626    0.06409247526954562
0.2382075471698113    0.06150050016671863
0.23915094339622645    0.059144159164162366
0.2400943396226416    0.06173613426697426
0.24103773584905663    0.0603223296654547
0.24198113207547167    0.05890852506390674
0.24292452830188682    0.05678781816160609
0.24386792452830197    0.04924752695342603
0.244811320754717    0.05042569745471604
0.24575471698113205    0.05655218406135047
0.2466981132075472    0.05019006335444854
0.24764150943396235    0.04689118595086977
0.2485849056603774    0.04641991775036944
0.24952830188679243    0.04170723574524597
0.2504716981132076    0.04924752695342603
0.2514150943396227    0.04477047904856912
0.25235849056603776    0.046184283650113754
0.2533018867924528    0.03723018784038906
0.25424528301886795    0.03840835834166719
0.2551886792452831    0.036523285539622176
0.25613207547169814    0.028747360231193255
0.2570754716981132    0.03016116483272025
0.25801886792452833    0.03817272424141157
0.2589622641509435    0.02874736023118649
0.2599056603773585    0.03322440813605122
0.26084905660377355    0.02945426253195337
0.2617924528301887    0.03110370123374276
0.26273584905660385    0.032281871735020895
0.2636792452830189    0.027333555629659157
0.26462264150943393    0.02686228742914147
0.2655660377358491    0.024977214627096456
0.26650943396226423    0.031574969434254016
0.26745283018867927    0.024270312326335287
0.2683962264150943    0.026626653328885846
0.26933962264150946    0.019793264421472664
0.2702830188679246    0.0209714349227508
0.27122641509433965    0.022620873624545512
0.2721698113207547    0.020264532621983918
0.27311320754716983    0.020028898521728292
0.274056603773585    0.017672557519172023
0.275    0.01861509392019891
0.27594339622641506    0.015080582416360126
0.2768867924528302    0.01955763032121704
0.27783018867924536    0.014844948316104499
0.2787735849056604    0.014138046015340945
0.27971698113207544    0.01625875291763826
0.2806603773584906    0.015787484717127008
0.28160377358490574    0.013902411915081991
0.2825471698113208    0.016965655218409134
0.2834905660377358    0.015787484717127008
0.28443396226415096    0.01790819161942765
0.2853773584905661    0.013902411915081991
0.28632075471698115    0.012252973213295486
0.2872641509433962    0.012017339113036974
0.28820754716981134    0.016023118817382633
0.2891509433962265    0.01319550961431511
0.29009433962264153    0.014138046015340945
0.29103773584905657    0.012252973213292603
0.2919811320754717    0.01083916861175884
0.29292452830188687    0.008718461709458197
0.2938679245283019    0.012959875514062533
0.29481132075471694    0.009660998110480705
0.2957547169811321    0.009660998110480705
0.29669811320754724    0.007069023007668809
0.2976415094339623    0.009425364010227297
0.2985849056603773    0.009660998110480705
0.29952830188679247    0.005655218406135047
0.3004716981132076    0.00848282760920257
0.30141509433962266    0.007304657107926154
0.3023584905660377    0.006597754807157555
0.30330188679245285    0.00848282760920257
0.304245283018868    0.007304657107924435
0.30518867924528303    0.006126486606647743
0.3061320754716981    0.007069023007668809
0.3070754716981132    0.007069023007668809
0.3080188679245284    0.006362120706901928
0.3089622641509434    0.006833388907414789
0.30990566037735845    0.007069023007668809
0.3108490566037736    0.0058908525063906736
0.31179245283018875    0.0058908525063906736
0.3127358490566038    0.004712682005113648
0.3136792452830188    0.004948316105368166
0.314622641509434    0.004948316105368166
0.3155660377358491    0.004477047904856912
0.31650943396226416    0.004948316105369331
0.3174528301886792    0.004005779704345658
0.31839622641509435    0.007304657107924435
0.3193396226415095    0.004712682005112539
0.32028301886792454    0.0037701456040909187
0.3212264150943396    0.0028276092030675233
0.32216981132075473    0.0032988774035787776
0.3231132075471699    0.0037701456040900314
0.3240566037735849    0.005183950205625013
0.32499999999999996    0.004477047904856912
0.3259433962264151    0.004241413804601285
0.32688679245283025    0.004712682005112539
0.3278301886792453    0.0037701456040909187
0.32877358490566033    0.0023563410025562695
0.3297169811320755    0.0030632433033231507
0.33066037735849063    0.0016494387017893888
0.33160377358490567    0.0018850728020454594
0.3325471698113207    0.0035345115038344045
0.33349056603773586    0.0028276092030675233
0.334433962264151    0.0035345115038344045
0.33537735849056605    0.0037701456040909187
0.3363207547169811    0.0030632433033231507
0.33726415094339623    0.0028276092030675233
0.3382075471698114    0.0021207069023006426
0.3391509433962264    0.0018850728020454594
0.34009433962264146    0.0028276092030675233
0.3410377358490566    0.0016494387017893888
0.34198113207547176    0.0018850728020450157
0.3429245283018868    0.0021207069023011418
0.34386792452830184    0.0018850728020450157
0.344811320754717    0.0023563410025562695
0.34575471698113214    0.0011781705012781348
0.3466981132075472    0.001178170501278412
0.3476415094339622    0.0007069023007668808
0.34858490566037736    0.0007069023007668808
0.3495283018867925    0.0032988774035787776
0.35047169811320755    0.0007069023007670473
0.3514150943396226    0.0014138046015337617
0.35235849056603774    0.0011781705012781348
0.3533018867924529    0.0007069023007668808
0.35424528301886793    0.0021207069023011418
0.35518867924528297    0.0014138046015337617
0.3561320754716981    0.0016494387017893888
0.35707547169811327    0.0030632433033231507
0.3580188679245283    0.0009425364010227297
0.35896226415094334    0.0007069023007668808
0.3599056603773585    0.0016494387017893888
0.36084905660377364    0.0011781705012781348
0.3617924528301887    0.0009425364010227297
0.3627358490566037    0.0011781705012781348
0.36367924528301887    0.0025919751028118964
0.364622641509434    0.0011781705012781348
0.36556603773584906    0.0007069023007670473
0.3665094339622641    0.0009425364010225078
0.36745283018867925    0.0004712682005112539
0.3683962264150944    0.0007069023007668808
0.36933962264150944    0.0007069023007670473
0.3702830188679245    0.0009425364010225078
0.3712264150943396    0.0007069023007668808
0.3721698113207548    0.0009425364010225078
0.3731132075471698    0.00047126820051136484
0.37405660377358485    0.00023563410025562696
0.375    0.0009425364010225078
0.37594339622641515    0.0007069023007668808
0.3768867924528302    0.001178170501278412
0.3778301886792452    0.0007069023007668808
0.3787735849056604    0.00023563410025562696
0.3797169811320755    0.00023563410025562696
0.38066037735849056    0.0009425364010227297
0.3816037735849056    0.0009425364010225078
0.38254716981132075    0.0004712682005112539
0.3834905660377359    0.0007069023007668808
0.38443396226415094    0.00023563410025568242
0.385377358490566    0.0011781705012781348
0.38632075471698113    0.00023563410025562696
0.3872641509433963    0.00023563410025562696
0.3882075471698113    0.0
0.38915094339622636    0.0009425364010225078
0.3900943396226415    0.00023563410025562696
0.39103773584905666    0.0009425364010225078
0.3919811320754717    0.0
0.39292452830188673    0.0004712682005112539
0.3938679245283019    0.00023563410025562696
0.39481132075471703    0.0009425364010225078
0.39575471698113207    0.00047126820051136484
0.3966981132075471    0.0004712682005112539
0.39764150943396226    0.0
0.3985849056603774    0.0004712682005112539
0.39952830188679245    0.0009425364010227297
0.4004716981132075    0.0009425364010225078
0.40141509433962264    0.0004712682005112539
0.4023584905660378    0.0
0.4033018867924528    0.00047126820051136484
0.40424528301886786    0.0
0.405188679245283    0.00023563410025562696
0.40613207547169816    0.00023563410025562696
0.4070754716981132    0.00023563410025568242
0.40801886792452824    0.0
0.4089622641509434    0.00023563410025562696
0.40990566037735854    0.0
0.4108490566037736    0.0
0.4117924528301886    0.00023563410025562696
0.41273584905660377    0.0007069023007668808
0.4136792452830189    0.0
0.41462264150943395    0.00047126820051136484
0.415566037735849    0.0
0.41650943396226414    0.0
0.4174528301886793    0.0
0.41839622641509433    0.00023563410025568242
0.41933962264150937    0.0
0.4202830188679245    0.00023563410025562696
0.42122641509433967    0.0
0.4221698113207547    0.0
0.42311320754716975    0.0
0.4240566037735849    0.00023563410025562696
0.42500000000000004    0.00023563410025562696
0.4259433962264151    0.0
0.4268867924528301    0.0
0.42783018867924527    0.0
0.4287735849056604    0.00023563410025562696
0.42971698113207546    0.00023563410025568242
0.4306603773584905    0.0
0.43160377358490565    0.00023563410025562696
0.4325471698113208    0.0
0.43349056603773584    0.0
0.4344339622641509    0.00023563410025562696
0.435377358490566    0.00023563410025562696
0.4363207547169812    0.00023563410025562696
0.4372641509433962    0.00047126820051136484
0.43820754716981125    0.00023563410025562696
0.4391509433962264    0.0
0.44009433962264155    0.0004712682005112539
0.4410377358490566    0.0
0.4419811320754716    0.0
0.4429245283018868    0.00023563410025562696
0.4438679245283019    0.0
0.44481132075471697    0.0
0.445754716981132    0.0
0.44669811320754715    0.0
0.4476415094339623    0.0
0.44858490566037745    0.0
0.4495283018867925    0.00023563410025568242
0.45047169811320753    0.0
0.4514150943396227    0.0004712682005112539
0.45235849056603783    0.0
0.45330188679245287    0.00023563410025568242
0.4542452830188679    0.0
0.45518867924528306    0.0
0.4561320754716982    0.0
0.45707547169811324    0.0
0.4580188679245283    0.0004712682005112539
0.45896226415094343    0.00023563410025562696
0.4599056603773586    0.0
0.4608490566037736    0.00023563410025568242
0.46179245283018866    0.0
0.4627358490566038    0.0
0.46367924528301896    0.0
0.464622641509434    0.00023563410025568242
0.46556603773584904    0.0
0.4665094339622642    0.00023563410025562696
0.46745283018867934    0.0
0.4683962264150944    0.0
0.4693396226415094    0.0
0.47028301886792456    0.00023563410025562696
0.4712264150943397    0.0
0.47216981132075475    0.0
0.4731132075471698    0.0
0.47405660377358494    0.0
0.4750000000000001    0.0
0.4759433962264151    0.0
0.47688679245283017    0.0
0.4778301886792453    0.0
0.47877358490566047    0.0
0.4797169811320755    0.0
0.48066037735849054    0.0
0.4816037735849057    0.0
0.48254716981132084    0.0
0.4834905660377359    0.0
0.4844339622641509    0.0
0.48537735849056607    0.00023563410025562696
0.4863207547169812    0.0
0.48726415094339626    0.0
0.4882075471698113    0.0
0.48915094339622645    0.0
0.4900943396226416    0.0
0.49103773584905663    0.0
0.49198113207547167    0.0
0.4929245283018868    0.00023563410025562696
0.49386792452830197    0.0
0.494811320754717    0.0
0.49575471698113205    0.0
0.4966981132075472    0.0
0.49764150943396235    0.0
0.4985849056603774    0.0
0.4995283018867924    0.0
0.5004716981132076    0.0
0.5014150943396227    0.0
0.5023584905660378    0.0
0.5033018867924528    0.0
0.504245283018868    0.0
0.5051886792452831    0.0
0.5061320754716981    0.0
0.5070754716981132    0.0
0.5080188679245283    0.0
0.5089622641509435    0.0
0.5099056603773585    0.0
0.5108490566037736    0.0
0.5117924528301887    0.0
0.5127358490566039    0.0
0.5136792452830189    0.0
0.5146226415094339    0.0
0.5155660377358491    0.0
0.5165094339622642    0.0
0.5174528301886793    0.0
0.5183962264150943    0.0
0.5193396226415095    0.0
0.5202830188679246    0.0
0.5212264150943396    0.0
0.5221698113207547    0.0
0.5231132075471698    0.0
0.524056603773585    0.0
0.525    0.0
0.5259433962264151    0.0
0.5268867924528302    0.0
0.5278301886792454    0.0
0.5287735849056604    0.0
0.5297169811320754    0.0
0.5306603773584906    0.0
0.5316037735849057    0.0
0.5325471698113208    0.0
0.5334905660377358    0.0
0.534433962264151    0.0
0.5353773584905661    0.0
0.5363207547169812    0.0
0.5372641509433962    0.0
0.5382075471698113    0.0
0.5391509433962265    0.0
0.5400943396226415    0.0
0.5410377358490566    0.0
0.5419811320754717    0.0
0.5429245283018869    0.0
0.5438679245283019    0.0
0.5448113207547169    0.0
0.5457547169811321    0.0
0.5466981132075472    0.0
0.5476415094339623    0.0
0.5485849056603773    0.0
0.5495283018867925    0.0
0.5504716981132076    0.0
0.5514150943396227    0.0
0.5523584905660377    0.0
0.5533018867924528    0.0
0.554245283018868    0.0
0.555188679245283    0.0
0.5561320754716981    0.0
0.5570754716981132    0.0
0.5580188679245284    0.0
0.5589622641509434    0.0
0.5599056603773584    0.0
0.5608490566037736    0.0
0.5617924528301887    0.0
0.5627358490566038    0.0
0.5636792452830188    0.0
0.564622641509434    0.0
0.5655660377358491    0.0
0.5665094339622642    0.0
0.5674528301886792    0.0
0.5683962264150944    0.0
0.5693396226415095    0.0
0.5702830188679245    0.0
0.5712264150943396    0.0
0.5721698113207547    0.0
0.5731132075471699    0.0
0.5740566037735849    0.0
0.575    0.0
0.5759433962264151    0.0
0.5768867924528303    0.0
0.5778301886792453    0.0
0.5787735849056603    0.0
0.5797169811320755    0.0
0.5806603773584906    0.0
0.5816037735849057    0.0
0.5825471698113207    0.0
0.5834905660377359    0.0
0.584433962264151    0.0
0.585377358490566    0.0
0.5863207547169811    0.0
0.5872641509433962    0.0
0.5882075471698114    0.0
0.5891509433962264    0.0
0.5900943396226415    0.0
0.5910377358490566    0.0
0.5919811320754718    0.0
0.5929245283018868    0.0
0.5938679245283018    0.0
0.594811320754717    0.0
0.5957547169811321    0.0
0.5966981132075472    0.0
0.5976415094339622    0.0
0.5985849056603774    0.0
0.5995283018867925    0.0
0.6004716981132076    0.0
0.6014150943396226    0.0
0.6023584905660377    0.0
0.6033018867924529    0.0
0.6042452830188679    0.0
0.605188679245283    0.0
0.6061320754716981    0.0
0.6070754716981133    0.0
0.6080188679245283    0.0
0.6089622641509433    0.0
0.6099056603773585    0.00023563410025562696
0.6108490566037736    0.0
0.6117924528301887    0.0
0.6127358490566037    0.0
0.6136792452830189    0.0
0.614622641509434    0.0
0.6155660377358491    0.0
0.6165094339622641    0.0
0.6174528301886792    0.0
0.6183962264150944    0.0
0.6193396226415094    0.0
0.6202830188679245    0.0
0.6212264150943396    0.0
0.6221698113207548    0.0
0.6231132075471698    0.0
0.6240566037735849    0.0
0.625    0.0
0.6259433962264151    0.0
0.6268867924528302    0.0
0.6278301886792452    0.0
0.6287735849056604    0.0
0.6297169811320755    0.0
0.6306603773584906    0.0
0.6316037735849056    0.0
0.6325471698113208    0.0
0.6334905660377359    0.0
0.6344339622641509    0.0
0.635377358490566    0.0
0.6363207547169811    0.0
0.6372641509433963    0.0
0.6382075471698113    0.0
0.6391509433962264    0.0
0.6400943396226415    0.0
0.6410377358490567    0.0
0.6419811320754717    0.0
0.6429245283018867    0.0
0.6438679245283019    0.0
0.644811320754717    0.0
0.6457547169811321    0.0
0.6466981132075471    0.0
0.6476415094339623    0.0
0.6485849056603774    0.0
0.6495283018867924    0.0
0.6504716981132075    0.0
0.6514150943396226    0.0
0.6523584905660378    0.0
0.6533018867924528    0.0
0.6542452830188679    0.0
0.655188679245283    0.0
0.6561320754716982    0.0
0.6570754716981132    0.0
0.6580188679245282    0.0
0.6589622641509434    0.0
0.6599056603773585    0.0
0.6608490566037736    0.0
0.6617924528301886    0.0
0.6627358490566038    0.0
0.6636792452830189    0.0
0.664622641509434    0.0
0.665566037735849    0.0
0.6665094339622641    0.0
0.6674528301886793    0.0
0.6683962264150943    0.0
0.6693396226415094    0.0
0.6702830188679245    0.0
0.6712264150943397    0.0
0.6721698113207547    0.0
0.6731132075471697    0.0
0.6740566037735849    0.0
0.675    0.0
0.6759433962264151    0.0
0.6768867924528301    0.0
0.6778301886792453    0.0
0.6787735849056604    0.0
0.6797169811320755    0.0
0.6806603773584905    0.0
0.6816037735849056    0.0
0.6825471698113208    0.0
0.6834905660377358    0.0
0.6844339622641509    0.0
0.685377358490566    0.0
0.6863207547169812    0.0
0.6872641509433962    0.0
0.6882075471698113    0.0
0.6891509433962264    0.0
0.6900943396226416    0.0
0.6910377358490567    0.0
0.6919811320754717    0.0
0.6929245283018868    0.0
0.6938679245283019    0.0
0.6948113207547171    0.0
0.6957547169811321    0.0
0.6966981132075472    0.0
0.6976415094339623    0.0
0.6985849056603775    0.0
0.6995283018867925    0.0
0.7004716981132075    0.0
0.7014150943396227    0.0
0.7023584905660378    0.0
0.7033018867924529    0.0
0.7042452830188679    0.0
0.7051886792452831    0.0
0.7061320754716982    0.0
0.7070754716981132    0.0
0.7080188679245283    0.0
0.7089622641509434    0.0
0.7099056603773586    0.0
0.7108490566037736    0.0
0.7117924528301887    0.0
0.7127358490566038    0.0
0.713679245283019    0.0
0.714622641509434    0.0
0.715566037735849    0.0
0.7165094339622642    0.0
0.7174528301886793    0.0
0.7183962264150944    0.0
0.7193396226415094    0.0
0.7202830188679246    0.0
0.7212264150943397    0.0
0.7221698113207548    0.0
0.7231132075471698    0.0
0.7240566037735849    0.0
0.7250000000000001    0.0
0.7259433962264151    0.0
0.7268867924528302    0.0
0.7278301886792453    0.0
0.7287735849056605    0.0
0.7297169811320755    0.0
0.7306603773584905    0.0
0.7316037735849057    0.0
0.7325471698113208    0.0
0.7334905660377359    0.0
0.7344339622641509    0.0
0.7353773584905661    0.0
0.7363207547169812    0.0
0.7372641509433963    0.0
0.7382075471698113    0.0
0.7391509433962264    0.0
0.7400943396226416    0.0
0.7410377358490566    0.0
0.7419811320754717    0.0
0.7429245283018868    0.0
0.743867924528302    0.0
0.744811320754717    0.0
0.745754716981132    0.0
0.7466981132075472    0.0
0.7476415094339623    0.0
0.7485849056603774    0.0
0.7495283018867924    0.0
0.7504716981132076    0.0
0.7514150943396227    0.0
0.7523584905660378    0.0
0.7533018867924528    0.0
0.754245283018868    0.0
0.7551886792452831    0.0
0.7561320754716981    0.0
0.7570754716981132    0.0
0.7580188679245283    0.0
0.7589622641509435    0.0
0.7599056603773585    0.0
0.7608490566037736    0.0
0.7617924528301887    0.0
0.7627358490566039    0.0
0.7636792452830189    0.0
0.7646226415094339    0.0
0.7655660377358491    0.0
0.7665094339622642    0.0
0.7674528301886793    0.0
0.7683962264150943    0.0
0.7693396226415095    0.0
0.7702830188679246    0.0
0.7712264150943396    0.0
0.7721698113207547    0.0
0.7731132075471698    0.0
0.774056603773585    0.0
0.775    0.0
0.7759433962264151    0.0
0.7768867924528302    0.0
0.7778301886792454    0.0
0.7787735849056604    0.0
0.7797169811320754    0.0
0.7806603773584906    0.0
0.7816037735849057    0.0
0.7825471698113208    0.0
0.7834905660377358    0.0
0.784433962264151    0.0
0.7853773584905661    0.0
0.7863207547169812    0.0
0.7872641509433962    0.0
0.7882075471698113    0.0
0.7891509433962265    0.0
0.7900943396226415    0.0
0.7910377358490566    0.0
0.7919811320754717    0.0
0.7929245283018869    0.0
0.7938679245283019    0.0
0.7948113207547169    0.0
0.7957547169811321    0.0
0.7966981132075472    0.0
0.7976415094339623    0.0
0.7985849056603773    0.0
0.7995283018867925    0.0
0.8004716981132076    0.0
0.8014150943396227    0.0
0.8023584905660377    0.0
0.8033018867924528    0.0
0.804245283018868    0.0
0.805188679245283    0.0
0.8061320754716981    0.0
0.8070754716981132    0.0
0.8080188679245284    0.0
0.8089622641509434    0.0
0.8099056603773584    0.0
0.8108490566037736    0.0
0.8117924528301887    0.0
0.8127358490566038    0.0
0.8136792452830188    0.0
0.814622641509434    0.0
0.8155660377358491    0.0
0.8165094339622642    0.0
0.8174528301886792    0.0
0.8183962264150944    0.0
0.8193396226415095    0.0
0.8202830188679245    0.0
0.8212264150943396    0.0
0.8221698113207547    0.0
0.8231132075471699    0.0
0.8240566037735849    0.0
0.825    0.0
0.8259433962264151    0.0
0.8268867924528303    0.0
0.8278301886792453    0.0
0.8287735849056603    0.0
0.8297169811320755    0.0
0.8306603773584906    0.0
0.8316037735849057    0.0
0.8325471698113207    0.0
0.8334905660377359    0.0
0.834433962264151    0.0
0.835377358490566    0.0
0.8363207547169811    0.0
0.8372641509433962    0.0
0.8382075471698114    0.0
0.8391509433962264    0.0
0.8400943396226415    0.0
0.8410377358490566    0.0
0.8419811320754718    0.0
0.8429245283018868    0.0
0.8438679245283018    0.0
0.844811320754717    0.0
0.8457547169811321    0.0
0.8466981132075472    0.0
0.8476415094339622    0.0
0.8485849056603774    0.0
0.8495283018867925    0.0
0.8504716981132076    0.0
0.8514150943396226    0.0
0.8523584905660377    0.0
0.8533018867924529    0.0
0.8542452830188679    0.0
0.855188679245283    0.0
0.8561320754716981    0.0
0.8570754716981133    0.0
0.8580188679245283    0.0
0.8589622641509433    0.0
0.8599056603773585    0.0
0.8608490566037736    0.0
0.8617924528301887    0.0
0.8627358490566037    0.0
0.8636792452830189    0.0
0.864622641509434    0.0
0.8655660377358491    0.0
0.8665094339622641    0.0
0.8674528301886792    0.0
0.8683962264150944    0.0
0.8693396226415094    0.0
0.8702830188679245    0.0
0.8712264150943396    0.0
0.8721698113207548    0.0
0.8731132075471698    0.0
0.8740566037735849    0.0
0.875    0.0
0.8759433962264151    0.0
0.8768867924528302    0.0
0.8778301886792452    0.0
0.8787735849056604    0.0
0.8797169811320755    0.0
0.8806603773584906    0.0
0.8816037735849056    0.0
0.8825471698113208    0.0
0.8834905660377359    0.0
0.8844339622641509    0.0
0.885377358490566    0.0
0.8863207547169811    0.0
0.8872641509433963    0.0
0.8882075471698113    0.0
0.8891509433962264    0.0
0.8900943396226415    0.0
0.8910377358490567    0.0
0.8919811320754717    0.0
0.8929245283018867    0.0
0.8938679245283019    0.0
0.894811320754717    0.0
0.8957547169811321    0.0
0.8966981132075471    0.0
0.8976415094339623    0.0
0.8985849056603774    0.0
0.8995283018867924    0.0
0.9004716981132075    0.0
0.9014150943396226    0.0
0.9023584905660378    0.0
0.9033018867924528    0.0
0.9042452830188679    0.0
0.905188679245283    0.0
0.9061320754716982    0.0
0.9070754716981132    0.0
0.9080188679245282    0.0
0.9089622641509434    0.0
0.9099056603773585    0.0
0.9108490566037736    0.0
0.9117924528301886    0.0
0.9127358490566038    0.0
0.9136792452830189    0.0
0.914622641509434    0.0
0.915566037735849    0.0
0.9165094339622641    0.0
0.9174528301886793    0.0
0.9183962264150943    0.0
0.9193396226415094    0.0
0.9202830188679245    0.0
0.9212264150943397    0.0
0.9221698113207547    0.0
0.9231132075471697    0.0
0.9240566037735849    0.0
0.925    0.0
0.9259433962264151    0.0
0.9268867924528301    0.0
0.9278301886792453    0.0
0.9287735849056604    0.0
0.9297169811320755    0.0
0.9306603773584905    0.0
0.9316037735849056    0.0
0.9325471698113208    0.0
0.933490566037736    0.0
0.934433962264151    0.0
0.935377358490566    0.0
0.9363207547169812    0.0
0.9372641509433963    0.0
0.9382075471698114    0.0
0.9391509433962264    0.0
0.9400943396226416    0.0
0.9410377358490567    0.0
0.9419811320754717    0.0
0.9429245283018868    0.0
0.9438679245283019    0.0
0.9448113207547171    0.0
0.9457547169811321    0.0
0.9466981132075472    0.0
0.9476415094339623    0.0
0.9485849056603775    0.0
0.9495283018867925    0.0
0.9504716981132075    0.0
0.9514150943396227    0.0
0.9523584905660378    0.0
0.9533018867924529    0.0
0.9542452830188679    0.0
0.9551886792452831    0.0
0.9561320754716982    0.0
0.9570754716981132    0.0
0.9580188679245283    0.0
0.9589622641509434    0.0
0.9599056603773586    0.0
0.9608490566037736    0.0
0.9617924528301887    0.0
0.9627358490566038    0.0
0.963679245283019    0.0
0.964622641509434    0.0
0.965566037735849    0.0
0.9665094339622642    0.0
0.9674528301886793    0.0
0.9683962264150944    0.0
0.9693396226415094    0.0
0.9702830188679246    0.0
0.9712264150943397    0.0
0.9721698113207548    0.0
0.9731132075471698    0.0
0.9740566037735849    0.0
0.9750000000000001    0.0
0.9759433962264151    0.0
0.9768867924528302    0.0
0.9778301886792453    0.0
0.9787735849056605    0.0
0.9797169811320755    0.0
0.9806603773584905    0.0
0.9816037735849057    0.0
0.9825471698113208    0.0
0.9834905660377359    0.0
0.9844339622641509    0.0
0.9853773584905661    0.0
0.9863207547169812    0.0
0.9872641509433963    0.0
0.9882075471698113    0.0
0.9891509433962264    0.0
0.9900943396226416    0.0
0.9910377358490566    0.0
0.9919811320754717    0.0
0.9929245283018868    0.0
0.993867924528302    0.0
0.994811320754717    0.0
0.995754716981132    0.0
0.9966981132075472    0.0
0.9976415094339623    0.0
0.9985849056603774    0.0
0.9995283018867924    0.0