-0.9995283018867924    0.0
-0.9985849056603773    0.0
-0.9976415094339622    0.0
-0.9966981132075472    0.0
-0.995754716981132    0.0
-0.9948113207547169    0.0
-0.9938679245283019    0.0
-0.9929245283018868    0.0
-0.9919811320754717    0.0
-0.9910377358490565    0.0
-0.9900943396226415    0.0
-0.9891509433962264    0.0
-0.9882075471698113    0.0
-0.9872641509433961    0.0
-0.9863207547169811    0.0
-0.9853773584905661    0.0
-0.9844339622641509    0.0
-0.9834905660377358    0.0
-0.9825471698113207    0.0
-0.9816037735849057    0.0
-0.9806603773584905    0.0
-0.9797169811320754    0.0
-0.9787735849056604    0.0
-0.9778301886792453    0.0
-0.9768867924528302    0.0
-0.975943396226415    0.0
-0.975    0.0
-0.9740566037735849    0.0
-0.9731132075471698    0.0
-0.9721698113207546    0.0
-0.9712264150943396    0.0
-0.9702830188679246    0.0
-0.9693396226415094    0.0
-0.9683962264150943    0.0
-0.9674528301886792    0.0
-0.9665094339622642    0.0
-0.965566037735849    0.0
-0.9646226415094339    0.0
-0.9636792452830188    0.0
-0.9627358490566038    0.0
-0.9617924528301887    0.00023563410025562696
-0.9608490566037735    0.0
-0.9599056603773585    0.00023563410025562696
-0.9589622641509434    0.00023563410025565466
-0.9580188679245283    0.0
-0.9570754716981131    0.0011781705012782733
-0.9561320754716981    0.0
-0.9551886792452831    0.0004712682005113093
-0.9542452830188679    0.0011781705012781348
-0.9533018867924528    0.0011781705012782733
-0.9523584905660377    0.0011781705012781348
-0.9514150943396227    0.0011781705012782733
-0.9504716981132075    0.0016494387017893888
-0.9495283018867924    0.0035345115038348204
-0.9485849056603773    0.0018850728020450157
-0.9476415094339623    0.0028276092030678564
-0.9466981132075472    0.0023563410025562695
-0.945754716981132    0.0030632433033235106
-0.944811320754717    0.004005779704345658
-0.9438679245283019    0.0065977548071583314
-0.9429245283018868    0.004477047904856912
-0.9419811320754716    0.0044770479048574395
-0.9410377358490566    0.007540291208180063
-0.9400943396226416    0.007775925308436605
-0.9391509433962264    0.010132266310991959
-0.9382075471698113    0.00801155940869226
-0.9372641509433962    0.008718461709458197
-0.9363207547169812    0.008247193508947913
-0.935377358490566    0.01460931421584887
-0.9344339622641509    0.013195509614316663
-0.9334905660377358    0.011546070912525722
-0.9325471698113208    0.01602311881738452
-0.9316037735849056    0.01861509392019453
-0.9306603773584905    0.020028898521730648
-0.9297169811320755    0.026155385128374592
-0.9287735849056604    0.020971434922753267
-0.9278301886792453    0.02945426253195337
-0.9268867924528301    0.03558074913860386
-0.9259433962264151    0.035580749138599675
-0.925    0.03416694453706993
-0.9240566037735849    0.03699455374013343
-0.9231132075471697    0.04312104034678481
-0.9221698113207547    0.0428854062465241
-0.9212264150943397    0.04806935645215356
-0.9202830188679245    0.05348894075802732
-0.9193396226415094    0.05843725686340236
-0.9183962264150943    0.056080915860839214
-0.9174528301886793    0.06692008447260593
-0.9165094339622641    0.0706902300766881
-0.915566037735849    0.07469600978104253
-0.914622641509434    0.07446037568077812
-0.9136792452830189    0.07139713237746337
-0.9127358490566038    0.07705235078359002
-0.9117924528301886    0.07917305768589997
-0.9108490566037736    0.08883405579637137
-0.9099056603773585    0.09331110370123925
-0.9089622641509434    0.08954095809713825
-0.9080188679245282    0.10933422251862378
-0.9070754716981132    0.11522507502500158
-0.9061320754716982    0.1133400022229699
-0.905188679245283    0.1258286095365048
-0.9042452830188679    0.11357563632322555
-0.9033018867924528    0.12606424363676041
-0.9023584905660378    0.12347226853396306
-0.9014150943396226    0.134547071245963
-0.9004716981132075    0.13784594864955801
-0.8995283018867924    0.1496276536623231
-0.8985849056603774    0.1491563854618294
-0.8976415094339623    0.152219628765135
-0.8966981132075471    0.1524552628654086
-0.8957547169811321    0.17248416138711892
-0.894811320754717    0.18261642769813238
-0.8938679245283019    0.18497276870066717
-0.8929245283018867    0.18685784150273416
-0.8919811320754717    0.18214515949759963
-0.8910377358490567    0.1882716461042681
-0.8900943396226415    0.19958208291651602
-0.8891509433962264    0.19604757141270468
-0.8882075471698113    0.2009958875180498
-0.8872641509433963    0.21018561742804398
-0.8863207547169811    0.21301322663108677
-0.885377358490566    0.2323352228520755
-0.8844339622641509    0.2229098588418231
-0.8834905660377359    0.23280649105258683
-0.8825471698113208    0.23704790485716074
-0.8816037735849056    0.24011114816051213
-0.8806603773584906    0.2384617094586945
-0.8797169811320755    0.24694453706792613
-0.8787735849056604    0.24482383016559642
-0.8778301886792452    0.24246748916306868
-0.8768867924528302    0.257076803378889
-0.8759433962264151    0.27687006780039425
-0.875    0.2657952650883472
-0.8740566037735849    0.2676803378904237
-0.8731132075471698    0.27427809269754977
-0.8721698113207548    0.2846459931088309
-0.8712264150943396    0.2891230410136543
-0.8702830188679245    0.28158274980550735
-0.8693396226415094    0.2884161387128874
-0.8683962264150944    0.294778259419824
-0.8674528301886792    0.29595642992106747
-0.8665094339622641    0.29642769812161357
-0.8655660377358491    0.3049105257307813
-0.864622641509434    0.2987840391241701
-0.8636792452830189    0.3056174280315482
-0.8627358490566037    0.3126864510392538
-0.8617924528301887    0.31857730354560765
-0.8608490566037736    0.33012337445817225
-0.8599056603773585    0.33271534956094523
-0.8589622641509433    0.3393131043681427
-0.8580188679245283    0.3395487384683584
-0.8570754716981133    0.34025564076916537
-0.8561320754716981    0.3364854951650353
-0.855188679245283    0.33035900855842787
-0.8542452830188679    0.37371568300542435
-0.8533018867924529    0.354158052684249
-0.8523584905660377    0.35981327109034233
-0.8514150943396226    0.34732466377683496
-0.8504716981132076    0.34944537067909476
-0.8495283018867925    0.36169834389242994
-0.8485849056603774    0.38337668111590506
-0.8476415094339622    0.37065243970214484
-0.8466981132075472    0.3786639991107925
-0.8457547169811321    0.367824830499077
-0.844811320754717    0.36570412359673304
-0.8438679245283018    0.39091697232413114
-0.8429245283018868    0.3925664110258745
-0.8419811320754718    0.3713593420029118
-0.8410377358490566    0.3970434589307314
-0.8400943396226415    0.3935089474269433
-0.8391509433962264    0.42178503945757223
-0.8382075471698114    0.39633655663001116
-0.8372641509433962    0.39916416583303205
-0.8363207547169811    0.3975147271312895
-0.835377358490566    0.41919306435476034
-0.834433962264151    0.4170723574525088
-0.8334905660377359    0.4255551850616623
-0.8325471698113207    0.4288540624652915
-0.8316037735849057    0.42107813715680537
-0.8306603773584906    0.4201356007558323
-0.8297169811320755    0.4283827942647298
-0.8287735849056603    0.4170723574525088
-0.8278301886792453    0.4305035011670304
-0.8268867924528303    0.42107813715685494
-0.8259433962264151    0.42154940535731666
-0.825    0.4340380126709159
-0.8240566037735849    0.45006113148824745
-0.8231132075471699    0.4321529398688707
-0.8221698113207547    0.4264977214626848
-0.8212264150943396    0.4618428365010832
-0.8202830188679245    0.4486473268867137
-0.8193396226415095    0.4231988440591558
-0.8183962264150944    0.4604290318994951
-0.8174528301886792    0.4606646659997507
-0.816509433962264    0.44911859508727786
-0.8155660377358491    0.45053239968881176
-0.814622641509434    0.46490607980435195
-0.8136792452830188    0.43427364677112046
-0.8127358490566037    0.47456707791488856
-0.8117924528301887    0.465377348004918
-0.8108490566037736    0.45995776369898383
-0.8099056603773584    0.46113593420026194
-0.8089622641509433    0.4538312770923909
-0.8080188679245284    0.4764521507169338
-0.8070754716981132    0.4632566411025626
-0.8061320754716981    0.47927975991994526
-0.8051886792452829    0.45783705679673703
-0.804245283018868    0.4811648327220469
-0.8033018867924528    0.48611314882735845
-0.8023584905660377    0.46443481160384076
-0.8014150943396225    0.48140046682230253
-0.8004716981132076    0.47221073691233195
-0.7995283018867925    0.49247526953426035
-0.7985849056603773    0.4863487829276141
-0.7976415094339622    0.4875269534289495
-0.7966981132075472    0.4861131488274156
-0.7957547169811321    0.46631988440588573
-0.7948113207547169    0.476923418917389
-0.7938679245283018    0.4677336890074746
-0.7929245283018869    0.4842280760253703
-0.7919811320754717    0.4828142714237797
-0.7910377358490566    0.4731532733132989
-0.7900943396226414    0.48187173502281383
-0.7891509433962265    0.48234300322332513
-0.7882075471698113    0.5021362676447411
-0.7872641509433962    0.4795153940202008
-0.786320754716981    0.48540624652664865
-0.7853773584905661    0.5077914860509358
-0.784433962264151    0.476923418917389
-0.7834905660377358    0.5026075358452523
-0.7825471698113207    0.49860175614096525
-0.7816037735849057    0.5051995109481237
-0.7806603773584906    0.5002511948426961
-0.7797169811320754    0.49106146493272657
-0.7787735849056603    0.48988329443150613
-0.7778301886792454    0.5047282427476123
-0.7768867924528302    0.49624541513835035
-0.7759433962264151    0.5176881182616124
-0.7749999999999999    0.48870512393022786
-0.774056603773585    0.5061420473491463
-0.7731132075471698    0.5181593864621237
-0.7721698113207547    0.5117972657552218
-0.7712264150943395    0.510383461153748
-0.7702830188679246    0.49059019673227305
-0.7693396226415095    0.5127398021562443
-0.7683962264150943    0.49765921973988414
-0.7674528301886792    0.5080271201511916
-0.7665094339622642    0.5174524841614176
-0.7655660377358491    0.5268778481715819
-0.7646226415094339    0.5007224630432072
-0.7636792452830188    0.5033144381460783
-0.7627358490566039    0.5143892408580942
-0.7617924528301887    0.5195731910636575
-0.7608490566037736    0.5285272868733712
-0.7599056603773584    0.5226364343670421
-0.7589622641509435    0.5158030454596281
-0.7580188679245283    0.5332399688784838
-0.7570754716981132    0.5148605090585449
-0.756132075471698    0.5099121929532368
-0.7551886792452831    0.537717016783404
-0.754245283018868    0.5289985550738825
-0.7533018867924528    0.5235789707680032
-0.7523584905660377    0.5207513615649968
-0.7514150943396227    0.5301767255752231
-0.7504716981132076    0.5113259975547104
-0.7495283018867924    0.5414871623874307
-0.7485849056603773    0.5134467044570715
-0.7476415094339623    0.5344181393798249
-0.7466981132075472    0.5398377236856413
-0.745754716981132    0.5351250416805288
-0.7448113207547169    0.5523263309992545
-0.743867924528302    0.5278203845726664
-0.7429245283018868    0.5504412581971445
-0.7419811320754717    0.5219295320662136
-0.7410377358490565    0.5431366010892841
-0.7400943396226416    0.5219295320662751
-0.7391509433962264    0.5233433366677475
-0.7382075471698113    0.5466711125930545
-0.7372641509433961    0.5353606757808475
-0.7363207547169812    0.5497343558964424
-0.7353773584905661    0.5450216738912651
-0.7344339622641509    0.5480849171945883
-0.7334905660377358    0.5551539402023224
-0.7325471698113208    0.5487918194954198
-0.7316037735849057    0.575418472824241
-0.7306603773584905    0.559630988107114
-0.7297169811320754    0.5440791374903067
-0.7287735849056605    0.5624585973102477
-0.7278301886792453    0.552090696898934
-0.7268867924528302    0.5473780148938214
-0.725943396226415    0.5664643770145938
-0.7250000000000001    0.5761253751250758
-0.7240566037735849    0.5829587640324211
-0.7231132075471698    0.5695276203178503
-0.7221698113207546    0.5768322774258426
-0.7212264150943397    0.5707057908191957
-0.7202830188679246    0.5770679115260304
-0.7193396226415094    0.5683494498165722
-0.7183962264150943    0.5867289096365802
-0.7174528301886793    0.5586884517061573
-0.7165094339622642    0.5669356452150385
-0.715566037735849    0.557745915305069
-0.7146226415094339    0.5725908636212409
-0.713679245283019    0.6058152717572882
-0.7127358490566038    0.5867289096365111
-0.7117924528301887    0.5992175169500594
-0.7108490566037735    0.5768322774258426
-0.7099056603773586    0.5751828387240531
-0.7089622641509434    0.5758897410247523
-0.7080188679245283    0.5881427142380449
-0.7070754716981131    0.5912059575414376
-0.7061320754716982    0.5923841280427159
-0.7051886792452831    0.573533400022196
-0.7042452830188679    0.5749472046237297
-0.7033018867924528    0.6036945648549873
-0.7023584905660378    0.5791886184283992
-0.7014150943396227    0.6041658330554275
-0.7004716981132075    0.5963899077469919
-0.6995283018867924    0.5756541069245643
-0.6985849056603775    0.5839013004335123
-0.6976415094339623    0.611470490163352
-0.6966981132075472    0.5853151050349774
-0.695754716981132    0.6062865399577995
-0.6948113207547171    0.5803667889296775
-0.6938679245283019    0.6003956874513375
-0.6929245283018868    0.6053440035567056
-0.6919811320754716    0.5773035456263539
-0.6910377358490567    0.6157119039680257
-0.6900943396226416    0.6029876625541495
-0.6891509433962264    0.595683005446225
-0.6882075471698113    0.5989818828498742
-0.6872641509433963    0.6192464154718604
-0.6863207547169812    0.603223296654405
-0.685377358490566    0.6065221740579838
-0.6844339622641509    0.6062865399577995
-0.683490566037736    0.5942692008447611
-0.6825471698113208    0.617125708569487
-0.6816037735849056    0.5933266644436687
-0.6806603773584905    0.6147693675670031
-0.6797169811320756    0.5994531510503855
-0.6787735849056604    0.6178326108702539
-0.6778301886792453    0.6175969767699983
-0.6768867924528301    0.6286717794820867
-0.6759433962264152    0.6204245859731388
-0.675    0.6140624652661638
-0.6740566037735849    0.6126486606646301
-0.6731132075471697    0.5897921529399037
-0.6721698113207548    0.6081716127598448
-0.6712264150943397    0.5947404690452024
-0.6702830188679245    0.6131199288651413
-0.6693396226415094    0.6187751472713492
-0.6683962264150944    0.6310281204846433
-0.6674528301886793    0.6265510725797121
-0.6665094339622641    0.619010781371532
-0.665566037735849    0.6112348560631683
-0.6646226415094341    0.6074647104590778
-0.6636792452830189    0.641160386795561
-0.6627358490566038    0.6218383905745996
-0.6617924528301886    0.6126486606647022
-0.6608490566037737    0.6369189729910346
-0.6599056603773585    0.611470490163352
-0.6589622641509434    0.6350339001889146
-0.6580188679245282    0.6404534844948694
-0.6570754716981133    0.6336200955874555
-0.6561320754716982    0.6244303656774114
-0.655188679245283    0.6340913637878921
-0.6542452830188679    0.6173613426698152
-0.6533018867924529    0.6423385572969147
-0.6523584905660378    0.6091141491607956
-0.6514150943396226    0.6343269978881478
-0.6504716981132075    0.6529420918084192
-0.6495283018867926    0.6289074135823424
-0.6485849056603774    0.6498788485050192
-0.6476415094339623    0.6289074135822683
-0.6466981132075471    0.6413960208958921
-0.6457547169811322    0.6284361453818311
-0.644811320754717    0.641160386795561
-0.6438679245283019    0.6390396798932603
-0.6429245283018867    0.6249016338779962
-0.6419811320754718    0.6402178503946138
-0.6410377358490567    0.6463443370011848
-0.6400943396226415    0.6371546070912153
-0.6391509433962264    0.6322062909859215
-0.6382075471698113    0.6583616761142217
-0.6372641509433963    0.6142980993664918
-0.6363207547169811    0.6142980993664194
-0.635377358490566    0.660718017116778
-0.6344339622641508    0.6369189729910346
-0.6334905660377359    0.6531777259086748
-0.6325471698113208    0.638568411692749
-0.6316037735849056    0.641160386795561
-0.6306603773584905    0.6423385572969147
-0.6297169811320755    0.6607180171168557
-0.6287735849056604    0.6560053351116655
-0.6278301886792452    0.6529420918083423
-0.6268867924528301    0.657183505613021
-0.6259433962264151    0.6380971434923128
-0.625    0.6715571857285368
-0.6240566037735849    0.6428098254973503
-0.6231132075471697    0.6585973102145549
-0.6221698113207548    0.6487006780038174
-0.6212264150943396    0.6901722796487313
-0.6202830188679245    0.666373235522913
-0.6193396226415093    0.6578904079137878
-0.6183962264150944    0.6699077470268262
-0.6174528301886792    0.6326775591863584
-0.6165094339622641    0.6637812604201011
-0.615566037735849    0.6548271646104644
-0.614622641509434    0.6746204290319394
-0.6136792452830189    0.6482294098032297
-0.6127358490566037    0.638568411692749
-0.6117924528301886    0.6569478715127652
-0.6108490566037736    0.6548271646104644
-0.6099056603773585    0.6614249194175448
-0.6089622641509433    0.6772124041346719
-0.6080188679245282    0.6642525286206905
-0.6070754716981133    0.6673157719240141
-0.6061320754716981    0.6845170612425963
-0.605188679245283    0.6527064577080867
-0.6042452830188678    0.6682583083250366
-0.6033018867924529    0.6562409692119983
-0.6023584905660377    0.6880515727464307
-0.6014150943396226    0.6675514060241912
-0.6004716981132074    0.6654306991219688
-0.5995283018867925    0.6684939424252923
-0.5985849056603774    0.6696721129264919
-0.5976415094339622    0.6713215516282812
-0.5966981132075471    0.64964321440484
-0.5957547169811321    0.6465799711015164
-0.594811320754717    0.6508213849060416
-0.5938679245283018    0.6567122374124323
-0.5929245283018867    0.6649594309214575
-0.5919811320754718    0.6432810936979373
-0.5910377358490566    0.6552984328108986
-0.5900943396226415    0.6786262087362057
-0.5891509433962263    0.655769701011487
-0.5882075471698114    0.6769767700344959
-0.5872641509433962    0.6574191397131992
-0.5863207547169811    0.6425741913970947
-0.5853773584905659    0.6703790152273377
-0.584433962264151    0.65506279871072
-0.5834905660377359    0.6583616761142217
-0.5825471698113207    0.6578904079137105
-0.5816037735849056    0.6574191397132766
-0.5806603773584906    0.6779193064355186
-0.5797169811320755    0.6609536512170336
-0.5787735849056603    0.654355896409876
-0.5778301886792452    0.6479937757030504
-0.5768867924528303    0.6793331110370525
-0.5759433962264151    0.6760342336333938
-0.575    0.6779193064354387
-0.5740566037735848    0.6814538179393533
-0.5731132075471699    0.6604823830166001
-0.5721698113207547    0.6788618428364613
-0.5712264150943396    0.6724997221295593
-0.5702830188679244    0.6552984328109757
-0.5693396226415095    0.6866377681449778
-0.5683962264150944    0.6713215516282812
-0.5674528301886792    0.6741491608313487
-0.566509433962264    0.6642525286206905
-0.5655660377358491    0.6524708236079078
-0.564622641509434    0.6717928198287925
-0.5636792452830188    0.660718017116778
-0.5627358490566037    0.674856063132195
-0.5617924528301887    0.6510570190063738
-0.5608490566037736    0.6454018006001623
-0.5599056603773584    0.6585973102144773
-0.5589622641509433    0.6560053351117426
-0.5580188679245284    0.6901722796488126
-0.5570754716981132    0.6684939424252136
-0.5561320754716981    0.6498788485050192
-0.5551886792452829    0.6604823830166001
-0.554245283018868    0.6607180171168557
-0.5533018867924528    0.6640168945203567
-0.5523584905660377    0.6684939424252136
-0.5514150943396225    0.6512926531066296
-0.5504716981132076    0.6661376014227358
-0.5495283018867925    0.660011114816011
-0.5485849056603773    0.644930532399651
-0.5476415094339622    0.6644881627209462
-0.5466981132075472    0.6463443370012608
-0.5457547169811321    0.6635456263198455
-0.5448113207547169    0.656947871512688
-0.5438679245283018    0.6729709903301497
-0.5429245283018869    0.6651950650217132
-0.5419811320754717    0.656240969211921
-0.5410377358490566    0.638568411692749
-0.5400943396226414    0.657183505613021
-0.5391509433962265    0.6882872068467674
-0.5382075471698113    0.6428098254973503
-0.5372641509433962    0.6602467489162667
-0.536320754716981    0.6560053351117426
-0.5353773584905661    0.6604823830166001
-0.534433962264151    0.6350339001889146
-0.5334905660377358    0.6668445037234243
-0.5325471698113207    0.6463443370012608
-0.5316037735849057    0.6444592641992156
-0.5306603773584906    0.6682583083249581
-0.5297169811320754    0.6760342336333938
-0.5287735849056603    0.6545915305102087
-0.5278301886792454    0.6826319884406316
-0.5268867924528302    0.6593042125152443
-0.5259433962264151    0.6498788485050192
-0.5249999999999999    0.6727353562298941
-0.524056603773585    0.6380971434923128
-0.5231132075471698    0.6637812604201011
-0.5221698113207547    0.6517639213070642
-0.5212264150943395    0.6326775591864329
-0.5202830188679246    0.6637812604201793
-0.5193396226415095    0.660011114816011
-0.5183962264150943    0.6388040457930046
-0.5174528301886792    0.6647237968212019
-0.5165094339622642    0.6696721129265706
-0.5155660377358491    0.6659019673224018
-0.5146226415094339    0.6635456263198455
-0.5136792452830188    0.6708502834278489
-0.5127358490566039    0.6630743581194123
-0.5117924528301887    0.6428098254973503
-0.5108490566037736    0.6779193064354387
-0.5099056603773584    0.6717928198288715
-0.5089622641509435    0.6380971434923128
-0.5080188679245283    0.6541202623096205
-0.5070754716981132    0.6522351895075754
-0.506132075471698    0.656476603312254
-0.5051886792452831    0.6633099922196679
-0.504245283018868    0.6538846282093649
-0.5033018867924528    0.6597754807157554
-0.5023584905660377    0.6461087029010052
-0.5014150943396227    0.6576547738135322
-0.5004716981132076    0.6649594309213792
-0.4995283018867924    0.6501144826052748
-0.49858490566037733    0.6739135267311724
-0.49764150943396224    0.6515282872068086
-0.49669811320754714    0.6385684116928242
-0.49575471698113205    0.6656663332221462
-0.49481132075471695    0.6628387240191567
-0.49386792452830186    0.6538846282093649
-0.49292452830188677    0.6651950650217132
-0.49198113207547167    0.6618961876180561
-0.4910377358490566    0.6456374347004938
-0.4900943396226415    0.6519995554073198
-0.4891509433962264    0.6581260420140436
-0.4882075471698113    0.6793331110369725
-0.4872641509433962    0.6800400133378194
-0.4863207547169811    0.6750916972323713
-0.485377358490566    0.6699077470268262
-0.4844339622641509    0.6496432144047635
-0.4834905660377358    0.6574191397132766
-0.48254716981132073    0.6609536512170336
-0.48160377358490564    0.6838101589419099
-0.48066037735849054    0.6722640880293037
-0.47971698113207545    0.6741491608314281
-0.47877358490566035    0.6428098254973503
-0.47783018867924526    0.6623674558186453
-0.47688679245283017    0.6395109480937716
-0.47594339622641507    0.6675514060242698
-0.475    0.6529420918083423
-0.4740566037735849    0.6545915305102087
-0.4731132075471698    0.6746204290318599
-0.4721698113207547    0.6600111148160889
-0.4712264150943396    0.6333844614871252
-0.4702830188679245    0.6380971434923128
-0.4693396226415094    0.652470823607831
-0.4683962264150943    0.6508213849061182
-0.4674528301886792    0.6541202623096205
-0.46650943396226413    0.6541202623096973
-0.46556603773584904    0.6536489941091091
-0.46462264150943394    0.6621318217183897
-0.46367924528301885    0.656240969211921
-0.46273584905660375    0.6578904079137878
-0.46179245283018866    0.6713215516282812
-0.46084905660377357    0.6628387240191567
-0.45990566037735847    0.6397465821940272
-0.4589622641509434    0.6623674558186453
-0.4580188679245283    0.6682583083249581
-0.4570754716981132    0.659775480715833
-0.4561320754716981    0.6576547738134548
-0.455188679245283    0.655769701011487
-0.4542452830188679    0.6522351895075754
-0.4533018867924528    0.6569478715127652
-0.4523584905660377    0.6567122374124323
-0.4514150943396226    0.6494075803045843
-0.45047169811320753    0.6239590974769003
-0.44952830188679244    0.6244303656774849
-0.44858490566037734    0.6347982660886591
-0.44764150943396225    0.642809825497426
-0.44669811320754715    0.6378615093919822
-0.44575471698113206    0.6548271646104644
-0.44481132075471697    0.6194820495720432
-0.44386792452830187    0.6637812604201793
-0.4429245283018868    0.6755629654328824
-0.4419811320754717    0.6402178503946138
-0.4410377358490566    0.6515282872068086
-0.4400943396226415    0.6461087029010052
-0.4391509433962264    0.6510570190062972
-0.4382075471698113    0.6576547738135322
-0.4372641509433962    0.6461087029009291
-0.4363207547169811    0.6390396798933355
-0.435377358490566    0.6439879959986284
-0.43443396226415093    0.6293786817828536
-0.43349056603773584    0.6194820495720432
-0.43254716981132074    0.6366833388907789
-0.43160377358490565    0.6388040457930046
-0.43066037735849055    0.648936312104073
-0.42971698113207546    0.641160386795561
-0.42877358490566037    0.6305568522841319
-0.42783018867924527    0.631028120484569
-0.4268867924528302    0.6508213849061182
-0.4259433962264151    0.6355051683894258
-0.425    0.637390241191546
-0.4240566037735849    0.640453484494794
-0.4231132075471698    0.6449305323997269
-0.4221698113207547    0.6590685784149887
-0.4212264150943396    0.6371546070912903
-0.4202830188679245    0.6206602200733214
-0.4193396226415094    0.6517639213071409
-0.41839622641509433    0.606993442258495
-0.41745283018867924    0.6270223407802972
-0.41650943396226414    0.6317350227853359
-0.41556603773584905    0.6213671223741615
-0.41462264150943395    0.611470490163352
-0.41367924528301886    0.6204245859731388
-0.41273584905660377    0.6204245859730658
-0.41179245283018867    0.6305568522841319
-0.4108490566037736    0.6218383905745996
-0.4099056603773585    0.6171257085695596
-0.4089622641509434    0.6159475380682088
-0.4080188679245283    0.6190107813716048
-0.4070754716981132    0.6084072468600288
-0.4061320754716981    0.6067578081583108
-0.405188679245283    0.6366833388907039
-0.4042452830188679    0.6166544403690484
-0.4033018867924528    0.593091030343413
-0.40235849056603773    0.6055796376570326
-0.40141509433962264    0.6112348560630964
-0.40047169811320754    0.6067578081583108
-0.39952830188679245    0.6185395131710207
-0.39858490566037735    0.6263154384795301
-0.39764150943396226    0.6383327775924935
-0.39669811320754716    0.6091141491608674
-0.39575471698113207    0.5968611759475031
-0.394811320754717    0.6105279537624012
-0.3938679245283019    0.6159475380682088
-0.3929245283018868    0.589556518839648
-0.3919811320754717    0.6199533177725546
-0.3910377358490566    0.5987462487496186
-0.3900943396226415    0.6060509058574726
-0.3891509433962264    0.6128842947649579
-0.3882075471698113    0.5888496165388118
-0.3872641509433962    0.6175969767700709
-0.38632075471698113    0.6018094920528713
-0.38537735849056604    0.5982749805491072
-0.38443396226415094    0.60887851506054
-0.38349056603773585    0.608642880960356
-0.38254716981132075    0.6326775591863584
-0.38160377358490566    0.6138268311659805
-0.38066037735849056    0.6011025897521044
-0.37971698113207547    0.588849616538881
-0.3787735849056604    0.583665666333188
-0.3778301886792453    0.5945048349450167
-0.3768867924528302    0.5959186395464806
-0.3759433962264151    0.6062865399577995
-0.375    0.5942692008446911
-0.3740566037735849    0.6088785150606116
-0.3731132075471698    0.5829587640324211
-0.3721698113207547    0.5652862065133156
-0.3712264150943396    0.5963899077469919
-0.37028301886792453    0.5996887851506412
-0.36933962264150944    0.6058152717572169
-0.36839622641509434    0.5919128598422047
-0.36745283018867925    0.6147693675669308
-0.36650943396226415    0.5881427142381142
-0.36556603773584906    0.6029876625541495
-0.36462264150943396    0.5874358119373471
-0.36367924528301887    0.6039301989551719
-0.3627358490566038    0.5702345226186843
-0.3617924528301887    0.5940335667444356
-0.3608490566037736    0.5900277870401593
-0.3599056603773585    0.5947404690452024
-0.3589622641509434    0.5909703234411819
-0.3580188679245283    0.5758897410247523
-0.3570754716981132    0.5735334000222635
-0.3561320754716981    0.5959186395464806
-0.355188679245283    0.5994531510503855
-0.35424528301886793    0.6067578081582393
-0.35330188679245284    0.5926197621429715
-0.35235849056603774    0.5730621318216848
-0.35141509433962265    0.5846082027342793
-0.35047169811320755    0.581780593531143
-0.34952830188679246    0.5952117372457838
-0.34858490566037736    0.5909703234411123
-0.34764150943396227    0.6091141491608674
-0.3466981132075472    0.5782460820273086
-0.3457547169811321    0.5681138157163834
-0.344811320754717    0.5846082027342104
-0.3438679245283019    0.5912059575414376
-0.3429245283018868    0.5732977659219404
-0.3419811320754717    0.5798955207291662
-0.3410377358490566    0.5714126931198953
-0.3400943396226415    0.5650505724130599
-0.3391509433962264    0.5652862065132491
-0.33820754716981133    0.57588974102482
-0.33726415094339623    0.589320884739323
-0.33632075471698114    0.584843836834535
-0.33537735849056605    0.6011025897521044
-0.33443396226415095    0.5836656663332567
-0.33349056603773586    0.5987462487495481
-0.33254716981132076    0.584843836834535
-0.33160377358490567    0.5787173502278198
-0.3306603773584906    0.5721195954207295
-0.3297169811320755    0.5782460820273086
-0.3287735849056604    0.5900277870401593
-0.3278301886792453    0.5815449594308874
-0.3268867924528302    0.583430032233001
-0.3259433962264151    0.5763610092252636
-0.325    0.5598666222074354
-0.3240566037735849    0.5744759364232186
-0.3231132075471698    0.5777748138268654
-0.32216981132075473    0.5855507391352329
-0.32122641509433963    0.5860220073358132
-0.32028301886792454    0.5855507391352329
-0.31933962264150945    0.568349449816639
-0.31839622641509435    0.5940335667444356
-0.31745283018867926    0.568349449816639
-0.31650943396226416    0.5737690341224516
-0.31556603773584907    0.582723129932234
-0.314622641509434    0.6003956874513375
-0.3136792452830189    0.5987462487496186
-0.3127358490566038    0.5864932755362555
-0.3117924528301887    0.5749472046237974
-0.3108490566037736    0.567878181616061
-0.3099056603773585    0.5664643770145938
-0.3089622641509434    0.5815449594308874
-0.3080188679245283    0.5919128598422047
-0.3070754716981132    0.577303545626286
-0.30613207547169813    0.5822518617317227
-0.30518867924528303    0.5881427142380449
-0.30424528301886794    0.5879070801378584
-0.30330188679245285    0.5725908636211735
-0.30235849056603775    0.5624585973102477
-0.30141509433962266    0.6065221740579838
-0.30047169811320756    0.5749472046237974
-0.29952830188679247    0.5504412581971445
-0.2985849056603774    0.5744759364232861
-0.2976415094339623    0.575418472824241
-0.2966981132075472    0.5542114038012999
-0.2957547169811321    0.5756541069244967
-0.294811320754717    0.5735334000222635
-0.2938679245283019    0.5883783483383005
-0.2929245283018868    0.6131199288652135
-0.2919811320754717    0.5516194286984227
-0.2910377358490566    0.5822518617317227
-0.29009433962264153    0.5643436701122265
-0.28915094339622643    0.5718839613204739
-0.28820754716981134    0.5942692008446911
-0.28726415094339625    0.5864932755363246
-0.28632075471698115    0.5631654996109484
-0.28537735849056606    0.5542114038012999
-0.28443396226415096    0.5657574747137604
-0.28349056603773587    0.5749472046237974
-0.2825471698113208    0.587435811937278
-0.2816037735849057    0.5667000111148495
-0.2806603773584906    0.581780593531143
-0.2797169811320755    0.5909703234411819
-0.2787735849056604    0.5532688674002121
-0.2778301886792453    0.5612804268089694
-0.2768867924528302    0.5723552295209179
-0.27594339622641506    0.5787173502278198
-0.27499999999999997    0.5622229632099921
-0.2740566037735849    0.5650505724129934
-0.2731132075471698    0.5622229632099921
-0.2721698113207547    0.5429009669889645
-0.2712264150943396    0.5749472046237974
-0.2702830188679245    0.5473780148938214
-0.2693396226415094    0.5747115705235418
-0.2683962264150943    0.579895520729098
-0.2674528301886792    0.5629298655107591
-0.2665094339622641    0.5732977659219404
-0.265566037735849    0.588849616538881
-0.26462264150943393    0.5617516950094147
-0.26367924528301884    0.5518550627987433
-0.26273584905660374    0.5699988885183616
-0.26179245283018865    0.5813093253307001
-0.26084905660377355    0.5530332332999565
-0.25990566037735846    0.5671712793153608
-0.25896226415094337    0.559630988107114
-0.2580188679245283    0.5669356452151051
-0.2570754716981132    0.5723552295209179
-0.2561320754716981    0.5471423807936302
-0.255188679245283    0.5669356452150385
-0.2542452830188679    0.5497343558964424
-0.2533018867924528    0.5702345226186172
-0.2523584905660377    0.5615160609092251
-0.2514150943396226    0.5742403023229629
-0.2504716981132075    0.5817805935312115
-0.24952830188679243    0.5499699899966334
-0.24858490566037733    0.5414871623874945
-0.24764150943396224    0.571648327220151
-0.24669811320754714    0.5721195954207295
-0.24575471698113205    0.5638724019117154
-0.24481132075471695    0.5553895743025781
-0.24386792452830186    0.5553895743025127
-0.24292452830188677    0.5433722351895397
-0.24198113207547167    0.5461998443925433
-0.24103773584905658    0.5469067466933745
-0.24009433962264148    0.557745915305069
-0.2391509433962264    0.5619873291097365
-0.2382075471698113    0.5532688674002121
-0.2372641509433962    0.5596309881071798
-0.2363207547169811    0.5721195954206623
-0.235377358490566    0.5669356452151051
-0.23443396226415092    0.541251528287175
-0.23349056603773582    0.5860220073358132
-0.23254716981132073    0.5572746471045578
-0.23160377358490564    0.5622229632099921
-0.23066037735849054    0.5523263309991896
-0.22971698113207545    0.5480849171946528
-0.22877358490566035    0.5516194286984227
-0.22783018867924526    0.5393664554851936
-0.22688679245283017    0.5690563521173391
-0.22594339622641507    0.5718839613204739
-0.22499999999999998    0.5532688674002121
-0.22405660377358488    0.5657574747138269
-0.2231132075471698    0.5363032121818069
-0.2221698113207547    0.5690563521174061
-0.2212264150943396    0.5676425475158053
-0.2202830188679245    0.5400733577859606
-0.2193396226415094    0.5598666222073696
-0.21839622641509432    0.5624585973102477
-0.21745283018867922    0.5466711125930545
-0.21650943396226413    0.5478492830943972
-0.21556603773584904    0.5671712793152941
-0.21462264150943394    0.5485561853951642
-0.21367924528301885    0.5504412581971445
-0.21273584905660375    0.5483205512949084
-0.21179245283018866    0.5546826720017458
-0.21084905660377357    0.5231077025675533
-0.20990566037735847    0.5353606757807845
-0.20896226415094338    0.5431366010892841
-0.20801886792452828    0.541958430587942
-0.2070754716981132    0.5405446259864718
-0.2061320754716981    0.544550405690754
-0.205188679245283    0.529469823274456
-0.2042452830188679    0.52805601867286
-0.2033018867924528    0.5181593864621847
-0.20235849056603772    0.5483205512948439
-0.20141509433962262    0.5579815494053902
-0.20047169811320753    0.5643436701122265
-0.19952830188679244    0.5424296987885171
-0.19858490566037734    0.5198088251639131
-0.19764150943396225    0.5287629209736892
-0.19669811320754715    0.5268778481715819
-0.19575471698113206    0.516509947760395
-0.19481132075471697    0.5447860397910095
-0.19386792452830187    0.5400733577859606
-0.19292452830188678    0.5391308213848746
-0.19198113207547168    0.5273491163721552
-0.1910377358490566    0.5327687006779726
-0.1900943396226415    0.5320617983772683
-0.1891509433962264    0.5322974324774613
-0.1882075471698113    0.5259353117706212
-0.1872641509433962    0.5518550627986782
-0.18632075471698112    0.5287629209736892
-0.18537735849056602    0.5426653328887089
-0.18443396226415093    0.5275847504724108
-0.18349056603773584    0.5099121929531767
-0.18254716981132074    0.5372457485828928
-0.18160377358490565    0.5297054573746494
-0.18066037735849055    0.5033144381460783
-0.17971698113207546    0.5264065799710707
-0.17877358490566037    0.518630654662696
-0.17783018867924527    0.5158030454595675
-0.17688679245283018    0.5405446259864718
-0.17594339622641508    0.5153317772590561
-0.175    0.5209869956652525
-0.1740566037735849    0.5212226297654469
-0.1731132075471698    0.5212226297655081
-0.1721698113207547    0.5049638768478085
-0.1712264150943396    0.5176881182616733
-0.17028301886792452    0.5195731910636575
-0.16933962264150942    0.5193375569634628
-0.16839622641509433    0.5238146048682587
-0.16745283018867924    0.5393664554851936
-0.16650943396226414    0.5176881182616124
-0.16556603773584905    0.5306479937757344
-0.16462264150943395    0.5231077025674918
-0.16367924528301886    0.516509947760395
-0.16273584905660377    0.5132110703567555
-0.16179245283018867    0.5028431699455671
-0.16084905660377358    0.5221651661664694
-0.15990566037735848    0.5318261642770126
-0.1589622641509434    0.49318217183502727
-0.1580188679245283    0.5141536067578385
-0.1570754716981132    0.5028431699455079
-0.1561320754716981    0.49883739024122103
-0.155188679245283    0.5176881182616124
-0.15424528301886792    0.5037857063465897
-0.15330188679245282    0.48964766033119284
-0.15235849056603773    0.504963876847868
-0.15141509433962264    0.5188662887628905
-0.15047169811320754    0.5075558519506802
-0.14952830188679245    0.5200444592641688
-0.14858490566037735    0.5026075358453115
-0.14764150943396226    0.506613315549598
-0.14669811320754716    0.4993086584417323
-0.14575471698113207    0.5054351450483199
-0.14481132075471698    0.5042569745471011
-0.14386792452830188    0.5068489496498536
-0.1429245283018868    0.5094409247527255
-0.1419811320754717    0.4764521507168777
-0.1410377358490566    0.5059064132488906
-0.1400943396226415    0.49789485384013976
-0.1391509433962264    0.4924752695343183
-0.13820754716981132    0.5087340224518986
-0.13726415094339622    0.4976592197399427
-0.13632075471698113    0.512268533955733
-0.13537735849056604    0.5129754362565603
-0.13443396226415094    0.5080271201511317
-0.13349056603773585    0.5066133155496576
-0.13254716981132075    0.4917683672334935
-0.13160377358490566    0.5084983883517028
-0.13066037735849056    0.4969523174391173
-0.12971698113207547    0.4948316105368748
-0.12877358490566038    0.5148605090585449
-0.12783018867924528    0.4964810492386644
-0.1268867924528302    0.4941247082360497
-0.1259433962264151    0.49907302434147666
-0.125    0.480693564521479
-0.1240566037735849    0.49860175614096525
-0.12311320754716981    0.4816361009225015
-0.12216981132075472    0.4924752695343183
-0.12122641509433962    0.5002511948426961
-0.12028301886792453    0.4811648327220469
-0.11933962264150944    0.48446371012556905
-0.11839622641509434    0.4667911526064519
-0.11745283018867925    0.4823430032232684
-0.11650943396226415    0.4835211737246034
-0.11556603773584906    0.4922396354340047
-0.11462264150943396    0.49082583083252873
-0.11367924528301887    0.49318217183502727
-0.11273584905660378    0.49223963543406263
-0.11179245283018868    0.4887051239301703
-0.11084905660377359    0.4969523174391758
-0.1099056603773585    0.4884694898299146
-0.1089622641509434    0.48705568522843823
-0.1080188679245283    0.4783372235189227
-0.10707547169811321    0.5037857063465897
-0.10613207547169812    0.4766877848171333
-0.10518867924528302    0.48517061242639303
-0.10424528301886793    0.4712682005112539
-0.10330188679245284    0.4856418806269043
-0.10235849056603774    0.4905901967322153
-0.10141509433962265    0.4971879515394314
-0.10047169811320755    0.5198088251639131
-0.09952830188679246    0.48988329443150613
-0.09858490566037736    0.5007224630432072
-0.09764150943396227    0.49907302434147666
-0.09669811320754718    0.4781015894186671
-0.09575471698113208    0.48870512393022786
-0.09481132075471699    0.4672624208069082
-0.0938679245283019    0.4978948538401983
-0.0929245283018868    0.4936534400355384
-0.0919811320754717    0.4837568078248591
-0.09103773584905661    0.49247526953426035
-0.09009433962264152    0.4785728576192347
-0.08915094339622642    0.4948316105368166
-0.08820754716981133    0.4879982216294608
-0.08726415094339623    0.47338890741355455
-0.08632075471698114    0.4901189285317618
-0.08537735849056605    0.4783372235189227
-0.08443396226415095    0.48469934422588173
-0.08349056603773586    0.4993086584416735
-0.08254716981132076    0.4948316105368748
-0.08160377358490567    0.4943603423363053
-0.08066037735849058    0.47715905301770073
-0.07971698113207548    0.47621651661662207
-0.07877358490566039    0.4929465377348296
-0.0778301886792453    0.4783372235189227
-0.0768867924528302    0.4931821718350852
-0.0759433962264151    0.49789485384013976
-0.07500000000000001    0.4872913193286939
-0.07405660377358492    0.4837568078248021
-0.07311320754716982    0.48517061242639303
-0.07216981132075473    0.48658441702786964
-0.07122641509433963    0.49577414693789745
-0.07028301886792454    0.4729176392130433
-0.06933962264150945    0.4684405913082415
-0.06839622641509435    0.4898832944314485
-0.06745283018867926    0.48234300322332513
-0.06650943396226416    0.4818717350227571
-0.06556603773584907    0.48069356452153555
-0.06462264150943398    0.4757452484161109
-0.06367924528301888    0.5002511948427548
-0.06273584905660379    0.45995776369898383
-0.06179245283018869    0.506377681449402
-0.0608490566037736    0.48564188062684716
-0.059905660377358505    0.4948316105368748
-0.05896226415094341    0.4894120262309372
-0.05801886792452832    0.5002511948427548
-0.05707547169811322    0.47503834611534396
-0.05613207547169813    0.4976592197399427
-0.055188679245283034    0.480693564521479
-0.05424528301886794    0.492004001333807
-0.053301886792452846    0.476923418917389
-0.05235849056603775    0.4856418806269043
-0.05141509433962266    0.5007224630432072
-0.050471698113207564    0.4891763921307391
-0.04952830188679247    0.4837568078248021
-0.048584905660377375    0.4891763921307391
-0.04764150943396228    0.508498388351643
-0.04669811320754719    0.4755096143159111
-0.04575471698113209    0.4957741469378391
-0.044811320754717    0.46891185950875286
-0.043867924528301905    0.47975102812045645
-0.04292452830188681    0.46419917750363976
-0.04198113207547172    0.494595976436561
-0.04103773584905662    0.4764521507169338
-0.04009433962264153    0.48517061242633586
-0.039150943396226434    0.48140046682230253
-0.03820754716981134    0.4938890741357941
-0.037264150943396246    0.48517061242639303
-0.03632075471698115    0.4839924419250578
-0.03537735849056606    0.4724463710125877
-0.034433962264150964    0.492710903634516
-0.033490566037735814    0.49082583083247094
-0.03254716981132072    0.4776303212182121
-0.031603773584905626    0.46702678670665265
-0.03066037735849053    0.4835211737246034
-0.029716981132075437    0.4752739802155996
-0.028773584905660343    0.48140046682230253
-0.02783018867924525    0.5014293653439742
-0.026886792452830155    0.504963876847868
-0.02594339622641506    0.48140046682224585
-0.024999999999999967    0.48022229632102426
-0.024056603773584873    0.47268200511278763
-0.02311320754716978    0.4861131488274156
-0.022169811320754684    0.48611314882735845
-0.02122641509433959    0.47433144381463294
-0.020283018867924496    0.48564188062684716
-0.019339622641509402    0.4931821718350852
-0.018396226415094308    0.4717394687117652
-0.017452830188679214    0.4748027120151442
-0.01650943396226412    0.4821073691230128
-0.015566037735849025    0.4917683672335514
-0.014622641509433931    0.476923418917389
-0.013679245283018837    0.4927109036345739
-0.012735849056603743    0.4922396354340047
-0.011792452830188649    0.5023719017450559
-0.010849056603773555    0.47857285761917834
-0.00990566037735846    0.46608425030568496
-0.008962264150943366    0.49553851283758343
-0.008018867924528272    0.47409580971437726
-0.007075471698113178    0.4917683672334935
-0.006132075471698084    0.49553851283764183
-0.00518867924528299    0.472446371012532
-0.004245283018867896    0.4863487829276713
-0.0033018867924528017    0.48092919862173467
-0.0023584905660377076    0.4790441258197459
-0.0014150943396226134    0.4837568078248021
-0.0004716981132075193    0.4964810492386644
0.0004716981132075748    0.4941247082360497
0.0014150943396227245    0.4929465377347716
0.002358490566037763    0.48163610092261483
0.0033018867924528017    0.4821073691230128
0.004245283018867951    0.5002511948426961
0.005188679245283101    0.5148605090585449
0.00613207547169814    0.47621651661673414
0.007075471698113178    0.5007224630432072
0.008018867924528328    0.47975102812045645
0.008962264150943478    0.4828142714237797
0.009905660377358516    0.4651417139047171
0.010849056603773555    0.48564188062684716
0.011792452830188704    0.4781015894186671
0.012735849056603854    0.4981304879403954
0.013679245283018893    0.49059019673233084
0.014622641509433931    0.48022229632096775
0.015566037735849081    0.49553851283758343
0.01650943396226423    0.4922396354340047
0.01745283018867927    0.49930865844179106
0.018396226415094308    0.4818717350227571
0.019339622641509457    0.49153273313323786
0.020283018867924607    0.47456707791483266
0.021226415094339646    0.5004868289430695
0.022169811320754684    0.4837568078248021
0.023113207547169834    0.4879982216294035
0.024056603773584984    0.48917639213068154
0.025000000000000022    0.4748027120152001
0.02594339622641506    0.4632566411025626
0.02688679245283021    0.48045793042122337
0.02783018867924536    0.48564188062684716
0.0287735849056604    0.4776303212182683
0.029716981132075437    0.49624541513835035
0.030660377358490587    0.476923418917389
0.03160377358490574    0.4837568078248021
0.032547169811320775    0.4731532733134103
0.033490566037735814    0.48022229632096775
0.034433962264150964    0.47032566411023147
0.03537735849056611    0.4783372235189227
0.03632075471698115    0.49059019673233084
0.03726415094339619    0.4889407580304259
0.03820754716981134    0.4830499055240352
0.03915094339622649    0.4783372235189227
0.04009433962264153    0.49789485384025695
0.04103773584905657    0.48045793042122337
0.04198113207547172    0.4512393019895256
0.042924528301886866    0.47975102812045645
0.043867924528301905    0.47291763921315455
0.04481132075471694    0.48682005112812526
0.04575471698113209    0.45877959319770567
0.04669811320754724    0.4846993442258247
0.04764150943396228    0.49247526953437626
0.04858490566037732    0.4811648327219903
0.04952830188679247    0.4665555185061414
0.05047169811320762    0.4776303212181559
0.05141509433962266    0.5028431699456263
0.052358490566037696    0.5002511948426961
0.053301886792452846    0.49106146493272657
0.054245283018867996    0.49742358563962846
0.055188679245283034    0.4769234189175012
0.05613207547169807    0.4783372235189227
0.05707547169811322    0.49506724463707225
0.05801886792452837    0.4778659553184114
0.05896226415094341    0.47833722351903535
0.05990566037735845    0.4752739802155996
0.0608490566037736    0.4905901967322153
0.06179245283018875    0.4828142714237797
0.06273584905660379    0.4773946871180126
0.06367924528301883    0.47456707791483266
0.06462264150943398    0.49035456263195965
0.06556603773584913    0.482578637323524
0.06650943396226416    0.4788084917195467
0.0674528301886792    0.4884694898299146
0.06839622641509435    0.5073202178503649
0.0693396226415095    0.49247526953426035
0.07028301886792454    0.4743314438146887
0.07122641509433958    0.47975102812045645
0.07216981132075473    0.49506724463707225
0.07311320754716988    0.48540624652659153
0.07405660377358492    0.49977992664230236
0.07499999999999996    0.492710903634516
0.0759433962264151    0.48729131932863656
0.07688679245283025    0.48446371012556905
0.0778301886792453    0.48234300322338197
0.07877358490566033    0.4969523174391173
0.07971698113207548    0.47998666222071207
0.08066037735849063    0.490118928531704
0.08160377358490567    0.48517061242645004
0.08254716981132071    0.4759808825163664
0.08349056603773586    0.5037857063465304
0.08443396226415101    0.4776303212181559
0.08537735849056605    0.4759808825164785
0.08632075471698109    0.4879982216294035
0.08726415094339623    0.4778659553184114
0.08820754716981138    0.5011937312437185
0.08915094339622642    0.5014293653440922
0.09009433962264146    0.49318217183502727
0.09103773584905661    0.49082583083247094
0.09198113207547176    0.4879982216294035
0.0929245283018868    0.5051995109481832
0.09386792452830184    0.5028431699455079
0.09481132075471699    0.5047282427475529
0.09575471698113214    0.4818717350227571
0.09669811320754718    0.49247526953437626
0.09764150943396221    0.5007224630432072
0.09858490566037736    0.47456707791483266
0.09952830188679251    0.4776303212181559
0.10047169811320755    0.4910614649328421
0.10141509433962259    0.48964766033119284
0.10235849056603774    0.4828142714237797
0.10330188679245289    0.48682005112812526
0.10424528301886793    0.5028431699456263
0.10518867924528297    0.4835211737245465
0.10613207547169812    0.4986017561409067
0.10707547169811327    0.49129709903298224
0.1080188679245283    0.5162743136602003
0.10896226415094334    0.48729131932863656
0.1099056603773585    0.5094409247526656
0.11084905660377364    0.49742358563962846
0.11179245283018868    0.48682005112823984
0.11273584905660372    0.4948316105368166
0.11367924528301887    0.49247526953426035
0.11462264150943402    0.5077914860508761
0.11556603773584906    0.5019006335446036
0.1165094339622641    0.49506724463707225
0.11745283018867925    0.5073202178503649
0.1183962264150944    0.506613315549598
0.11933962264150944    0.504492608647416
0.12028301886792447    0.5028431699455079
0.12122641509433962    0.5004868289429517
0.12216981132075477    0.5002511948426961
0.12311320754716981    0.4842280760254274
0.12405660377358485    0.5113259975547104
0.125    0.5070845837501092
0.12594339622641515    0.48917639213068154
0.1268867924528302    0.5122685339558536
0.12783018867924523    0.49789485384013976
0.12877358490566038    0.5134467044570111
0.12971698113207553    0.5153317772590561
0.13066037735849056    0.49459597643667746
0.1316037735849056    0.5077914860508761
0.13254716981132075    0.5207513615649355
0.1334905660377359    0.5254640435700481
0.13443396226415094    0.5049638768479274
0.13537735849056598    0.5026075358452523
0.13632075471698113    0.5080271201511317
0.13726415094339628    0.5212226297654469
0.13820754716981132    0.514153606757899
0.13915094339622636    0.5028431699455079
0.1400943396226415    0.5202800933644243
0.14103773584905666    0.5174524841613568
0.1419811320754717    0.4983661220407683
0.14292452830188673    0.5209869956651912
0.14386792452830188    0.5094409247526656
0.14481132075471703    0.5169812159608456
0.14575471698113207    0.527584750472473
0.1466981132075471    0.5136823385572667
0.14764150943396226    0.4936534400355384
0.1485849056603774    0.511561631654966
0.14952830188679245    0.540073357786024
0.15047169811320749    0.5169812159608456
0.15141509433962264    0.5007224630432072
0.15235849056603779    0.5160386795598231
0.15330188679245282    0.5153317772591774
0.15424528301886786    0.5044926086472973
0.155188679245283    0.5158030454595675
0.15613207547169816    0.512268533955733
0.1570754716981132    0.5143892408581547
0.15801886792452824    0.5160386795598231
0.1589622641509434    0.5259353117705593
0.15990566037735854    0.5073202178503649
0.16084905660377358    0.4936534400356547
0.16179245283018862    0.5202800933644243
0.16273584905660377    0.5129754362564999
0.16367924528301891    0.5096765588529211
0.16462264150943395    0.5212226297655695
0.165566037735849    0.5056707791485755
0.16650943396226414    0.5186306546626349
0.1674528301886793    0.5327687006779726
0.16839622641509433    0.4967166833389785
0.16933962264150937    0.5075558519506205
0.17028301886792452    0.5226364343669806
0.17122641509433967    0.5400733577858969
0.1721698113207547    0.5337112370791206
0.17311320754716975    0.5049638768478085
0.1740566037735849    0.5096765588529211
0.17500000000000004    0.5301767255751607
0.17594339622641508    0.5358319439814219
0.17688679245283012    0.5268778481715819
0.17783018867924527    0.522400800266725
0.17877358490566042    0.5235789707680032
0.17971698113207546    0.5266422140714502
0.1806603773584905    0.5466711125930545
0.18160377358490565    0.5424296987884533
0.1825471698113208    0.5011937312437185
0.18349056603773584    0.5266422140714502
0.18443396226415087    0.5353606757807845
0.18537735849056602    0.5471423807935658
0.18632075471698117    0.5198088251639131
0.1872641509433962    0.5233433366678707
0.18820754716981125    0.5167455818605898
0.1891509433962264    0.5268778481715819
0.19009433962264155    0.5205157274646799
0.1910377358490566    0.5242858730688934
0.19198113207547163    0.522400800266725
0.19292452830188678    0.5351250416805288
0.19386792452830193    0.5254640435700481
0.19481132075471697    0.53865955318449
0.195754716981132    0.5511481604979115
0.19669811320754715    0.5207513615649355
0.1976415094339623    0.533711237078995
0.19858490566037734    0.5443147715906264
0.19952830188679238    0.528762920973627
0.20047169811320753    0.5278203845726044
0.20141509433962268    0.5424296987884533
0.20235849056603772    0.52829165277324
0.20330188679245276    0.5396020895853857
0.2042452830188679    0.5473780148938214
0.20518867924528306    0.5082627542513873
0.2061320754716981    0.5320617983773308
0.20707547169811313    0.5176881182616124
0.20801886792452828    0.5530332332999565
0.20896226415094343    0.5391308213848746
0.20990566037735858    0.5464354784927989
0.21084905660377362    0.5509125263977855
0.21179245283018866    0.5386595531843632
0.2127358490566038    0.5608091586083921
0.21367924528301896    0.5346537734800175
0.214622641509434    0.5516194286985525
0.21556603773584904    0.5480849171945883
0.2165094339622642    0.5518550627986782
0.21745283018867934    0.5297054573746494
0.21839622641509437    0.5165099477604559
0.2193396226415094    0.5289985550738825
0.22028301886792456    0.5398377236856413
0.2212264150943397    0.5315905301766944
0.22216981132075475    0.5429009669890923
0.2231132075471698    0.5322974324774613
0.22405660377358494    0.5502056240968889
0.2250000000000001    0.5207513615649355
0.22594339622641513    0.5410158941870469
0.22688679245283017    0.5440791374902426
0.22783018867924532    0.5542114038012346
0.22877358490566047    0.5485561853950995
0.2297169811320755    0.5377170167834673
0.23066037735849054    0.5344181393797619
0.2316037735849057    0.5553895743025127
0.23254716981132084    0.5360675780815513
0.23349056603773588    0.5285272868734956
0.23443396226415092    0.5322974324774613
0.23537735849056607    0.5504412581971445
0.23632075471698122    0.5426653328887089
0.23726415094339626    0.5685850839169617
0.2382075471698113    0.5502056240968889
0.23915094339622645    0.5379526508835963
0.2400943396226416    0.547613648994077
0.24103773584905663    0.5363032121819332
0.24198113207547167    0.5374813826830851
0.24292452830188682    0.5414871623874307
0.24386792452830197    0.5589240858063471
0.244811320754717    0.5553895743026435
0.24575471698113205    0.5421940646881976
0.2466981132075472    0.5195731910636575
0.24764150943396235    0.5478492830943327
0.2485849056603774    0.5744759364233537
0.24952830188679243    0.5348894075802731
0.2504716981132076    0.5527975991997008
0.2514150943396227    0.5429009669889645
0.25235849056603776    0.5511481604980412
0.2533018867924528    0.5346537734800175
0.25424528301886795    0.5527975991997008
0.2551886792452831    0.544550405690754
0.25613207547169814    0.5278203845727286
0.2570754716981132    0.5436078692897314
0.25801886792452833    0.528762920973627
0.2589622641509435    0.5400733577858969
0.2599056603773585    0.534889407580399
0.26084905660377355    0.552090696898934
0.2617924528301887    0.5433722351894757
0.26273584905660385    0.5348894075802731
0.2636792452830189    0.5473780148939503
0.26462264150943393    0.5546826720017458
0.2655660377358491    0.5341825052795063
0.26650943396226423    0.5518550627986782
0.26745283018867927    0.5353606757809104
0.2683962264150943    0.5403089918861526
0.26933962264150946    0.541958430587942
0.2702830188679246    0.5499699899966334
0.27122641509433965    0.5584528176059673
0.2721698113207547    0.5608091586083921
0.27311320754716983    0.5608091586083921
0.274056603773585    0.5497343558963778
0.275    0.54902745359574
0.27594339622641506    0.5360675780815513
0.2768867924528302    0.5273491163720931
0.27783018867924536    0.553975769700979
0.2787735849056604    0.5355963098811661
0.27971698113207544    0.5504412581971445
0.2806603773584906    0.5483205512948439
0.28160377358490574    0.5386595531843632
0.2825471698113208    0.5381882849839786
0.2834905660377358    0.5506768922974001
0.28443396226415096    0.5530332332999565
0.2853773584905661    0.5610447927086477
0.28632075471698115    0.5560964766034105
0.2872641509433962    0.5579815494053246
0.28820754716981134    0.5506768922974001
0.2891509433962265    0.544550405690754
0.29009433962264153    0.5278203845727286
0.29103773584905657    0.5487918194953552
0.2919811320754717    0.5650505724129934
0.29292452830188687    0.5617516950094147
0.2938679245283019    0.5410158941870469
0.29481132075471694    0.5417227964876864
0.2957547169811321    0.5591597199066027
0.29669811320754724    0.533711237078995
0.2976415094339623    0.5341825052796321
0.2985849056603773    0.5504412581971445
0.29952830188679247    0.5464354784927989
0.3004716981132076    0.5457285761920321
0.30141509433962266    0.5433722351896036
0.3023584905660377    0.563401133711204
0.30330188679245285    0.5346537734800175
0.304245283018868    0.5513837945981671
0.30518867924528303    0.5525619650995752
0.3061320754716981    0.5549183061020015
0.3070754716981132    0.5532688674002121
0.3080188679245284    0.5454929420917763
0.3089622641509434    0.5398377236857684
0.30990566037735845    0.5518550627986782
0.3108490566037736    0.5827231299321655
0.31179245283018875    0.5306479937756718
0.3127358490566038    0.558688451706223
0.3136792452830188    0.5502056240968889
0.314622641509434    0.5709414249193842
0.3155660377358491    0.5622229632099259
0.31650943396226416    0.5584528176059673
0.3174528301886792    0.5504412581971445
0.31839622641509435    0.564108036011971
0.3193396226415095    0.5436078692897314
0.32028301886792454    0.5601022563077571
0.3212264150943396    0.5374813826830851
0.32216981132075473    0.5530332332999565
0.3231132075471699    0.5429009669889645
0.3240566037735849    0.5563321107036662
0.32499999999999996    0.5546826720017458
0.3259433962264151    0.560337890407881
0.32688679245283025    0.5527975991997008
0.3278301886792453    0.568349449816706
0.32877358490566033    0.5655218406135047
0.3297169811320755    0.552090696898934
0.33066037735849063    0.5683494498165722
0.33160377358490567    0.5655218406136379
0.3325471698113207    0.5377170167833407
0.33349056603773586    0.5657574747137604
0.334433962264151    0.5730621318216848
0.33537735849056605    0.5617516950095469
0.3363207547169811    0.5777748138267973
0.33726415094339623    0.5485561853950995
0.3382075471698114    0.5575102812048134
0.3391509433962264    0.5575102812049446
0.34009433962264146    0.5565677448037909
0.3410377358490566    0.5683494498165722
0.34198113207547176    0.5723552295209179
0.3429245283018868    0.5487918194954844
0.34386792452830184    0.5551539402022572
0.344811320754717    0.5749472046237297
0.34575471698113214    0.5556252084027683
0.3466981132075472    0.5546826720018764
0.3476415094339622    0.5657574747137604
0.34858490566037736    0.5461998443925433
0.3495283018867925    0.5518550627986782
0.35047169811320755    0.5657574747138935
0.3514150943396226    0.5827231299321655
0.35235849056603774    0.5568033789040465
0.3533018867924529    0.5777748138267973
0.35424528301886793    0.5841369345338366
0.35518867924528297    0.5707057908191285
0.3561320754716981    0.5626942314104372
0.35707547169811327    0.5466711125930545
0.3580188679245283    0.563165499611081
0.35896226415094334    0.5605735245081366
0.3599056603773585    0.5737690341224516
0.36084905660377364    0.5883783483383005
0.3617924528301887    0.56976325441824
0.3627358490566037    0.5650505724129934
0.36367924528301887    0.5549183061020015
0.364622641509434    0.5396020895853857
0.36556603773584906    0.5707057908192628
0.3665094339622641    0.5575102812048134
0.36745283018867925    0.5518550627986782
0.3683962264150944    0.5751828387239853
0.36933962264150944    0.5617516950095469
0.3702830188679245    0.5643436701122265
0.3712264150943396    0.5525619650994452
0.3721698113207548    0.5650505724129934
0.3731132075471698    0.5636367678115923
0.37405660377358485    0.5513837945981671
0.375    0.5650505724129934
0.37594339622641515    0.5674069134155497
0.3768867924528302    0.5608091586085242
0.3778301886792452    0.5657574747137604
0.3787735849056604    0.5664643770145272
0.3797169811320755    0.5447860397910095
0.38066037735849056    0.5603378904080129
0.3816037735849056    0.5485561853950995
0.38254716981132075    0.5516194286984227
0.3834905660377359    0.5718839613204066
0.38443396226415094    0.5591597199067344
0.385377358490566    0.5558608425030239
0.38632075471698113    0.5546826720017458
0.3872641509433963    0.577303545626286
0.3882075471698113    0.5676425475159389
0.38915094339622636    0.5575102812048134
0.3900943396226415    0.559630988107114
0.39103773584905666    0.564108036011971
0.3919811320754717    0.5636367678115923
0.39292452830188673    0.5593953540068584
0.3938679245283019    0.5546826720017458
0.39481132075471703    0.5504412581971445
0.39575471698113207    0.56976325441824
0.3966981132075471    0.5697632544181059
0.39764150943396226    0.5718839613204066
0.3985849056603774    0.5831943981326767
0.39952830188679245    0.5718839613205412
0.4004716981132075    0.560337890407881
0.40141509433962264    0.5831943981326767
0.4023584905660378    0.5904990552406012
0.4033018867924528    0.5801311548294902
0.40424528301886786    0.5820162276313985
0.405188679245283    0.5638724019117154
0.40613207547169816    0.5433722351894757
0.4070754716981132    0.5704701567190071
0.40801886792452824    0.5782460820273086
0.4089622641509434    0.5551539402022572
0.40990566037735854    0.5690563521173391
0.4108490566037736    0.5768322774259106
0.4117924528301886    0.5723552295209179
0.41273584905660377    0.571648327220151
0.4136792452830189    0.5601022563076253
0.41462264150943395    0.5575102812049446
0.415566037735849    0.559630988107114
0.41650943396226414    0.5996887851505706
0.4174528301886793    0.5775391797265417
0.41839622641509433    0.5638724019118481
0.41933962264150937    0.5648149383127378
0.4202830188679245    0.5730621318216848
0.42122641509433967    0.5751828387239853
0.4221698113207547    0.5813093253307686
0.42311320754716975    0.5775391797265417
0.4240566037735849    0.599453151050315
0.42500000000000004    0.589320884739323
0.4259433962264151    0.5872001778371606
0.4268867924528301    0.5862576414359999
0.42783018867924527    0.5749472046237297
0.4287735849056604    0.5827231299321655
0.42971698113207546    0.593562298544064
0.4306603773584905    0.5980393464487812
0.43160377358490565    0.5883783483383005
0.4325471698113208    0.5690563521173391
0.43349056603773584    0.5773035456264219
0.4344339622641509    0.5914415916416237
0.435377358490566    0.567878181616061
0.4363207547169812    0.5954473713459694
0.4372641509433962    0.5784817161277004
0.43820754716981125    0.5867289096365111
0.4391509433962264    0.6187751472712765
0.44009433962264155    0.583665666333188
0.4410377358490566    0.6029876625542914
0.4419811320754716    0.5890852506390674
0.4429245283018868    0.5963899077469919
0.4438679245283019    0.5919128598421349
0.44481132075471697    0.5801311548294902
0.445754716981132    0.5921484939423906
0.44669811320754715    0.5952117372457137
0.4476415094339623    0.5912059575413681
0.44858490566037745    0.563401133711204
0.4495283018867925    0.5848438368346038
0.45047169811320753    0.5869645437367668
0.4514150943396227    0.5973324441480143
0.45235849056603783    0.5860220073357443
0.45330188679245287    0.5933266644438083
0.4542452830188679    0.589320884739323
0.45518867924528306    0.6046371012559388
0.4561320754716982    0.594976103145458
0.45707547169811324    0.5829587640325583
0.4580188679245283    0.5756541069244967
0.45896226415094343    0.5763610092252636
0.4599056603773586    0.5904990552406012
0.4608490566037736    0.5886139824386947
0.46179245283018866    0.593091030343413
0.4627358490566038    0.6018094920528713
0.46367924528301896    0.6008669556518488
0.464622641509434    0.5711770590197741
0.46556603773584904    0.6135911970656527
0.4665094339622642    0.6211314882738326
0.46745283018867934    0.5904990552406012
0.4683962264150944    0.6098210514617061
0.4693396226415094    0.6147693675669308
0.47028301886792456    0.5966255418472475
0.4712264150943397    0.6173613426697426
0.47216981132075475    0.6055796376571038
0.4731132075471698    0.5803667889296091
0.47405660377358494    0.5747115705234742
0.4750000000000001    0.6218383905745996
0.4759433962264151    0.5803667889297458
0.47688679245283017    0.5942692008446911
0.4778301886792453    0.6036945648549162
0.47877358490566047    0.6296143158830352
0.4797169811320755    0.5999244192509674
0.48066037735849054    0.6218383905745996
0.4816037735849057    0.6062865399577282
0.48254716981132084    0.6175969767699983
0.4834905660377359    0.613591197065797
0.4844339622641509    0.603223296654405
0.48537735849056607    0.6006313215515932
0.4863207547169812    0.6109992219628407
0.48726415094339626    0.6027520284540356
0.4882075471698113    0.6135911970656527
0.48915094339622645    0.6013382238523599
0.4900943396226416    0.6180682449705095
0.49103773584905663    0.6020451261532686
0.49198113207547167    0.6213671223740883
0.4929245283018868    0.6081716127597732
0.49386792452830197    0.6140624652661638
0.494811320754717    0.594269200844831
0.49575471698113205    0.6194820495720432
0.4966981132075472    0.6100566855618182
0.49764150943396235    0.6175969767699983
0.4985849056603774    0.6265510725798595
0.4995283018867924    0.6150050016671864
0.5004716981132076    0.6223096587751108
0.5014150943396227    0.6331488273868696
0.5023584905660378    0.6081716127599163
0.5033018867924528    0.6157119039679532
0.504245283018868    0.6044014671556832
0.5051886792452831    0.6267867066799677
0.5061320754716981    0.6237234633767914
0.5070754716981132    0.6416316549960722
0.5080188679245283    0.6282005112815015
0.5089622641509435    0.6340913637878921
0.5099056603773585    0.6369189729911097
0.5108490566037736    0.6505857508057861
0.5117924528301887    0.6220740246748552
0.5127358490566039    0.6234878292763889
0.5136792452830189    0.6178326108703993
0.5146226415094339    0.6322062909858471
0.5155660377358491    0.6117061242636076
0.5165094339622642    0.6343269978881478
0.5174528301886793    0.6439879959987801
0.5183962264150943    0.6168900744692314
0.5193396226415095    0.6168900744692314
0.5202830188679246    0.6479937757029741
0.5212264150943396    0.6326775591865073
0.5221698113207547    0.6279648771812458
0.5231132075471698    0.641160386795561
0.524056603773585    0.6249016338779226
0.525    0.6234878292765357
0.5259433962264151    0.6183038790707651
0.5268867924528302    0.6482294098032297
0.5278301886792454    0.6463443370011848
0.5287735849056604    0.6399822162944335
0.5297169811320754    0.6522351895075754
0.5306603773584906    0.6609536512170336
0.5316037735849057    0.6324419250861028
0.5325471698113208    0.6312637545849732
0.5334905660377358    0.638568411692749
0.534433962264151    0.6373902411914709
0.5353773584905661    0.6251372679781784
0.5363207547169812    0.6501144826054278
0.5372641509433962    0.6336200955873809
0.5382075471698113    0.6352695342891702
0.5391509433962265    0.6340913637878921
0.5400943396226415    0.6581260420141211
0.5410377358490566    0.643045459597606
0.5419811320754717    0.6534133600088535
0.5429245283018869    0.6475225075024629
0.5438679245283019    0.6383327775926437
0.5448113207547169    0.6472868734022073
0.5457547169811321    0.6571835056129436
0.5466981132075472    0.6390396798932603
0.5476415094339623    0.6350339001890641
0.5485849056603773    0.6739135267310931
0.5495283018867925    0.6534133600088535
0.5504716981132076    0.662603089918823
0.5514150943396227    0.6133555629655413
0.5523584905660377    0.6378615093919822
0.5533018867924528    0.6501144826052748
0.554245283018868    0.6435167277981173
0.555188679245283    0.6411603867957119
0.5561320754716981    0.6477581416027185
0.5570754716981132    0.6680226742247024
0.5580188679245284    0.6696721129264919
0.5589622641509434    0.652235189507729
0.5599056603773584    0.6508213849060416
0.5608490566037736    0.6326775591863584
0.5617924528301887    0.6918217183505208
0.5627358490566038    0.6680226742248597
0.5636792452830188    0.6484650439034854
0.564622641509434    0.6654306991218905
0.5655660377358491    0.6536489941091091
0.5665094339622642    0.6388040457931551
0.5674528301886792    0.6609536512170336
0.5683962264150944    0.6654306991218905
0.5693396226415095    0.6724997221295593
0.5702830188679245    0.6668445037235813
0.5712264150943396    0.6703790152272586
0.5721698113207547    0.6614249194175448
0.5731132075471699    0.6531777259085979
0.5740566037735849    0.6444592641992913
0.575    0.6618961876180561
0.5759433962264151    0.6887584750471976
0.5768867924528303    0.6576547738134548
0.5778301886792453    0.6800400133378994
0.5787735849056603    0.6739135267310931
0.5797169811320755    0.6647237968211237
0.5806603773584906    0.6545915305101316
0.5816037735849057    0.6774480382350869
0.5825471698113207    0.6635456263198455
0.5834905660377359    0.6828676225408069
0.584433962264151    0.654355896409876
0.585377358490566    0.6805112815384108
0.5863207547169811    0.67839057463595
0.5872641509433962    0.6774480382349275
0.5882075471698114    0.675798599533138
0.5891509433962264    0.7109080804713939
0.5900943396226415    0.708080471268159
0.5910377358490566    0.6939424252528213
0.5919811320754718    0.6647237968211237
0.5929245283018868    0.6948849616540074
0.5938679245283018    0.7132644214737828
0.594811320754717    0.6703790152272586
0.5957547169811321    0.6614249194175448
0.5966981132075472    0.6656663332223028
0.5976415094339622    0.6899366455484757
0.5985849056603774    0.6828676225408069
0.5995283018867925    0.7003045459597232
0.6004716981132076    0.6887584750473597
0.6014150943396226    0.6991263754584451
0.6023584905660377    0.7078448371679034
0.6033018867924529    0.6991263754584451
0.6042452830188679    0.6880515727465927
0.605188679245283    0.6826319884405513
0.6061320754716981    0.7017183505612571
0.6070754716981133    0.686637768144897
0.6080188679245283    0.6845170612427575
0.6089622641509433    0.7028965210625352
0.6099056603773585    0.7057241302656027
0.6108490566037736    0.6908791819494983
0.6117924528301887    0.6953562298545188
0.6127358490566037    0.697948204957167
0.6136792452830189    0.7120862509725047
0.614622641509434    0.6892297432477089
0.6155660377358491    0.6995976436591211
0.6165094339622641    0.7146782260753165
0.6174528301886792    0.7231610536845191
0.6183962264150944    0.6920573524507764
0.6193396226415094    0.6972413026565644
0.6202830188679245    0.7028965210625352
0.6212264150943396    0.7146782260753165
0.6221698113207548    0.6937067911525657
0.6231132075471698    0.6831032566412233
0.6240566037735849    0.6967700344558889
0.625    0.724574858286053
0.6259433962264151    0.7146782260753165
0.6268867924528302    0.721982883183411
0.6278301886792452    0.7193909080804292
0.6287735849056604    0.7094942758696927
0.6297169811320755    0.6934711570523101
0.6306603773584906    0.7111437145716495
0.6316037735849056    0.6814538179392732
0.6325471698113208    0.7217472490829854
0.6334905660377359    0.7111437145714822
0.6344339622641509    0.7384772702013087
0.635377358490566    0.7304657107924435
0.6363207547169811    0.7212759808824741
0.6372641509433963    0.7156207624763391
0.6382075471698113    0.7354140268979849
0.6391509433962264    0.7299944425919324
0.6400943396226415    0.7052528620650915
0.6410377358490567    0.7135000555740384
0.6419811320754717    0.7036034233634677
0.6429245283018867    0.7097299099699483
0.6438679245283019    0.7007758141602346
0.644811320754717    0.7248104923863086
0.6457547169811321    0.6838101589419904
0.6466981132075471    0.7182127375791509
0.6476415094339623    0.7109080804712264
0.6485849056603774    0.7191552739801735
0.6495283018867924    0.72858063799057
0.6504716981132075    0.7255173946870754
0.6514150943396226    0.7144425919750609
0.6523584905660378    0.6932355229520545
0.6533018867924528    0.721982883183411
0.6542452830188679    0.7127931532732715
0.655188679245283    0.7257530287873311
0.6561320754716982    0.7078448371679034
0.6570754716981132    0.7071379348673029
0.6580188679245282    0.7151494942758279
0.6589622641509434    0.7172702011781285
0.6599056603773585    0.7125575191730159
0.6608490566037736    0.7177414693788087
0.6617924528301886    0.7295231743914211
0.6627358490566038    0.7380060020006236
0.6636792452830189    0.7146782260753165
0.664622641509434    0.7146782260754847
0.665566037735849    0.7153851283760835
0.6665094339622641    0.716327664777106
0.6674528301886793    0.7257530287873311
0.6683962264150943    0.6979482049573313
0.6693396226415094    0.7224541513837522
0.6702830188679245    0.7012470823607458
0.6712264150943397    0.7120862509725047
0.6721698113207547    0.7212759808826439
0.6731132075471697    0.6995976436589565
0.6740566037735849    0.6991263754584451
0.675    0.7198621762809403
0.6759433962264151    0.6913504501501722
0.6768867924528301    0.6939424252528213
0.6778301886792453    0.7144425919750609
0.6787735849056604    0.7167989329776172
0.6797169811320755    0.6932355229522177
0.6806603773584905    0.7335289540957668
0.6816037735849056    0.74413248860727
0.6825471698113208    0.7090230076691815
0.6834905660377358    0.7097299099701154
0.6844339622641509    0.708080471268159
0.685377358490566    0.7123218850727603
0.6863207547169812    0.7347071245970449
0.6872641509433962    0.7217472490831552
0.6882075471698113    0.7391841725019017
0.6891509433962264    0.7094942758696927
0.6900943396226416    0.7158563965765947
0.6910377358490567    0.6995976436589565
0.6919811320754717    0.7212759808826439
0.6929245283018868    0.7019539846615126
0.6938679245283019    0.7050172279648359
0.6948113207547171    0.7299944425919324
0.6957547169811321    0.7120862509726723
0.6966981132075472    0.7212759808824741
0.6976415094339623    0.7047815938645803
0.6985849056603775    0.7224541513837522
0.6995283018867925    0.7349427586974735
0.7004716981132075    0.7139713237745497
0.7014150943396227    0.6887584750471976
0.7023584905660378    0.7151494942758279
0.7033018867924529    0.7109080804713939
0.7042452830188679    0.697948204957167
0.7051886792452831    0.713735689674294
0.7061320754716982    0.7106724463709709
0.7070754716981132    0.7184483716795758
0.7080188679245283    0.6932355229520545
0.7089622641509434    0.7191552739801735
0.7099056603773586    0.7116149827719934
0.7108490566037736    0.7208047126821325
0.7117924528301887    0.7047815938645803
0.7127358490566038    0.7307013448926992
0.713679245283019    0.716327664777106
0.714622641509434    0.721982883183411
0.715566037735849    0.706195398466114
0.7165094339622642    0.7078448371679034
0.7174528301886793    0.6962987662553777
0.7183962264150944    0.72858063799057
0.7193396226415094    0.6894653773479645
0.7202830188679246    0.7026608869622796
0.7212264150943397    0.7003045459597232
0.7221698113207548    0.7179771034790643
0.7231132075471698    0.7019539846615126
0.7240566037735849    0.7019539846615126
0.7250000000000001    0.7266955651883534
0.7259433962264151    0.6708502834279277
0.7268867924528302    0.6998332777592121
0.7278301886792453    0.7094942758696927
0.7287735849056605    0.7076092030676477
0.7297169811320755    0.698183839057587
0.7306603773584905    0.7043103256640689
0.7316037735849057    0.6635456263198455
0.7325471698113208    0.6741491608313487
0.7334905660377359    0.6741491608315073
0.7344339622641509    0.6637812604201011
0.7353773584905661    0.6743847949316043
0.7363207547169812    0.672735356229815
0.7372641509433963    0.6633099922197461
0.7382075471698113    0.6977125708569114
0.7391509433962264    0.6948849616538438
0.7400943396226416    0.6809825497387618
0.7410377358490566    0.6628387240192347
0.7419811320754717    0.6859308658441301
0.7429245283018868    0.6776836723351831
0.743867924528302    0.6651950650216348
0.744811320754717    0.67674113593432
0.745754716981132    0.6494075803045078
0.7466981132075472    0.6644881627208681
0.7476415094339623    0.6593042125152443
0.7485849056603774    0.6571835056130982
0.7495283018867924    0.6689652106257249
0.7504716981132076    0.6623674558185674
0.7514150943396227    0.6649594309213792
0.7523584905660378    0.6168900744693765
0.7533018867924528    0.660011114816011
0.754245283018868    0.6654306991218905
0.7551886792452831    0.6319706568855915
0.7561320754716981    0.6442236300990357
0.7570754716981132    0.6611892853172893
0.7580188679245283    0.6406891185950496
0.7589622641509435    0.622780926975622
0.7599056603773585    0.6282005112816493
0.7608490566037736    0.646815605201696
0.7617924528301887    0.6371546070912153
0.7627358490566039    0.6267867066799677
0.7636792452830189    0.6364477047905982
0.7646226415094339    0.6142980993664194
0.7655660377358491    0.6284361453817571
0.7665094339622642    0.6204245859730658
0.7674528301886793    0.6124130265645187
0.7683962264150943    0.6274936089807346
0.7693396226415095    0.6359764365899372
0.7702830188679246    0.6140624652661638
0.7712264150943396    0.5791886184284674
0.7721698113207547    0.6006313215515932
0.7731132075471698    0.5822518617316542
0.774056603773585    0.6093497832610513
0.775    0.5921484939425299
0.7759433962264151    0.5879070801377893
0.7768867924528302    0.5827231299321655
0.7778301886792454    0.5881427142380449
0.7787735849056604    0.5874358119374162
0.7797169811320754    0.5867289096365111
0.7806603773584906    0.5761253751250079
0.7816037735849057    0.5846082027342104
0.7825471698113208    0.5652862065133821
0.7834905660377358    0.5570390130043021
0.784433962264151    0.5605735245081366
0.7853773584905661    0.5450216738912651
0.7863207547169812    0.5450216738913934
0.7872641509433962    0.5582171835055803
0.7882075471698113    0.5320617983772057
0.7891509433962265    0.5379526508835963
0.7900943396226415    0.532768700678098
0.7910377358490566    0.5193375569634018
0.7919811320754717    0.5139179726575224
0.7929245283018869    0.5212226297654469
0.7938679245283019    0.5101478270535524
0.7948113207547169    0.5504412581971445
0.7957547169811321    0.5143892408580337
0.7966981132075472    0.5094409247526656
0.7976415094339623    0.5073202178504842
0.7985849056603773    0.5212226297654469
0.7995283018867925    0.47503834611534396
0.8004716981132076    0.4948316105368166
0.8014150943396227    0.49412470823616605
0.8023584905660377    0.4887051239301703
0.8033018867924528    0.4818717350227571
0.804245283018868    0.48446371012556905
0.805188679245283    0.47857285761929097
0.8061320754716981    0.4651417139046076
0.8070754716981132    0.45972212959872816
0.8080188679245284    0.4486473268867137
0.8089622641509434    0.4557163498944898
0.8099056603773584    0.42979659886626354
0.8108490566037736    0.4335667444703536
0.8117924528301887    0.4432277425808343
0.8127358490566038    0.4399288651773591
0.8136792452830188    0.4283827942647298
0.814622641509434    0.40481938423916713
0.8155660377358491    0.409296432144024
0.8165094339622642    0.4102389685451431
0.8174528301886792    0.4151872846504147
0.8183962264150944    0.4147160164499034
0.8193396226415095    0.40623318884070087
0.8202830188679245    0.39610092252980217
0.8212264150943396    0.36853173279980056
0.8221698113207547    0.3687673669000562
0.8231132075471699    0.3784283650105369
0.8240566037735849    0.384319217517018
0.825    0.361933977992643
0.8259433962264151    0.35769256418804174
0.8268867924528303    0.3515660775813954
0.8278301886792453    0.3367211292653702
0.8287735849056603    0.3529798821829292
0.8297169811320755    0.36287651439366553
0.8306603773584906    0.33083027675890025
0.8316037735849057    0.3296521062576997
0.8325471698113207    0.32399688785148706
0.8334905660377359    0.3268244970545546
0.834433962264151    0.31881293764586327
0.835377358490566    0.3164565966433815
0.8363207547169811    0.2973702345226012
0.8372641509433962    0.2997265755251575
0.8382075471698114    0.2825252862064967
0.8391509433962264    0.3044392575303417
0.8400943396226415    0.2865310659108424
0.8410377358490566    0.2789907747026623
0.8419811320754718    0.27569189729908355
0.8429245283018868    0.27121484939429047
0.8438679245283018    0.25919751028118965
0.844811320754717    0.2568411692786334
0.8457547169811321    0.2584906079804228
0.8466981132075472    0.2716861175948018
0.8476415094339622    0.2561342669778665
0.8485849056603774    0.2323352228520482
0.8495283018867925    0.23209958875179254
0.8504716981132076    0.2427031232633529
0.8514150943396226    0.22927197954872502
0.8523584905660377    0.22385239524284561
0.8533018867924529    0.23115705235077003
0.8542452830188679    0.2316283205513358
0.855188679245283    0.21207069023006428
0.8561320754716981    0.213484494831598
0.8570754716981133    0.21277759253083114
0.8580188679245283    0.22455929754366535
0.8589622641509433    0.19769701011447102
0.8599056603773585    0.19180615760808034
0.8608490566037736    0.19039235300654658
0.8617924528301887    0.1875647438035232
0.8627358490566037    0.17554740469044208
0.8636792452830189    0.1870934756029678
0.864622641509434    0.18379459819938904
0.8655660377358491    0.17177725908639246
0.8665094339622641    0.16730021118149513
0.8674528301886792    0.17201289318660767
0.8683962264150944    0.17413360008890832
0.8693396226415094    0.1621162609759095
0.8702830188679245    0.1581104812715257
0.8712264150943396    0.164236967878172
0.8721698113207548    0.15363343336666876
0.8731132075471698    0.15057019006338104
0.8740566037735849    0.13737468044903053
0.875    0.1529265310659019
0.8759433962264151    0.14020228965209802
0.8768867924528302    0.15174836056465946
0.8778301886792452    0.13643214404800802
0.8787735849056604    0.1416160942536318
0.8797169811320755    0.13831721685005302
0.8806603773584906    0.14161609425366511
0.8816037735849056    0.1387884850505643
0.8825471698113208    0.1258286095365048
0.8834905660377359    0.11828831832832473
0.8844339622641509    0.13313326664446057
0.885377358490566    0.12300100033343726
0.8863207547169811    0.13148382794263982
0.8872641509433963    0.12535734133599355
0.8882075471698113    0.11098366122042642
0.8891509433962264    0.13171946204289547
0.8900943396226415    0.12229409803267038
0.8910377358490567    0.11357563632321219
0.8919811320754717    0.11711014782707417
0.8929245283018867    0.11711014782704661
0.8938679245283019    0.11711014782704661
0.894811320754717    0.10627097921528776
0.8957547169811321    0.12182282983218781
0.8966981132075471    0.1083916861175884
0.8976415094339623    0.11334000222295658
0.8985849056603774    0.10532844281426525
0.8995283018867924    0.10532844281429005
0.9004716981132075    0.10956985661886653
0.9014150943396226    0.11051239301988904
0.9023584905660378    0.10532844281426525
0.9033018867924528    0.10438590641326731
0.9042452830188679    0.11216183172167843
0.905188679245283    0.09990885850838582
0.9061320754716982    0.11098366122040029
0.9070754716981132    0.10886295431812527
0.9080188679245282    0.0970812493053183
0.9089622641509434    0.10038012670889708
0.9099056603773585    0.1057997110147765
0.9108490566037736    0.10085139490943208
0.9117924528301886    0.09755251750582956
0.9127358490566038    0.10721351561631026
0.9136792452830189    0.0987306880071077
0.914622641509434    0.10532844281429005
0.915566037735849    0.09519617650327329
0.9165094339622641    0.11263309992218969
0.9174528301886793    0.09448927420250641
0.9183962264150943    0.09260420140048319
0.9193396226415094    0.10273646771145335
0.9202830188679245    0.09613871290429579
0.9212264150943397    0.09236856730020578
0.9221698113207547    0.09448927420252866
0.9231132075471697    0.10202956541068647
0.9240566037735849    0.09590307880404017
0.925    0.09849505390685206
0.9259433962264151    0.09236856730022751
0.9268867924528301    0.0935467378014839
0.9278301886792453    0.08883405579637137
0.9287735849056604    0.08600644659330384
0.9297169811320755    0.0900122262976707
0.9306603773584905    0.09189729909969452
0.9316037735849056    0.09001222629764949
0.9325471698113208    0.08317883739023631
0.933490566037736    0.08200066688895818
0.934433962264151    0.07870178948539792
0.935377358490566    0.0864777147938151
0.9363207547169812    0.08365010559074756
0.9372641509433963    0.08694898299432635
0.9382075471698114    0.07304657107926155
0.9391509433962264    0.07516727798154499
0.9400943396226416    0.07398910748026687
0.9410377358490567    0.07823052128486815
0.9419811320754717    0.07846615538514225
0.9429245283018868    0.07045459597643246
0.9438679245283019    0.06880515727464306
0.9448113207547171    0.07281093697898873
0.9457547169811321    0.07351783927977291
0.9466981132075472    0.06079359786595176
0.9476415094339623    0.06692008447259806
0.9485849056603775    0.06362120706901928
0.9495283018867925    0.06008669556519902
0.9504716981132075    0.06809825497387618
0.9514150943396227    0.06479937757029741
0.9523584905660378    0.06409247526953053
0.9533018867924529    0.05985106146494334
0.9542452830188679    0.05820162276313986
0.9551886792452831    0.04971879515393729
0.9561320754716982    0.04736245415138102
0.9570754716981132    0.05301767255752854
0.9580188679245283    0.04429921084805787
0.9589622641509434    0.04571301544959163
0.9599056603773586    0.0516038679559823
0.9608490566037736    0.044770479048579656
0.9617924528301887    0.04170723574524597
0.9627358490566038    0.03440257863732153
0.963679245283019    0.03181060353450964
0.964622641509434    0.03369567633656259
0.965566037735849    0.02945426253195337
0.9665094339622642    0.023563410025562694
0.9674528301886793    0.019793264421472664
0.9683962264150944    0.022856507724801196
0.9693396226415094    0.01790819161942765
0.9702830188679246    0.01531621651661575
0.9712264150943397    0.009896632210736332
0.9721698113207548    0.010839168611761391
0.9731132075471698    0.010603534511503214
0.9740566037735849    0.00777592530843569
0.9750000000000001    0.00848282760920257
0.9759433962264151    0.006126486606647743
0.9768867924528302    0.004712682005112539
0.9778301886792453    0.0023563410025562695
0.9787735849056605    0.0018850728020450157
0.9797169811320755    0.001178170501278412
0.9806603773584905    0.0014138046015337617
0.9816037735849057    0.0009425364010225078
0.9825471698113208    0.0007069023007668808
0.9834905660377359    0.0009425364010227297
0.9844339622641509    0.00023563410025562696
0.9853773584905661    0.0
0.9863207547169812    0.0
0.9872641509433963    0.0
0.9882075471698113    0.0
0.9891509433962264    0.0
0.9900943396226416    0.0
0.9910377358490566    0.0
0.9919811320754717    0.0
0.9929245283018868    0.0
0.993867924528302    0.0
0.994811320754717    0.0
0.995754716981132    0.0
0.9966981132075472    0.0
0.9976415094339623    0.0
0.9985849056603774    0.0
0.9995283018867924    0.0