-0.9995283018867924    0.0
-0.9985849056603773    0.0
-0.9976415094339622    0.0
-0.9966981132075472    0.0
-0.995754716981132    0.0
-0.9948113207547169    0.0
-0.9938679245283019    0.0
-0.9929245283018868    0.0
-0.9919811320754717    0.0
-0.9910377358490565    0.0
-0.9900943396226415    0.0
-0.9891509433962264    0.0
-0.9882075471698113    0.0
-0.9872641509433961    0.0
-0.9863207547169811    0.0
-0.9853773584905661    0.0
-0.9844339622641509    0.0
-0.9834905660377358    0.0
-0.9825471698113207    0.0
-0.9816037735849057    0.0
-0.9806603773584905    0.0
-0.9797169811320754    0.0
-0.9787735849056604    0.0
-0.9778301886792453    0.0
-0.9768867924528302    0.0
-0.975943396226415    0.0
-0.975    0.0
-0.9740566037735849    0.0
-0.9731132075471698    0.0
-0.9721698113207546    0.0
-0.9712264150943396    0.0
-0.9702830188679246    0.0
-0.9693396226415094    0.0
-0.9683962264150943    0.0
-0.9674528301886792    0.0
-0.9665094339622642    0.0
-0.965566037735849    0.0
-0.9646226415094339    0.0
-0.9636792452830188    0.0
-0.9627358490566038    0.0
-0.9617924528301887    0.0
-0.9608490566037735    0.0
-0.9599056603773585    0.0
-0.9589622641509434    0.0
-0.9580188679245283    0.0
-0.9570754716981131    0.0
-0.9561320754716981    0.0
-0.9551886792452831    0.0
-0.9542452830188679    0.0
-0.9533018867924528    0.0
-0.9523584905660377    0.0
-0.9514150943396227    0.0
-0.9504716981132075    0.0
-0.9495283018867924    0.0
-0.9485849056603773    0.0
-0.9476415094339623    0.0
-0.9466981132075472    0.0
-0.945754716981132    0.0
-0.944811320754717    0.0
-0.9438679245283019    0.0
-0.9429245283018868    0.0
-0.9419811320754716    0.0
-0.9410377358490566    0.0
-0.9400943396226416    0.0
-0.9391509433962264    0.0
-0.9382075471698113    0.0
-0.9372641509433962    0.0
-0.9363207547169812    0.0
-0.935377358490566    0.0
-0.9344339622641509    0.0
-0.9334905660377358    0.0
-0.9325471698113208    0.0
-0.9316037735849056    0.0
-0.9306603773584905    0.0
-0.9297169811320755    0.0
-0.9287735849056604    0.0
-0.9278301886792453    0.0
-0.9268867924528301    0.0
-0.9259433962264151    0.0
-0.925    0.0
-0.9240566037735849    0.0
-0.9231132075471697    0.0
-0.9221698113207547    0.0
-0.9212264150943397    0.0
-0.9202830188679245    0.0
-0.9193396226415094    0.0
-0.9183962264150943    0.0
-0.9174528301886793    0.0
-0.9165094339622641    0.0
-0.915566037735849    0.0
-0.914622641509434    0.0
-0.9136792452830189    0.0
-0.9127358490566038    0.0
-0.9117924528301886    0.0
-0.9108490566037736    0.0
-0.9099056603773585    0.0
-0.9089622641509434    0.0
-0.9080188679245282    0.0
-0.9070754716981132    0.0
-0.9061320754716982    0.0
-0.905188679245283    0.0
-0.9042452830188679    0.0
-0.9033018867924528    0.0
-0.9023584905660378    0.0
-0.9014150943396226    0.0
-0.9004716981132075    0.0
-0.8995283018867924    0.0
-0.8985849056603774    0.0
-0.8976415094339623    0.0
-0.8966981132075471    0.0
-0.8957547169811321    0.0
-0.894811320754717    0.0
-0.8938679245283019    0.0
-0.8929245283018867    0.0
-0.8919811320754717    0.0
-0.8910377358490567    0.0
-0.8900943396226415    0.0
-0.8891509433962264    0.0
-0.8882075471698113    0.0
-0.8872641509433963    0.0
-0.8863207547169811    0.0
-0.885377358490566    0.0
-0.8844339622641509    0.0
-0.8834905660377359    0.0
-0.8825471698113208    0.0
-0.8816037735849056    0.0
-0.8806603773584906    0.0
-0.8797169811320755    0.0
-0.8787735849056604    0.0
-0.8778301886792452    0.0
-0.8768867924528302    0.0
-0.8759433962264151    0.0
-0.875    0.0
-0.8740566037735849    0.0
-0.8731132075471698    0.0
-0.8721698113207548    0.0
-0.8712264150943396    0.0
-0.8702830188679245    0.0
-0.8693396226415094    0.0
-0.8683962264150944    0.0
-0.8674528301886792    0.0
-0.8665094339622641    0.0
-0.8655660377358491    0.0
-0.864622641509434    0.0
-0.8636792452830189    0.0
-0.8627358490566037    0.0
-0.8617924528301887    0.0
-0.8608490566037736    0.0
-0.8599056603773585    0.0
-0.8589622641509433    0.0
-0.8580188679245283    0.0
-0.8570754716981133    0.0
-0.8561320754716981    0.0
-0.855188679245283    0.0
-0.8542452830188679    0.0
-0.8533018867924529    0.0
-0.8523584905660377    0.0
-0.8514150943396226    0.0
-0.8504716981132076    0.0
-0.8495283018867925    0.0
-0.8485849056603774    0.0
-0.8476415094339622    0.0
-0.8466981132075472    0.0
-0.8457547169811321    0.0
-0.844811320754717    0.0
-0.8438679245283018    0.0
-0.8429245283018868    0.0
-0.8419811320754718    0.0
-0.8410377358490566    0.0
-0.8400943396226415    0.0
-0.8391509433962264    0.0
-0.8382075471698114    0.0
-0.8372641509433962    0.0
-0.8363207547169811    0.0
-0.835377358490566    0.0
-0.834433962264151    0.0
-0.8334905660377359    0.0
-0.8325471698113207    0.0
-0.8316037735849057    0.0
-0.8306603773584906    0.0
-0.8297169811320755    0.0
-0.8287735849056603    0.0
-0.8278301886792453    0.0
-0.8268867924528303    0.0
-0.8259433962264151    0.0
-0.825    0.0
-0.8240566037735849    0.0
-0.8231132075471699    0.0
-0.8221698113207547    0.0
-0.8212264150943396    0.0
-0.8202830188679245    0.0
-0.8193396226415095    0.0
-0.8183962264150944    0.0
-0.8174528301886792    0.0
-0.816509433962264    0.0
-0.8155660377358491    0.0
-0.814622641509434    0.0
-0.8136792452830188    0.0
-0.8127358490566037    0.0
-0.8117924528301887    0.0
-0.8108490566037736    0.0
-0.8099056603773584    0.0
-0.8089622641509433    0.0
-0.8080188679245284    0.0
-0.8070754716981132    0.0
-0.8061320754716981    0.0
-0.8051886792452829    0.0
-0.804245283018868    0.0
-0.8033018867924528    0.0
-0.8023584905660377    0.0
-0.8014150943396225    0.0
-0.8004716981132076    0.0
-0.7995283018867925    0.0
-0.7985849056603773    0.0
-0.7976415094339622    0.0
-0.7966981132075472    0.0
-0.7957547169811321    0.0
-0.7948113207547169    0.0
-0.7938679245283018    0.0
-0.7929245283018869    0.0
-0.7919811320754717    0.0
-0.7910377358490566    0.0
-0.7900943396226414    0.0
-0.7891509433962265    0.0
-0.7882075471698113    0.0
-0.7872641509433962    0.0
-0.786320754716981    0.0
-0.7853773584905661    0.0
-0.784433962264151    0.0
-0.7834905660377358    0.0
-0.7825471698113207    0.0
-0.7816037735849057    0.0
-0.7806603773584906    0.0
-0.7797169811320754    0.0
-0.7787735849056603    0.0
-0.7778301886792454    0.0
-0.7768867924528302    0.0
-0.7759433962264151    0.0
-0.7749999999999999    0.0
-0.774056603773585    0.0
-0.7731132075471698    0.0
-0.7721698113207547    0.0
-0.7712264150943395    0.0
-0.7702830188679246    0.0
-0.7693396226415095    0.0
-0.7683962264150943    0.0
-0.7674528301886792    0.0
-0.7665094339622642    0.0
-0.7655660377358491    0.0
-0.7646226415094339    0.0
-0.7636792452830188    0.0
-0.7627358490566039    0.0
-0.7617924528301887    0.0
-0.7608490566037736    0.0
-0.7599056603773584    0.0
-0.7589622641509435    0.0
-0.7580188679245283    0.0
-0.7570754716981132    0.0
-0.756132075471698    0.0
-0.7551886792452831    0.0
-0.754245283018868    0.0
-0.7533018867924528    0.0
-0.7523584905660377    0.0
-0.7514150943396227    0.0
-0.7504716981132076    0.0
-0.7495283018867924    0.0
-0.7485849056603773    0.0
-0.7476415094339623    0.0
-0.7466981132075472    0.0
-0.745754716981132    0.0
-0.7448113207547169    0.0
-0.743867924528302    0.0
-0.7429245283018868    0.0
-0.7419811320754717    0.0
-0.7410377358490565    0.0
-0.7400943396226416    0.0
-0.7391509433962264    0.0
-0.7382075471698113    0.0
-0.7372641509433961    0.0
-0.7363207547169812    0.0
-0.7353773584905661    0.0
-0.7344339622641509    0.0
-0.7334905660377358    0.0
-0.7325471698113208    0.0
-0.7316037735849057    0.0
-0.7306603773584905    0.0
-0.7297169811320754    0.0
-0.7287735849056605    0.0
-0.7278301886792453    0.0
-0.7268867924528302    0.0
-0.725943396226415    0.0
-0.7250000000000001    0.0
-0.7240566037735849    0.0
-0.7231132075471698    0.0
-0.7221698113207546    0.0
-0.7212264150943397    0.0
-0.7202830188679246    0.0
-0.7193396226415094    0.0
-0.7183962264150943    0.0
-0.7174528301886793    0.0
-0.7165094339622642    0.0
-0.715566037735849    0.0
-0.7146226415094339    0.0
-0.713679245283019    0.0
-0.7127358490566038    0.0
-0.7117924528301887    0.0
-0.7108490566037735    0.0
-0.7099056603773586    0.0
-0.7089622641509434    0.0
-0.7080188679245283    0.0
-0.7070754716981131    0.0
-0.7061320754716982    0.0
-0.7051886792452831    0.0
-0.7042452830188679    0.0
-0.7033018867924528    0.0
-0.7023584905660378    0.0
-0.7014150943396227    0.0
-0.7004716981132075    0.0
-0.6995283018867924    0.0
-0.6985849056603775    0.0
-0.6976415094339623    0.0
-0.6966981132075472    0.0
-0.695754716981132    0.0
-0.6948113207547171    0.0
-0.6938679245283019    0.0
-0.6929245283018868    0.0
-0.6919811320754716    0.0
-0.6910377358490567    0.0
-0.6900943396226416    0.0
-0.6891509433962264    0.0
-0.6882075471698113    0.0
-0.6872641509433963    0.0
-0.6863207547169812    0.0
-0.685377358490566    0.0
-0.6844339622641509    0.0
-0.683490566037736    0.0
-0.6825471698113208    0.0
-0.6816037735849056    0.0
-0.6806603773584905    0.0
-0.6797169811320756    0.0
-0.6787735849056604    0.0
-0.6778301886792453    0.0
-0.6768867924528301    0.0
-0.6759433962264152    0.0
-0.675    0.0
-0.6740566037735849    0.0
-0.6731132075471697    0.0
-0.6721698113207548    0.0
-0.6712264150943397    0.0
-0.6702830188679245    0.0
-0.6693396226415094    0.0
-0.6683962264150944    0.0
-0.6674528301886793    0.0
-0.6665094339622641    0.0
-0.665566037735849    0.0
-0.6646226415094341    0.0
-0.6636792452830189    0.0
-0.6627358490566038    0.0
-0.6617924528301886    0.0
-0.6608490566037737    0.0
-0.6599056603773585    0.0
-0.6589622641509434    0.0
-0.6580188679245282    0.0
-0.6570754716981133    0.0
-0.6561320754716982    0.0
-0.655188679245283    0.0
-0.6542452830188679    0.0
-0.6533018867924529    0.0
-0.6523584905660378    0.0
-0.6514150943396226    0.0
-0.6504716981132075    0.0
-0.6495283018867926    0.0
-0.6485849056603774    0.0
-0.6476415094339623    0.0
-0.6466981132075471    0.0
-0.6457547169811322    0.0
-0.644811320754717    0.0
-0.6438679245283019    0.0
-0.6429245283018867    0.0
-0.6419811320754718    0.0
-0.6410377358490567    0.0
-0.6400943396226415    0.00023563410025562696
-0.6391509433962264    0.0
-0.6382075471698113    0.0
-0.6372641509433963    0.0
-0.6363207547169811    0.0
-0.635377358490566    0.0
-0.6344339622641508    0.0
-0.6334905660377359    0.00023563410025565466
-0.6325471698113208    0.00023563410025562696
-0.6316037735849056    0.0
-0.6306603773584905    0.0
-0.6297169811320755    0.0
-0.6287735849056604    0.0
-0.6278301886792452    0.0
-0.6268867924528301    0.0
-0.6259433962264151    0.0
-0.625    0.0
-0.6240566037735849    0.0
-0.6231132075471697    0.0
-0.6221698113207548    0.0
-0.6212264150943396    0.0
-0.6202830188679245    0.0
-0.6193396226415093    0.0
-0.6183962264150944    0.0
-0.6174528301886792    0.0
-0.6165094339622641    0.0
-0.615566037735849    0.00023563410025565466
-0.614622641509434    0.0
-0.6136792452830189    0.00023563410025562696
-0.6127358490566037    0.0
-0.6117924528301886    0.0
-0.6108490566037736    0.0
-0.6099056603773585    0.0009425364010225078
-0.6089622641509433    0.0
-0.6080188679245282    0.0
-0.6070754716981133    0.0
-0.6061320754716981    0.0
-0.605188679245283    0.0
-0.6042452830188678    0.0
-0.6033018867924529    0.0
-0.6023584905660377    0.00023563410025562696
-0.6014150943396226    0.0
-0.6004716981132074    0.00023563410025565466
-0.5995283018867925    0.0
-0.5985849056603774    0.0
-0.5976415094339622    0.0
-0.5966981132075471    0.0
-0.5957547169811321    0.0
-0.594811320754717    0.0007069023007668808
-0.5938679245283018    0.0
-0.5929245283018867    0.0
-0.5919811320754718    0.00023563410025565466
-0.5910377358490566    0.0
-0.5900943396226415    0.0
-0.5891509433962263    0.0
-0.5882075471698114    0.0
-0.5872641509433962    0.0
-0.5863207547169811    0.0
-0.5853773584905659    0.0
-0.584433962264151    0.0
-0.5834905660377359    0.0
-0.5825471698113207    0.0
-0.5816037735849056    0.0
-0.5806603773584906    0.0
-0.5797169811320755    0.00023563410025562696
-0.5787735849056603    0.0
-0.5778301886792452    0.0
-0.5768867924528303    0.00023563410025565466
-0.5759433962264151    0.0
-0.575    0.0
-0.5740566037735848    0.0
-0.5731132075471699    0.0
-0.5721698113207547    0.0
-0.5712264150943396    0.0
-0.5702830188679244    0.0
-0.5693396226415095    0.0
-0.5683962264150944    0.0004712682005112539
-0.5674528301886792    0.0
-0.566509433962264    0.00023563410025565466
-0.5655660377358491    0.0
-0.564622641509434    0.0
-0.5636792452830188    0.0
-0.5627358490566037    0.0
-0.5617924528301887    0.0
-0.5608490566037736    0.0
-0.5599056603773584    0.0
-0.5589622641509433    0.0
-0.5580188679245284    0.0
-0.5570754716981132    0.0
-0.5561320754716981    0.00023563410025562696
-0.5551886792452829    0.00023563410025565466
-0.554245283018868    0.0
-0.5533018867924528    0.0007069023007668808
-0.5523584905660377    0.00023563410025562696
-0.5514150943396225    0.0
-0.5504716981132076    0.0004712682005113093
-0.5495283018867925    0.00023563410025562696
-0.5485849056603773    0.0004712682005112539
-0.5476415094339622    0.00023563410025565466
-0.5466981132075472    0.0
-0.5457547169811321    0.0
-0.5448113207547169    0.0
-0.5438679245283018    0.0004712682005113093
-0.5429245283018869    0.00023563410025565466
-0.5419811320754717    0.0
-0.5410377358490566    0.00023563410025562696
-0.5400943396226414    0.00023563410025565466
-0.5391509433962265    0.0004712682005113093
-0.5382075471698113    0.0007069023007668808
-0.5372641509433962    0.0
-0.536320754716981    0.00023563410025565466
-0.5353773584905661    0.00023563410025565466
-0.534433962264151    0.0004712682005112539
-0.5334905660377358    0.00023563410025562696
-0.5325471698113207    0.0
-0.5316037735849057    0.0009425364010226187
-0.5306603773584906    0.0007069023007668808
-0.5297169811320754    0.00023563410025562696
-0.5287735849056603    0.00023563410025565466
-0.5278301886792454    0.0004712682005113093
-0.5268867924528302    0.0
-0.5259433962264151    0.00023563410025562696
-0.5249999999999999    0.00023563410025565466
-0.524056603773585    0.0
-0.5231132075471698    0.0004712682005112539
-0.5221698113207547    0.0009425364010225078
-0.5212264150943395    0.0
-0.5202830188679246    0.0004712682005113093
-0.5193396226415095    0.00023563410025562696
-0.5183962264150943    0.0004712682005112539
-0.5174528301886792    0.0007069023007669641
-0.5165094339622642    0.0004712682005113093
-0.5155660377358491    0.00023563410025562696
-0.5146226415094339    0.0004712682005112539
-0.5136792452830188    0.0007069023007669641
-0.5127358490566039    0.0004712682005113093
-0.5117924528301887    0.0004712682005112539
-0.5108490566037736    0.0007069023007668808
-0.5099056603773584    0.0011781705012782733
-0.5089622641509435    0.00023563410025565466
-0.5080188679245283    0.0011781705012781348
-0.5070754716981132    0.0
-0.506132075471698    0.0009425364010226187
-0.5051886792452831    0.00023563410025565466
-0.504245283018868    0.0018850728020450157
-0.5033018867924528    0.0009425364010225078
-0.5023584905660377    0.0
-0.5014150943396227    0.0007069023007669641
-0.5004716981132076    0.0004712682005112539
-0.4995283018867924    0.0016494387017893888
-0.49858490566037733    0.0007069023007669641
-0.49764150943396224    0.0007069023007668808
-0.49669811320754714    0.0007069023007669641
-0.49575471698113205    0.0007069023007668808
-0.49481132075471695    0.0004712682005113093
-0.49386792452830186    0.00023563410025562696
-0.49292452830188677    0.0014138046015339282
-0.49198113207547167    0.0011781705012781348
-0.4910377358490566    0.0016494387017895829
-0.4900943396226415    0.0011781705012781348
-0.4891509433962264    0.0009425364010226187
-0.4882075471698113    0.0009425364010225078
-0.4872641509433962    0.0011781705012782733
-0.4863207547169811    0.0016494387017893888
-0.485377358490566    0.0007069023007669641
-0.4844339622641509    0.0016494387017893888
-0.4834905660377358    0.0023563410025565466
-0.48254716981132073    0.0011781705012781348
-0.48160377358490564    0.0011781705012782733
-0.48066037735849054    0.0028276092030675233
-0.47971698113207545    0.0014138046015339282
-0.47877358490566035    0.0009425364010225078
-0.47783018867924526    0.0025919751028122017
-0.47688679245283017    0.0023563410025562695
-0.47594339622641507    0.0018850728020452373
-0.475    0.0016494387017893888
-0.4740566037735849    0.0021207069023008924
-0.4731132075471698    0.0021207069023006426
-0.4721698113207547    0.0018850728020452373
-0.4712264150943396    0.0018850728020450157
-0.4702830188679245    0.0030632433033235106
-0.4693396226415094    0.0023563410025562695
-0.4683962264150943    0.0023563410025565466
-0.4674528301886792    0.0028276092030675233
-0.46650943396226413    0.0018850728020452373
-0.46556603773584904    0.0016494387017893888
-0.46462264150943394    0.0023563410025565466
-0.46367924528301885    0.0028276092030675233
-0.46273584905660375    0.0018850728020452373
-0.46179245283018866    0.0025919751028118964
-0.46084905660377357    0.0018850728020452373
-0.45990566037735847    0.0021207069023006426
-0.4589622641509434    0.0018850728020452373
-0.4580188679245283    0.004005779704345658
-0.4570754716981132    0.0028276092030678564
-0.4561320754716981    0.0030632433033231507
-0.455188679245283    0.0025919751028122017
-0.4542452830188679    0.0032988774035787776
-0.4533018867924528    0.0030632433033235106
-0.4523584905660377    0.004477047904856912
-0.4514150943396226    0.005890852506391367
-0.45047169811320753    0.0032988774035787776
-0.44952830188679244    0.0025919751028122017
-0.44858490566037734    0.005183950205623793
-0.44764150943396225    0.00400577970434613
-0.44669811320754715    0.0058908525063906736
-0.44575471698113206    0.0051839502056244035
-0.44481132075471697    0.004477047904856912
-0.44386792452830187    0.0037701456040904746
-0.4429245283018868    0.0037701456040900314
-0.4419811320754717    0.004241413804601785
-0.4410377358490566    0.0058908525063906736
-0.4400943396226415    0.005655218406135713
-0.4391509433962264    0.005655218406135047
-0.4382075471698113    0.007304657107925295
-0.4372641509433962    0.0058908525063906736
-0.4363207547169811    0.006833388907413986
-0.435377358490566    0.005183950205623793
-0.43443396226415093    0.005890852506391367
-0.43349056603773584    0.006362120706901928
-0.43254716981132074    0.00848282760920357
-0.43160377358490565    0.007304657107924435
-0.43066037735849055    0.007069023007669641
-0.42971698113207546    0.007069023007668809
-0.42877358490566037    0.007069023007669641
-0.42783018867924527    0.008954095809713824
-0.4268867924528302    0.010132266310993152
-0.4259433962264151    0.009896632210736332
-0.425    0.006833388907413986
-0.4240566037735849    0.010367900411247586
-0.4231132075471698    0.009896632210737496
-0.4221698113207547    0.013666777814826364
-0.4212264150943396    0.01107480271201577
-0.4202830188679245    0.01083916861175884
-0.4193396226415094    0.012252973213294042
-0.41839622641509433    0.009425364010225078
-0.41745283018867924    0.011781705012782733
-0.41650943396226414    0.011310436812270093
-0.41556603773584905    0.01201733911303839
-0.41462264150943395    0.014373680115593245
-0.41367924528301886    0.010132266310993152
-0.41273584905660377    0.014844948316104499
-0.41179245283018867    0.01460931421585059
-0.4108490566037736    0.012724241413803856
-0.4099056603773585    0.013195509614316663
-0.4089622641509434    0.013666777814826364
-0.4080188679245283    0.013195509614316663
-0.4070754716981132    0.011781705012781347
-0.4061320754716981    0.014138046015339282
-0.405188679245283    0.01460931421584887
-0.4042452830188679    0.01460931421585059
-0.4033018867924528    0.017201289318660766
-0.40235849056603773    0.01696565521840714
-0.40141509433962264    0.023092141825051444
-0.40047169811320754    0.016494387017895826
-0.39952830188679245    0.017201289318660766
-0.39858490566037735    0.020500166722241957
-0.39764150943396226    0.016730021118149516
-0.39669811320754716    0.020028898521730648
-0.39575471698113207    0.01696565521840514
-0.394811320754717    0.021678337223520232
-0.3938679245283019    0.021913971323773308
-0.3929245283018868    0.020500166722241957
-0.3919811320754717    0.018143825719683274
-0.3910377358490566    0.021913971323775885
-0.3900943396226415    0.024034678226073948
-0.3891509433962264    0.020500166722241957
-0.3882075471698113    0.023563410025562694
-0.3872641509433962    0.027333555629655944
-0.38632075471698113    0.02945426253195337
-0.38537735849056604    0.02662665332888898
-0.38443396226415094    0.028982994331442115
-0.38349056603773585    0.024977214627099398
-0.38254716981132075    0.029689896632208997
-0.38160377358490566    0.028747360231189872
-0.38066037735849056    0.02921862843169774
-0.37971698113207547    0.03204623763476904
-0.3787735849056604    0.03369567633655466
-0.3778301886792453    0.028276092030678563
-0.3768867924528302    0.03440257863732153
-0.3759433962264151    0.0374658219406491
-0.375    0.032753139935532145
-0.3740566037735849    0.0374658219406491
-0.3731132075471698    0.03463821273757716
-0.3721698113207547    0.03628765143937082
-0.3712264150943396    0.03723018784038906
-0.37028301886792453    0.04147160164499523
-0.36933962264150944    0.041235967544734714
-0.36839622641509434    0.040057797043461296
-0.36745283018867925    0.04264977214626848
-0.36650943396226415    0.04547738134934135
-0.36556603773584906    0.03746582194064469
-0.36462264150943396    0.051603867955988376
-0.36367924528301887    0.04594864954984726
-0.3627358490566038    0.04477047904857439
-0.3617924528301887    0.04524174724908037
-0.3608490566037736    0.05325330665777796
-0.3599056603773585    0.05042569745470417
-0.3589622641509434    0.05490274535956754
-0.3580188679245283    0.047833722351892274
-0.3570754716981132    0.055138379459823195
-0.3561320754716981    0.04995442925419291
-0.355188679245283    0.059144159164169326
-0.35424528301886793    0.05749472046237298
-0.35330188679245284    0.06479937757030504
-0.35235849056603774    0.06385684116927491
-0.35141509433962265    0.0650350116705607
-0.35047169811320755    0.06102923196620739
-0.34952830188679246    0.06479937757030504
-0.34858490566037736    0.06809825497387618
-0.34764150943396227    0.07610981438257645
-0.3466981132075472    0.07139713237745497
-0.3457547169811321    0.07351783927976427
-0.344811320754717    0.07493164388128938
-0.3438679245283019    0.08223630098922348
-0.3429245283018868    0.07917305768589065
-0.3419811320754717    0.08435700789152438
-0.3410377358490566    0.08624208069355946
-0.3400943396226415    0.07775925308436604
-0.3391509433962264    0.08459264199177008
-0.33820754716981133    0.09213293319996099
-0.33726415094339623    0.08529954429253696
-0.33632075471698114    0.09331110370123925
-0.33537735849056605    0.09142603089918326
-0.33443396226415095    0.0909547626986827
-0.33349056603773586    0.08694898299432635
-0.33254716981132076    0.09943759030788628
-0.33160377358490567    0.10744914971656588
-0.3306603773584906    0.10462154051351069
-0.3297169811320755    0.09896632210736332
-0.3287735849056604    0.10367900411248805
-0.3278301886792453    0.10250083361119773
-0.3268867924528302    0.11451817272424818
-0.3259433962264151    0.10627097921528776
-0.325    0.10862732021785682
-0.3240566037735849    0.12088029343113663
-0.3231132075471698    0.11616761142603775
-0.32216981132075473    0.11781705012781347
-0.32122641509433963    0.1270067800377979
-0.32028301886792454    0.1197021229298585
-0.31933962264150945    0.1267711459375422
-0.31839622641509435    0.13007002334110607
-0.31745283018867926    0.12300100033345175
-0.31650943396226416    0.13219073024340675
-0.31556603773584907    0.13030565744137704
-0.314622641509434    0.14727131265976684
-0.3136792452830189    0.14208736245415976
-0.3127358490566038    0.15504723796820255
-0.3117924528301887    0.15080582416361898
-0.3108490566037736    0.1538690674669244
-0.3099056603773585    0.16730021118151484
-0.3089622641509434    0.16612204068021702
-0.3080188679245283    0.15881738357231126
-0.3070754716981132    0.1731910636878858
-0.30613207547169813    0.16730021118151484
-0.30518867924528303    0.16918528398354016
-0.30424528301886794    0.17531177059020708
-0.30330188679245285    0.17672557519172022
-0.30235849056603775    0.18520840280094458
-0.30141509433962266    0.19204179170833596
-0.30047169811320756    0.17908191619429756
-0.29952830188679247    0.21254195843057552
-0.2985849056603774    0.19321996220963683
-0.2976415094339623    0.20570856952316233
-0.2966981132075472    0.21442703123264575
-0.2957547169811321    0.20665110592418484
-0.294811320754717    0.21701900633545795
-0.2938679245283019    0.21207069023006428
-0.2929245283018868    0.20617983772369786
-0.2919811320754717    0.23422029565409322
-0.2910377358490566    0.22950761364900768
-0.29009433962264153    0.2377548071579276
-0.28915094339622643    0.24458819606536955
-0.28820754716981134    0.2490652439701977
-0.28726415094339625    0.24812270756920438
-0.28632075471698115    0.24341002556406263
-0.28537735849056606    0.2669734355896568
-0.28443396226415096    0.2556629987773552
-0.28349056603773587    0.255898632877641
-0.2825471698113208    0.2735711903967829
-0.2816037735849057    0.2587262420807088
-0.2806603773584906    0.27851950650215107
-0.2797169811320755    0.29077247971547787
-0.2787735849056604    0.2827609203067524
-0.2778301886792453    0.2855885295098535
-0.2768867924528302    0.28888740691339865
-0.27594339622641506    0.314571523841262
-0.27499999999999997    0.2976058686228919
-0.2740566037735849    0.3192842058463745
-0.2731132075471698    0.3082094031343963
-0.2721698113207547    0.31834166944535197
-0.2712264150943396    0.3284739357563826
-0.2702830188679245    0.34543959097474913
-0.2693396226415094    0.3188129376459008
-0.2683962264150943    0.3477959319773054
-0.2674528301886792    0.3581638323885951
-0.2665094339622641    0.3640546848949437
-0.265566037735849    0.36004890519064037
-0.26462264150943393    0.3772501945092588
-0.26367924528301884    0.3826697788151832
-0.26273584905660374    0.35486495498497417
-0.26179245283018865    0.3984572635323121
-0.26084905660377355    0.3862042903189726
-0.25990566037735846    0.4029343114371695
-0.25896226415094337    0.4123596754473472
-0.2580188679245283    0.3982216294320564
-0.2570754716981132    0.41825052795373785
-0.2561320754716981    0.4321529398688707
-0.255188679245283    0.4224919417583391
-0.2542452830188679    0.4399288651773073
-0.2533018867924528    0.44699788818492436
-0.2523584905660377    0.4444059130821647
-0.2514150943396226    0.46372790930307384
-0.2504716981132075    0.47998666222076863
-0.24952830188679243    0.4658486162053745
-0.24858490566037733    0.4755096143159111
-0.24764150943396224    0.4870556852283809
-0.24669811320754714    0.49082583083252873
-0.24575471698113205    0.5195731910636575
-0.24481132075471695    0.4941247082361079
-0.24386792452830186    0.5259353117705593
-0.24292452830188677    0.5092052906524698
-0.24198113207547167    0.5393664554851302
-0.24103773584905658    0.5287629209736892
-0.24009433962264148    0.5450216738912651
-0.2391509433962264    0.5556252084028337
-0.2382075471698113    0.5549183061020015
-0.2372641509433962    0.5763610092253314
-0.2363207547169811    0.5737690341224516
-0.235377358490566    0.5721195954207295
-0.23443396226415092    0.587435811937278
-0.23349056603773582    0.5980393464488516
-0.23254716981132073    0.6197176836722988
-0.23160377358490564    0.6371546070912903
-0.23066037735849054    0.640453484494794
-0.22971698113207545    0.6439879959987043
-0.22877358490566035    0.6340913637878921
-0.22783018867924526    0.6522351895076521
-0.22688679245283017    0.6534133600088535
-0.22594339622641507    0.6555340669112313
-0.22499999999999998    0.7003045459597232
-0.22405660377358488    0.6854595976436995
-0.2231132075471698    0.7003045459597232
-0.2221698113207547    0.7106724463710545
-0.2212264150943396    0.7262242969878423
-0.2202830188679245    0.716563298877446
-0.2193396226415094    0.7394198066021573
-0.21839622641509432    0.740362343003267
-0.21745283018867922    0.7561498277203069
-0.21650943396226413    0.7610981438257646
-0.21556603773584904    0.754264754918262
-0.21462264150943394    0.767695898632923
-0.21367924528301885    0.781362676447659
-0.21273584905660375    0.7940869178615563
-0.21179245283018866    0.8162365232854918
-0.21084905660377357    0.8228342780927461
-0.20990566037735847    0.8237768144936719
-0.20896226415094338    0.839328665110642
-0.20801886792452828    0.8515816383238358
-0.2070754716981132    0.8456907858175448
-0.2061320754716981    0.8628920751361059
-0.205188679245283    0.8852773146604946
-0.2042452830188679    0.8911681671667812
-0.2033018867924528    0.8998866288763452
-0.20235849056603772    0.9147315771923439
-0.20141509433962262    0.9595020562410259
-0.20047169811320753    0.9326397688117715
-0.19952830188679244    0.9305190619095803
-0.19858490566037734    0.9609158608424467
-0.19764150943396225    0.9696343225520191
-0.19669811320754715    0.9821229298654531
-0.19575471698113206    0.9920195620763063
-0.19481132075471697    1.0021518283871813
-0.19386792452830187    0.9863643436701705
-0.19292452830188678    1.0221807269089098
-0.19198113207547168    1.048807380237919
-0.1910377358490566    1.0497499166388182
-0.1900943396226415    1.063887962654281
-0.1891509433962264    1.0511637212403517
-0.1882075471698113    1.0756696676670636
-0.1872641509433962    1.0935778592863645
-0.18632075471698112    1.1133711237079684
-0.18537735849056602    1.1291586084249643
-0.18443396226415093    1.1169056352118032
-0.18349056603773584    1.1345781927308438
-0.18254716981132074    1.1781705012782735
-0.18160377358490565    1.1567277981548727
-0.18066037735849055    1.1991419362010267
-0.17971698113207546    1.2149294209180126
-0.17877358490566037    1.2130443481161104
-0.17783018867924527    1.1802912081804355
-0.17688679245283018    1.2333088807380967
-0.17594339622641508    1.2238835167277262
-0.175    1.242498610648067
-0.1740566037735849    1.270774702678596
-0.1731132075471698    1.2783149938869267
-0.1721698113207547    1.2790218961875433
-0.1712264150943396    1.2936312104035441
-0.17028301886792452    1.2997576970100384
-0.16933962264150942    1.3070623541181166
-0.16839622641509433    1.322142936534323
-0.16745283018867924    1.3266199844393358
-0.16650943396226414    1.3622007335777793
-0.16556603773584905    1.3589018561743607
-0.16462264150943395    1.3798732910969513
-0.16367924528301886    1.3744537067912337
-0.16273584905660377    1.3918906302099885
-0.16179245283018867    1.4239368678449211
-0.16084905660377358    1.4437301322662264
-0.15990566037735848    1.4465577414694641
-0.1589622641509434    1.4967478048237424
-0.1580188679245283    1.4783683450039775
-0.1570754716981132    1.4910925864176074
-0.1561320754716981    1.5090007780372128
-0.155188679245283    1.5610759141935286
-0.15424528301886792    1.5410470156719818
-0.15330188679245282    1.5643747915971074
-0.15235849056603773    1.5815760809159543
-0.15141509433962264    1.582989885517302
-0.15047169811320754    1.5898232744249023
-0.14952830188679245    1.6164499277536009
-0.14858490566037735    1.6360075580750106
-0.14764150943396226    1.6355362898743067
-0.14669811320754716    1.6626342114038994
-0.14575471698113207    1.6301167055684271
-0.14481132075471698    1.690910303434578
-0.14386792452830188    1.6847838168277327
-0.1429245283018868    1.6770078915194944
-0.1419811320754717    1.714473713459942
-0.1410377358490566    1.6986862287430147
-0.1400943396226415    1.7356807824829483
-0.1391509433962264    1.746284316994657
-0.13820754716981132    1.7493475602977746
-0.13726415094339622    1.7846926753363286
-0.13632075471698113    1.7597154607090222
-0.13537735849056604    1.822629765477489
-0.13443396226415094    1.8226297654772745
-0.13349056603773585    1.822629765477489
-0.13254716981132075    1.8372390796931235
-0.13160377358490566    1.871170390130154
-0.13066037735849056    1.8617450261197086
-0.12971698113207547    1.8770612426365454
-0.12877358490566038    1.9098143825718565
-0.12783018867924528    1.883423363343448
-0.1268867924528302    1.9131132599754352
-0.1259433962264151    1.9390330110037826
-0.125    1.9585906413247713
-0.1240566037735849    1.994642658664117
-0.12311320754716981    2.002889852172829
-0.12216981132075472    1.96518839613216
-0.12122641509433962    1.9790908080470109
-0.12028301886792453    2.0474246971213836
-0.11933962264150944    2.030223407802482
-0.11839622641509434    2.045775258419594
-0.11745283018867925    2.0436545515170526
-0.11650943396226415    2.118821829498847
-0.11556603773584906    2.0929020784704786
-0.11462264150943396    2.10727575858632
-0.11367924528301887    2.0945515171722677
-0.11273584905660378    2.0933733466712363
-0.11179245283018868    2.1070401244858163
-0.11084905660377359    2.1492186284318264
-0.1099056603773585    2.192575302878609
-0.1089622641509434    2.1675980882517676
-0.1080188679245283    2.184328109369662
-0.10707547169811321    2.2142536401023873
-0.10613207547169812    2.245357341335869
-0.10518867924528302    2.2227364677115906
-0.10424528301886793    2.2498343892407258
-0.10330188679245284    2.230041124819516
-0.10235849056603774    2.2825875291762583
-0.10141509433962265    2.252426364343803
-0.10047169811320755    2.2585528509501844
-0.09952830188679246    2.286593308880873
-0.09858490566037736    2.3292430810268723
-0.09764150943396227    2.3016738912972348
-0.09669811320754718    2.3073291097030992
-0.09575471698113208    2.347151272646576
-0.09481132075471699    2.3872090696897565
-0.0938679245283019    2.3865021673892706
-0.0929245283018868    2.3631743914636827
-0.0919811320754717    2.4308013782373337
-0.09103773584905661    2.4081805046125075
-0.09009433962264152    2.4039390908081892
-0.08915094339622642    2.4423474491495734
-0.08820754716981133    2.4630832499723585
-0.08726415094339623    2.452008447260054
-0.08632075471698114    2.4435256196511395
-0.08537735849056605    2.4800489051904737
-0.08443396226415095    2.4692097365790056
-0.08349056603773586    2.5226986773367424
-0.08254716981132076    2.519164165833204
-0.08160377358490567    2.4965432922083677
-0.08066037735849058    2.5714749360899596
-0.07971698113207548    2.507146826719871
-0.07877358490566039    2.560164499277688
-0.0778301886792453    2.5667622540845447
-0.0768867924528302    2.63273980215643
-0.0759433962264151    2.611297099032858
-0.07500000000000001    2.6235500722464593
-0.07405660377358492    2.6186017561407824
-0.07311320754716982    2.63650994776052
-0.07216981132075473    2.6525330665775924
-0.07122641509433963    2.673975769701169
-0.07028301886792454    2.720395687451213
-0.06933962264150945    2.698717350228013
-0.06839622641509435    2.7017805935310184
-0.06745283018867926    2.706964543736961
-0.06650943396226416    2.760924752695181
-0.06556603773584907    2.7354762698678954
-0.06462264150943398    2.7621029231964593
-0.06367924528301888    2.7086139824387505
-0.06273584905660379    2.757861509391858
-0.06179245283018869    2.737596976770196
-0.0608490566037736    2.7986262087360814
-0.059905660377358505    2.7943847949318092
-0.05896226415094341    2.8021607202399155
-0.05801886792452832    2.806402134044847
-0.05707547169811322    2.7922640880291794
-0.05613207547169813    2.7790685784151914
-0.055188679245283034    2.8278448371677793
-0.05424528301886794    2.8134711570525166
-0.053301886792452846    2.8408047126818388
-0.05235849056603775    2.8424541513839623
-0.05141509433962266    2.869080804712514
-0.050471698113207564    2.8499944425921435
-0.04952830188679247    2.9110236745580154
-0.048584905660377375    2.928224963877021
-0.04764150943396228    2.958621762809652
-0.04669811320754719    2.909138601756313
-0.04575471698113209    2.948018228298149
-0.044811320754717    2.9143225519619373
-0.043867924528301905    2.9402423029897133
-0.04292452830188681    2.9770012226299416
-0.04198113207547172    2.966868956318599
-0.04103773584905662    3.0130532399690564
-0.04009433962264153    2.9788862954316357
-0.039150943396226434    2.9517883739025863
-0.03820754716981134    2.980771368233681
-0.037264150943396246    3.0144670445705906
-0.03632075471698115    2.9798288318326582
-0.03537735849056606    3.0373235522953888
-0.034433962264150964    3.0066911192618
-0.033490566037735814    2.985719684339049
-0.03254716981132072    3.0307257974882305
-0.031603773584905626    3.066070912526218
-0.03066037735849053    3.0448638435035695
-0.029716981132075437    3.0330821384904305
-0.028773584905660343    3.0198866288764705
-0.02783018867924525    3.018708458374837
-0.026886792452830155    3.070547960431436
-0.02594339622641506    3.051697232410625
-0.024999999999999967    3.046984550405871
-0.024056603773584873    3.0776169834387437
-0.02311320754716978    3.082565299544475
-0.022169811320754684    3.089398688451525
-0.02122641509433959    3.0554673780150745
-0.020283018867924496    3.035674113593242
-0.019339622641509402    3.0524041347117508
-0.018396226415094308    3.063714571523662
-0.017452830188679214    3.0710192286319473
-0.01650943396226412    3.0896343225517806
-0.015566037735849025    3.0898699566524
-0.014622641509433931    3.0967033455594497
-0.013679245283018837    3.1181460486830788
-0.012735849056603743    3.117910414582456
-0.011792452830188649    3.126864510392538
-0.010849056603773555    3.1049505390683962
-0.00990566037735846    3.1681004779372772
-0.008962264150943366    3.1662154051348597
-0.008018867924528272    3.182002889852361
-0.007075471698113178    3.1539624319215664
-0.006132075471698084    3.10612870957004
-0.00518867924528299    3.1219161942868014
-0.004245283018867896    3.101887295765438
-0.0033018867924528017    3.158203845726168
-0.0023584905660377076    3.1487784817163136
-0.0014150943396226134    3.129927753695493
-0.0004716981132075193    3.1339335334002074
0.0004716981132075748    3.1539624319215664
0.0014150943396227245    3.219233077692375
0.002358490566037763    3.145008336112593
0.0033018867924528017    3.127335778592681
0.004245283018867951    3.0997665888627726
0.005188679245283101    3.1428876292095524
0.00613207547169814    3.1440657997115706
0.007075471698113178    3.1421807269087854
0.008018867924528328    3.100237857063284
0.008962264150943478    3.104008002667374
0.009905660377358516    3.1282783149944398
0.010849056603773555    3.17210625764125
0.011792452830188704    3.1935489607645122
0.012735849056603854    3.131105924196771
0.013679245283018893    3.123801267089582
0.014622641509433931    3.147364677114409
0.015566037735849081    3.1136690007778545
0.01650943396226423    3.1336978992995825
0.01745283018867927    3.1240369011898377
0.018396226415094308    3.1591463821271906
0.019339622641509457    3.102122929865329
0.020283018867924607    3.0877492497497356
0.021226415094339646    3.131812826498275
0.022169811320754684    3.0853929087471794
0.023113207547169834    3.1176747804822003
0.024056603773584984    3.093168834055615
0.025000000000000022    3.089163054351997
0.02594339622641506    3.0832722018448786
0.02688679245283021    3.0573524508167598
0.02783018867924536    3.0392086250970767
0.0287735849056604    3.072197399133587
0.029716981132075437    3.0799733244413
0.030660377358490587    3.0253062131819948
0.03160377358490574    3.0623007669221276
0.032547169811320775    3.005041680560718
0.033490566037735814    3.0262487495830173
0.034433962264150964    3.0385017227963096
0.03537735849056611    3.0304901633876185
0.03632075471698115    3.0201222629770816
0.03726415094339619    3.014702678670491
0.03820754716981134    3.033317772590686
0.03915094339622649    3.020357897076626
0.04009433962264153    3.042978770701883
0.04103773584905657    2.953437812604028
0.04198113207547172    2.996794487051064
0.042924528301886866    2.9645126153160426
0.043867924528301905    2.9506102034016553
0.04481132075471694    2.928460597976932
0.04575471698113209    2.9923174391462064
0.04669811320754724    2.9494320328996824
0.04764150943396228    2.95909303101086
0.04858490566037732    2.9322307435810218
0.04952830188679247    2.9482538623984045
0.05047169811320762    2.916443258863895
0.05141509433962266    2.9096098699571664
0.052358490566037696    2.9084316994552033
0.053301886792452846    2.8749716572189046
0.054245283018867996    2.8516438812935974
0.055188679245283034    2.870730243414979
0.05613207547169807    2.8499944425918082
0.05707547169811322    2.8459886628874624
0.05801886792452837    2.8445748582859287
0.05896226415094341    2.8389196398804617
0.05990566037735845    2.7736489941089846
0.0608490566037736    2.7941491608312243
0.06179245283018875    2.764930532399527
0.06273584905660379    2.7524419250866266
0.06367924528301883    2.835149494275704
0.06462264150943398    2.750792486384189
0.06556603773584913    2.768465043903361
0.06650943396226416    2.743252195176655
0.0674528301886792    2.7385395131708963
0.06839622641509435    2.7309992219627164
0.0693396226415095    2.704136934533575
0.07028301886792454    2.71568300544674
0.07122641509433958    2.707907080137665
0.07216981132075473    2.6508836278758032
0.07311320754716988    2.7265221740578593
0.07405660377358492    2.6624296987889555
0.07499999999999996    2.59338890741343
0.0759433962264151    2.607526953428768
0.07688679245283025    2.6145959764364366
0.0778301886792453    2.576894520396143
0.07877358490566033    2.567940424585822
0.07971698113207548    2.6103545626318354
0.08066037735849063    2.617423585639504
0.08160377358490567    2.54484828276137
0.08254716981132071    2.5566299877735523
0.08349056603773586    2.5566299877735523
0.08443396226415101    2.5116238746247275
0.08537735849056605    2.5139802156278757
0.08632075471698109    2.50125597421348
0.08726415094339623    2.4206691119260557
0.08820754716981138    2.487353562298398
0.08915094339622642    2.4456463265537276
0.09009433962264146    2.43551406024216
0.09103773584905661    2.4178415027229883
0.09198113207547176    2.409358675113786
0.0929245283018868    2.358697343559381
0.09386792452830184    2.3914504834943577
0.09481132075471699    2.37731243747902
0.09575471698113214    2.3575191730575478
0.09669811320754718    2.3205246193179607
0.09764150943396221    2.2924841613869944
0.09858490566037736    2.3217027898186924
0.09952830188679251    2.3299499833276394
0.10047169811320755    2.2705701900637556
0.10141509433962259    2.316283205512813
0.10235849056603774    2.2625586306545302
0.10330188679245289    2.243001000333313
0.10424528301886793    2.247242414138443
0.10518867924528297    2.1977592530842327
0.10613207547169812    2.1991730576857664
0.10707547169811327    2.228862954317975
0.1080188679245283    2.143563410025943
0.10896226415094334    2.1492186284315737
0.1099056603773585    2.138143825719559
0.11084905660377364    2.110103367789139
0.11179245283018868    2.1447415805272216
0.11273584905660372    2.085597421362554
0.11367924528301887    2.09549405357329
0.11462264150943402    2.0660397910413373
0.11556603773584906    2.0363498944096072
0.1165094339622641    1.9967633655661827
0.11745283018867925    1.9927575858618372
0.1183962264150944    2.0151428253861217
0.11933962264150944    2.015614093587107
0.12028301886792447    1.9882805379569806
0.12122641509433962    1.9647171279314177
0.12216981132075477    1.9755562965431763
0.12311320754716981    1.9303145492945504
0.12405660377358485    1.9010959208623983
0.125    1.8886073135488501
0.12594339622641515    1.8831877292429704
0.1268867924528302    1.8801244859400903
0.12783018867924523    1.8504345893074385
0.12877358490566038    1.8407735911969578
0.12971698113207553    1.856325441813829
0.13066037735849056    1.8280493497835844
0.1316037735849056    1.857739246415363
0.13254716981132075    1.8000088918527342
0.1334905660377359    1.7922329665442986
0.13443396226415094    1.7472268533958852
0.13537735849056598    1.7335600755806475
0.13632075471698113    1.6989218628430705
0.13726415094339628    1.7184794931642873
0.13820754716981132    1.7142380793600895
0.13915094339622636    1.6920884739356572
0.1400943396226415    1.659335334000125
0.14103773584905666    1.6746515505167408
0.1419811320754717    1.6385995331780154
0.14292452830188673    1.6534444814937344
0.14386792452830188    1.6084383683449097
0.14481132075471703    1.5820473491162794
0.14575471698113207    1.603490052239919
0.1466981132075471    1.5603690118927616
0.14764150943396226    1.5629609869955734
0.1485849056603774    1.5881738357229256
0.14952830188679245    1.5219606535514527
0.15047169811320749    1.5120640213403582
0.15141509433962264    1.531857285761831
0.15235849056603779    1.4778970768032924
0.15330188679245282    1.4769545404026174
0.15424528301886786    1.4946270979214418
0.155188679245283    1.4279426475490995
0.15613207547169816    1.4387818161608583
0.1570754716981132    1.4248794042461115
0.15801886792452824    1.4194598199398967
0.1589622641509434    1.4133333333332505
0.15990566037735854    1.3591374902744562
0.16084905660377358    1.3558386128711968
0.16179245283018862    1.3772813159941395
0.16273584905660377    1.3449994442591187
0.16367924528301891    1.3504190285649982
0.16462264150943395    1.3136601089254296
0.165566037735849    1.2811426030898436
0.16650943396226414    1.2943381127041589
0.1674528301886793    1.2596998999665816
0.16839622641509433    1.2406135378461678
0.16933962264150937    1.2420273424474095
0.17028301886792452    1.2290674669333501
0.17122641509433967    1.2113949094141783
0.1721698113207547    1.207860397910628
0.17311320754716975    1.218463932421847
0.1740566037735849    1.1814693786817134
0.17500000000000004    1.1496587751472038
0.17594339622641508    1.1628542847617929
0.17688679245283012    1.151543847949249
0.17783018867924527    1.1550783594530833
0.17877358490566042    1.120675780815762
0.17971698113207546    1.1034744914973607
0.1806603773584905    1.1133711237078374
0.18160377358490565    1.095227297988154
0.1825471698113208    1.0728420584638694
0.18349056603773584    1.0582327442482697
0.18443396226415087    1.0205312882071202
0.18537735849056602    1.0311348227186234
0.18632075471698117    1.006157608091527
0.1872641509433962    1.025243970212474
0.18820754716981125    0.9882494164720994
0.1891509433962264    1.0094564854951058
0.19009433962264155    0.9705768589529274
0.1910377358490566    0.986128709570031
0.19198113207547163    0.9748182727575287
0.19292452830188678    0.9719906635544613
0.19386792452830193    0.9507835945314548
0.19481132075471697    0.9324041347117353
0.195754716981132    0.90200733577854
0.19669811320754715    0.9373524508168841
0.1976415094339623    0.939944425919696
0.19858490566037734    0.9100188951874455
0.19952830188679238    0.8763232188506767
0.20047169811320753    0.8449838835166782
0.20141509433962268    0.8478114927197458
0.20235849056603772    0.8395642992109965
0.20330188679245276    0.8327309103033856
0.2042452830188679    0.8522885406246027
0.20518867924528306    0.8216561075913712
0.2061320754716981    0.7978570634657406
0.20707547169811313    0.8171790596865143
0.20801886792452828    0.7877247971545609
0.20896226415094343    0.791494942758651
0.20990566037735858    0.7632188507279757
0.21084905660377362    0.7735867511394053
0.21179245283018866    0.7512015116149388
0.2127358490566038    0.7479026342113599
0.21367924528301896    0.7349427586973005
0.214622641509434    0.7323507835946609
0.21556603773584904    0.6965344003556333
0.2165094339622642    0.6986551072579339
0.21745283018867934    0.6812181838390176
0.21839622641509437    0.6889941091476154
0.2193396226415094    0.6585973102144773
0.22028301886792456    0.6790974769367168
0.2212264150943397    0.6432810936978616
0.22216981132075475    0.6595398466156551
0.2231132075471698    0.6595398466154999
0.22405660377358494    0.6204245859730658
0.2250000000000001    0.6121773924641188
0.22594339622641513    0.6142980993665641
0.22688679245283017    0.6173613426697426
0.22783018867924532    0.6307924863843134
0.22877358490566047    0.6001600533510818
0.2297169811320755    0.5782460820274447
0.23066037735849054    0.6025163943536381
0.2316037735849057    0.5864932755362555
0.23254716981132084    0.5643436701122265
0.23349056603773588    0.564579304212615
0.23443396226415092    0.5692919862175948
0.23537735849056607    0.5509125263976559
0.23632075471698122    0.5398377236856413
0.23726415094339626    0.5461998443926719
0.2382075471698113    0.5259353117705593
0.23915094339622645    0.5311192619761831
0.2400943396226416    0.4997799266421848
0.24103773584905663    0.5070845837502286
0.24198113207547167    0.5040213404467861
0.24292452830188682    0.47857285761917834
0.24386792452830197    0.48493497832608023
0.244811320754717    0.47456707791494435
0.24575471698113205    0.46938312770920887
0.2466981132075472    0.48446371012556905
0.24764150943396235    0.48140046682224585
0.2485849056603774    0.4788084917195467
0.24952830188679243    0.4434633766810899
0.2504716981132076    0.4486473268867137
0.2514150943396227    0.4488829609869694
0.25235849056603776    0.42437701456048404
0.2533018867924528    0.4177792597532266
0.25424528301886795    0.4206068689562941
0.2551886792452831    0.41801489385348223
0.25613207547169814    0.41330221184846694
0.2570754716981132    0.3996354340335433
0.25801886792452833    0.3998710681337989
0.2589622641509435    0.3821985106146269
0.2599056603773585    0.3977503612315919
0.26084905660377355    0.3906813382238295
0.2617924528301887    0.38314104701564944
0.26273584905660385    0.36994553740133435
0.2636792452830189    0.36617539179733044
0.26462264150943393    0.37088807380235683
0.2655660377358491    0.36028453929085363
0.26650943396226423    0.3515660775813954
0.26745283018867927    0.36664665999784185
0.2683962264150943    0.34473268867398227
0.26933962264150946    0.3555718572857411
0.2702830188679246    0.3141002556407507
0.27122641509433965    0.323525619651052
0.2721698113207547    0.3247037901522539
0.27311320754716983    0.32258308324995333
0.274056603773585    0.32706013115481025
0.275    0.32376125375130765
0.27594339622641506    0.29666333222183433
0.2768867924528302    0.29100811381569924
0.27783018867924536    0.29289318661774427
0.2787735849056604    0.294542625319603
0.27971698113207544    0.29336445481825557
0.2806603773584906    0.27922640880291794
0.28160377358490574    0.27663443370010604
0.2825471698113208    0.284174724908353
0.2834905660377358    0.28605979771033113
0.28443396226415096    0.2587262420806784
0.2853773584905661    0.26367455818604657
0.28632075471698115    0.27027231299326776
0.2872641509433962    0.2516572190730096
0.28820754716981134    0.26014004668221213
0.2891509433962265    0.24670890296764145
0.29009433962264153    0.24011114816054038
0.29103773584905657    0.2643814604868135
0.2919811320754717    0.2325708569523038
0.29292452830188687    0.24246748916304012
0.2938679245283019    0.23704790485721652
0.29481132075471694    0.22785817494719127
0.2957547169811321    0.22526619984437937
0.29669811320754724    0.21913971323773307
0.2976415094339623    0.21089251972883574
0.2985849056603773    0.22149605424028934
0.29952830188679247    0.2141913971323649
0.3004716981132076    0.21372012893185366
0.30141509433962266    0.20358786262090958
0.3023584905660377    0.21018561742801925
0.30330188679245285    0.20052461931753854
0.304245283018868    0.19699010781370413
0.30518867924528303    0.19227742580863685
0.3061320754716981    0.18944981660552407
0.3070754716981132    0.1880360120039903
0.3080188679245284    0.1870934756029678
0.3089622641509434    0.18261642769815387
0.30990566037735845    0.1703634544848183
0.3108490566037736    0.1729554295876302
0.31179245283018875    0.18120262309657714
0.3127358490566038    0.1835589640991766
0.3136792452830188    0.1738979659886527
0.314622641509434    0.16376569967766072
0.3155660377358491    0.16635767478047261
0.31650943396226416    0.16588640658000042
0.3174528301886792    0.15693231077024755
0.31839622641509435    0.15033455596308998
0.3193396226415095    0.14915638546181187
0.32028301886792454    0.1503345559631254
0.3212264150943396    0.14703567855951122
0.32216981132075473    0.15598977436922506
0.3231132075471699    0.1475069467600225
0.3240566037735849    0.14020228965213105
0.32499999999999996    0.13219073024340675
0.3259433962264151    0.13407580304545172
0.32688679245283025    0.14302989885516557
0.3278301886792453    0.1378459486495742
0.32877358490566033    0.12606424363676041
0.3297169811320755    0.1284205846393167
0.33066037735849063    0.12417917083471541
0.33160377358490567    0.12182282983218781
0.3325471698113207    0.12747804823829417
0.33349056603773586    0.12700678003778293
0.334433962264151    0.11687451372679096
0.33537735849056605    0.11098366122042642
0.3363207547169811    0.1267711459375273
0.33726415094339623    0.10792041791707714
0.3382075471698114    0.10815605201733278
0.3391509433962264    0.10933422251863663
0.34009433962264146    0.1057997110147765
0.3410377358490566    0.10909858841835528
0.34198113207547176    0.09590307880404017
0.3429245283018868    0.09708124930534115
0.34386792452830184    0.09543181060352893
0.344811320754717    0.0987306880071077
0.34575471698113214    0.09755251750582956
0.3466981132075472    0.10061576080917639
0.3476415094339622    0.09166166499943888
0.34858490566037736    0.09378237190173953
0.3495283018867925    0.08812715349560449
0.35047169811320755    0.08789151939536954
0.3514150943396226    0.09119039679892764
0.35235849056603774    0.08176503278870256
0.3533018867924529    0.08482827609202571
0.35424528301886793    0.07917305768590929
0.35518867924528297    0.0864777147938151
0.3561320754716981    0.07823052128486815
0.35707547169811327    0.0777592530843569
0.3580188679245283    0.0817650327887218
0.35896226415094334    0.06668445037234243
0.3599056603773585    0.0683338890741318
0.36084905660377364    0.06762698677336494
0.3617924528301887    0.06644881627210245
0.3627358490566037    0.0690407913748987
0.36367924528301887    0.0725753028787331
0.364622641509434    0.06786262087362056
0.36556603773584906    0.06668445037235812
0.3665094339622641    0.05985106146492925
0.36745283018867925    0.06220740246748552
0.3683962264150944    0.055609647660327964
0.36933962264150944    0.05372457485829559
0.3702830188679245    0.055845281760583586
0.3712264150943396    0.05678781816160609
0.3721698113207548    0.0541958430587942
0.3731132075471698    0.052310770256761494
0.37405660377358485    0.052310770256749184
0.375    0.051368233855726676
0.37594339622641515    0.05443147715904983
0.3768867924528302    0.04901189285318194
0.3778301886792452    0.055609647660327964
0.3787735849056604    0.047833722351892274
0.3797169811320755    0.05254640435700481
0.38066037735849056    0.04571301544960239
0.3816037735849056    0.04312104034677973
0.38254716981132075    0.04689118595086977
0.3834905660377359    0.044063576747802244
0.38443396226415094    0.043356674447045565
0.385377358490566    0.04901189285317041
0.38632075471698113    0.040529065243967835
0.3872641509433963    0.03911526064243408
0.3882075471698113    0.040529065243977376
0.38915094339622636    0.03840835834166719
0.3900943396226415    0.03369567633655466
0.39103773584905666    0.032753139935532145
0.3919811320754717    0.02898299433144894
0.39292452830188673    0.03770145604090031
0.3938679245283019    0.04147160164499034
0.39481132075471703    0.03487384683783279
0.39575471698113207    0.03298877403579554
0.3966981132075471    0.04100033344447909
0.39764150943396226    0.03016116483272025
0.3985849056603774    0.03440257863732153
0.39952830188679245    0.03251750583528417
0.4004716981132075    0.029689896632208997
0.40141509433962264    0.03086806713348713
0.4023584905660378    0.03086806713348713
0.4033018867924528    0.029689896632215985
0.40424528301886786    0.024270312326329577
0.405188679245283    0.023799044125818323
0.40613207547169816    0.03039679893297588
0.4070754716981132    0.02827609203068189
0.40801886792452824    0.027804823830163982
0.4089622641509434    0.023092141825051444
0.40990566037735854    0.025448482827607713
0.4108490566037736    0.026862287429147796
0.4117924528301886    0.023092141825051444
0.41273584905660377    0.024034678226073948
0.4136792452830189    0.017436923418916395
0.41462264150943395    0.02450594642659097
0.415566037735849    0.022620873624540187
0.41650943396226414    0.022620873624540187
0.4174528301886793    0.019793264421472664
0.41839622641509433    0.017672557519176183
0.41933962264150937    0.01861509392019453
0.4202830188679245    0.020500166722239546
0.42122641509433967    0.0209714349227508
0.4221698113207547    0.017672557519176183
0.42311320754716975    0.018143825719683274
0.4240566037735849    0.012959875514059482
0.42500000000000004    0.01932199622096141
0.4259433962264151    0.01837945981994323
0.4268867924528301    0.01625875291763826
0.42783018867924527    0.014844948316104499
0.4287735849056604    0.016730021118149516
0.42971698113207546    0.012724241413806849
0.4306603773584905    0.013902411915081991
0.43160377358490565    0.013666777814826364
0.4325471698113208    0.015080582416360126
0.43349056603773584    0.012959875514062533
0.4344339622641509    0.013666777814826364
0.435377358490566    0.010132266310991959
0.4363207547169812    0.011074802712014468
0.4372641509433962    0.013195509614318215
0.43820754716981125    0.011546070912525722
0.4391509433962264    0.012488607313548228
0.44009433962264155    0.010603534511503214
0.4410377358490566    0.012488607313551168
0.4419811320754716    0.009425364010225078
0.4429245283018868    0.009189729909969451
0.4438679245283019    0.01083916861175884
0.44481132075471697    0.010839168611761391
0.445754716981132    0.009896632210736332
0.44669811320754715    0.007540291208180063
0.4476415094339623    0.013666777814826364
0.44858490566037745    0.008718461709458197
0.4495283018867925    0.007304657107926154
0.45047169811320753    0.00777592530843569
0.4514150943396227    0.007540291208180063
0.45235849056603783    0.005183950205623793
0.45330188679245287    0.008247193508948885
0.4542452830188679    0.0058908525063906736
0.45518867924528306    0.00777592530843569
0.4561320754716982    0.009660998110480705
0.45707547169811324    0.007304657107926154
0.4580188679245283    0.008718461709458197
0.45896226415094343    0.006126486606646301
0.4599056603773586    0.006597754807157555
0.4608490566037736    0.004712682005113648
0.46179245283018866    0.007540291208180063
0.4627358490566038    0.004477047904856912
0.46367924528301896    0.00541958430587942
0.464622641509434    0.005183950205625013
0.46556603773584904    0.006597754807157555
0.4665094339622642    0.00541958430587942
0.46745283018867934    0.006126486606646301
0.4683962264150944    0.004712682005113648
0.4693396226415094    0.004948316105368166
0.47028301886792456    0.0058908525063906736
0.4712264150943397    0.006597754807157555
0.47216981132075475    0.005183950205625013
0.4731132075471698    0.007304657107924435
0.47405660377358494    0.004712682005112539
0.4750000000000001    0.004477047904856912
0.4759433962264151    0.004712682005113648
0.47688679245283017    0.0037701456040900314
0.4778301886792453    0.004948316105368166
0.47877358490566047    0.004241413804601285
0.4797169811320755    0.004712682005113648
0.48066037735849054    0.0021207069023006426
0.4816037735849057    0.004241413804601285
0.48254716981132084    0.0032988774035787776
0.4834905660377359    0.0035345115038352363
0.4844339622641509    0.0023563410025562695
0.48537735849056607    0.0025919751028118964
0.4863207547169812    0.0028276092030675233
0.48726415094339626    0.0037701456040909187
0.4882075471698113    0.0037701456040900314
0.48915094339622645    0.0018850728020450157
0.4900943396226416    0.0037701456040900314
0.49103773584905663    0.0035345115038352363
0.49198113207547167    0.0030632433033231507
0.4929245283018868    0.004005779704345658
0.49386792452830197    0.0023563410025562695
0.494811320754717    0.003298877403579554
0.49575471698113205    0.0009425364010225078
0.4966981132075472    0.0035345115038344045
0.49764150943396235    0.0035345115038344045
0.4985849056603774    0.002356341002556824
0.4995283018867924    0.0021207069023006426
0.5004716981132076    0.0023563410025562695
0.5014150943396227    0.0023563410025562695
0.5023584905660378    0.0030632433033238714
0.5033018867924528    0.0007069023007668808
0.504245283018868    0.0009425364010225078
0.5051886792452831    0.0021207069023006426
0.5061320754716981    0.0021207069023011418
0.5070754716981132    0.0016494387017893888
0.5080188679245283    0.0014138046015337617
0.5089622641509435    0.0018850728020450157
0.5099056603773585    0.0025919751028125066
0.5108490566037736    0.0016494387017893888
0.5117924528301887    0.0018850728020450157
0.5127358490566039    0.0021207069023006426
0.5136792452830189    0.0018850728020454594
0.5146226415094339    0.0009425364010225078
0.5155660377358491    0.0011781705012781348
0.5165094339622642    0.0009425364010225078
0.5174528301886793    0.0007069023007670473
0.5183962264150943    0.0014138046015337617
0.5193396226415095    0.0009425364010225078
0.5202830188679246    0.0004712682005112539
0.5212264150943396    0.0009425364010227297
0.5221698113207547    0.00023563410025562696
0.5231132075471698    0.0014138046015337617
0.524056603773585    0.0014138046015337617
0.525    0.0018850728020454594
0.5259433962264151    0.0007069023007668808
0.5268867924528302    0.0014138046015337617
0.5278301886792454    0.0014138046015337617
0.5287735849056604    0.0007069023007670473
0.5297169811320754    0.0014138046015337617
0.5306603773584906    0.0007069023007668808
0.5316037735849057    0.0007069023007668808
0.5325471698113208    0.00023563410025568242
0.5334905660377358    0.0011781705012781348
0.534433962264151    0.00023563410025562696
0.5353773584905661    0.0014138046015337617
0.5363207547169812    0.001178170501278412
0.5372641509433962    0.0007069023007668808
0.5382075471698113    0.0007069023007668808
0.5391509433962265    0.0009425364010225078
0.5400943396226415    0.00047126820051136484
0.5410377358490566    0.00023563410025562696
0.5419811320754717    0.0004712682005112539
0.5429245283018869    0.0009425364010225078
0.5438679245283019    0.0007069023007670473
0.5448113207547169    0.0009425364010225078
0.5457547169811321    0.0007069023007668808
0.5466981132075472    0.00023563410025562696
0.5476415094339623    0.00023563410025568242
0.5485849056603773    0.00023563410025562696
0.5495283018867925    0.0007069023007668808
0.5504716981132076    0.0009425364010225078
0.5514150943396227    0.0009425364010227297
0.5523584905660377    0.00023563410025562696
0.5533018867924528    0.00023563410025562696
0.554245283018868    0.0011781705012781348
0.555188679245283    0.00023563410025568242
0.5561320754716981    0.00023563410025562696
0.5570754716981132    0.0004712682005112539
0.5580188679245284    0.00023563410025562696
0.5589622641509434    0.0014138046015340945
0.5599056603773584    0.00023563410025562696
0.5608490566037736    0.00023563410025562696
0.5617924528301887    0.0009425364010225078
0.5627358490566038    0.00023563410025568242
0.5636792452830188    0.0007069023007668808
0.564622641509434    0.0
0.5655660377358491    0.0
0.5665094339622642    0.0
0.5674528301886792    0.0
0.5683962264150944    0.0004712682005112539
0.5693396226415095    0.00023563410025562696
0.5702830188679245    0.0
0.5712264150943396    0.00023563410025562696
0.5721698113207547    0.0
0.5731132075471699    0.0004712682005112539
0.5740566037735849    0.0
0.575    0.0004712682005112539
0.5759433962264151    0.0004712682005112539
0.5768867924528303    0.0004712682005112539
0.5778301886792453    0.0
0.5787735849056603    0.0007069023007668808
0.5797169811320755    0.0009425364010225078
0.5806603773584906    0.0
0.5816037735849057    0.00047126820051136484
0.5825471698113207    0.00023563410025562696
0.5834905660377359    0.0
0.584433962264151    0.0
0.585377358490566    0.00023563410025568242
0.5863207547169811    0.0
0.5872641509433962    0.0
0.5882075471698114    0.00023563410025562696
0.5891509433962264    0.00023563410025568242
0.5900943396226415    0.0
0.5910377358490566    0.00023563410025562696
0.5919811320754718    0.0
0.5929245283018868    0.0
0.5938679245283018    0.0
0.594811320754717    0.00023563410025562696
0.5957547169811321    0.00023563410025562696
0.5966981132075472    0.0
0.5976415094339622    0.00023563410025562696
0.5985849056603774    0.0
0.5995283018867925    0.0
0.6004716981132076    0.0
0.6014150943396226    0.0004712682005112539
0.6023584905660377    0.0
0.6033018867924529    0.0
0.6042452830188679    0.0007069023007670473
0.605188679245283    0.0
0.6061320754716981    0.00023563410025562696
0.6070754716981133    0.00023563410025562696
0.6080188679245283    0.0
0.6089622641509433    0.0
0.6099056603773585    0.00023563410025562696
0.6108490566037736    0.00023563410025562696
0.6117924528301887    0.0
0.6127358490566037    0.0
0.6136792452830189    0.0
0.614622641509434    0.00023563410025562696
0.6155660377358491    0.0
0.6165094339622641    0.0
0.6174528301886792    0.0
0.6183962264150944    0.00023563410025562696
0.6193396226415094    0.00023563410025568242
0.6202830188679245    0.00023563410025562696
0.6212264150943396    0.00023563410025562696
0.6221698113207548    0.00023563410025562696
0.6231132075471698    0.00023563410025568242
0.6240566037735849    0.0
0.625    0.0004712682005112539
0.6259433962264151    0.0
0.6268867924528302    0.0
0.6278301886792452    0.0
0.6287735849056604    0.0
0.6297169811320755    0.00023563410025562696
0.6306603773584906    0.0
0.6316037735849056    0.0
0.6325471698113208    0.00023563410025562696
0.6334905660377359    0.00023563410025562696
0.6344339622641509    0.0
0.635377358490566    0.0
0.6363207547169811    0.0
0.6372641509433963    0.0
0.6382075471698113    0.0
0.6391509433962264    0.0
0.6400943396226415    0.0
0.6410377358490567    0.0
0.6419811320754717    0.0
0.6429245283018867    0.0
0.6438679245283019    0.0
0.644811320754717    0.0
0.6457547169811321    0.0
0.6466981132075471    0.00023563410025562696
0.6476415094339623    0.0
0.6485849056603774    0.0
0.6495283018867924    0.0
0.6504716981132075    0.00023563410025562696
0.6514150943396226    0.0
0.6523584905660378    0.0
0.6533018867924528    0.0
0.6542452830188679    0.00023563410025562696
0.655188679245283    0.0
0.6561320754716982    0.0
0.6570754716981132    0.0
0.6580188679245282    0.0
0.6589622641509434    0.0
0.6599056603773585    0.0
0.6608490566037736    0.00023563410025568242
0.6617924528301886    0.0
0.6627358490566038    0.0
0.6636792452830189    0.0
0.664622641509434    0.0
0.665566037735849    0.0
0.6665094339622641    0.0
0.6674528301886793    0.0
0.6683962264150943    0.0
0.6693396226415094    0.0
0.6702830188679245    0.00023563410025562696
0.6712264150943397    0.0
0.6721698113207547    0.0
0.6731132075471697    0.0
0.6740566037735849    0.0
0.675    0.0
0.6759433962264151    0.0
0.6768867924528301    0.00023563410025562696
0.6778301886792453    0.0
0.6787735849056604    0.0
0.6797169811320755    0.0
0.6806603773584905    0.0
0.6816037735849056    0.0
0.6825471698113208    0.0
0.6834905660377358    0.0
0.6844339622641509    0.0
0.685377358490566    0.0
0.6863207547169812    0.0
0.6872641509433962    0.0
0.6882075471698113    0.0
0.6891509433962264    0.0
0.6900943396226416    0.0
0.6910377358490567    0.0
0.6919811320754717    0.0
0.6929245283018868    0.0
0.6938679245283019    0.0
0.6948113207547171    0.0
0.6957547169811321    0.0
0.6966981132075472    0.0
0.6976415094339623    0.0
0.6985849056603775    0.0
0.6995283018867925    0.0
0.7004716981132075    0.0
0.7014150943396227    0.0
0.7023584905660378    0.0
0.7033018867924529    0.0
0.7042452830188679    0.0
0.7051886792452831    0.0
0.7061320754716982    0.0
0.7070754716981132    0.0
0.7080188679245283    0.0
0.7089622641509434    0.0
0.7099056603773586    0.0
0.7108490566037736    0.0
0.7117924528301887    0.0
0.7127358490566038    0.0
0.713679245283019    0.0
0.714622641509434    0.0
0.715566037735849    0.0
0.7165094339622642    0.0
0.7174528301886793    0.0
0.7183962264150944    0.0
0.7193396226415094    0.0
0.7202830188679246    0.0
0.7212264150943397    0.0
0.7221698113207548    0.0
0.7231132075471698    0.0
0.7240566037735849    0.0
0.7250000000000001    0.0
0.7259433962264151    0.0
0.7268867924528302    0.0
0.7278301886792453    0.0
0.7287735849056605    0.0
0.7297169811320755    0.0
0.7306603773584905    0.0
0.7316037735849057    0.0
0.7325471698113208    0.0
0.7334905660377359    0.0
0.7344339622641509    0.0
0.7353773584905661    0.0
0.7363207547169812    0.0
0.7372641509433963    0.0
0.7382075471698113    0.0
0.7391509433962264    0.0
0.7400943396226416    0.0
0.7410377358490566    0.0
0.7419811320754717    0.00023563410025562696
0.7429245283018868    0.0
0.743867924528302    0.0
0.744811320754717    0.0
0.745754716981132    0.0
0.7466981132075472    0.0
0.7476415094339623    0.0
0.7485849056603774    0.0
0.7495283018867924    0.0
0.7504716981132076    0.0
0.7514150943396227    0.0
0.7523584905660378    0.0
0.7533018867924528    0.0
0.754245283018868    0.0
0.7551886792452831    0.0
0.7561320754716981    0.0
0.7570754716981132    0.0
0.7580188679245283    0.0
0.7589622641509435    0.0
0.7599056603773585    0.0
0.7608490566037736    0.0
0.7617924528301887    0.0
0.7627358490566039    0.0
0.7636792452830189    0.0
0.7646226415094339    0.0
0.7655660377358491    0.0
0.7665094339622642    0.0
0.7674528301886793    0.0
0.7683962264150943    0.0
0.7693396226415095    0.0
0.7702830188679246    0.0
0.7712264150943396    0.0
0.7721698113207547    0.0
0.7731132075471698    0.0
0.774056603773585    0.0
0.775    0.0
0.7759433962264151    0.0
0.7768867924528302    0.0
0.7778301886792454    0.0
0.7787735849056604    0.0
0.7797169811320754    0.0
0.7806603773584906    0.0
0.7816037735849057    0.0
0.7825471698113208    0.0
0.7834905660377358    0.0
0.784433962264151    0.0
0.7853773584905661    0.0
0.7863207547169812    0.0
0.7872641509433962    0.0
0.7882075471698113    0.0
0.7891509433962265    0.0
0.7900943396226415    0.0
0.7910377358490566    0.0
0.7919811320754717    0.0
0.7929245283018869    0.0
0.7938679245283019    0.0
0.7948113207547169    0.0
0.7957547169811321    0.0
0.7966981132075472    0.0
0.7976415094339623    0.0
0.7985849056603773    0.0
0.7995283018867925    0.0
0.8004716981132076    0.0
0.8014150943396227    0.0
0.8023584905660377    0.0
0.8033018867924528    0.0
0.804245283018868    0.0
0.805188679245283    0.0
0.8061320754716981    0.0
0.8070754716981132    0.0
0.8080188679245284    0.0
0.8089622641509434    0.0
0.8099056603773584    0.0
0.8108490566037736    0.0
0.8117924528301887    0.0
0.8127358490566038    0.0
0.8136792452830188    0.0
0.814622641509434    0.0
0.8155660377358491    0.0
0.8165094339622642    0.0
0.8174528301886792    0.0
0.8183962264150944    0.0
0.8193396226415095    0.0
0.8202830188679245    0.0
0.8212264150943396    0.0
0.8221698113207547    0.0
0.8231132075471699    0.0
0.8240566037735849    0.0
0.825    0.0
0.8259433962264151    0.0
0.8268867924528303    0.0
0.8278301886792453    0.0
0.8287735849056603    0.0
0.8297169811320755    0.0
0.8306603773584906    0.0
0.8316037735849057    0.0
0.8325471698113207    0.0
0.8334905660377359    0.0
0.834433962264151    0.0
0.835377358490566    0.0
0.8363207547169811    0.0
0.8372641509433962    0.0
0.8382075471698114    0.0
0.8391509433962264    0.0
0.8400943396226415    0.0
0.8410377358490566    0.0
0.8419811320754718    0.0
0.8429245283018868    0.0
0.8438679245283018    0.0
0.844811320754717    0.0
0.8457547169811321    0.0
0.8466981132075472    0.0
0.8476415094339622    0.0
0.8485849056603774    0.0
0.8495283018867925    0.0
0.8504716981132076    0.0
0.8514150943396226    0.0
0.8523584905660377    0.0
0.8533018867924529    0.0
0.8542452830188679    0.0
0.855188679245283    0.0
0.8561320754716981    0.0
0.8570754716981133    0.0
0.8580188679245283    0.0
0.8589622641509433    0.0
0.8599056603773585    0.0
0.8608490566037736    0.0
0.8617924528301887    0.0
0.8627358490566037    0.0
0.8636792452830189    0.0
0.864622641509434    0.0
0.8655660377358491    0.0
0.8665094339622641    0.0
0.8674528301886792    0.0
0.8683962264150944    0.0
0.8693396226415094    0.0
0.8702830188679245    0.0
0.8712264150943396    0.0
0.8721698113207548    0.0
0.8731132075471698    0.0
0.8740566037735849    0.0
0.875    0.0
0.8759433962264151    0.0
0.8768867924528302    0.0
0.8778301886792452    0.0
0.8787735849056604    0.0
0.8797169811320755    0.0
0.8806603773584906    0.0
0.8816037735849056    0.0
0.8825471698113208    0.0
0.8834905660377359    0.0
0.8844339622641509    0.0
0.885377358490566    0.0
0.8863207547169811    0.0
0.8872641509433963    0.0
0.8882075471698113    0.0
0.8891509433962264    0.0
0.8900943396226415    0.0
0.8910377358490567    0.0
0.8919811320754717    0.0
0.8929245283018867    0.0
0.8938679245283019    0.0
0.894811320754717    0.0
0.8957547169811321    0.0
0.8966981132075471    0.0
0.8976415094339623    0.0
0.8985849056603774    0.0
0.8995283018867924    0.0
0.9004716981132075    0.0
0.9014150943396226    0.0
0.9023584905660378    0.0
0.9033018867924528    0.0
0.9042452830188679    0.0
0.905188679245283    0.0
0.9061320754716982    0.0
0.9070754716981132    0.0
0.9080188679245282    0.0
0.9089622641509434    0.0
0.9099056603773585    0.0
0.9108490566037736    0.0
0.9117924528301886    0.0
0.9127358490566038    0.0
0.9136792452830189    0.0
0.914622641509434    0.0
0.915566037735849    0.0
0.9165094339622641    0.0
0.9174528301886793    0.0
0.9183962264150943    0.0
0.9193396226415094    0.0
0.9202830188679245    0.0
0.9212264150943397    0.0
0.9221698113207547    0.0
0.9231132075471697    0.0
0.9240566037735849    0.0
0.925    0.0
0.9259433962264151    0.0
0.9268867924528301    0.0
0.9278301886792453    0.0
0.9287735849056604    0.0
0.9297169811320755    0.0
0.9306603773584905    0.0
0.9316037735849056    0.0
0.9325471698113208    0.0
0.933490566037736    0.0
0.934433962264151    0.0
0.935377358490566    0.0
0.9363207547169812    0.0
0.9372641509433963    0.0
0.9382075471698114    0.0
0.9391509433962264    0.0
0.9400943396226416    0.0
0.9410377358490567    0.0
0.9419811320754717    0.0
0.9429245283018868    0.0
0.9438679245283019    0.0
0.9448113207547171    0.0
0.9457547169811321    0.0
0.9466981132075472    0.0
0.9476415094339623    0.0
0.9485849056603775    0.0
0.9495283018867925    0.0
0.9504716981132075    0.0
0.9514150943396227    0.0
0.9523584905660378    0.0
0.9533018867924529    0.0
0.9542452830188679    0.0
0.9551886792452831    0.0
0.9561320754716982    0.0
0.9570754716981132    0.0
0.9580188679245283    0.0
0.9589622641509434    0.0
0.9599056603773586    0.0
0.9608490566037736    0.0
0.9617924528301887    0.0
0.9627358490566038    0.0
0.963679245283019    0.0
0.964622641509434    0.0
0.965566037735849    0.0
0.9665094339622642    0.0
0.9674528301886793    0.0
0.9683962264150944    0.0
0.9693396226415094    0.0
0.9702830188679246    0.0
0.9712264150943397    0.0
0.9721698113207548    0.0
0.9731132075471698    0.0
0.9740566037735849    0.0
0.9750000000000001    0.0
0.9759433962264151    0.0
0.9768867924528302    0.0
0.9778301886792453    0.0
0.9787735849056605    0.0
0.9797169811320755    0.0
0.9806603773584905    0.0
0.9816037735849057    0.0
0.9825471698113208    0.0
0.9834905660377359    0.0
0.9844339622641509    0.0
0.9853773584905661    0.0
0.9863207547169812    0.0
0.9872641509433963    0.0
0.9882075471698113    0.0
0.9891509433962264    0.0
0.9900943396226416    0.0
0.9910377358490566    0.0
0.9919811320754717    0.0
0.9929245283018868    0.0
0.993867924528302    0.0
0.994811320754717    0.0
0.995754716981132    0.0
0.9966981132075472    0.0
0.9976415094339623    0.0
0.9985849056603774    0.0
0.9995283018867924    0.0