-0.9995283018867924    0.0
-0.9985849056603773    0.0
-0.9976415094339622    0.0
-0.9966981132075472    0.0
-0.995754716981132    0.0
-0.9948113207547169    0.0
-0.9938679245283019    0.0
-0.9929245283018868    0.0
-0.9919811320754717    0.0
-0.9910377358490565    0.0
-0.9900943396226415    0.0
-0.9891509433962264    0.0
-0.9882075471698113    0.0
-0.9872641509433961    0.0
-0.9863207547169811    0.0
-0.9853773584905661    0.0
-0.9844339622641509    0.0
-0.9834905660377358    0.0
-0.9825471698113207    0.0
-0.9816037735849057    0.0
-0.9806603773584905    0.0
-0.9797169811320754    0.0
-0.9787735849056604    0.0
-0.9778301886792453    0.0
-0.9768867924528302    0.0
-0.975943396226415    0.0
-0.975    0.0
-0.9740566037735849    0.0
-0.9731132075471698    0.0
-0.9721698113207546    0.0
-0.9712264150943396    0.0
-0.9702830188679246    0.0
-0.9693396226415094    0.0
-0.9683962264150943    0.0
-0.9674528301886792    0.0
-0.9665094339622642    0.0
-0.965566037735849    0.0
-0.9646226415094339    0.0
-0.9636792452830188    0.0
-0.9627358490566038    0.0
-0.9617924528301887    0.0
-0.9608490566037735    0.0
-0.9599056603773585    0.0
-0.9589622641509434    0.0
-0.9580188679245283    0.0
-0.9570754716981131    0.0
-0.9561320754716981    0.0
-0.9551886792452831    0.0
-0.9542452830188679    0.0
-0.9533018867924528    0.0
-0.9523584905660377    0.0
-0.9514150943396227    0.0
-0.9504716981132075    0.0
-0.9495283018867924    0.0
-0.9485849056603773    0.0
-0.9476415094339623    0.0
-0.9466981132075472    0.0
-0.945754716981132    0.0
-0.944811320754717    0.0
-0.9438679245283019    0.0
-0.9429245283018868    0.0
-0.9419811320754716    0.0
-0.9410377358490566    0.0
-0.9400943396226416    0.0
-0.9391509433962264    0.0
-0.9382075471698113    0.0
-0.9372641509433962    0.0
-0.9363207547169812    0.0
-0.935377358490566    0.0
-0.9344339622641509    0.0
-0.9334905660377358    0.0
-0.9325471698113208    0.0
-0.9316037735849056    0.0
-0.9306603773584905    0.0
-0.9297169811320755    0.0
-0.9287735849056604    0.0
-0.9278301886792453    0.0
-0.9268867924528301    0.0
-0.9259433962264151    0.0
-0.925    0.0
-0.9240566037735849    0.0
-0.9231132075471697    0.0
-0.9221698113207547    0.0
-0.9212264150943397    0.0
-0.9202830188679245    0.0
-0.9193396226415094    0.0
-0.9183962264150943    0.0
-0.9174528301886793    0.0
-0.9165094339622641    0.0
-0.915566037735849    0.0
-0.914622641509434    0.0
-0.9136792452830189    0.0
-0.9127358490566038    0.0
-0.9117924528301886    0.0
-0.9108490566037736    0.0
-0.9099056603773585    0.0
-0.9089622641509434    0.0
-0.9080188679245282    0.0
-0.9070754716981132    0.0
-0.9061320754716982    0.0
-0.905188679245283    0.0
-0.9042452830188679    0.0
-0.9033018867924528    0.0
-0.9023584905660378    0.0
-0.9014150943396226    0.0
-0.9004716981132075    0.0
-0.8995283018867924    0.0
-0.8985849056603774    0.0
-0.8976415094339623    0.0
-0.8966981132075471    0.0
-0.8957547169811321    0.0
-0.894811320754717    0.0
-0.8938679245283019    0.0
-0.8929245283018867    0.0
-0.8919811320754717    0.0
-0.8910377358490567    0.0
-0.8900943396226415    0.0
-0.8891509433962264    0.0
-0.8882075471698113    0.0
-0.8872641509433963    0.0
-0.8863207547169811    0.0
-0.885377358490566    0.0
-0.8844339622641509    0.0
-0.8834905660377359    0.0
-0.8825471698113208    0.0
-0.8816037735849056    0.0
-0.8806603773584906    0.0
-0.8797169811320755    0.0
-0.8787735849056604    0.0
-0.8778301886792452    0.0
-0.8768867924528302    0.0
-0.8759433962264151    0.0
-0.875    0.0
-0.8740566037735849    0.0
-0.8731132075471698    0.0
-0.8721698113207548    0.0
-0.8712264150943396    0.0
-0.8702830188679245    0.0
-0.8693396226415094    0.0
-0.8683962264150944    0.0
-0.8674528301886792    0.0
-0.8665094339622641    0.0
-0.8655660377358491    0.0
-0.864622641509434    0.0
-0.8636792452830189    0.0
-0.8627358490566037    0.0
-0.8617924528301887    0.0
-0.8608490566037736    0.0
-0.8599056603773585    0.0
-0.8589622641509433    0.0
-0.8580188679245283    0.0
-0.8570754716981133    0.0
-0.8561320754716981    0.0
-0.855188679245283    0.0
-0.8542452830188679    0.0
-0.8533018867924529    0.0
-0.8523584905660377    0.0
-0.8514150943396226    0.0
-0.8504716981132076    0.0
-0.8495283018867925    0.0
-0.8485849056603774    0.0
-0.8476415094339622    0.0
-0.8466981132075472    0.0
-0.8457547169811321    0.0
-0.844811320754717    0.0
-0.8438679245283018    0.0
-0.8429245283018868    0.0
-0.8419811320754718    0.0
-0.8410377358490566    0.0
-0.8400943396226415    0.0
-0.8391509433962264    0.0
-0.8382075471698114    0.0
-0.8372641509433962    0.0
-0.8363207547169811    0.0
-0.835377358490566    0.0
-0.834433962264151    0.0
-0.8334905660377359    0.0
-0.8325471698113207    0.0
-0.8316037735849057    0.0
-0.8306603773584906    0.0
-0.8297169811320755    0.0
-0.8287735849056603    0.0
-0.8278301886792453    0.0
-0.8268867924528303    0.0
-0.8259433962264151    0.0
-0.825    0.0
-0.8240566037735849    0.0
-0.8231132075471699    0.0
-0.8221698113207547    0.0
-0.8212264150943396    0.0
-0.8202830188679245    0.0
-0.8193396226415095    0.0
-0.8183962264150944    0.0
-0.8174528301886792    0.0
-0.816509433962264    0.0
-0.8155660377358491    0.0
-0.814622641509434    0.0
-0.8136792452830188    0.0
-0.8127358490566037    0.0
-0.8117924528301887    0.0
-0.8108490566037736    0.0
-0.8099056603773584    0.0
-0.8089622641509433    0.0
-0.8080188679245284    0.0
-0.8070754716981132    0.0
-0.8061320754716981    0.0
-0.8051886792452829    0.0
-0.804245283018868    0.0
-0.8033018867924528    0.0
-0.8023584905660377    0.0
-0.8014150943396225    0.0
-0.8004716981132076    0.0
-0.7995283018867925    0.0
-0.7985849056603773    0.0
-0.7976415094339622    0.0
-0.7966981132075472    0.0
-0.7957547169811321    0.0
-0.7948113207547169    0.0
-0.7938679245283018    0.0
-0.7929245283018869    0.0
-0.7919811320754717    0.0
-0.7910377358490566    0.0
-0.7900943396226414    0.0
-0.7891509433962265    0.0
-0.7882075471698113    0.0
-0.7872641509433962    0.0
-0.786320754716981    0.0
-0.7853773584905661    0.0
-0.784433962264151    0.0
-0.7834905660377358    0.0
-0.7825471698113207    0.0
-0.7816037735849057    0.0
-0.7806603773584906    0.0
-0.7797169811320754    0.0
-0.7787735849056603    0.0
-0.7778301886792454    0.0
-0.7768867924528302    0.0
-0.7759433962264151    0.0
-0.7749999999999999    0.0
-0.774056603773585    0.0
-0.7731132075471698    0.0
-0.7721698113207547    0.0
-0.7712264150943395    0.0
-0.7702830188679246    0.0
-0.7693396226415095    0.0
-0.7683962264150943    0.0
-0.7674528301886792    0.0
-0.7665094339622642    0.0
-0.7655660377358491    0.0
-0.7646226415094339    0.0
-0.7636792452830188    0.0
-0.7627358490566039    0.0
-0.7617924528301887    0.0
-0.7608490566037736    0.0
-0.7599056603773584    0.0
-0.7589622641509435    0.0
-0.7580188679245283    0.0
-0.7570754716981132    0.0
-0.756132075471698    0.0
-0.7551886792452831    0.0
-0.754245283018868    0.0
-0.7533018867924528    0.0
-0.7523584905660377    0.0
-0.7514150943396227    0.0
-0.7504716981132076    0.0
-0.7495283018867924    0.0
-0.7485849056603773    0.0
-0.7476415094339623    0.0
-0.7466981132075472    0.0
-0.745754716981132    0.0
-0.7448113207547169    0.0
-0.743867924528302    0.0
-0.7429245283018868    0.0
-0.7419811320754717    0.0
-0.7410377358490565    0.0
-0.7400943396226416    0.0
-0.7391509433962264    0.0
-0.7382075471698113    0.0
-0.7372641509433961    0.0
-0.7363207547169812    0.0
-0.7353773584905661    0.0
-0.7344339622641509    0.0
-0.7334905660377358    0.0
-0.7325471698113208    0.0
-0.7316037735849057    0.0
-0.7306603773584905    0.0
-0.7297169811320754    0.0
-0.7287735849056605    0.0
-0.7278301886792453    0.0
-0.7268867924528302    0.0
-0.725943396226415    0.0
-0.7250000000000001    0.0
-0.7240566037735849    0.0
-0.7231132075471698    0.0
-0.7221698113207546    0.0
-0.7212264150943397    0.0
-0.7202830188679246    0.0
-0.7193396226415094    0.0
-0.7183962264150943    0.0
-0.7174528301886793    0.0
-0.7165094339622642    0.0
-0.715566037735849    0.0
-0.7146226415094339    0.0
-0.713679245283019    0.0
-0.7127358490566038    0.0
-0.7117924528301887    0.0
-0.7108490566037735    0.0
-0.7099056603773586    0.0
-0.7089622641509434    0.0
-0.7080188679245283    0.0
-0.7070754716981131    0.0
-0.7061320754716982    0.0
-0.7051886792452831    0.0
-0.7042452830188679    0.0
-0.7033018867924528    0.0
-0.7023584905660378    0.0
-0.7014150943396227    0.0
-0.7004716981132075    0.0
-0.6995283018867924    0.0
-0.6985849056603775    0.0
-0.6976415094339623    0.0
-0.6966981132075472    0.0
-0.695754716981132    0.0
-0.6948113207547171    0.0
-0.6938679245283019    0.0
-0.6929245283018868    0.0
-0.6919811320754716    0.0
-0.6910377358490567    0.0
-0.6900943396226416    0.0
-0.6891509433962264    0.0
-0.6882075471698113    0.0
-0.6872641509433963    0.0
-0.6863207547169812    0.0
-0.685377358490566    0.0
-0.6844339622641509    0.0
-0.683490566037736    0.0
-0.6825471698113208    0.0
-0.6816037735849056    0.0
-0.6806603773584905    0.0
-0.6797169811320756    0.0
-0.6787735849056604    0.0
-0.6778301886792453    0.0
-0.6768867924528301    0.0
-0.6759433962264152    0.0
-0.675    0.0
-0.6740566037735849    0.0
-0.6731132075471697    0.0
-0.6721698113207548    0.0
-0.6712264150943397    0.0
-0.6702830188679245    0.0
-0.6693396226415094    0.0
-0.6683962264150944    0.0
-0.6674528301886793    0.0
-0.6665094339622641    0.0
-0.665566037735849    0.0
-0.6646226415094341    0.0
-0.6636792452830189    0.0
-0.6627358490566038    0.0
-0.6617924528301886    0.0
-0.6608490566037737    0.0
-0.6599056603773585    0.0
-0.6589622641509434    0.0
-0.6580188679245282    0.0
-0.6570754716981133    0.0
-0.6561320754716982    0.0
-0.655188679245283    0.0
-0.6542452830188679    0.0
-0.6533018867924529    0.0
-0.6523584905660378    0.0
-0.6514150943396226    0.0
-0.6504716981132075    0.0
-0.6495283018867926    0.0
-0.6485849056603774    0.0
-0.6476415094339623    0.0
-0.6466981132075471    0.0
-0.6457547169811322    0.0
-0.644811320754717    0.0
-0.6438679245283019    0.0
-0.6429245283018867    0.0
-0.6419811320754718    0.0
-0.6410377358490567    0.0
-0.6400943396226415    0.0
-0.6391509433962264    0.0
-0.6382075471698113    0.0
-0.6372641509433963    0.0
-0.6363207547169811    0.0
-0.635377358490566    0.0
-0.6344339622641508    0.0
-0.6334905660377359    0.0
-0.6325471698113208    0.0
-0.6316037735849056    0.0
-0.6306603773584905    0.0
-0.6297169811320755    0.0
-0.6287735849056604    0.00023563410025562696
-0.6278301886792452    0.0
-0.6268867924528301    0.0
-0.6259433962264151    0.0
-0.625    0.0
-0.6240566037735849    0.0
-0.6231132075471697    0.0
-0.6221698113207548    0.0
-0.6212264150943396    0.0
-0.6202830188679245    0.0
-0.6193396226415093    0.0
-0.6183962264150944    0.0
-0.6174528301886792    0.0
-0.6165094339622641    0.0
-0.615566037735849    0.0
-0.614622641509434    0.0
-0.6136792452830189    0.0
-0.6127358490566037    0.0
-0.6117924528301886    0.0
-0.6108490566037736    0.0
-0.6099056603773585    0.0
-0.6089622641509433    0.0
-0.6080188679245282    0.0
-0.6070754716981133    0.0
-0.6061320754716981    0.0
-0.605188679245283    0.0
-0.6042452830188678    0.0
-0.6033018867924529    0.0
-0.6023584905660377    0.0
-0.6014150943396226    0.0
-0.6004716981132074    0.0
-0.5995283018867925    0.0
-0.5985849056603774    0.0
-0.5976415094339622    0.0
-0.5966981132075471    0.0
-0.5957547169811321    0.0
-0.594811320754717    0.0
-0.5938679245283018    0.0
-0.5929245283018867    0.00023563410025565466
-0.5919811320754718    0.0
-0.5910377358490566    0.0
-0.5900943396226415    0.0
-0.5891509433962263    0.0
-0.5882075471698114    0.0
-0.5872641509433962    0.0
-0.5863207547169811    0.0
-0.5853773584905659    0.0
-0.584433962264151    0.00023563410025565466
-0.5834905660377359    0.0
-0.5825471698113207    0.0
-0.5816037735849056    0.0
-0.5806603773584906    0.0
-0.5797169811320755    0.0
-0.5787735849056603    0.0
-0.5778301886792452    0.0
-0.5768867924528303    0.0
-0.5759433962264151    0.0
-0.575    0.0
-0.5740566037735848    0.0
-0.5731132075471699    0.0
-0.5721698113207547    0.0
-0.5712264150943396    0.0
-0.5702830188679244    0.0
-0.5693396226415095    0.0
-0.5683962264150944    0.0
-0.5674528301886792    0.0
-0.566509433962264    0.0
-0.5655660377358491    0.0
-0.564622641509434    0.0
-0.5636792452830188    0.0
-0.5627358490566037    0.0
-0.5617924528301887    0.0
-0.5608490566037736    0.0
-0.5599056603773584    0.0
-0.5589622641509433    0.0
-0.5580188679245284    0.00023563410025565466
-0.5570754716981132    0.0
-0.5561320754716981    0.0
-0.5551886792452829    0.0
-0.554245283018868    0.0
-0.5533018867924528    0.0
-0.5523584905660377    0.0
-0.5514150943396225    0.0
-0.5504716981132076    0.00023563410025565466
-0.5495283018867925    0.0
-0.5485849056603773    0.0
-0.5476415094339622    0.0
-0.5466981132075472    0.0
-0.5457547169811321    0.0
-0.5448113207547169    0.0
-0.5438679245283018    0.0
-0.5429245283018869    0.0
-0.5419811320754717    0.00023563410025562696
-0.5410377358490566    0.0
-0.5400943396226414    0.0
-0.5391509433962265    0.0
-0.5382075471698113    0.0
-0.5372641509433962    0.0
-0.536320754716981    0.0
-0.5353773584905661    0.0
-0.534433962264151    0.0
-0.5334905660377358    0.0
-0.5325471698113207    0.00023563410025565466
-0.5316037735849057    0.0
-0.5306603773584906    0.0
-0.5297169811320754    0.0
-0.5287735849056603    0.0
-0.5278301886792454    0.0
-0.5268867924528302    0.0
-0.5259433962264151    0.0
-0.5249999999999999    0.00023563410025565466
-0.524056603773585    0.00023563410025565466
-0.5231132075471698    0.0
-0.5221698113207547    0.0
-0.5212264150943395    0.00023563410025565466
-0.5202830188679246    0.0
-0.5193396226415095    0.0
-0.5183962264150943    0.0
-0.5174528301886792    0.0
-0.5165094339622642    0.0
-0.5155660377358491    0.0
-0.5146226415094339    0.0
-0.5136792452830188    0.0
-0.5127358490566039    0.0
-0.5117924528301887    0.0
-0.5108490566037736    0.0
-0.5099056603773584    0.0
-0.5089622641509435    0.0
-0.5080188679245283    0.0
-0.5070754716981132    0.0
-0.506132075471698    0.0
-0.5051886792452831    0.0004712682005113093
-0.504245283018868    0.0
-0.5033018867924528    0.0
-0.5023584905660377    0.0
-0.5014150943396227    0.00023563410025565466
-0.5004716981132076    0.00023563410025562696
-0.4995283018867924    0.0004712682005112539
-0.49858490566037733    0.00023563410025565466
-0.49764150943396224    0.00023563410025562696
-0.49669811320754714    0.00023563410025565466
-0.49575471698113205    0.0
-0.49481132075471695    0.0
-0.49386792452830186    0.00023563410025562696
-0.49292452830188677    0.00023563410025565466
-0.49198113207547167    0.0004712682005112539
-0.4910377358490566    0.0004712682005113093
-0.4900943396226415    0.0
-0.4891509433962264    0.0
-0.4882075471698113    0.0004712682005112539
-0.4872641509433962    0.0
-0.4863207547169811    0.0004712682005112539
-0.485377358490566    0.00023563410025565466
-0.4844339622641509    0.0
-0.4834905660377358    0.00023563410025565466
-0.48254716981132073    0.0004712682005112539
-0.48160377358490564    0.0
-0.48066037735849054    0.0
-0.47971698113207545    0.0004712682005113093
-0.47877358490566035    0.0
-0.47783018867924526    0.0007069023007669641
-0.47688679245283017    0.0
-0.47594339622641507    0.0007069023007669641
-0.475    0.0007069023007668808
-0.4740566037735849    0.00023563410025565466
-0.4731132075471698    0.0
-0.4721698113207547    0.0004712682005113093
-0.4712264150943396    0.0004712682005112539
-0.4702830188679245    0.0
-0.4693396226415094    0.0004712682005112539
-0.4683962264150943    0.0
-0.4674528301886792    0.0004712682005112539
-0.46650943396226413    0.0
-0.46556603773584904    0.00023563410025562696
-0.46462264150943394    0.0009425364010226187
-0.46367924528301885    0.0
-0.46273584905660375    0.00023563410025565466
-0.46179245283018866    0.0009425364010225078
-0.46084905660377357    0.0007069023007669641
-0.45990566037735847    0.00023563410025562696
-0.4589622641509434    0.0004712682005113093
-0.4580188679245283    0.00023563410025562696
-0.4570754716981132    0.00023563410025565466
-0.4561320754716981    0.00023563410025562696
-0.455188679245283    0.0011781705012782733
-0.4542452830188679    0.0009425364010225078
-0.4533018867924528    0.00023563410025565466
-0.4523584905660377    0.00023563410025562696
-0.4514150943396226    0.0004712682005113093
-0.45047169811320753    0.00023563410025562696
-0.44952830188679244    0.0
-0.44858490566037734    0.00023563410025562696
-0.44764150943396225    0.0007069023007669641
-0.44669811320754715    0.0011781705012781348
-0.44575471698113206    0.0
-0.44481132075471697    0.0011781705012781348
-0.44386792452830187    0.0004712682005113093
-0.4429245283018868    0.0007069023007668808
-0.4419811320754717    0.0004712682005113093
-0.4410377358490566    0.0009425364010225078
-0.4400943396226415    0.0014138046015339282
-0.4391509433962264    0.0004712682005112539
-0.4382075471698113    0.0009425364010226187
-0.4372641509433962    0.0004712682005112539
-0.4363207547169811    0.0007069023007669641
-0.435377358490566    0.0011781705012781348
-0.43443396226415093    0.0021207069023008924
-0.43349056603773584    0.0007069023007668808
-0.43254716981132074    0.00023563410025565466
-0.43160377358490565    0.0004712682005112539
-0.43066037735849055    0.0011781705012782733
-0.42971698113207546    0.0004712682005112539
-0.42877358490566037    0.0023563410025565466
-0.42783018867924527    0.0007069023007668808
-0.4268867924528302    0.0009425364010226187
-0.4259433962264151    0.0009425364010225078
-0.425    0.0007069023007669641
-0.4240566037735849    0.0011781705012781348
-0.4231132075471698    0.0004712682005113093
-0.4221698113207547    0.0007069023007668808
-0.4212264150943396    0.0004712682005113093
-0.4202830188679245    0.0016494387017893888
-0.4193396226415094    0.0011781705012782733
-0.41839622641509433    0.0014138046015337617
-0.41745283018867924    0.0014138046015339282
-0.41650943396226414    0.0018850728020450157
-0.41556603773584905    0.0007069023007669641
-0.41462264150943395    0.0025919751028118964
-0.41367924528301886    0.0016494387017895829
-0.41273584905660377    0.0011781705012781348
-0.41179245283018867    0.0011781705012782733
-0.4108490566037736    0.0011781705012781348
-0.4099056603773585    0.0014138046015339282
-0.4089622641509434    0.0016494387017893888
-0.4080188679245283    0.0018850728020452373
-0.4070754716981132    0.0025919751028118964
-0.4061320754716981    0.0018850728020452373
-0.405188679245283    0.0009425364010225078
-0.4042452830188679    0.0021207069023008924
-0.4033018867924528    0.0016494387017893888
-0.40235849056603773    0.0023563410025565466
-0.40141509433962264    0.0032988774035787776
-0.40047169811320754    0.0023563410025565466
-0.39952830188679245    0.0028276092030675233
-0.39858490566037735    0.0009425364010226187
-0.39764150943396226    0.0032988774035787776
-0.39669811320754716    0.0014138046015339282
-0.39575471698113207    0.004241413804601285
-0.394811320754717    0.0009425364010226187
-0.3938679245283019    0.0014138046015337617
-0.3929245283018868    0.0025919751028122017
-0.3919811320754717    0.0032988774035787776
-0.3910377358490566    0.0018850728020452373
-0.3900943396226415    0.0023563410025562695
-0.3891509433962264    0.0032988774035791657
-0.3882075471698113    0.0025919751028118964
-0.3872641509433962    0.004241413804601785
-0.38632075471698113    0.0018850728020450157
-0.38537735849056604    0.0023563410025565466
-0.38443396226415094    0.0028276092030675233
-0.38349056603773585    0.0028276092030678564
-0.38254716981132075    0.0032988774035787776
-0.38160377358490566    0.0025919751028122017
-0.38066037735849056    0.0032988774035787776
-0.37971698113207547    0.0028276092030678564
-0.3787735849056604    0.0025919751028118964
-0.3778301886792453    0.004241413804601785
-0.3768867924528302    0.004477047904856912
-0.3759433962264151    0.004712682005113093
-0.375    0.0032988774035787776
-0.3740566037735849    0.004712682005113093
-0.3731132075471698    0.004241413804601285
-0.3721698113207547    0.00400577970434613
-0.3712264150943396    0.005655218406135047
-0.37028301886792453    0.006833388907413986
-0.36933962264150944    0.005183950205623793
-0.36839622641509434    0.005655218406135713
-0.36745283018867925    0.004005779704345658
-0.36650943396226415    0.007069023007669641
-0.36556603773584906    0.006126486606646301
-0.36462264150943396    0.0051839502056244035
-0.36367924528301887    0.004005779704345658
-0.3627358490566038    0.007304657107925295
-0.3617924528301887    0.004712682005112539
-0.3608490566037736    0.005419584305880058
-0.3599056603773585    0.00777592530843569
-0.3589622641509434    0.006362120706902677
-0.3580188679245283    0.005183950205623793
-0.3570754716981132    0.008718461709459223
-0.3561320754716981    0.010603534511503214
-0.355188679245283    0.011781705012782733
-0.35424528301886793    0.00848282760920257
-0.35330188679245284    0.0065977548071583314
-0.35235849056603774    0.007540291208180063
-0.35141509433962265    0.008718461709459223
-0.35047169811320755    0.010132266310991959
-0.34952830188679246    0.010367900411248807
-0.34858490566037736    0.00848282760920257
-0.34764150943396227    0.01154607091252708
-0.3466981132075472    0.011074802712014468
-0.3457547169811321    0.01060353451150446
-0.344811320754717    0.01083916861175884
-0.3438679245283019    0.010367900411248807
-0.3429245283018868    0.011781705012781347
-0.3419811320754717    0.01201733911303839
-0.3410377358490566    0.011074802712014468
-0.3400943396226415    0.01154607091252708
-0.3391509433962264    0.008718461709458197
-0.33820754716981133    0.012488607313549699
-0.33726415094339623    0.013431143714570735
-0.33632075471698114    0.012724241413805354
-0.33537735849056605    0.010367900411247586
-0.33443396226415095    0.015080582416361898
-0.33349056603773586    0.01319550961431511
-0.33254716981132076    0.014138046015339282
-0.33160377358490567    0.013666777814826364
-0.3306603773584906    0.016730021118151483
-0.3297169811320755    0.017672557519172023
-0.3287735849056604    0.015316216516617557
-0.3278301886792453    0.01790819161942765
-0.3268867924528302    0.014844948316106246
-0.3259433962264151    0.015787484717127008
-0.325    0.01814382571968541
-0.3240566037735849    0.018850728020450156
-0.3231132075471698    0.013431143714572316
-0.32216981132075473    0.016494387017893887
-0.32122641509433963    0.01979326442147499
-0.32028301886792454    0.019793264421472664
-0.31933962264150945    0.016258752917640173
-0.31839622641509435    0.018850728020450156
-0.31745283018867926    0.016730021118151483
-0.31650943396226416    0.019793264421472664
-0.31556603773584907    0.022385239524287195
-0.314622641509434    0.025212848727352084
-0.3136792452830189    0.021913971323775885
-0.3127358490566038    0.02144270312326205
-0.3117924528301887    0.02521284872735505
-0.3108490566037736    0.023563410025562694
-0.3099056603773585    0.029925530732468144
-0.3089622641509434    0.025212848727352084
-0.3080188679245283    0.027097921529400288
-0.3070754716981132    0.025684116927863338
-0.30613207547169813    0.029454262531956838
-0.30518867924528303    0.028982994331442115
-0.30424528301886794    0.02968989663221249
-0.30330188679245285    0.029925530732464626
-0.30235849056603775    0.03110370123374642
-0.30141509433962266    0.032753139935532145
-0.30047169811320756    0.03416694453706993
-0.29952830188679247    0.03723018784038906
-0.2985849056603774    0.039350894742694334
-0.2976415094339623    0.03887962654217845
-0.2966981132075472    0.04147160164499523
-0.2957547169811321    0.03770145604090031
-0.294811320754717    0.03652328553962647
-0.2938679245283019    0.040764699344223464
-0.2929245283018868    0.041707235745250884
-0.2919811320754717    0.044063576747802244
-0.2910377358490566    0.04477047904857439
-0.29009433962264153    0.04665555185061414
-0.28915094339622643    0.05113259975547707
-0.28820754716981134    0.04429921084805787
-0.28726415094339625    0.05490274535956754
-0.28632075471698115    0.05725908636211735
-0.28537735849056606    0.052310770256755346
-0.28443396226415096    0.048304990552403525
-0.28349056603773587    0.05867289096365802
-0.2825471698113208    0.05820162276313986
-0.2816037735849057    0.05937979326442498
-0.2806603773584906    0.06550627987106429
-0.2797169811320755    0.06927642547516248
-0.2787735849056604    0.05867289096365111
-0.2778301886792453    0.065506279871072
-0.2768867924528302    0.06715571857285368
-0.27594339622641506    0.06055796376569613
-0.27499999999999997    0.07658108258308778
-0.2740566037735849    0.06951205957540996
-0.2731132075471698    0.07705235078359908
-0.2721698113207547    0.07351783927975561
-0.2712264150943396    0.07987995998666694
-0.2702830188679245    0.07563854618205625
-0.2693396226415094    0.07540291208180949
-0.2683962264150943    0.09071912859841638
-0.2674528301886792    0.09236856730021664
-0.2665094339622641    0.08765588529509323
-0.265566037735849    0.08459264199178003
-0.26462264150943393    0.0864777147938151
-0.26367924528301884    0.09802378570635234
-0.26273584905660374    0.0996732244081302
-0.26179245283018865    0.10744914971657853
-0.26084905660377355    0.10438590641324275
-0.25990566037735846    0.10320773591197675
-0.25896226415094337    0.10768478381682152
-0.2580188679245283    0.09920195620763063
-0.2570754716981132    0.1057997110147765
-0.2561320754716981    0.10697788151606723
-0.255188679245283    0.12394353673445978
-0.2542452830188679    0.12182282983217348
-0.2533018867924528    0.13077692564187296
-0.2523584905660377    0.12653551183728656
-0.2514150943396226    0.12488607313548228
-0.2504716981132075    0.12653551183728656
-0.24952830188679243    0.12983438924085045
-0.24858490566037733    0.13313326664444491
-0.24764150943396224    0.1451506057574662
-0.24669811320754714    0.1343114371457232
-0.24575471698113205    0.14538623985772184
-0.24481132075471695    0.14892075136157376
-0.24386792452830186    0.16612204068021702
-0.24292452830188677    0.14208736245415976
-0.24198113207547167    0.1581104812715257
-0.24103773584905658    0.16093809047461213
-0.24009433962264148    0.1750761364899308
-0.2391509433962264    0.17460486828944013
-0.2382075471698113    0.17012782038456267
-0.2372641509433962    0.19675447371347166
-0.2363207547169811    0.1835589640991334
-0.235377358490566    0.19534066911193773
-0.23443396226415092    0.20500166722239546
-0.23349056603773582    0.2115994220295779
-0.23254716981132073    0.1948694009114035
-0.23160377358490564    0.21866844503724756
-0.23066037735849054    0.213484494831598
-0.22971698113207545    0.21984661553852583
-0.22877358490566035    0.21607646993440993
-0.22783018867924526    0.22950761364900768
-0.22688679245283017    0.24011114816048387
-0.22594339622641507    0.24246748916306868
-0.22499999999999998    0.24317439146380704
-0.22405660377358488    0.25472046237636276
-0.2231132075471698    0.25778370567965586
-0.2221698113207547    0.24977214627099398
-0.2212264150943396    0.2639101922863022
-0.2202830188679245    0.27569189729911603
-0.2193396226415094    0.2721573857952492
-0.21839622641509432    0.2735711903968151
-0.21745283018867922    0.3042036234300144
-0.21650943396226413    0.29077247971547787
-0.21556603773584904    0.3216405468489308
-0.21462264150943394    0.33200844726021744
-0.21367924528301885    0.3232899855507202
-0.21273584905660375    0.30538179393132847
-0.21179245283018866    0.3313015449594115
-0.21084905660377357    0.34190507947095494
-0.20990566037735847    0.35769256418804174
-0.20896226415094338    0.33672112926533054
-0.20801886792452828    0.35722129598753044
-0.2070754716981132    0.37701456040904746
-0.2061320754716981    0.37253751250414624
-0.205188679245283    0.37088807380240046
-0.2042452830188679    0.4010492386350771
-0.2033018867924528    0.405997554740493
-0.20235849056603772    0.38549738801820566
-0.20141509433962262    0.42084250305659926
-0.20047169811320753    0.4173079915527153
-0.19952830188679244    0.4187217961542984
-0.19858490566037734    0.42673335556294045
-0.19764150943396225    0.4484116927865109
-0.19669811320754715    0.4858775147271028
-0.19575471698113206    0.4764521507169338
-0.19481132075471697    0.4936534400355384
-0.19386792452830187    0.5033144381460783
-0.19292452830188678    0.5068489496498536
-0.19198113207547168    0.504963876847868
-0.1910377358490566    0.552090696898934
-0.1900943396226415    0.5195731910637186
-0.1891509433962264    0.5327687006779726
-0.1882075471698113    0.5443147715905624
-0.1872641509433962    0.5808380571301205
-0.18632075471698112    0.5737690341225191
-0.18537735849056602    0.5857863732354885
-0.18443396226415093    0.5952117372457838
-0.18349056603773584    0.6249016338779226
-0.18254716981132074    0.6274936089808084
-0.18160377358490565    0.6230165610758777
-0.18066037735849055    0.6494075803045843
-0.17971698113207546    0.6317350227853359
-0.17877358490566037    0.6536489941091861
-0.17783018867924527    0.6717928198287925
-0.17688679245283018    0.6805112815383307
-0.17594339622641508    0.7189196398799178
-0.175    0.7078448371679867
-0.1740566037735849    0.7264599310880979
-0.1731132075471698    0.7580349005224412
-0.1721698113207547    0.7509658775146831
-0.1712264150943396    0.7599199733244864
-0.17028301886792452    0.8105813048793568
-0.16933962264150942    0.7992708680671807
-0.16839622641509433    0.8247193508946944
-0.16745283018867924    0.8296676670001601
-0.16650943396226414    0.8478114927197458
-0.16556603773584905    0.8360297877070628
-0.16462264150943395    0.8767944870511879
-0.16367924528301886    0.912375236189895
-0.16273584905660377    0.9048349449816075
-0.16179245283018867    0.9288696232077908
-0.16084905660377358    0.9309903301099821
-0.15990566037735848    0.9910770256752837
-0.1589622641509434    0.9493697899299209
-0.1580188679245283    0.989427586973494
-0.1570754716981132    0.9957897076802795
-0.1561320754716981    1.0136978992998265
-0.155188679245283    1.0365544070245032
-0.15424528301886792    1.0841524952762671
-0.15330188679245282    1.095934200288921
-0.15235849056603773    1.094520395687516
-0.15141509433962264    1.113606757808093
-0.15047169811320754    1.1454173613427374
-0.14952830188679245    1.150130043347715
-0.14858490566037735    1.1623830165611446
-0.14764150943396226    1.1762854284760897
-0.14669811320754716    1.217992664221479
-0.14575471698113207    1.1998488385016524
-0.14481132075471698    1.2531021451595714
-0.14386792452830188    1.2356652217405077
-0.1429245283018868    1.283498944092551
-0.1419811320754717    1.306826720017707
-0.1410377358490566    1.3859997777037607
-0.1400943396226415    1.3695053906857038
-0.1391509433962264    1.3761031454930235
-0.13820754716981132    1.412390796932228
-0.13726415094339622    1.424879404245944
-0.13632075471698113    1.435718572857535
-0.13537735849056604    1.4823741247083237
-0.13443396226415094    1.468471712793067
-0.13349056603773585    1.5054662665333778
-0.13254716981132075    1.496983438923998
-0.13160377358490566    1.516305435145138
-0.13066037735849056    1.5320929198620865
-0.12971698113207547    1.5818117150162099
-0.12877358490566038    1.6049038568410754
-0.12783018867924528    1.6312948760698973
-0.1268867924528302    1.637185728576096
-0.1259433962264151    1.6633411137046665
-0.125    1.68007113482262
-0.1240566037735849    1.7491119261977248
-0.12311320754716981    1.7246059797709337
-0.12216981132075472    1.7828076025342834
-0.12122641509433962    1.8200377903744627
-0.12028301886792453    1.8780037790375679
-0.11933962264150944    1.8113193286650044
-0.11839622641509434    1.860802489718905
-0.11745283018867925    1.9046304323662326
-0.11650943396226415    1.931963987996113
-0.11556603773584906    1.9491652773145463
-0.11462264150943396    1.9939357563633497
-0.11367924528301887    1.9432744248081555
-0.11273584905660378    2.0587351339336553
-0.11179245283018868    2.0493097699231875
-0.11084905660377359    2.073815716350017
-0.1099056603773585    2.10091363787917
-0.1089622641509434    2.1353162165167427
-0.1080188679245283    2.1701900633543243
-0.10707547169811321    2.1928109369791224
-0.10613207547169812    2.2215582972100507
-0.10518867924528302    2.2474780482384347
-0.10424528301886793    2.282823163276514
-0.10330188679245284    2.334898299433282
-0.10235849056603774    2.3089785484048884
-0.10141509433962265    2.3551628320552687
-0.10047169811320755    2.3191108147158808
-0.09952830188679246    2.384617094587225
-0.09858490566037736    2.4204334778258
-0.09764150943396227    2.4270312326332433
-0.09669811320754718    2.4388129376457393
-0.09575471698113208    2.470152272980028
-0.09481132075471699    2.5502678670666508
-0.0938679245283019    2.596216516616803
-0.0929245283018868    2.618130487940271
-0.0919811320754717    2.5801933977994187
-0.09103773584905661    2.620015560742316
-0.09009433962264152    2.7064932755364497
-0.08915094339622642    2.6963610092251393
-0.08820754716981133    2.7265221740581804
-0.08726415094339623    2.72864288096016
-0.08632075471698114    2.7967411359343655
-0.08537735849056605    2.740660220073197
-0.08443396226415095    2.8219539846617208
-0.08349056603773586    2.8226608869621552
-0.08254716981132076    2.9046615538514553
-0.08160377358490567    2.883454484828107
-0.08066037735849058    2.9261042569747198
-0.07971698113207548    2.9298744025784655
-0.07877358490566039    2.9579148605092334
-0.0778301886792453    3.041329331999377
-0.0768867924528302    3.0901055907526556
-0.0759433962264151    3.0509903301098578
-0.07500000000000001    3.104243636767995
-0.07405660377358492    3.0655996443257068
-0.07311320754716982    3.1541980660221935
-0.07216981132075473    3.1692786484381825
-0.07122641509433963    3.239968878515252
-0.07028301886792454    3.190485717461189
-0.06933962264150945    3.26447482494184
-0.06839622641509435    3.2696587751470796
-0.06745283018867926    3.2253595642994015
-0.06650943396226416    3.3554295876401277
-0.06556603773584907    3.325032788707543
-0.06462264150943398    3.419757697009914
-0.06367924528301888    3.3978437256865406
-0.06273584905660379    3.4221140380124706
-0.06179245283018869    3.4374302545294904
-0.0608490566037736    3.4452061798375215
-0.059905660377358505    3.514718239413345
-0.05896226415094341    3.504350339001684
-0.05801886792452832    3.510241191508488
-0.05707547169811322    3.5634944981658467
-0.05613207547169813    3.566793375569845
-0.055188679245283034    3.640311214849181
-0.05424528301886794    3.6839035233969053
-0.053301886792452846    3.6692942091806233
-0.05235849056603775    3.621931755029668
-0.05141509433962266    3.7018117150158996
-0.050471698113207564    3.7310303434480363
-0.04952830188679247    3.7150072246302144
-0.048584905660377375    3.804076914527289
-0.04764150943396228    3.7736801155938657
-0.04669811320754719    3.805490719128823
-0.04575471698113209    3.8120884739355327
-0.044811320754717    3.8460197843727957
-0.043867924528301905    3.9504056907855856
-0.04292452830188681    3.8947960431257167
-0.04198113207547172    3.905635211737017
-0.04103773584905662    3.9468711792822164
-0.04009433962264153    3.925428476158489
-0.039150943396226434    4.005308436145619
-0.03820754716981134    4.02345226186483
-0.037264150943396246    4.007664777148175
-0.03632075471698115    4.02887184617071
-0.03537735849056606    4.054791597199306
-0.034433962264150964    4.0425386239855365
-0.033490566037735814    4.117470267866826
-0.03254716981132072    4.033584528176297
-0.031603773584905626    4.098855173946631
-0.03066037735849053    4.101211514949671
-0.029716981132075437    4.133964654884719
-0.028773584905660343    4.101682783150181
-0.02783018867924525    4.156114260308748
-0.026886792452830155    4.175200622429945
-0.02594339622641506    4.177792597532266
-0.024999999999999967    4.1978214960544875
-0.024056603773584873    4.176378792930731
-0.02311320754716978    4.162240746915884
-0.022169811320754684    4.168838501722552
-0.02122641509433959    4.245183950205875
-0.020283018867924496    4.236701122596172
-0.019339622641509402    4.256258752917891
-0.018396226415094308    4.234344781593617
-0.017452830188679214    4.337788151606347
-0.01650943396226412    4.2654484828273596
-0.015566037735849025    4.296787818161863
-0.014622641509433931    4.343207735911716
-0.013679245283018837    4.25578748471738
-0.012735849056603743    4.285006113148577
-0.011792452830188649    4.303856841169533
-0.010849056603773555    4.297023452261613
-0.00990566037735846    4.350512393020153
-0.008962264150943366    4.320115594086665
-0.008018867924528272    4.3241213737915185
-0.007075471698113178    4.353104368122453
-0.006132075471698084    4.262856507725049
-0.00518867924528299    4.379024119150571
-0.004245283018867896    4.423087695898894
-0.0033018867924528017    4.340380126708649
-0.0023584905660377076    4.3328398355009785
-0.0014150943396226134    4.346506613315294
-0.0004716981132075193    4.352633099922453
0.0004716981132075748    4.301971768366981
0.0014150943396227245    4.409656552183803
0.002358490566037763    4.329540958097908
0.0033018867924528017    4.358052684227821
0.004245283018867951    4.332839835500468
0.005188679245283101    4.363236634433444
0.00613207547169814    4.3448571746145275
0.007075471698113178    4.302443036567492
0.008018867924528328    4.325299544292289
0.008962264150943478    4.351926197621174
0.009905660377358516    4.366064243637539
0.010849056603773555    4.277937090140907
0.011792452830188704    4.361822829831911
0.012735849056603854    4.3479204179168285
0.013679245283018893    4.275580749139358
0.014622641509433931    4.278643992441674
0.015566037735849081    4.284770479048321
0.01650943396226423    4.2911325997552225
0.01745283018867927    4.270396798933732
0.018396226415094308    4.230574635989527
0.019339622641509457    4.2272757585859475
0.020283018867924607    4.239057463598729
0.021226415094339646    4.308805157275409
0.022169811320754684    4.280529065243719
0.023113207547169834    4.2435345115035865
0.024056603773584984    4.163890185617184
0.025000000000000022    4.104981660554243
0.02594339622641506    4.183447815938401
0.02688679245283021    4.16789596532153
0.02783018867924536    4.093671223741007
0.0287735849056604    4.18321218183913
0.029716981132075437    4.071757252417234
0.030660377358490587    4.1066310992550665
0.03160377358490574    4.030756918972755
0.032547169811320775    4.014733800156317
0.033490566037735814    4.038061576080679
0.034433962264150964    4.009078581749237
0.03537735849056611    4.001067022340546
0.03632075471698115    3.9977681449379077
0.03726415094339619    3.9346182060684587
0.03820754716981134    3.977267978214727
0.03915094339622649    3.9261353784592563
0.04009433962264153    3.9266066466606917
0.04103773584905657    3.909169723240851
0.04198113207547172    3.894089140824491
0.042924528301886866    3.877830387906853
0.043867924528301905    3.8665199510954924
0.04481132075471694    3.8471979548736215
0.04575471698113209    3.7856974547069027
0.04669811320754724    3.7527086806711147
0.04764150943396228    3.7807491386024243
0.04858490566037732    3.7348004890516875
0.04952830188679247    3.725610759141718
0.05047169811320762    3.719719906635327
0.05141509433962266    3.6433744581533616
0.052358490566037696    3.632770923641001
0.053301886792452846    3.6438457263530153
0.054245283018867996    3.6650527953760217
0.055188679245283034    3.61344892742089
0.05613207547169807    3.5481782816492307
0.05707547169811322    3.570092252973004
0.05801886792452837    3.5269712126262243
0.05896226415094341    3.5069423141053213
0.05990566037735845    3.475131710569986
0.0608490566037736    3.428711792819628
0.06179245283018875    3.3584928309434514
0.06273584905660379    3.3978437256869403
0.06367924528301883    3.3881827275756597
0.06462264150943398    3.320084472601784
0.06556603773584913    3.3297454707122647
0.06650943396226416    3.286153162165747
0.0674528301886792    3.2373769034120587
0.06839622641509435    3.253635656329697
0.0693396226415095    3.2206468822939094
0.07028301886792454    3.1886006446598945
0.07122641509433958    3.1591463821271906
0.07216981132075473    3.128513949093959
0.07311320754716988    3.1004734911635397
0.07405660377358492    3.107071245971428
0.07499999999999996    3.041329331999377
0.0759433962264151    3.0509903301098578
0.07688679245283025    2.9729954429252454
0.0778301886792453    2.955087251306513
0.07877358490566033    2.936472157385623
0.07971698113207548    2.9355296209846005
0.08066037735849063    2.949196398799427
0.08160377358490567    2.9058397243530756
0.08254716981132071    2.847638101589252
0.08349056603773586    2.822189618761644
0.08443396226415101    2.766579971101316
0.08537735849056605    2.7974480382354616
0.08632075471698109    2.75880404579288
0.08726415094339623    2.7072001778368984
0.08820754716981138    2.6544181393796378
0.08915094339622642    2.6786884517065976
0.09009433962264146    2.660308991886028
0.09103773584905661    2.5950383461152198
0.09198113207547176    2.603049905523911
0.0929245283018868    2.5302389685455178
0.09386792452830184    2.501491608313736
0.09481132075471699    2.455071690563377
0.09575471698113214    2.4322151828385814
0.09669811320754718    2.407709236412563
0.09764150943396221    2.4322151828385814
0.09858490566037736    2.3693008780703293
0.09952830188679251    2.39781260420126
0.10047169811320755    2.3318350561302332
0.10141509433962259    2.2781104812714013
0.10235849056603774    2.277874847171146
0.10330188679245289    2.249363121040215
0.10424528301886793    2.2458286095369093
0.10518867924528297    2.2041213737911347
0.10613207547169812    2.1598221629430765
0.10707547169811327    2.1256552184060107
0.1080188679245283    2.0912526397691815
0.10896226415094334    2.044832722018331
0.1099056603773585    2.0698099366454272
0.11084905660377364    2.040355674113474
0.11179245283018868    2.004068022674579
0.11273584905660372    1.9682516394352518
0.11367924528301887    1.9597688118260497
0.11462264150943402    1.9135845281759465
0.11556603773584906    1.8982683116597774
0.1165094339622641    1.8928487273534513
0.11745283018867925    1.8770612426363242
0.1183962264150944    1.7962387462486442
0.11933962264150944    1.8181527175728456
0.12028301886792447    1.7879915527396975
0.12122641509433962    1.7648994109146459
0.12216981132075477    1.7321462709791138
0.12311320754716981    1.7196576636659702
0.12405660377358485    1.7062265199509947
0.125    1.6640480160052376
0.12594339622641515    1.651088140491178
0.1268867924528302    1.6279959986665098
0.12783018867924523    1.5980704679336621
0.12877358490566038    1.5695587418027312
0.12971698113207553    1.513477825941892
0.13066037735849056    1.5471735022788107
0.1316037735849056    1.5516505501833036
0.13254716981132075    1.4776614427030368
0.1334905660377359    1.440902523063159
0.13443396226415094    1.482609758808754
0.13537735849056598    1.3935400689117778
0.13632075471698113    1.4107413582304387
0.13726415094339628    1.3652639768811026
0.13820754716981132    1.3426431032568784
0.13915094339622636    1.3520684672667875
0.1400943396226415    1.3077692564187298
0.14103773584905666    1.2997576970100384
0.1419811320754717    1.2594642658666224
0.14292452830188673    1.2662976547737392
0.14386792452830188    1.246268756252011
0.14481132075471703    1.2238835167277262
0.14575471698113207    1.2236478826277588
0.1466981132075471    1.1739290874735335
0.14764150943396226    1.168509503167654
0.1485849056603774    1.128216072023942
0.14952830188679245    1.0931065910861106
0.15047169811320749    1.11054351450477
0.15141509433962264    1.0926353228853423
0.15235849056603779    1.0718995220628469
0.15330188679245282    1.06695120595773
0.15424528301886786    1.0341980660219467
0.155188679245283    1.047864843836773
0.15613207547169816    1.0089852172945946
0.1570754716981132    0.9639791041459967
0.15801886792452824    0.9696343225519048
0.1589622641509434    0.9578526175391237
0.15990566037735854    0.9225075025007796
0.16084905660377358    0.9623296654442071
0.16179245283018862    0.9062487495831413
0.16273584905660377    0.8876336556629467
0.16367924528301891    0.8581793931309933
0.16462264150943395    0.8478114927199454
0.165566037735849    0.8633633433366171
0.16650943396226414    0.8183572301877925
0.1674528301886793    0.8258975213959725
0.16839622641509433    0.80280537957111
0.16933962264150937    0.8105813048793568
0.17028301886792452    0.7702878737356446
0.17122641509433967    0.7771212626430577
0.1721698113207547    0.7415405135046326
0.17311320754716975    0.7311726130932105
0.1740566037735849    0.713735689674294
0.17500000000000004    0.7043103256640689
0.17594339622641508    0.6948849616540074
0.17688679245283012    0.6835745248415738
0.17783018867924527    0.6494075803045078
0.17877358490566042    0.6458730688006734
0.17971698113207546    0.6232521951762799
0.1806603773584905    0.6119417583638631
0.18160377358490565    0.617125708569487
0.1825471698113208    0.5954473713459694
0.18349056603773584    0.5843725686340924
0.18443396226415087    0.5862576414359999
0.18537735849056602    0.5824874958319098
0.18632075471698117    0.5692919862175948
0.1872641509433962    0.557981549405456
0.18820754716981125    0.533711237078995
0.1891509433962264    0.5271134822718374
0.19009433962264155    0.5370101144825739
0.1910377358490566    0.5330043347783536
0.19198113207547163    0.5191019228631462
0.19292452830188678    0.508498388351643
0.19386792452830193    0.4938890741357941
0.19481132075471697    0.47409580971443305
0.195754716981132    0.44393464488160117
0.19669811320754715    0.4498254973879919
0.1976415094339623    0.43662998777367673
0.19858490566037734    0.4274402578638079
0.19952830188679238    0.42602645326217353
0.20047169811320753    0.43191730576856424
0.20141509433962268    0.41801489385348223
0.20235849056603772    0.40929643214412037
0.20330188679245276    0.3975147271312427
0.2042452830188679    0.38455485161718317
0.20518867924528306    0.3909169723240851
0.2061320754716981    0.36664665999784185
0.20707547169811313    0.3767789263087475
0.20801886792452828    0.3558074913859967
0.20896226415094343    0.34449705457372665
0.20990566037735858    0.3527442480826735
0.21084905660377362    0.3444970545738077
0.21179245283018866    0.3258819606535321
0.2127358490566038    0.3223474491496977
0.21367924528301896    0.31834166944535197
0.214622641509434    0.3110370123375008
0.21556603773584904    0.3060886962320594
0.2165094339622642    0.2964276981215787
0.21745283018867934    0.29336445481825557
0.21839622641509437    0.2895943092142337
0.2193396226415094    0.2674447037901366
0.22028301886792456    0.26862287429141474
0.2212264150943397    0.27427809269754977
0.22216981132075475    0.24812270756923357
0.2231132075471698    0.23869734355895011
0.22405660377358494    0.25118595087249834
0.2250000000000001    0.24435256196508515
0.22594339622641513    0.2252661998444324
0.22688679245283017    0.24694453706789704
0.22783018867924532    0.22503056574412372
0.22877358490566047    0.2229098588418231
0.2297169811320755    0.21678337223522784
0.23066037735849054    0.22008224963875556
0.2316037735849057    0.21018561742801925
0.23254716981132084    0.20405913082137295
0.23349056603773588    0.2038234967211653
0.23443396226415092    0.19227742580859158
0.23537735849056607    0.18143825719683276
0.23632075471698122    0.16847838168277326
0.23726415094339626    0.17295542958767088
0.2382075471698113    0.1731910636878858
0.23915094339622645    0.1715416249860964
0.2400943396226416    0.16588640657996137
0.24103773584905663    0.16706457708127884
0.24198113207547167    0.16353006557740513
0.24292452830188682    0.164236967878172
0.24386792452830197    0.15080582416360125
0.244811320754717    0.1566966766700288
0.24575471698113205    0.15198399466487938
0.2466981132075472    0.14538623985772184
0.24764150943396235    0.13855285095030864
0.2485849056603774    0.14232299655443217
0.24952830188679243    0.1413804601533762
0.2504716981132076    0.12865621873957234
0.2514150943396227    0.13313326664442923
0.25235849056603776    0.12959875514062533
0.2533018867924528    0.1293631210403392
0.25424528301886795    0.1189952206290916
0.2551886792452831    0.11687451372679096
0.25613207547169814    0.1262998777370458
0.2570754716981132    0.12276536623318164
0.25801886792452833    0.11310436812270094
0.2589622641509435    0.09943759030787458
0.2599056603773585    0.11239746582196052
0.26084905660377355    0.10815605201733278
0.2617924528301887    0.09920195620761896
0.26273584905660385    0.09119039679892764
0.2636792452830189    0.10226519951096617
0.26462264150943393    0.09943759030787458
0.2655660377358491    0.09401800600199516
0.26650943396226423    0.08624208069355946
0.26745283018867927    0.0963743470045741
0.2683962264150943    0.08765588529509323
0.26933962264150946    0.0812937645881913
0.2702830188679246    0.09048349449816075
0.27122641509433965    0.08247193508948886
0.2721698113207547    0.0812937645881913
0.27311320754716983    0.07893742358563502
0.274056603773585    0.07987995998665753
0.275    0.07186840057798315
0.27594339622641506    0.07328220517949999
0.2768867924528302    0.06692008447259806
0.27783018867924536    0.06692008447259806
0.2787735849056604    0.07021896187619336
0.27971698113207544    0.06621318217183117
0.2806603773584906    0.06173613426697426
0.28160377358490574    0.06786262087362056
0.2825471698113208    0.0629143047682672
0.2834905660377358    0.0629143047682524
0.28443396226415096    0.05396020895853857
0.2853773584905661    0.054667111259305456
0.28632075471698115    0.054902745359574005
0.2872641509433962    0.05702345226186172
0.28820754716981134    0.056080915860839214
0.2891509433962265    0.04971879515393729
0.29009433962264153    0.05066133155497172
0.29103773584905657    0.04948316105368166
0.2919811320754717    0.04971879515393729
0.29292452830188687    0.045006113148824745
0.2938679245283019    0.04571301544960239
0.29481132075471694    0.04689118595086977
0.2957547169811321    0.048304990552403525
0.29669811320754724    0.044063576747802244
0.2976415094339623    0.03699455374014214
0.2985849056603773    0.04335667444703536
0.29952830188679247    0.03958652884294533
0.3004716981132076    0.041235967544734714
0.30141509433962266    0.039586528842954646
0.3023584905660377    0.04029343114371221
0.30330188679245285    0.03723018784038906
0.304245283018868    0.03840835834166719
0.30518867924528303    0.035580749138608044
0.3061320754716981    0.032281871735020895
0.3070754716981132    0.036052017339110926
0.3080188679245284    0.03369567633655466
0.3089622641509434    0.030868067133494395
0.30990566037735845    0.036523285539622176
0.3108490566037736    0.032988774035787774
0.31179245283018875    0.024270312326329577
0.3127358490566038    0.03110370123375008
0.3136792452830188    0.028040457930419607
0.314622641509434    0.023563410025562694
0.3155660377358491    0.03181060353450964
0.31650943396226416    0.026155385128380747
0.3174528301886792    0.026155385128374592
0.31839622641509435    0.027569189729908353
0.3193396226415095    0.024270312326329577
0.32028301886792454    0.024034678226079607
0.3212264150943396    0.0270979215293971
0.32216981132075473    0.023092141825051444
0.3231132075471699    0.02073580082249517
0.3240566037735849    0.023563410025568242
0.32499999999999996    0.01932199622096141
0.3259433962264151    0.01790819161942765
0.32688679245283025    0.023799044125818323
0.3278301886792453    0.01861509392019891
0.32877358490566033    0.020500166722239546
0.3297169811320755    0.01531621651661575
0.33066037735849063    0.019086362120705785
0.33160377358490567    0.018143825719687545
0.3325471698113207    0.020028898521728292
0.33349056603773586    0.01531621651661575
0.334433962264151    0.01790819161942765
0.33537735849056605    0.014609314215852308
0.3363207547169811    0.01790819161942765
0.33726415094339623    0.013431143714570735
0.3382075471698114    0.013431143714570735
0.3391509433962264    0.014609314215852308
0.34009433962264146    0.018143825719683274
0.3410377358490566    0.013902411915081991
0.34198113207547176    0.014138046015337618
0.3429245283018868    0.012724241413806849
0.34386792452830184    0.012017339113036974
0.344811320754717    0.012488607313548228
0.34575471698113214    0.011310436812270093
0.3466981132075472    0.012724241413806849
0.3476415094339622    0.014844948316104499
0.34858490566037736    0.012724241413803856
0.3495283018867925    0.011074802712014468
0.35047169811320755    0.013666777814829579
0.3514150943396226    0.012488607313548228
0.35235849056603774    0.01083916861175884
0.3533018867924529    0.009425364010225078
0.35424528301886793    0.012724241413806849
0.35518867924528297    0.008718461709458197
0.3561320754716981    0.00848282760920257
0.35707547169811327    0.00848282760920257
0.3580188679245283    0.006126486606647743
0.35896226415094334    0.00848282760920257
0.3599056603773585    0.008954095809713824
0.36084905660377364    0.008011559408691317
0.3617924528301887    0.0063621207069034244
0.3627358490566037    0.009425364010225078
0.36367924528301887    0.006126486606646301
0.364622641509434    0.006362120706901928
0.36556603773584906    0.007540291208181837
0.3665094339622641    0.008247193508946944
0.36745283018867925    0.007069023007668809
0.3683962264150944    0.008247193508946944
0.36933962264150944    0.00777592530843752
0.3702830188679245    0.00777592530843569
0.3712264150943396    0.006833388907413182
0.3721698113207548    0.008954095809713824
0.3731132075471698    0.004948316105369331
0.37405660377358485    0.006597754807157555
0.375    0.006833388907413182
0.37594339622641515    0.005655218406135047
0.3768867924528302    0.004948316105369331
0.3778301886792452    0.008011559408691317
0.3787735849056604    0.006833388907413182
0.3797169811320755    0.0037701456040900314
0.38066037735849056    0.005183950205625013
0.3816037735849056    0.0058908525063906736
0.38254716981132075    0.0032988774035787776
0.3834905660377359    0.004948316105368166
0.38443396226415094    0.004712682005113648
0.385377358490566    0.005183950205623793
0.38632075471698113    0.0032988774035787776
0.3872641509433963    0.0023563410025562695
0.3882075471698113    0.002827609203068189
0.38915094339622636    0.004948316105368166
0.3900943396226415    0.0028276092030675233
0.39103773584905666    0.004005779704345658
0.3919811320754717    0.006126486606647743
0.39292452830188673    0.004005779704345658
0.3938679245283019    0.0021207069023006426
0.39481132075471703    0.0030632433033231507
0.39575471698113207    0.004005779704346601
0.3966981132075471    0.0023563410025562695
0.39764150943396226    0.0030632433033231507
0.3985849056603774    0.0030632433033231507
0.39952830188679245    0.003298877403579554
0.4004716981132075    0.0035345115038344045
0.40141509433962264    0.0023563410025562695
0.4023584905660378    0.0028276092030675233
0.4033018867924528    0.002827609203068189
0.40424528301886786    0.0028276092030675233
0.405188679245283    0.0028276092030675233
0.40613207547169816    0.0025919751028118964
0.4070754716981132    0.002827609203068189
0.40801886792452824    0.0023563410025562695
0.4089622641509434    0.0021207069023006426
0.40990566037735854    0.0021207069023006426
0.4108490566037736    0.002827609203068189
0.4117924528301886    0.0035345115038344045
0.41273584905660377    0.0023563410025562695
0.4136792452830189    0.0035345115038344045
0.41462264150943395    0.0018850728020454594
0.415566037735849    0.004005779704345658
0.41650943396226414    0.0028276092030675233
0.4174528301886793    0.0021207069023006426
0.41839622641509433    0.0021207069023011418
0.41933962264150937    0.0009425364010225078
0.4202830188679245    0.0016494387017893888
0.42122641509433967    0.0023563410025562695
0.4221698113207547    0.0014138046015340945
0.42311320754716975    0.0016494387017893888
0.4240566037735849    0.0016494387017893888
0.42500000000000004    0.0023563410025562695
0.4259433962264151    0.001178170501278412
0.4268867924528301    0.0014138046015337617
0.42783018867924527    0.0021207069023006426
0.4287735849056604    0.0009425364010225078
0.42971698113207546    0.001649438701789777
0.4306603773584905    0.0011781705012781348
0.43160377358490565    0.0021207069023006426
0.4325471698113208    0.0011781705012781348
0.43349056603773584    0.0009425364010227297
0.4344339622641509    0.0004712682005112539
0.435377358490566    0.0011781705012781348
0.4363207547169812    0.0011781705012781348
0.4372641509433962    0.0018850728020454594
0.43820754716981125    0.0014138046015337617
0.4391509433962264    0.0016494387017893888
0.44009433962264155    0.0016494387017893888
0.4410377358490566    0.001178170501278412
0.4419811320754716    0.0014138046015337617
0.4429245283018868    0.0016494387017893888
0.4438679245283019    0.0011781705012781348
0.44481132075471697    0.002356341002556824
0.445754716981132    0.0004712682005112539
0.44669811320754715    0.0014138046015337617
0.4476415094339623    0.0004712682005112539
0.44858490566037745    0.0011781705012781348
0.4495283018867925    0.0009425364010227297
0.45047169811320753    0.00023563410025562696
0.4514150943396227    0.0009425364010225078
0.45235849056603783    0.0014138046015337617
0.45330188679245287    0.0007069023007670473
0.4542452830188679    0.0007069023007668808
0.45518867924528306    0.0011781705012781348
0.4561320754716982    0.00023563410025562696
0.45707547169811324    0.0007069023007670473
0.4580188679245283    0.0009425364010225078
0.45896226415094343    0.0007069023007668808
0.4599056603773586    0.00023563410025562696
0.4608490566037736    0.0007069023007670473
0.46179245283018866    0.0004712682005112539
0.4627358490566038    0.00023563410025562696
0.46367924528301896    0.00023563410025562696
0.464622641509434    0.00047126820051136484
0.46556603773584904    0.0009425364010225078
0.4665094339622642    0.0
0.46745283018867934    0.0
0.4683962264150944    0.00023563410025568242
0.4693396226415094    0.0009425364010225078
0.47028301886792456    0.0009425364010225078
0.4712264150943397    0.0004712682005112539
0.47216981132075475    0.0007069023007670473
0.4731132075471698    0.0004712682005112539
0.47405660377358494    0.0007069023007668808
0.4750000000000001    0.00023563410025562696
0.4759433962264151    0.0
0.47688679245283017    0.00023563410025562696
0.4778301886792453    0.00023563410025562696
0.47877358490566047    0.0004712682005112539
0.4797169811320755    0.0007069023007670473
0.48066037735849054    0.0004712682005112539
0.4816037735849057    0.0007069023007668808
0.48254716981132084    0.0007069023007668808
0.4834905660377359    0.00023563410025568242
0.4844339622641509    0.0004712682005112539
0.48537735849056607    0.0004712682005112539
0.4863207547169812    0.0007069023007668808
0.48726415094339626    0.00023563410025568242
0.4882075471698113    0.00023563410025562696
0.48915094339622645    0.0
0.4900943396226416    0.0007069023007668808
0.49103773584905663    0.00047126820051136484
0.49198113207547167    0.00023563410025562696
0.4929245283018868    0.0004712682005112539
0.49386792452830197    0.0004712682005112539
0.494811320754717    0.00047126820051136484
0.49575471698113205    0.00023563410025562696
0.4966981132075472    0.0007069023007668808
0.49764150943396235    0.00023563410025562696
0.4985849056603774    0.0
0.4995283018867924    0.0
0.5004716981132076    0.00023563410025562696
0.5014150943396227    0.0
0.5023584905660378    0.0
0.5033018867924528    0.0004712682005112539
0.504245283018868    0.0
0.5051886792452831    0.0007069023007668808
0.5061320754716981    0.00023563410025568242
0.5070754716981132    0.0
0.5080188679245283    0.00023563410025562696
0.5089622641509435    0.0004712682005112539
0.5099056603773585    0.00023563410025568242
0.5108490566037736    0.00023563410025562696
0.5117924528301887    0.00023563410025562696
0.5127358490566039    0.00023563410025562696
0.5136792452830189    0.00047126820051136484
0.5146226415094339    0.0
0.5155660377358491    0.00023563410025562696
0.5165094339622642    0.0
0.5174528301886793    0.00023563410025568242
0.5183962264150943    0.00023563410025562696
0.5193396226415095    0.0
0.5202830188679246    0.00023563410025562696
0.5212264150943396    0.0
0.5221698113207547    0.00023563410025562696
0.5231132075471698    0.0
0.524056603773585    0.0
0.525    0.00023563410025568242
0.5259433962264151    0.0
0.5268867924528302    0.0
0.5278301886792454    0.00023563410025562696
0.5287735849056604    0.0
0.5297169811320754    0.0
0.5306603773584906    0.0
0.5316037735849057    0.0
0.5325471698113208    0.00023563410025568242
0.5334905660377358    0.0
0.534433962264151    0.0
0.5353773584905661    0.0
0.5363207547169812    0.0
0.5372641509433962    0.00023563410025562696
0.5382075471698113    0.0004712682005112539
0.5391509433962265    0.00023563410025562696
0.5400943396226415    0.00023563410025568242
0.5410377358490566    0.0
0.5419811320754717    0.0
0.5429245283018869    0.0
0.5438679245283019    0.0
0.5448113207547169    0.0004712682005112539
0.5457547169811321    0.0
0.5466981132075472    0.00023563410025562696
0.5476415094339623    0.0
0.5485849056603773    0.0
0.5495283018867925    0.0
0.5504716981132076    0.0
0.5514150943396227    0.0
0.5523584905660377    0.0
0.5533018867924528    0.0
0.554245283018868    0.0
0.555188679245283    0.0
0.5561320754716981    0.00023563410025562696
0.5570754716981132    0.0
0.5580188679245284    0.0
0.5589622641509434    0.00023563410025568242
0.5599056603773584    0.0004712682005112539
0.5608490566037736    0.0
0.5617924528301887    0.0
0.5627358490566038    0.00023563410025568242
0.5636792452830188    0.0
0.564622641509434    0.0
0.5655660377358491    0.0
0.5665094339622642    0.00023563410025568242
0.5674528301886792    0.0
0.5683962264150944    0.0
0.5693396226415095    0.00023563410025562696
0.5702830188679245    0.0
0.5712264150943396    0.00023563410025562696
0.5721698113207547    0.0
0.5731132075471699    0.0
0.5740566037735849    0.00023563410025568242
0.575    0.0
0.5759433962264151    0.00023563410025562696
0.5768867924528303    0.0
0.5778301886792453    0.0
0.5787735849056603    0.0
0.5797169811320755    0.0
0.5806603773584906    0.0
0.5816037735849057    0.0
0.5825471698113207    0.0
0.5834905660377359    0.0
0.584433962264151    0.0
0.585377358490566    0.0
0.5863207547169811    0.0
0.5872641509433962    0.0
0.5882075471698114    0.0
0.5891509433962264    0.0
0.5900943396226415    0.0
0.5910377358490566    0.0
0.5919811320754718    0.0
0.5929245283018868    0.0
0.5938679245283018    0.0
0.594811320754717    0.00023563410025562696
0.5957547169811321    0.0
0.5966981132075472    0.0
0.5976415094339622    0.0
0.5985849056603774    0.0
0.5995283018867925    0.0
0.6004716981132076    0.0
0.6014150943396226    0.0
0.6023584905660377    0.0
0.6033018867924529    0.0
0.6042452830188679    0.0
0.605188679245283    0.0
0.6061320754716981    0.0
0.6070754716981133    0.0
0.6080188679245283    0.00023563410025568242
0.6089622641509433    0.0
0.6099056603773585    0.0
0.6108490566037736    0.0
0.6117924528301887    0.0
0.6127358490566037    0.0
0.6136792452830189    0.0
0.614622641509434    0.0
0.6155660377358491    0.0
0.6165094339622641    0.0
0.6174528301886792    0.0
0.6183962264150944    0.0
0.6193396226415094    0.0
0.6202830188679245    0.0
0.6212264150943396    0.0
0.6221698113207548    0.0
0.6231132075471698    0.0
0.6240566037735849    0.0
0.625    0.0
0.6259433962264151    0.0
0.6268867924528302    0.0
0.6278301886792452    0.0
0.6287735849056604    0.0
0.6297169811320755    0.0
0.6306603773584906    0.0
0.6316037735849056    0.0
0.6325471698113208    0.0
0.6334905660377359    0.0
0.6344339622641509    0.0
0.635377358490566    0.0
0.6363207547169811    0.0
0.6372641509433963    0.0
0.6382075471698113    0.0
0.6391509433962264    0.0
0.6400943396226415    0.0
0.6410377358490567    0.0
0.6419811320754717    0.0
0.6429245283018867    0.0
0.6438679245283019    0.0
0.644811320754717    0.0
0.6457547169811321    0.0
0.6466981132075471    0.0
0.6476415094339623    0.0
0.6485849056603774    0.0
0.6495283018867924    0.0
0.6504716981132075    0.0
0.6514150943396226    0.0
0.6523584905660378    0.0
0.6533018867924528    0.0
0.6542452830188679    0.0
0.655188679245283    0.0
0.6561320754716982    0.0
0.6570754716981132    0.0
0.6580188679245282    0.0
0.6589622641509434    0.0
0.6599056603773585    0.0
0.6608490566037736    0.00023563410025568242
0.6617924528301886    0.0
0.6627358490566038    0.0
0.6636792452830189    0.0
0.664622641509434    0.0
0.665566037735849    0.0
0.6665094339622641    0.0
0.6674528301886793    0.0
0.6683962264150943    0.0
0.6693396226415094    0.0
0.6702830188679245    0.0
0.6712264150943397    0.0
0.6721698113207547    0.0
0.6731132075471697    0.0
0.6740566037735849    0.0
0.675    0.0
0.6759433962264151    0.0
0.6768867924528301    0.0
0.6778301886792453    0.0
0.6787735849056604    0.0
0.6797169811320755    0.0
0.6806603773584905    0.0
0.6816037735849056    0.0
0.6825471698113208    0.0
0.6834905660377358    0.0
0.6844339622641509    0.0
0.685377358490566    0.0
0.6863207547169812    0.0
0.6872641509433962    0.0
0.6882075471698113    0.0
0.6891509433962264    0.0
0.6900943396226416    0.0
0.6910377358490567    0.0
0.6919811320754717    0.0
0.6929245283018868    0.0
0.6938679245283019    0.0
0.6948113207547171    0.0
0.6957547169811321    0.0
0.6966981132075472    0.0
0.6976415094339623    0.0
0.6985849056603775    0.0
0.6995283018867925    0.0
0.7004716981132075    0.0
0.7014150943396227    0.0
0.7023584905660378    0.0
0.7033018867924529    0.0
0.7042452830188679    0.0
0.7051886792452831    0.0
0.7061320754716982    0.0
0.7070754716981132    0.0
0.7080188679245283    0.0
0.7089622641509434    0.0
0.7099056603773586    0.0
0.7108490566037736    0.0
0.7117924528301887    0.0
0.7127358490566038    0.0
0.713679245283019    0.0
0.714622641509434    0.0
0.715566037735849    0.0
0.7165094339622642    0.0
0.7174528301886793    0.0
0.7183962264150944    0.0
0.7193396226415094    0.0
0.7202830188679246    0.0
0.7212264150943397    0.0
0.7221698113207548    0.0
0.7231132075471698    0.0
0.7240566037735849    0.0
0.7250000000000001    0.0
0.7259433962264151    0.0
0.7268867924528302    0.0
0.7278301886792453    0.0
0.7287735849056605    0.0
0.7297169811320755    0.0
0.7306603773584905    0.0
0.7316037735849057    0.0
0.7325471698113208    0.0
0.7334905660377359    0.0
0.7344339622641509    0.0
0.7353773584905661    0.0
0.7363207547169812    0.0
0.7372641509433963    0.0
0.7382075471698113    0.0
0.7391509433962264    0.0
0.7400943396226416    0.0
0.7410377358490566    0.0
0.7419811320754717    0.0
0.7429245283018868    0.0
0.743867924528302    0.0
0.744811320754717    0.0
0.745754716981132    0.0
0.7466981132075472    0.0
0.7476415094339623    0.0
0.7485849056603774    0.0
0.7495283018867924    0.0
0.7504716981132076    0.0
0.7514150943396227    0.0
0.7523584905660378    0.0
0.7533018867924528    0.0
0.754245283018868    0.0
0.7551886792452831    0.0
0.7561320754716981    0.0
0.7570754716981132    0.0
0.7580188679245283    0.0
0.7589622641509435    0.0
0.7599056603773585    0.0
0.7608490566037736    0.0
0.7617924528301887    0.0
0.7627358490566039    0.0
0.7636792452830189    0.0
0.7646226415094339    0.0
0.7655660377358491    0.0
0.7665094339622642    0.0
0.7674528301886793    0.0
0.7683962264150943    0.0
0.7693396226415095    0.0
0.7702830188679246    0.0
0.7712264150943396    0.0
0.7721698113207547    0.0
0.7731132075471698    0.0
0.774056603773585    0.0
0.775    0.0
0.7759433962264151    0.0
0.7768867924528302    0.0
0.7778301886792454    0.0
0.7787735849056604    0.0
0.7797169811320754    0.0
0.7806603773584906    0.0
0.7816037735849057    0.0
0.7825471698113208    0.0
0.7834905660377358    0.0
0.784433962264151    0.0
0.7853773584905661    0.0
0.7863207547169812    0.0
0.7872641509433962    0.0
0.7882075471698113    0.0
0.7891509433962265    0.0
0.7900943396226415    0.0
0.7910377358490566    0.0
0.7919811320754717    0.0
0.7929245283018869    0.0
0.7938679245283019    0.0
0.7948113207547169    0.0
0.7957547169811321    0.0
0.7966981132075472    0.0
0.7976415094339623    0.0
0.7985849056603773    0.0
0.7995283018867925    0.0
0.8004716981132076    0.0
0.8014150943396227    0.0
0.8023584905660377    0.0
0.8033018867924528    0.0
0.804245283018868    0.0
0.805188679245283    0.0
0.8061320754716981    0.0
0.8070754716981132    0.0
0.8080188679245284    0.0
0.8089622641509434    0.0
0.8099056603773584    0.0
0.8108490566037736    0.0
0.8117924528301887    0.0
0.8127358490566038    0.0
0.8136792452830188    0.0
0.814622641509434    0.0
0.8155660377358491    0.0
0.8165094339622642    0.0
0.8174528301886792    0.0
0.8183962264150944    0.0
0.8193396226415095    0.0
0.8202830188679245    0.0
0.8212264150943396    0.0
0.8221698113207547    0.0
0.8231132075471699    0.0
0.8240566037735849    0.0
0.825    0.0
0.8259433962264151    0.0
0.8268867924528303    0.0
0.8278301886792453    0.0
0.8287735849056603    0.0
0.8297169811320755    0.0
0.8306603773584906    0.0
0.8316037735849057    0.0
0.8325471698113207    0.0
0.8334905660377359    0.0
0.834433962264151    0.0
0.835377358490566    0.0
0.8363207547169811    0.0
0.8372641509433962    0.0
0.8382075471698114    0.0
0.8391509433962264    0.0
0.8400943396226415    0.0
0.8410377358490566    0.0
0.8419811320754718    0.0
0.8429245283018868    0.0
0.8438679245283018    0.0
0.844811320754717    0.0
0.8457547169811321    0.0
0.8466981132075472    0.0
0.8476415094339622    0.0
0.8485849056603774    0.0
0.8495283018867925    0.0
0.8504716981132076    0.0
0.8514150943396226    0.0
0.8523584905660377    0.0
0.8533018867924529    0.0
0.8542452830188679    0.0
0.855188679245283    0.0
0.8561320754716981    0.0
0.8570754716981133    0.0
0.8580188679245283    0.0
0.8589622641509433    0.0
0.8599056603773585    0.0
0.8608490566037736    0.0
0.8617924528301887    0.0
0.8627358490566037    0.0
0.8636792452830189    0.0
0.864622641509434    0.0
0.8655660377358491    0.0
0.8665094339622641    0.0
0.8674528301886792    0.0
0.8683962264150944    0.0
0.8693396226415094    0.0
0.8702830188679245    0.0
0.8712264150943396    0.0
0.8721698113207548    0.0
0.8731132075471698    0.0
0.8740566037735849    0.0
0.875    0.0
0.8759433962264151    0.0
0.8768867924528302    0.0
0.8778301886792452    0.0
0.8787735849056604    0.0
0.8797169811320755    0.0
0.8806603773584906    0.0
0.8816037735849056    0.0
0.8825471698113208    0.0
0.8834905660377359    0.0
0.8844339622641509    0.0
0.885377358490566    0.0
0.8863207547169811    0.0
0.8872641509433963    0.0
0.8882075471698113    0.0
0.8891509433962264    0.0
0.8900943396226415    0.0
0.8910377358490567    0.0
0.8919811320754717    0.0
0.8929245283018867    0.0
0.8938679245283019    0.0
0.894811320754717    0.0
0.8957547169811321    0.0
0.8966981132075471    0.0
0.8976415094339623    0.0
0.8985849056603774    0.0
0.8995283018867924    0.0
0.9004716981132075    0.0
0.9014150943396226    0.0
0.9023584905660378    0.0
0.9033018867924528    0.0
0.9042452830188679    0.0
0.905188679245283    0.0
0.9061320754716982    0.0
0.9070754716981132    0.0
0.9080188679245282    0.0
0.9089622641509434    0.0
0.9099056603773585    0.0
0.9108490566037736    0.0
0.9117924528301886    0.0
0.9127358490566038    0.0
0.9136792452830189    0.0
0.914622641509434    0.0
0.915566037735849    0.0
0.9165094339622641    0.0
0.9174528301886793    0.0
0.9183962264150943    0.0
0.9193396226415094    0.0
0.9202830188679245    0.0
0.9212264150943397    0.0
0.9221698113207547    0.0
0.9231132075471697    0.0
0.9240566037735849    0.0
0.925    0.0
0.9259433962264151    0.0
0.9268867924528301    0.0
0.9278301886792453    0.0
0.9287735849056604    0.0
0.9297169811320755    0.0
0.9306603773584905    0.0
0.9316037735849056    0.0
0.9325471698113208    0.0
0.933490566037736    0.0
0.934433962264151    0.0
0.935377358490566    0.0
0.9363207547169812    0.0
0.9372641509433963    0.0
0.9382075471698114    0.0
0.9391509433962264    0.0
0.9400943396226416    0.0
0.9410377358490567    0.0
0.9419811320754717    0.0
0.9429245283018868    0.0
0.9438679245283019    0.0
0.9448113207547171    0.0
0.9457547169811321    0.0
0.9466981132075472    0.0
0.9476415094339623    0.0
0.9485849056603775    0.0
0.9495283018867925    0.0
0.9504716981132075    0.0
0.9514150943396227    0.0
0.9523584905660378    0.0
0.9533018867924529    0.0
0.9542452830188679    0.0
0.9551886792452831    0.0
0.9561320754716982    0.0
0.9570754716981132    0.0
0.9580188679245283    0.0
0.9589622641509434    0.0
0.9599056603773586    0.0
0.9608490566037736    0.0
0.9617924528301887    0.0
0.9627358490566038    0.0
0.963679245283019    0.0
0.964622641509434    0.0
0.965566037735849    0.0
0.9665094339622642    0.0
0.9674528301886793    0.0
0.9683962264150944    0.0
0.9693396226415094    0.0
0.9702830188679246    0.0
0.9712264150943397    0.0
0.9721698113207548    0.0
0.9731132075471698    0.0
0.9740566037735849    0.0
0.9750000000000001    0.0
0.9759433962264151    0.0
0.9768867924528302    0.0
0.9778301886792453    0.0
0.9787735849056605    0.0
0.9797169811320755    0.0
0.9806603773584905    0.0
0.9816037735849057    0.0
0.9825471698113208    0.0
0.9834905660377359    0.0
0.9844339622641509    0.0
0.9853773584905661    0.0
0.9863207547169812    0.0
0.9872641509433963    0.0
0.9882075471698113    0.0
0.9891509433962264    0.0
0.9900943396226416    0.0
0.9910377358490566    0.0
0.9919811320754717    0.0
0.9929245283018868    0.0
0.993867924528302    0.0
0.994811320754717    0.0
0.995754716981132    0.0
0.9966981132075472    0.0
0.9976415094339623    0.0
0.9985849056603774    0.0
0.9995283018867924    0.0