-0.9995283018867924    0.0
-0.9985849056603773    0.0
-0.9976415094339622    0.0
-0.9966981132075472    0.0
-0.995754716981132    0.0
-0.9948113207547169    0.0
-0.9938679245283019    0.0
-0.9929245283018868    0.0
-0.9919811320754717    0.0
-0.9910377358490565    0.0
-0.9900943396226415    0.0
-0.9891509433962264    0.0
-0.9882075471698113    0.0
-0.9872641509433961    0.0
-0.9863207547169811    0.0
-0.9853773584905661    0.0
-0.9844339622641509    0.0
-0.9834905660377358    0.0
-0.9825471698113207    0.0
-0.9816037735849057    0.0
-0.9806603773584905    0.0
-0.9797169811320754    0.0
-0.9787735849056604    0.0
-0.9778301886792453    0.0
-0.9768867924528302    0.0
-0.975943396226415    0.0
-0.975    0.0
-0.9740566037735849    0.0
-0.9731132075471698    0.0
-0.9721698113207546    0.0
-0.9712264150943396    0.0
-0.9702830188679246    0.0
-0.9693396226415094    0.0
-0.9683962264150943    0.0
-0.9674528301886792    0.0
-0.9665094339622642    0.0
-0.965566037735849    0.0
-0.9646226415094339    0.0
-0.9636792452830188    0.0
-0.9627358490566038    0.0
-0.9617924528301887    0.0004712682005112539
-0.9608490566037735    0.0
-0.9599056603773585    0.0
-0.9589622641509434    0.0007069023007669641
-0.9580188679245283    0.0004712682005112539
-0.9570754716981131    0.0009425364010226187
-0.9561320754716981    0.0004712682005112539
-0.9551886792452831    0.0018850728020452373
-0.9542452830188679    0.0011781705012781348
-0.9533018867924528    0.0032988774035791657
-0.9523584905660377    0.0032988774035787776
-0.9514150943396227    0.004241413804601785
-0.9504716981132075    0.004477047904856912
-0.9495283018867924    0.004241413804601785
-0.9485849056603773    0.00541958430587942
-0.9476415094339623    0.005890852506391367
-0.9466981132075472    0.005655218406135047
-0.945754716981132    0.00848282760920357
-0.944811320754717    0.00777592530843569
-0.9438679245283019    0.010367900411248807
-0.9429245283018868    0.010132266310991959
-0.9419811320754716    0.01154607091252708
-0.9410377358490566    0.01319550961431511
-0.9400943396226416    0.013431143714572316
-0.9391509433962264    0.018379459819938902
-0.9382075471698113    0.016730021118151483
-0.9372641509433962    0.02073580082249517
-0.9363207547169812    0.01955763032121934
-0.935377358490566    0.028040457930419607
-0.9344339622641509    0.026155385128377673
-0.9334905660377358    0.032988774035787774
-0.9325471698113208    0.030632433033235113
-0.9316037735849056    0.0306324330332315
-0.9306603773584905    0.03463821273758124
-0.9297169811320755    0.03723018784038906
-0.9287735849056604    0.04052906524397261
-0.9278301886792453    0.04665555185061414
-0.9268867924528301    0.054195843058800576
-0.9259433962264151    0.04736245415138102
-0.925    0.052546404357010995
-0.9240566037735849    0.0629143047682524
-0.9231132075471697    0.061264866066470226
-0.9221698113207547    0.06527064577080867
-0.9212264150943397    0.07658108258308778
-0.9202830188679245    0.0706902300766881
-0.9193396226415094    0.07021896187618511
-0.9183962264150943    0.07186840057796622
-0.9174528301886793    0.08482827609203568
-0.9165094339622641    0.08883405579637137
-0.915566037735849    0.08435700789152438
-0.914622641509434    0.09660998110480705
-0.9136792452830189    0.09990885850839759
-0.9127358490566038    0.10202956541068647
-0.9117924528301886    0.11121929532066901
-0.9108490566037736    0.10415027231298711
-0.9099056603773585    0.11216183172169163
-0.9089622641509434    0.11828831832832473
-0.9080188679245282    0.11663887962654906
-0.9070754716981132    0.12370790263420416
-0.9061320754716982    0.1274780482383092
-0.905188679245283    0.14727131265976684
-0.9042452830188679    0.1413804601533928
-0.9033018867924528    0.12794931643880544
-0.9023584905660378    0.14774258086029549
-0.9014150943396226    0.14797821496053373
-0.9004716981132075    0.14609314215850588
-0.8995283018867924    0.16211626097587134
-0.8985849056603774    0.15504723796822079
-0.8976415094339623    0.15928865177280382
-0.8966981132075471    0.16965655218407136
-0.8957547169811321    0.16565077247970575
-0.894811320754717    0.16494387017895826
-0.8938679245283019    0.17955318439478773
-0.8929245283018867    0.18473713460043328
-0.8919811320754717    0.1748405023896752
-0.8910377358490567    0.16305879737691303
-0.8900943396226415    0.18167389129708836
-0.8891509433962264    0.18638657330222286
-0.8882075471698113    0.18520840280092277
-0.8872641509433963    0.19015671890631333
-0.8863207547169811    0.19699010781370413
-0.885377358490566    0.18968545070580203
-0.8844339622641509    0.2012315216183054
-0.8834905660377359    0.19369123041014816
-0.8825471698113208    0.20853617872622987
-0.8816037735849056    0.20335222852062998
-0.8806603773584906    0.2113637879292974
-0.8797169811320755    0.2115994220295779
-0.8787735849056604    0.22267422474156748
-0.8778301886792452    0.22126042014005975
-0.8768867924528302    0.22762254084693562
-0.8759433962264151    0.23775480715795555
-0.875    0.22762254084693562
-0.8740566037735849    0.24293875736357998
-0.8731132075471698    0.23869734355895011
-0.8721698113207548    0.23893297765923388
-0.8712264150943396    0.22597310214514624
-0.8702830188679245    0.23704790485718863
-0.8693396226415094    0.24600200066687453
-0.8683962264150944    0.22738690674670678
-0.8674528301886792    0.24458819606534077
-0.8665094339622641    0.2535422918750844
-0.8655660377358491    0.24435256196508515
-0.864622641509434    0.2540135600755958
-0.8636792452830189    0.25754807157940024
-0.8627358490566037    0.2657952650883785
-0.8617924528301887    0.2584906079804228
-0.8608490566037736    0.27569189729911603
-0.8599056603773585    0.2615538512837459
-0.8589622641509433    0.28605979771036477
-0.8580188679245283    0.28346782260751924
-0.8570754716981133    0.2730999221963038
-0.8561320754716981    0.2796976770034292
-0.855188679245283    0.2787551406024395
-0.8542452830188679    0.28535289540956427
-0.8533018867924529    0.29100811381573355
-0.8523584905660377    0.2761631654995948
-0.8514150943396226    0.2903012115149666
-0.8504716981132076    0.2921862843169774
-0.8495283018867925    0.28770923641215435
-0.8485849056603774    0.3112726464376832
-0.8476415094339622    0.3020829165277493
-0.8466981132075472    0.3148071579415176
-0.8457547169811321    0.31009447593644157
-0.844811320754717    0.3192842058463745
-0.8438679245283018    0.321404912748713
-0.8429245283018868    0.32376125375123144
-0.8419811320754718    0.31315771923976504
-0.8410377358490566    0.3155140602422845
-0.8400943396226415    0.3185773035456452
-0.8391509433962264    0.32140491274867516
-0.8382075471698114    0.32423252195178087
-0.8372641509433962    0.31857730354560765
-0.8363207547169811    0.32069801044794605
-0.835377358490566    0.32918083805711085
-0.834433962264151    0.33436478826277405
-0.8334905660377359    0.3433188840724485
-0.8325471698113207    0.33577859286430795
-0.8316037735849057    0.3506235411803729
-0.8306603773584906    0.32588196065357045
-0.8297169811320755    0.3338935200622234
-0.8287735849056603    0.33436478826277405
-0.8278301886792453    0.3395487384683584
-0.8268867924528303    0.3626408802934526
-0.8259433962264151    0.3607558074913648
-0.825    0.33554295876405227
-0.8240566037735849    0.348031566077561
-0.8231132075471699    0.36499722129600914
-0.8221698113207547    0.3565143936867636
-0.8212264150943396    0.3390774702678871
-0.8202830188679245    0.34732466377679416
-0.8193396226415095    0.35651439368680554
-0.8183962264150944    0.3539224185839517
-0.8174528301886792    0.354393686784463
-0.816509433962264    0.37159497610316744
-0.8155660377358491    0.36122707569191864
-0.814622641509434    0.3741869512059356
-0.8136792452830188    0.3645259530954549
-0.8127358490566037    0.3551005890852716
-0.8117924528301887    0.37465821940649097
-0.8108490566037736    0.3687673669000562
-0.8099056603773584    0.36264088029340985
-0.8089622641509433    0.3737156830054683
-0.8080188679245284    0.3798421696121153
-0.8070754716981132    0.36853173279980056
-0.8061320754716981    0.3895031677225514
-0.8051886792452829    0.3697099033011222
-0.804245283018868    0.38125597421364926
-0.8033018867924528    0.3741869512059356
-0.8023584905660377    0.39822162943200956
-0.8014150943396225    0.38196287651441624
-0.8004716981132076    0.3772501945093032
-0.7995283018867925    0.39657219073022015
-0.7985849056603773    0.38596865621871695
-0.7976415094339622    0.3784283650105814
-0.7966981132075472    0.38149160831390494
-0.7957547169811321    0.39303767922638577
-0.7948113207547169    0.3925664110258745
-0.7938679245283018    0.3805490719128823
-0.7929245283018869    0.3772501945093032
-0.7919811320754717    0.39916416583303205
-0.7910377358490566    0.39633655662996453
-0.7900943396226414    0.38337668111595014
-0.7891509433962265    0.39963543403359036
-0.7882075471698113    0.4022274091363552
-0.7872641509433962    0.4095320662442796
-0.786320754716981    0.40976770034458354
-0.7853773584905661    0.39916416583307907
-0.784433962264151    0.3996354340335433
-0.7834905660377358    0.40057797043456583
-0.7825471698113207    0.40529065243972606
-0.7816037735849057    0.41518728465046356
-0.7806603773584906    0.4151872846504147
-0.7797169811320754    0.42767589196396294
-0.7787735849056603    0.413537845948674
-0.7778301886792454    0.426497721462735
-0.7768867924528302    0.4147160164499034
-0.7759433962264151    0.4203712348560385
-0.7749999999999999    0.40670445704125996
-0.774056603773585    0.41636545515174184
-0.7731132075471698    0.4052906524396784
-0.7721698113207547    0.40340557963763335
-0.7712264150943395    0.4399288651773073
-0.7702830188679246    0.41565855285097486
-0.7693396226415095    0.42932533066575235
-0.7683962264150943    0.4281471601644742
-0.7674528301886792    0.4281471601645246
-0.7665094339622642    0.44699788818497693
-0.7655660377358491    0.438986328776233
-0.7646226415094339    0.41825052795373785
-0.7636792452830188    0.43191730576861503
-0.7627358490566039    0.4321529398688707
-0.7617924528301887    0.45430254529284875
-0.7608490566037736    0.44699788818492436
-0.7599056603773584    0.46608425030568496
-0.7589622641509435    0.4467622540847213
-0.7580188679245283    0.45854395909745005
-0.7570754716981132    0.43450928087137614
-0.756132075471698    0.445584083583443
-0.7551886792452831    0.4613715683005719
-0.754245283018868    0.44204957207955614
-0.7533018867924528    0.45477381349336005
-0.7523584905660377    0.459250861398271
-0.7514150943396227    0.4759808825164225
-0.7504716981132076    0.45736578859617194
-0.7495283018867924    0.46537734800486324
-0.7485849056603773    0.465377348004918
-0.7476415094339623    0.46066466599980493
-0.7466981132075472    0.46796932310767514
-0.745754716981132    0.46796932310767514
-0.7448113207547169    0.46938312770926416
-0.743867924528302    0.4587795931977597
-0.7429245283018868    0.4766877848171333
-0.7419811320754717    0.46443481160384076
-0.7410377358490565    0.49577414693789745
-0.7400943396226416    0.46820495720798583
-0.7391509433962264    0.4590152272979613
-0.7382075471698113    0.4736245415138102
-0.7372641509433961    0.47739468711795635
-0.7363207547169812    0.48140046682230253
-0.7353773584905661    0.4832855396242908
-0.7344339622641509    0.4929465377347716
-0.7334905660377358    0.4712682005113094
-0.7325471698113208    0.4738601756141215
-0.7316037735849057    0.4700900300099758
-0.7306603773584905    0.4752739802155996
-0.7297169811320754    0.48776258752920515
-0.7287735849056605    0.486584417027927
-0.7278301886792453    0.49907302434141787
-0.7268867924528302    0.4846993442258247
-0.725943396226415    0.5000155607424992
-0.7250000000000001    0.5030788040458227
-0.7240566037735849    0.49082583083247094
-0.7231132075471698    0.49082583083247094
-0.7221698113207546    0.5066133155496576
-0.7212264150943397    0.5077914860509358
-0.7202830188679246    0.5396020895853857
-0.7193396226415094    0.5092052906524099
-0.7183962264150943    0.49860175614096525
-0.7174528301886793    0.49059019673227305
-0.7165094339622642    0.5026075358452523
-0.715566037735849    0.506613315549598
-0.7146226415094339    0.5136823385573273
-0.713679245283019    0.5313548960765013
-0.7127358490566038    0.5089696565521542
-0.7117924528301887    0.5089696565521542
-0.7108490566037735    0.5280560186729221
-0.7099056603773586    0.5009580971435219
-0.7089622641509434    0.5061420473490866
-0.7080188679245283    0.4981304879403954
-0.7070754716981131    0.5132110703568159
-0.7061320754716982    0.49059019673227305
-0.7051886792452831    0.5198088251639131
-0.7042452830188679    0.52805601867286
-0.7033018867924528    0.524050238968576
-0.7023584905660378    0.5169812159609064
-0.7014150943396227    0.5148605090585449
-0.7004716981132075    0.5061420473490866
-0.6995283018867924    0.5313548960765013
-0.6985849056603775    0.5322974324775239
-0.6976415094339623    0.5289985550738825
-0.6966981132075472    0.5214582638657025
-0.695754716981132    0.5318261642770126
-0.6948113207547171    0.5549183061020668
-0.6938679245283019    0.5450216738912651
-0.6929245283018868    0.544550405690754
-0.6919811320754716    0.5160386795598837
-0.6910377358490567    0.5421940646882614
-0.6900943396226416    0.5452573079915207
-0.6891509433962264    0.5372457485828295
-0.6882075471698113    0.5360675780816144
-0.6872641509433963    0.5509125263977206
-0.6863207547169812    0.5565677448037909
-0.685377358490566    0.5466711125930545
-0.6844339622641509    0.5497343558964424
-0.683490566037736    0.5624585973102477
-0.6825471698113208    0.5643436701122265
-0.6816037735849056    0.5384239190841076
-0.6806603773584905    0.5466711125931188
-0.6797169811320756    0.5386595531844266
-0.6787735849056604    0.5440791374902426
-0.6778301886792453    0.5711770590196398
-0.6768867924528301    0.5410158941869831
-0.6759433962264152    0.5266422140713882
-0.675    0.5506768922974001
-0.6740566037735849    0.5506768922974001
-0.6731132075471697    0.5631654996110147
-0.6721698113207548    0.5551539402023224
-0.6712264150943397    0.5537401356007233
-0.6702830188679245    0.5629298655106928
-0.6693396226415094    0.5586884517061573
-0.6683962264150944    0.5692919862176617
-0.6674528301886793    0.5622229632099259
-0.6665094339622641    0.5570390130043021
-0.665566037735849    0.5836656663332567
-0.6646226415094341    0.5669356452151051
-0.6636792452830189    0.5676425475158053
-0.6627358490566038    0.5702345226186172
-0.6617924528301886    0.5605735245082025
-0.6608490566037737    0.5770679115260983
-0.6599056603773585    0.5862576414359999
-0.6589622641509434    0.5532688674002121
-0.6580188679245282    0.5596309881071798
-0.6570754716981133    0.5721195954207295
-0.6561320754716982    0.5862576414359999
-0.655188679245283    0.5763610092252636
-0.6542452830188679    0.5846082027342793
-0.6533018867924529    0.5768322774258426
-0.6523584905660378    0.5504412581971445
-0.6514150943396226    0.5516194286984227
-0.6504716981132075    0.5610447927087138
-0.6495283018867926    0.5608091586084581
-0.6485849056603774    0.5622229632099259
-0.6476415094339623    0.557745915305069
-0.6466981132075471    0.558924085806413
-0.6457547169811322    0.5869645437368358
-0.644811320754717    0.5685850839168278
-0.6438679245283019    0.5921484939423906
-0.6429245283018867    0.5777748138268654
-0.6419811320754718    0.5664643770145938
-0.6410377358490567    0.5850794709347218
-0.6400943396226415    0.5928553962431574
-0.6391509433962264    0.568349449816639
-0.6382075471698113    0.560337890407881
-0.6372641509433963    0.5912059575414376
-0.6363207547169811    0.5659931088140159
-0.635377358490566    0.571648327220151
-0.6344339622641508    0.5405446259864718
-0.6334905660377359    0.5787173502278878
-0.6325471698113208    0.573533400022196
-0.6316037735849056    0.5629298655106928
-0.6306603773584905    0.5836656663332567
-0.6297169811320755    0.583430032233001
-0.6287735849056604    0.5855507391352329
-0.6278301886792452    0.5919128598421349
-0.6268867924528301    0.5966255418473176
-0.6259433962264151    0.5928553962432271
-0.625    0.5876714460375336
-0.6240566037735849    0.5829587640324211
-0.6231132075471697    0.569763254418173
-0.6221698113207548    0.5725908636212409
-0.6212264150943396    0.559630988107114
-0.6202830188679245    0.59756807824827
-0.6193396226415093    0.5996887851506412
-0.6183962264150944    0.5846082027342793
-0.6174528301886792    0.6039301989551719
-0.6165094339622641    0.5744759364232186
-0.615566037735849    0.6036945648549873
-0.614622641509434    0.5952117372457838
-0.6136792452830189    0.6046371012559388
-0.6127358490566037    0.5923841280426462
-0.6117924528301886    0.6034589307547317
-0.6108490566037736    0.597803712348596
-0.6099056603773585    0.595683005446225
-0.6089622641509433    0.6102923196620738
-0.6080188679245282    0.6041658330554986
-0.6070754716981133    0.5916772257419489
-0.6061320754716981    0.5907346893408567
-0.605188679245283    0.5973324441480143
-0.6042452830188678    0.6079359786595891
-0.6033018867924529    0.5773035456263539
-0.6023584905660377    0.60887851506054
-0.6014150943396226    0.6072290763587507
-0.6004716981132074    0.5855507391353019
-0.5995283018867925    0.5919128598422047
-0.5985849056603774    0.6154762698676975
-0.5976415094339622    0.6041658330554275
-0.5966981132075471    0.6051083694565212
-0.5957547169811321    0.6008669556519195
-0.594811320754717    0.6220740246748552
-0.5938679245283018    0.6239590974769003
-0.5929245283018867    0.6107635878626569
-0.5919811320754718    0.6105279537624012
-0.5910377358490566    0.6072290763587507
-0.5900943396226415    0.6140624652661638
-0.5891509433962263    0.6025163943537091
-0.5882075471698114    0.6098210514616343
-0.5872641509433962    0.6086428809602844
-0.5863207547169811    0.6213671223740883
-0.5853773584905659    0.6350339001889893
-0.584433962264151    0.6020451261531978
-0.5834905660377359    0.6126486606646301
-0.5825471698113207    0.6150050016671864
-0.5816037735849056    0.5996887851506412
-0.5806603773584906    0.6164188062687926
-0.5797169811320755    0.6119417583638631
-0.5787735849056603    0.6194820495720432
-0.5778301886792452    0.596389907747062
-0.5768867924528303    0.6357408024897564
-0.5759433962264151    0.6289074135822683
-0.575    0.632913193286614
-0.5740566037735848    0.6119417583639352
-0.5731132075471699    0.6331488273869441
-0.5721698113207547    0.6180682449705095
-0.5712264150943396    0.6197176836722988
-0.5702830188679244    0.6397465821941025
-0.5693396226415095    0.6369189729910346
-0.5683962264150944    0.620895854173577
-0.5674528301886792    0.6277292430809902
-0.566509433962264    0.6074647104590778
-0.5655660377358491    0.6178326108703266
-0.564622641509434    0.6192464154717876
-0.5636792452830188    0.6331488273868696
-0.5627358490566037    0.6173613426698152
-0.5617924528301887    0.6051083694565212
-0.5608490566037736    0.6204245859730658
-0.5599056603773584    0.6187751472712765
-0.5589622641509433    0.6192464154718604
-0.5580188679245284    0.6237234633767179
-0.5570754716981132    0.6185395131710207
-0.5561320754716981    0.5989818828498037
-0.5551886792452829    0.6234878292764623
-0.554245283018868    0.6355051683895008
-0.5533018867924528    0.6249016338779226
-0.5523584905660377    0.6192464154717876
-0.5514150943396225    0.6265510725797857
-0.5504716981132076    0.6178326108703266
-0.5495283018867925    0.6300855840835464
-0.5485849056603773    0.6131199288651413
-0.5476415094339622    0.6378615093920572
-0.5466981132075472    0.6150050016672587
-0.5457547169811321    0.6451661664999067
-0.5448113207547169    0.6084072468600288
-0.5438679245283018    0.6135911970657248
-0.5429245283018869    0.6067578081583108
-0.5419811320754717    0.6124130265643745
-0.5410377358490566    0.6086428809602844
-0.5400943396226414    0.6350339001889893
-0.5391509433962265    0.616183172168537
-0.5382075471698113    0.6072290763587507
-0.5372641509433962    0.629143047682524
-0.536320754716981    0.6390396798933355
-0.5353773584905661    0.6322062909859215
-0.534433962264151    0.6093497832610513
-0.5334905660377358    0.6234878292763889
-0.5325471698113207    0.6397465821941025
-0.5316037735849057    0.6178326108703266
-0.5306603773584906    0.6237234633766445
-0.5297169811320754    0.6168900744692314
-0.5287735849056603    0.6081716127598448
-0.5278301886792454    0.627729243081064
-0.5268867924528302    0.6366833388907039
-0.5259433962264151    0.6039301989551719
-0.5249999999999999    0.6232521951762067
-0.524056603773585    0.6258441702790188
-0.5231132075471698    0.6211314882738326
-0.5221698113207547    0.6277292430809902
-0.5212264150943395    0.618303879070838
-0.5202830188679246    0.6265510725797857
-0.5193396226415095    0.6230165610758777
-0.5183962264150943    0.6303212181838022
-0.5174528301886792    0.6142980993664918
-0.5165094339622642    0.6091141491608674
-0.5155660377358491    0.6060509058574726
-0.5146226415094339    0.6112348560630964
-0.5136792452830188    0.608642880960356
-0.5127358490566039    0.5966255418473176
-0.5117924528301887    0.6298499499832908
-0.5108490566037736    0.6150050016671864
-0.5099056603773584    0.6201889518728831
-0.5089622641509435    0.6053440035567769
-0.5080188679245283    0.6150050016671864
-0.5070754716981132    0.619010781371532
-0.506132075471698    0.5923841280427159
-0.5051886792452831    0.6159475380682813
-0.504245283018868    0.6039301989551719
-0.5033018867924528    0.5982749805490368
-0.5023584905660377    0.5860220073358132
-0.5014150943396227    0.5850794709347906
-0.5004716981132076    0.6138268311659082
-0.4995283018867924    0.5881427142380449
-0.49858490566037733    0.6206602200733944
-0.49764150943396224    0.5907346893408567
-0.49669811320754714    0.5952117372457838
-0.49575471698113205    0.6150050016671864
-0.49481132075471695    0.6166544403690484
-0.49386792452830186    0.606993442258495
-0.49292452830188677    0.586257641436069
-0.49198113207547167    0.60887851506054
-0.4910377358490566    0.5761253751250758
-0.4900943396226415    0.6018094920528713
-0.4891509433962264    0.6058152717572882
-0.4882075471698113    0.6027520284538938
-0.4872641509433962    0.5930910303434828
-0.4863207547169811    0.5796598866288424
-0.485377358490566    0.5747115705235418
-0.4844339622641509    0.560337890407881
-0.4834905660377358    0.6138268311659805
-0.48254716981132073    0.5933266644436687
-0.48160377358490564    0.5782460820273766
-0.48066037735849054    0.5907346893408567
-0.47971698113207545    0.5777748138268654
-0.47877358490566035    0.5919128598421349
-0.47783018867924526    0.5907346893409263
-0.47688679245283017    0.599453151050315
-0.47594339622641507    0.5874358119373471
-0.475    0.5926197621429018
-0.4740566037735849    0.5549183061020668
-0.4731132075471698    0.587435811937278
-0.4721698113207547    0.5794242525286549
-0.4712264150943396    0.5919128598421349
-0.4702830188679245    0.5850794709347906
-0.4693396226415094    0.5768322774257748
-0.4683962264150943    0.5857863732355575
-0.4674528301886792    0.5879070801377893
-0.46650943396226413    0.5737690341225191
-0.46556603773584904    0.5775391797265417
-0.46462264150943394    0.5740046682227748
-0.46367924528301885    0.5744759364232186
-0.46273584905660375    0.5702345226186843
-0.46179245283018866    0.5612804268089034
-0.46084905660377357    0.5756541069245643
-0.45990566037735847    0.5761253751250079
-0.4589622641509434    0.583430032233001
-0.4580188679245283    0.5721195954206623
-0.4570754716981132    0.5603378904079469
-0.4561320754716981    0.5801311548293535
-0.455188679245283    0.5749472046237974
-0.4542452830188679    0.567878181616061
-0.4533018867924528    0.557510281204879
-0.4523584905660377    0.5636367678114597
-0.4514150943396226    0.6015738579526864
-0.45047169811320753    0.5688207180170834
-0.44952830188679244    0.5839013004335123
-0.44858490566037734    0.5742403023229629
-0.44764150943396225    0.5502056240969537
-0.44669811320754715    0.5881427142380449
-0.44575471698113206    0.5980393464488516
-0.44481132075471697    0.5643436701122265
-0.44386792452830187    0.5791886184283992
-0.4429245283018868    0.5749472046237297
-0.4419811320754717    0.5831943981327454
-0.4410377358490566    0.5801311548293535
-0.4400943396226415    0.5634011337112703
-0.4391509433962264    0.5850794709347218
-0.4382075471698113    0.5824874958319783
-0.4372641509433962    0.5831943981326767
-0.4363207547169811    0.5768322774258426
-0.435377358490566    0.5721195954206623
-0.43443396226415093    0.5808380571301888
-0.43349056603773584    0.573533400022196
-0.43254716981132074    0.5770679115260983
-0.43160377358490565    0.5676425475158053
-0.43066037735849055    0.563636767811526
-0.42971698113207546    0.5808380571301205
-0.42877358490566037    0.5728264977214965
-0.42783018867924527    0.5667000111147829
-0.4268867924528302    0.5662287429143382
-0.4259433962264151    0.5827231299321655
-0.425    0.5803667889296775
-0.4240566037735849    0.5631654996109484
-0.4231132075471698    0.568349449816639
-0.4221698113207547    0.5697632544181059
-0.4212264150943396    0.5537401356007885
-0.4202830188679245    0.5784817161275642
-0.4193396226415094    0.5747115705235418
-0.41839622641509433    0.5681138157163166
-0.41745283018867924    0.5808380571301888
-0.41650943396226414    0.5478492830943327
-0.41556603773584905    0.5707057908191957
-0.41462264150943395    0.5707057908191285
-0.41367924528301886    0.578010447927121
-0.41273584905660377    0.5685850839168278
-0.41179245283018867    0.5794242525286549
-0.4108490566037736    0.5667000111147829
-0.4099056603773585    0.5629298655107591
-0.4089622641509434    0.5537401356007233
-0.4080188679245283    0.5558608425030894
-0.4070754716981132    0.5650505724129934
-0.4061320754716981    0.5499699899966981
-0.405188679245283    0.5709414249193842
-0.4042452830188679    0.5829587640324897
-0.4033018867924528    0.559630988107114
-0.40235849056603773    0.5461998443926076
-0.40141509433962264    0.5780104479270529
-0.40047169811320754    0.5798955207291662
-0.39952830188679245    0.5650505724129934
-0.39858490566037735    0.5502056240969537
-0.39764150943396226    0.5466711125930545
-0.39669811320754716    0.5544470379015555
-0.39575471698113207    0.5747115705234742
-0.394811320754717    0.5570390130043676
-0.3938679245283019    0.5527975991997008
-0.3929245283018868    0.5487918194954198
-0.3919811320754717    0.5591597199066027
-0.3910377358490566    0.5516194286984877
-0.3900943396226415    0.552090696898934
-0.3891509433962264    0.5702345226186843
-0.3882075471698113    0.5652862065132491
-0.3872641509433962    0.5542114038012999
-0.38632075471698113    0.5492630876958664
-0.38537735849056604    0.5721195954207295
-0.38443396226415094    0.553975769700979
-0.38349056603773585    0.557510281204879
-0.38254716981132075    0.5544470379014902
-0.38160377358490566    0.5626942314105033
-0.38066037735849056    0.5348894075802731
-0.37971698113207547    0.5379526508836596
-0.3787735849056604    0.559630988107114
-0.3778301886792453    0.5372457485828928
-0.3768867924528302    0.5537401356007233
-0.3759433962264151    0.5669356452151051
-0.375    0.5685850839168278
-0.3740566037735849    0.5379526508836596
-0.3731132075471698    0.5485561853950995
-0.3721698113207547    0.5440791374903067
-0.3712264150943396    0.5572746471045578
-0.37028301886792453    0.5509125263977206
-0.36933962264150944    0.5525619650994452
-0.36839622641509434    0.5457285761920962
-0.36745283018867925    0.5388951872846188
-0.36650943396226415    0.5301767255752231
-0.36556603773584906    0.5652862065132491
-0.36462264150943396    0.5553895743025781
-0.36367924528301887    0.5410158941869195
-0.3627358490566038    0.5372457485828928
-0.3617924528301887    0.5433722351894757
-0.3608490566037736    0.5379526508836596
-0.3599056603773585    0.5421940646881976
-0.3589622641509434    0.5523263309992545
-0.3580188679245283    0.5487918194953552
-0.3570754716981132    0.5605735245082025
-0.3561320754716981    0.5542114038012346
-0.355188679245283    0.5494987217961868
-0.35424528301886793    0.538188284983852
-0.35330188679245284    0.5596309881071798
-0.35235849056603774    0.5320617983772057
-0.35141509433962265    0.5593953540069242
-0.35047169811320755    0.5568033789040465
-0.34952830188679246    0.5504412581972093
-0.34858490566037736    0.5485561853950995
-0.34764150943396227    0.5287629209736892
-0.3466981132075472    0.5264065799710707
-0.3457547169811321    0.5388951872846822
-0.344811320754717    0.5452573079915207
-0.3438679245283019    0.537717016783404
-0.3429245283018868    0.5233433366677475
-0.3419811320754717    0.558217183505646
-0.3410377358490566    0.5429009669889645
-0.3400943396226415    0.5405446259864718
-0.3391509433962264    0.5513837945981671
-0.33820754716981133    0.5273491163721552
-0.33726415094339623    0.528762920973627
-0.33632075471698114    0.5553895743025781
-0.33537735849056605    0.5513837945981671
-0.33443396226415095    0.5285272868734335
-0.33349056603773586    0.5471423807935658
-0.33254716981132076    0.5570390130043676
-0.33160377358490567    0.5181593864621237
-0.3306603773584906    0.5426653328887728
-0.3297169811320755    0.5240502389685143
-0.3287735849056604    0.5617516950094809
-0.3278301886792453    0.5492630876958664
-0.3268867924528302    0.5464354784928632
-0.3259433962264151    0.5457285761920321
-0.325    0.5365388462821257
-0.3240566037735849    0.5615160609091591
-0.3231132075471698    0.5502056240969537
-0.32216981132075473    0.5473780148938214
-0.32122641509433963    0.545964210292352
-0.32028301886792454    0.5388951872846188
-0.31933962264150945    0.5598666222074354
-0.31839622641509435    0.5426653328887089
-0.31745283018867926    0.5238146048683204
-0.31650943396226416    0.5363032121818069
-0.31556603773584907    0.5490274535956754
-0.314622641509434    0.5549183061020015
-0.3136792452830189    0.5325330665777797
-0.3127358490566038    0.5388951872846188
-0.3117924528301887    0.5728264977214965
-0.3108490566037736    0.5365388462820626
-0.3099056603773585    0.5516194286984877
-0.3089622641509434    0.5605735245081366
-0.3080188679245283    0.5586884517061573
-0.3070754716981132    0.5221651661664694
-0.30613207547169813    0.5678781816161278
-0.30518867924528303    0.5487918194953552
-0.30424528301886794    0.5473780148938858
-0.30330188679245285    0.5384239190841076
-0.30235849056603775    0.5659931088140826
-0.30141509433962266    0.5695276203178503
-0.30047169811320756    0.5502056240969537
-0.29952830188679247    0.5443147715904983
-0.2985849056603774    0.5669356452151051
-0.2976415094339623    0.5612804268089034
-0.2966981132075472    0.5264065799711325
-0.2957547169811321    0.5615160609091591
-0.294811320754717    0.5466711125931188
-0.2938679245283019    0.5358319439812957
-0.2929245283018868    0.5815449594309557
-0.2919811320754717    0.5570390130043021
-0.2910377358490566    0.5667000111148495
-0.29009433962264153    0.5591597199066027
-0.28915094339622643    0.544550405690818
-0.28820754716981134    0.5664643770145272
-0.28726415094339625    0.5593953540069242
-0.28632075471698115    0.5410158941869195
-0.28537735849056606    0.545964210292352
-0.28443396226415096    0.5598666222073696
-0.28349056603773587    0.5615160609092251
-0.2825471698113208    0.5869645437367668
-0.2816037735849057    0.5542114038012999
-0.2806603773584906    0.5320617983772057
-0.2797169811320755    0.5699988885184286
-0.2787735849056604    0.5652862065132491
-0.2778301886792453    0.558924085806413
-0.2768867924528302    0.5711770590196398
-0.27594339622641506    0.5721195954206623
-0.27499999999999997    0.5565677448038564
-0.2740566037735849    0.5584528176058359
-0.2731132075471698    0.5782460820273766
-0.2721698113207547    0.5601022563076253
-0.2712264150943396    0.5671712793153608
-0.2702830188679245    0.5699988885183616
-0.2693396226415094    0.5610447927087138
-0.2683962264150943    0.5612804268089034
-0.2674528301886792    0.5685850839168947
-0.2665094339622641    0.5563321107035353
-0.265566037735849    0.5732977659220079
-0.26462264150943393    0.5572746471045578
-0.26367924528301884    0.557510281204879
-0.26273584905660374    0.5702345226186172
-0.26179245283018865    0.5737690341225191
-0.26084905660377355    0.5669356452150385
-0.25990566037735846    0.5572746471046234
-0.25896226415094337    0.5492630876958664
-0.2580188679245283    0.5530332333000216
-0.2570754716981132    0.5532688674002121
-0.2561320754716981    0.5695276203179174
-0.255188679245283    0.5704701567188729
-0.2542452830188679    0.5853151050350462
-0.2533018867924528    0.5676425475158053
-0.2523584905660377    0.5650505724130599
-0.2514150943396226    0.5560964766032797
-0.2504716981132075    0.5754184728243087
-0.24952830188679243    0.579895520729098
-0.24858490566037733    0.5539757697010441
-0.24764150943396224    0.5881427142380449
-0.24669811320754714    0.5829587640324897
-0.24575471698113205    0.5685850839168278
-0.24481132075471695    0.5754184728243087
-0.24386792452830186    0.5631654996109484
-0.24292452830188677    0.571177059019707
-0.24198113207547167    0.5770679115260304
-0.24103773584905658    0.5787173502278878
-0.24009433962264148    0.5763610092252636
-0.2391509433962264    0.5650505724130599
-0.2382075471698113    0.6126486606646301
-0.2372641509433962    0.5813093253307001
-0.2363207547169811    0.5749472046237297
-0.235377358490566    0.5817805935312115
-0.23443396226415092    0.564108036011971
-0.23349056603773582    0.5598666222074354
-0.23254716981132073    0.5770679115260304
-0.23160377358490564    0.5853151050350462
-0.23066037735849054    0.5643436701122265
-0.22971698113207545    0.5685850839168947
-0.22877358490566035    0.573533400022196
-0.22783018867924526    0.5867289096365802
-0.22688679245283017    0.5841369345336992
-0.22594339622641507    0.5982749805491072
-0.22499999999999998    0.5945048349449468
-0.22405660377358488    0.5843725686340235
-0.2231132075471698    0.5612804268089034
-0.2221698113207547    0.5961542736468063
-0.2212264150943396    0.5935622985439243
-0.2202830188679245    0.578010447927121
-0.2193396226415094    0.5605735245081366
-0.21839622641509432    0.5954473713460394
-0.21745283018867922    0.5648149383127378
-0.21650943396226413    0.5659931088140826
-0.21556603773584904    0.5942692008446911
-0.21462264150943394    0.5803667889296775
-0.21367924528301885    0.5841369345336992
-0.21273584905660375    0.5692919862176617
-0.21179245283018866    0.5876714460375336
-0.21084905660377357    0.5876714460376028
-0.20990566037735847    0.5789529843280754
-0.20896226415094338    0.5886139824386254
-0.20801886792452828    0.5780104479270529
-0.2070754716981132    0.5829587640324897
-0.2061320754716981    0.5869645437367668
-0.205188679245283    0.5761253751250758
-0.2042452830188679    0.5872001778370223
-0.2033018867924528    0.5879070801378584
-0.20235849056603772    0.5747115705234742
-0.20141509433962262    0.5872001778370914
-0.20047169811320753    0.609585417361307
-0.19952830188679244    0.5935622985439942
-0.19858490566037734    0.589320884739323
-0.19764150943396225    0.5787173502278878
-0.19669811320754715    0.5801311548293535
-0.19575471698113206    0.5605735245082025
-0.19481132075471697    0.5808380571301205
-0.19386792452830187    0.5909703234411819
-0.19292452830188678    0.5916772257418793
-0.19198113207547168    0.6048727353562655
-0.1910377358490566    0.60887851506054
-0.1900943396226415    0.6051083694565212
-0.1891509433962264    0.6029876625541495
-0.1882075471698113    0.5954473713460394
-0.1872641509433962    0.5895565188395786
-0.18632075471698112    0.5836656663332567
-0.18537735849056602    0.6074647104590063
-0.18443396226415093    0.5867289096365802
-0.18349056603773584    0.5829587640324211
-0.18254716981132074    0.6140624652662361
-0.18160377358490565    0.5935622985439243
-0.18066037735849055    0.6164188062687926
-0.17971698113207546    0.6003956874513375
-0.17877358490566037    0.5968611759475734
-0.17783018867924527    0.5867289096365111
-0.17688679245283018    0.5900277870401593
-0.17594339622641508    0.5820162276313985
-0.175    0.5968611759475734
-0.1740566037735849    0.6117061242636076
-0.1731132075471698    0.5810736912304445
-0.1721698113207547    0.5789529843280754
-0.1712264150943396    0.5718839613204739
-0.17028301886792452    0.5803667889296091
-0.16933962264150942    0.588849616538881
-0.16839622641509433    0.5982749805490368
-0.16745283018867924    0.6326775591864329
-0.16650943396226414    0.6138268311659082
-0.16556603773584905    0.5794242525286549
-0.16462264150943395    0.595683005446225
-0.16367924528301886    0.6029876625542203
-0.16273584905660377    0.59756807824827
-0.16179245283018867    0.5937979326442498
-0.16084905660377358    0.6303212181838022
-0.15990566037735848    0.6347982660887337
-0.1589622641509434    0.5947404690452024
-0.1580188679245283    0.616183172168537
-0.1570754716981132    0.6159475380682088
-0.1561320754716981    0.6133555629654691
-0.155188679245283    0.5909703234411123
-0.15424528301886792    0.6135911970657248
-0.15330188679245282    0.6018094920528713
-0.15235849056603773    0.6251372679782519
-0.15141509433962264    0.6060509058574726
-0.15047169811320754    0.6044014671557543
-0.14952830188679245    0.6117061242636076
-0.14858490566037735    0.6011025897521751
-0.14764150943396226    0.6077003445592619
-0.14669811320754716    0.629143047682598
-0.14575471698113207    0.6001600533510818
-0.14481132075471698    0.5966255418473176
-0.14386792452830188    0.6060509058574726
-0.1429245283018868    0.6081716127598448
-0.1419811320754717    0.6011025897521044
-0.1410377358490566    0.6175969767700709
-0.1400943396226415    0.6091141491607956
-0.1391509433962264    0.6145337334667474
-0.13820754716981132    0.6084072468600288
-0.13726415094339622    0.6197176836723719
-0.13632075471698113    0.6211314882738326
-0.13537735849056604    0.6114704901634239
-0.13443396226415094    0.5978037123485256
-0.13349056603773585    0.6178326108703266
-0.13254716981132075    0.6128842947648857
-0.13160377358490566    0.6062865399577995
-0.13066037735849056    0.6154762698676975
-0.12971698113207547    0.6180682449705823
-0.12877358490566038    0.6201889518728102
-0.12783018867924528    0.6192464154718604
-0.1268867924528302    0.6319706568855915
-0.1259433962264151    0.6034589307547317
-0.125    0.6055796376569613
-0.1240566037735849    0.6265510725797857
-0.12311320754716981    0.6046371012559388
-0.12216981132075472    0.6138268311659805
-0.12122641509433962    0.59756807824827
-0.12028301886792453    0.603930198955243
-0.11933962264150944    0.5963899077469919
-0.11839622641509434    0.6150050016672587
-0.11745283018867925    0.6239590974769003
-0.11650943396226415    0.6159475380682813
-0.11556603773584906    0.6105279537623294
-0.11462264150943396    0.6284361453818311
-0.11367924528301887    0.6187751472712765
-0.11273584905660378    0.6022807602534535
-0.11179245283018868    0.619010781371532
-0.11084905660377359    0.6128842947649579
-0.1099056603773585    0.6164188062687201
-0.1089622641509434    0.6187751472713492
-0.1080188679245283    0.6157119039679532
-0.10707547169811321    0.616183172168537
-0.10613207547169812    0.6166544403689758
-0.10518867924528302    0.5987462487496186
-0.10424528301886793    0.6003956874513375
-0.10330188679245284    0.6150050016672587
-0.10235849056603774    0.5888496165388118
-0.10141509433962265    0.6258441702790188
-0.10047169811320755    0.6150050016671864
-0.09952830188679246    0.6355051683895008
-0.09858490566037736    0.6282005112815015
-0.09764150943396227    0.6074647104590778
-0.09669811320754718    0.6324419250861028
-0.09575471698113208    0.6369189729910346
-0.09481132075471699    0.6249016338779226
-0.0938679245283019    0.6331488273869441
-0.0929245283018868    0.6359764365899372
-0.0919811320754717    0.6197176836723719
-0.09103773584905661    0.5947404690452024
-0.09009433962264152    0.6456374347004938
-0.08915094339622642    0.6373902411914709
-0.08820754716981133    0.6274936089808084
-0.08726415094339623    0.6314993886850802
-0.08632075471698114    0.6312637545848989
-0.08537735849056605    0.60887851506054
-0.08443396226415095    0.6581260420140436
-0.08349056603773586    0.6390396798932603
-0.08254716981132076    0.6230165610759509
-0.08160377358490567    0.6517639213070642
-0.08066037735849058    0.6267867066800415
-0.07971698113207548    0.6107635878625851
-0.07877358490566039    0.6114704901634239
-0.0778301886792453    0.6314993886850802
-0.0768867924528302    0.6178326108703266
-0.0759433962264151    0.6100566855618182
-0.07500000000000001    0.6300855840836207
-0.07405660377358492    0.6442236300988841
-0.07311320754716982    0.6296143158831093
-0.07216981132075473    0.6479937757029741
-0.07122641509433963    0.6251372679782519
-0.07028301886792454    0.6392753139935159
-0.06933962264150945    0.6310281204846433
-0.06839622641509435    0.6406891185950496
-0.06745283018867926    0.6216027564744171
-0.06650943396226416    0.6161831721684645
-0.06556603773584907    0.6388040457930798
-0.06462264150943398    0.6505857508057861
-0.06367924528301888    0.6279648771813197
-0.06273584905660379    0.6437523618983728
-0.06179245283018869    0.6508213849061182
-0.0608490566037736    0.6241947315771559
-0.059905660377358505    0.6289074135823424
-0.05896226415094341    0.6494075803045078
-0.05801886792452832    0.6333844614871997
-0.05707547169811322    0.6402178503945384
-0.05613207547169813    0.6536489941091861
-0.055188679245283034    0.6347982660886591
-0.05424528301886794    0.6371546070912903
-0.053301886792452846    0.6552984328108986
-0.05235849056603775    0.6402178503946138
-0.05141509433962266    0.6249016338779226
-0.050471698113207564    0.6152406357675144
-0.04952830188679247    0.6117061242636076
-0.048584905660377375    0.6173613426698152
-0.04764150943396228    0.6505857508057861
-0.04669811320754719    0.6519995554073965
-0.04575471698113209    0.6369189729909597
-0.044811320754717    0.642809825497426
-0.043867924528301905    0.629143047682524
-0.04292452830188681    0.6378615093920572
-0.04198113207547172    0.6343269978881478
-0.04103773584905662    0.6435167277981929
-0.04009433962264153    0.6425741913970947
-0.039150943396226434    0.6286717794820867
-0.03820754716981134    0.6378615093919822
-0.037264150943396246    0.618303879070838
-0.03632075471698115    0.6472868734022073
-0.03537735849056606    0.6267867066800415
-0.034433962264150964    0.6423385572968391
-0.033490566037735814    0.6425741913970947
-0.03254716981132072    0.6263154384795301
-0.031603773584905626    0.6548271646103873
-0.03066037735849053    0.6366833388907789
-0.029716981132075437    0.6560053351116655
-0.028773584905660343    0.6246659997777405
-0.02783018867924525    0.6647237968211237
-0.026886792452830155    0.6230165610759509
-0.02594339622641506    0.6578904079137105
-0.024999999999999967    0.6357408024897564
-0.024056603773584873    0.6296143158830352
-0.02311320754716978    0.642102923196659
-0.022169811320754684    0.6479937757029741
-0.02122641509433959    0.6508213849061182
-0.020283018867924496    0.6355051683894258
-0.019339622641509402    0.6270223407802972
-0.018396226415094308    0.6399822162942829
-0.017452830188679214    0.6454018006002381
-0.01650943396226412    0.6581260420139661
-0.015566037735849025    0.6392753139935912
-0.014622641509433931    0.6498788485050192
-0.013679245283018837    0.6218383905746727
-0.012735849056603743    0.6557697010114099
-0.011792452830188649    0.6458730688007496
-0.010849056603773555    0.662603089918823
-0.00990566037735846    0.6230165610759509
-0.008962264150943366    0.6234878292763889
-0.008018867924528272    0.6623674558186453
-0.007075471698113178    0.6442236300988841
-0.006132075471698084    0.6423385572969147
-0.00518867924528299    0.6522351895075754
-0.004245283018867896    0.6529420918084192
-0.0033018867924528017    0.6564766033121767
-0.0023584905660377076    0.6293786817828536
-0.0014150943396226134    0.6593042125152443
-0.0004716981132075193    0.655769701011487
0.0004716981132075748    0.6616605535178005
0.0014150943396227245    0.6585973102144773
0.002358490566037763    0.6560053351118198
0.0033018867924528017    0.6477581416027185
0.004245283018867951    0.6347982660886591
0.005188679245283101    0.6376258752917265
0.00613207547169814    0.6435167277982687
0.007075471698113178    0.6098210514615626
0.008018867924528328    0.6435167277981173
0.008962264150943478    0.6578904079137105
0.009905660377358516    0.6282005112816493
0.010849056603773555    0.6611892853172893
0.011792452830188704    0.6552984328108986
0.012735849056603854    0.6628387240190786
0.013679245283018893    0.6503501167056834
0.014622641509433931    0.6621318217183118
0.015566037735849081    0.6529420918083423
0.01650943396226423    0.6437523618983728
0.01745283018867927    0.6482294098033824
0.018396226415094308    0.6432810936978616
0.019339622641509457    0.6373902411914709
0.020283018867924607    0.6293786817827797
0.021226415094339646    0.6154762698678424
0.022169811320754684    0.6456374347004178
0.023113207547169834    0.6588329443147329
0.024056603773584984    0.6465799711014404
0.025000000000000022    0.6487006780038937
0.02594339622641506    0.6651950650216348
0.02688679245283021    0.6187751472712765
0.02783018867924536    0.6439879959986284
0.0287735849056604    0.6152406357675867
0.029716981132075437    0.6376258752917265
0.030660377358490587    0.6350339001889146
0.03160377358490574    0.6397465821940272
0.032547169811320775    0.6241947315773028
0.033490566037735814    0.6576547738134548
0.034433962264150964    0.6428098254973503
0.03537735849056611    0.6362120706901928
0.03632075471698115    0.627022340780371
0.03726415094339619    0.6326775591863584
0.03820754716981134    0.6270223407802233
0.03915094339622649    0.6421029231965835
0.04009433962264153    0.6475225075026153
0.04103773584905657    0.6223096587751108
0.04198113207547172    0.6293786817827797
0.042924528301886866    0.6461087029009291
0.043867924528301905    0.6246659997778141
0.04481132075471694    0.6338557296876365
0.04575471698113209    0.6475225075024629
0.04669811320754724    0.6241947315771559
0.04764150943396228    0.6390396798934107
0.04858490566037732    0.6602467489162667
0.04952830188679247    0.6489363121039967
0.05047169811320762    0.6324419250861028
0.05141509433962266    0.6347982660888084
0.052358490566037696    0.6298499499832908
0.053301886792452846    0.6258441702789452
0.054245283018867996    0.6494075803045078
0.055188679245283034    0.6232521951762799
0.05613207547169807    0.6322062909858471
0.05707547169811322    0.6522351895075754
0.05801886792452837    0.6197176836722988
0.05896226415094341    0.6237234633767914
0.05990566037735845    0.6157119039679532
0.0608490566037736    0.622780926975622
0.06179245283018875    0.6355051683894258
0.06273584905660379    0.6359764365900868
0.06367924528301883    0.6199533177725546
0.06462264150943398    0.6260798043792007
0.06556603773584913    0.6487006780037411
0.06650943396226416    0.6251372679783254
0.0674528301886792    0.6531777259085979
0.06839622641509435    0.6362120706901928
0.0693396226415095    0.6001600533510818
0.07028301886792454    0.6338557296877857
0.07122641509433958    0.6150050016671864
0.07216981132075473    0.6100566855618182
0.07311320754716988    0.638568411692749
0.07405660377358492    0.6211314882739789
0.07499999999999996    0.6201889518728102
0.0759433962264151    0.6074647104590063
0.07688679245283025    0.6314993886850802
0.0778301886792453    0.627022340780371
0.07877358490566033    0.6571835056129436
0.07971698113207548    0.631028120484569
0.08066037735849063    0.6484650439034854
0.08160377358490567    0.6166544403691209
0.08254716981132071    0.6126486606646301
0.08349056603773586    0.6204245859730658
0.08443396226415101    0.644930532399651
0.08537735849056605    0.6319706568857403
0.08632075471698109    0.6317350227853359
0.08726415094339623    0.6213671223740883
0.08820754716981138    0.6413960208958166
0.08915094339622642    0.6201889518729561
0.09009433962264146    0.6201889518728102
0.09103773584905661    0.6183038790707651
0.09198113207547176    0.6121773924641188
0.0929245283018868    0.6376258752918766
0.09386792452830184    0.6100566855618182
0.09481132075471699    0.6145337334666751
0.09575471698113214    0.6206602200733214
0.09669811320754718    0.6409247526954561
0.09764150943396221    0.5987462487495481
0.09858490566037736    0.6112348560630964
0.09952830188679251    0.6199533177725546
0.10047169811320755    0.6355051683895755
0.10141509433962259    0.617125708569487
0.10235849056603774    0.6234878292763889
0.10330188679245289    0.6131199288651413
0.10424528301886793    0.5900277870402287
0.10518867924528297    0.6119417583638631
0.10613207547169812    0.6293786817827797
0.10707547169811327    0.6366833388907039
0.1080188679245283    0.638097143492388
0.10896226415094334    0.6237234633766445
0.1099056603773585    0.6164188062687201
0.11084905660377364    0.6100566855618182
0.11179245283018868    0.5916772257420185
0.11273584905660372    0.6317350227853359
0.11367924528301887    0.624665999777667
0.11462264150943402    0.5999244192508262
0.11556603773584906    0.5848438368346038
0.1165094339622641    0.6390396798932603
0.11745283018867925    0.6100566855618182
0.1183962264150944    0.6213671223740883
0.11933962264150944    0.6041658330555698
0.12028301886792447    0.6003956874513375
0.12122641509433962    0.6187751472712765
0.12216981132075477    0.6102923196620738
0.12311320754716981    0.610527953762473
0.12405660377358485    0.6178326108702539
0.125    0.6112348560630964
0.12594339622641515    0.6112348560630964
0.1268867924528302    0.627022340780371
0.12783018867924523    0.6015738579526155
0.12877358490566038    0.59756807824827
0.12971698113207553    0.6161831721684645
0.13066037735849056    0.6197176836724447
0.1316037735849056    0.593091030343413
0.13254716981132075    0.5921484939423906
0.1334905660377359    0.5945048349449468
0.13443396226415094    0.5806024230300014
0.13537735849056598    0.5978037123485256
0.13632075471698113    0.6008669556518488
0.13726415094339628    0.6053440035567056
0.13820754716981132    0.6048727353563368
0.13915094339622636    0.6168900744692314
0.1400943396226415    0.6112348560630964
0.14103773584905666    0.6018094920528713
0.1419811320754717    0.6098210514617061
0.14292452830188673    0.6263154384794564
0.14386792452830188    0.5996887851505706
0.14481132075471703    0.5768322774257748
0.14575471698113207    0.5869645437369049
0.1466981132075471    0.5770679115260304
0.14764150943396226    0.6263154384794564
0.1485849056603774    0.6053440035567056
0.14952830188679245    0.6138268311660526
0.15047169811320749    0.5822518617316542
0.15141509433962264    0.5933266644436687
0.15235849056603779    0.6055796376569613
0.15330188679245282    0.56976325441824
0.15424528301886786    0.5740046682227072
0.155188679245283    0.6067578081582393
0.15613207547169816    0.594976103145458
0.1570754716981132    0.6006313215517345
0.15801886792452824    0.5808380571301205
0.1589622641509434    0.5961542736467361
0.15990566037735854    0.6044014671556832
0.16084905660377358    0.5728264977215639
0.16179245283018862    0.60887851506054
0.16273584905660377    0.6100566855618182
0.16367924528301891    0.5987462487495481
0.16462264150943395    0.578717350227956
0.165566037735849    0.5980393464487812
0.16650943396226414    0.6159475380682088
0.1674528301886793    0.5796598866288424
0.16839622641509433    0.5848438368346038
0.16933962264150937    0.6062865399577282
0.17028301886792452    0.5940335667444356
0.17122641509433967    0.5728264977214291
0.1721698113207547    0.6055796376571038
0.17311320754716975    0.5702345226186172
0.1740566037735849    0.5822518617316542
0.17500000000000004    0.6036945648549162
0.17594339622641508    0.5954473713461095
0.17688679245283012    0.5876714460375336
0.17783018867924527    0.59002778704009
0.17877358490566042    0.5926197621429018
0.17971698113207546    0.5716483272202856
0.1806603773584905    0.5589240858063471
0.18160377358490565    0.6098210514615626
0.1825471698113208    0.5987462487495481
0.18349056603773584    0.5758897410248878
0.18443396226415087    0.603223296654405
0.18537735849056602    0.5721195954206623
0.18632075471698117    0.5841369345336992
0.1872641509433962    0.5806024230300014
0.18820754716981125    0.5692919862175948
0.1891509433962264    0.5669356452150385
0.19009433962264155    0.5721195954206623
0.1910377358490566    0.5789529843282117
0.19198113207547163    0.5803667889296091
0.19292452830188678    0.575418472824241
0.19386792452830193    0.5659931088140159
0.19481132075471697    0.5813093253307686
0.195754716981132    0.5671712793152941
0.19669811320754715    0.5803667889296091
0.1976415094339623    0.5841369345336992
0.19858490566037734    0.5952117372458537
0.19952830188679238    0.6027520284538938
0.20047169811320753    0.589320884739323
0.20141509433962268    0.5763610092252636
0.20235849056603772    0.5895565188397175
0.20330188679245276    0.594976103145458
0.2042452830188679    0.5546826720017458
0.20518867924528306    0.5711770590196398
0.2061320754716981    0.5937979326443197
0.20707547169811313    0.5664643770145272
0.20801886792452828    0.579188618428331
0.20896226415094343    0.5560964766032797
0.20990566037735858    0.5584528176058359
0.21084905660377362    0.5747115705236094
0.21179245283018866    0.575418472824241
0.2127358490566038    0.5909703234411123
0.21367924528301896    0.5846082027342104
0.214622641509434    0.5749472046238652
0.21556603773584904    0.6036945648549162
0.2165094339622642    0.5702345226186172
0.21745283018867934    0.6119417583638631
0.21839622641509437    0.5867289096366493
0.2193396226415094    0.5968611759475031
0.22028301886792456    0.5897921529398342
0.2212264150943397    0.5730621318216848
0.22216981132075475    0.5709414249195185
0.2231132075471698    0.5744759364232186
0.22405660377358494    0.581780593531143
0.2250000000000001    0.5770679115260304
0.22594339622641513    0.5954473713461095
0.22688679245283017    0.595683005446225
0.22783018867924532    0.5831943981326767
0.22877358490566047    0.5742403023229629
0.2297169811320755    0.589085250639206
0.23066037735849054    0.5777748138267973
0.2316037735849057    0.5723552295209179
0.23254716981132084    0.5942692008446911
0.23349056603773588    0.5813093253307686
0.23443396226415092    0.5813093253306317
0.23537735849056607    0.5789529843280754
0.23632075471698122    0.5690563521173391
0.23726415094339626    0.5725908636213083
0.2382075471698113    0.5664643770145272
0.23915094339622645    0.5643436701122265
0.2400943396226416    0.579895520729098
0.24103773584905663    0.5751828387241208
0.24198113207547167    0.59756807824827
0.24292452830188682    0.5848438368344662
0.24386792452830197    0.5671712793152941
0.244811320754717    0.5714126931200298
0.24575471698113205    0.567878181616061
0.2466981132075472    0.595683005446225
0.24764150943396235    0.5959186395464806
0.2485849056603774    0.5782460820274447
0.24952830188679243    0.5655218406135047
0.2504716981132076    0.5749472046237297
0.2514150943396227    0.5676425475158053
0.25235849056603776    0.5846082027343481
0.2533018867924528    0.5685850839168278
0.25424528301886795    0.5714126931198953
0.2551886792452831    0.5740046682227072
0.25613207547169814    0.5692919862177287
0.2570754716981132    0.5895565188395786
0.25801886792452833    0.5860220073357443
0.2589622641509435    0.5718839613204066
0.2599056603773585    0.5808380571302572
0.26084905660377355    0.5758897410247523
0.2617924528301887    0.5801311548293535
0.26273584905660385    0.5770679115260304
0.2636792452830189    0.5857863732356264
0.26462264150943393    0.6011025897521044
0.2655660377358491    0.5855507391352329
0.26650943396226423    0.5886139824385561
0.26745283018867927    0.5556252084028992
0.2683962264150943    0.5667000111147829
0.26933962264150946    0.5824874958319098
0.2702830188679246    0.5683494498165722
0.27122641509433965    0.5608091586085242
0.2721698113207547    0.5777748138267973
0.27311320754716983    0.5631654996109484
0.274056603773585    0.5747115705234742
0.275    0.5740046682228424
0.27594339622641506    0.5593953540068584
0.2768867924528302    0.5617516950094147
0.27783018867924536    0.5813093253306317
0.2787735849056604    0.5754184728243765
0.27971698113207544    0.5756541069244967
0.2806603773584906    0.5784817161275642
0.28160377358490574    0.5544470379014902
0.2825471698113208    0.5758897410248878
0.2834905660377358    0.5697632544181059
0.28443396226415096    0.5490274535956108
0.2853773584905661    0.5659931088140159
0.28632075471698115    0.5492630876959957
0.2872641509433962    0.5697632544181059
0.28820754716981134    0.5575102812048134
0.2891509433962265    0.5808380571301205
0.29009433962264153    0.5699988885184958
0.29103773584905657    0.5801311548293535
0.2919811320754717    0.5690563521173391
0.29292452830188687    0.5768322774257748
0.2938679245283019    0.5544470379016208
0.29481132075471694    0.593091030343413
0.2957547169811321    0.5575102812048134
0.29669811320754724    0.5601022563076253
0.2976415094339623    0.5667000111149163
0.2985849056603773    0.5593953540068584
0.29952830188679247    0.5916772257418793
0.3004716981132076    0.5429009669889645
0.30141509433962266    0.5702345226187515
0.3023584905660377    0.5747115705234742
0.30330188679245285    0.5377170167833407
0.304245283018868    0.5622229632099259
0.30518867924528303    0.5556252084028992
0.3061320754716981    0.5452573079915207
0.3070754716981132    0.560337890407881
0.3080188679245284    0.5542114038012346
0.3089622641509434    0.5535045015005979
0.30990566037735845    0.5516194286984227
0.3108490566037736    0.581780593531143
0.31179245283018875    0.5685850839168278
0.3127358490566038    0.5692919862177287
0.3136792452830188    0.552090696898934
0.314622641509434    0.5619873291096703
0.3155660377358491    0.5575102812048134
0.31650943396226416    0.5641080360121037
0.3174528301886792    0.5351250416805288
0.31839622641509435    0.5619873291096703
0.3193396226415095    0.5332399688784838
0.32028301886792454    0.5674069134156833
0.3212264150943396    0.5504412581971445
0.32216981132075473    0.5403089918861526
0.3231132075471699    0.5487918194953552
0.3240566037735849    0.5544470379016208
0.32499999999999996    0.5598666222073696
0.3259433962264151    0.557745915305069
0.32688679245283025    0.5732977659219404
0.3278301886792453    0.5405446259865355
0.32877358490566033    0.5513837945981671
0.3297169811320755    0.5598666222073696
0.33066037735849063    0.5429009669889645
0.33160377358490567    0.5443147715906264
0.3325471698113207    0.5584528176058359
0.33349056603773586    0.5436078692897314
0.334433962264151    0.577303545626286
0.33537735849056605    0.5601022563077571
0.3363207547169811    0.5549183061020015
0.33726415094339623    0.5452573079915207
0.3382075471698114    0.5695276203178503
0.3391509433962264    0.5544470379016208
0.34009433962264146    0.5440791374902426
0.3410377358490566    0.5407802600866639
0.34198113207547176    0.5619873291096703
0.3429245283018868    0.5268778481717059
0.34386792452830184    0.5440791374902426
0.344811320754717    0.5732977659219404
0.34575471698113214    0.5626942314104372
0.3466981132075472    0.5506768922975298
0.3476415094339622    0.563401133711204
0.34858490566037736    0.5657574747137604
0.3495283018867925    0.5728264977214291
0.35047169811320755    0.5641080360121037
0.3514150943396226    0.5497343558963778
0.35235849056603774    0.5542114038012346
0.3533018867924529    0.5570390130043021
0.35424528301886793    0.5615160609092912
0.35518867924528297    0.5721195954206623
0.3561320754716981    0.5695276203178503
0.35707547169811327    0.5598666222073696
0.3580188679245283    0.533475602978865
0.35896226415094334    0.5780104479270529
0.3599056603773585    0.5704701567188729
0.36084905660377364    0.5551539402022572
0.3617924528301887    0.5610447927087798
0.3627358490566037    0.5582171835055803
0.36367924528301887    0.5497343558963778
0.364622641509434    0.5648149383127378
0.36556603773584906    0.5648149383128707
0.3665094339622641    0.5473780148938214
0.36745283018867925    0.5648149383127378
0.3683962264150944    0.5728264977214291
0.36933962264150944    0.5429009669890923
0.3702830188679245    0.560337890407881
0.3712264150943396    0.5732977659219404
0.3721698113207548    0.5650505724129934
0.3731132075471698    0.5509125263977855
0.37405660377358485    0.5551539402022572
0.375    0.5690563521173391
0.37594339622641515    0.5867289096365111
0.3768867924528302    0.5537401356008537
0.3778301886792452    0.5589240858063471
0.3787735849056604    0.5742403023229629
0.3797169811320755    0.5912059575413681
0.38066037735849056    0.5598666222075014
0.3816037735849056    0.5742403023229629
0.38254716981132075    0.5560964766032797
0.3834905660377359    0.5525619650994452
0.38443396226415094    0.5530332333000866
0.385377358490566    0.5758897410247523
0.38632075471698113    0.5601022563076253
0.3872641509433963    0.5431366010892201
0.3882075471698113    0.564579304212615
0.38915094339622636    0.5740046682227072
0.3900943396226415    0.5638724019117154
0.39103773584905666    0.5612804268089034
0.3919811320754717    0.5732977659220754
0.39292452830188673    0.5612804268089034
0.3938679245283019    0.5643436701122265
0.39481132075471703    0.5763610092252636
0.39575471698113207    0.5643436701123594
0.3966981132075471    0.5749472046237297
0.39764150943396226    0.5742403023229629
0.3985849056603774    0.5810736912303761
0.39952830188679245    0.5494987217962514
0.4004716981132075    0.6020451261531269
0.40141509433962264    0.5568033789040465
0.4023584905660378    0.599453151050315
0.4033018867924528    0.5770679115261662
0.40424528301886786    0.5697632544181059
0.405188679245283    0.5881427142380449
0.40613207547169816    0.5777748138267973
0.4070754716981132    0.6013382238525016
0.40801886792452824    0.5959186395464806
0.4089622641509434    0.5718839613204066
0.40990566037735854    0.5789529843280754
0.4108490566037736    0.5782460820274447
0.4117924528301886    0.5959186395464806
0.41273584905660377    0.5549183061020015
0.4136792452830189    0.5676425475158053
0.41462264150943395    0.5704701567190071
0.415566037735849    0.5923841280426462
0.41650943396226414    0.5853151050349774
0.4174528301886793    0.589320884739323
0.41839622641509433    0.578717350227956
0.41933962264150937    0.5923841280426462
0.4202830188679245    0.5890852506390674
0.42122641509433967    0.5806024230298648
0.4221698113207547    0.5798955207292344
0.42311320754716975    0.6008669556518488
0.4240566037735849    0.5631654996109484
0.42500000000000004    0.5744759364232186
0.4259433962264151    0.5956830054463651
0.4268867924528301    0.5732977659219404
0.42783018867924527    0.5867289096365111
0.4287735849056604    0.6147693675669308
0.42971698113207546    0.5860220073358822
0.4306603773584905    0.5996887851505706
0.43160377358490565    0.6074647104590063
0.4325471698113208    0.5926197621429018
0.43349056603773584    0.5867289096366493
0.4344339622641509    0.6001600533510818
0.435377358490566    0.6048727353561943
0.4363207547169812    0.5978037123485256
0.4372641509433962    0.5798955207292344
0.43820754716981125    0.5770679115260304
0.4391509433962264    0.5749472046237297
0.44009433962264155    0.595683005446225
0.4410377358490566    0.6015738579527572
0.4419811320754716    0.5992175169500594
0.4429245283018868    0.5919128598421349
0.4438679245283019    0.5902634211403456
0.44481132075471697    0.5912059575415072
0.445754716981132    0.5992175169500594
0.44669811320754715    0.59756807824827
0.4476415094339623    0.624665999777667
0.44858490566037745    0.5968611759475031
0.4495283018867925    0.6062865399578709
0.45047169811320753    0.6086428809602844
0.4514150943396227    0.599453151050315
0.45235849056603783    0.5912059575413681
0.45330188679245287    0.6112348560632402
0.4542452830188679    0.5963899077469919
0.45518867924528306    0.6048727353561943
0.4561320754716982    0.6249016338779226
0.45707547169811324    0.6029876625542914
0.4580188679245283    0.5992175169500594
0.45896226415094343    0.6072290763587507
0.4599056603773586    0.6098210514615626
0.4608490566037736    0.6175969767701437
0.46179245283018866    0.6154762698676975
0.4627358490566038    0.5985106146492924
0.46367924528301896    0.6324419250861028
0.464622641509434    0.608407246860172
0.46556603773584904    0.6282005112815015
0.4665094339622642    0.6237234633766445
0.46745283018867934    0.6077003445592619
0.4683962264150944    0.629143047682672
0.4693396226415094    0.6180682449705095
0.47028301886792456    0.617125708569487
0.4712264150943397    0.6241947315771559
0.47216981132075475    0.6216027564744901
0.4731132075471698    0.6022807602533825
0.47405660377358494    0.6239590974769003
0.4750000000000001    0.6011025897521044
0.4759433962264151    0.6317350227854845
0.47688679245283017    0.6314993886850802
0.4778301886792453    0.6006313215515932
0.47877358490566047    0.6011025897521044
0.4797169811320755    0.6314993886852288
0.48066037735849054    0.6234878292763889
0.4816037735849057    0.617125708569487
0.48254716981132084    0.6317350227853359
0.4834905660377359    0.6223096587752573
0.4844339622641509    0.6312637545848246
0.48537735849056607    0.6312637545848246
0.4863207547169812    0.6491719462042522
0.48726415094339626    0.6204245859732118
0.4882075471698113    0.6244303656774114
0.48915094339622645    0.6187751472712765
0.4900943396226416    0.6461087029009291
0.49103773584905663    0.629143047682672
0.49198113207547167    0.6239590974769003
0.4929245283018868    0.6435167277981173
0.49386792452830197    0.6479937757029741
0.494811320754717    0.6218383905747459
0.49575471698113205    0.6161831721684645
0.4966981132075472    0.640453484494794
0.49764150943396235    0.6359764365899372
0.4985849056603774    0.6324419250862516
0.4995283018867924    0.6293786817827797
0.5004716981132076    0.629143047682524
0.5014150943396227    0.6614249194175448
0.5023584905660378    0.6409247526954561
0.5033018867924528    0.6501144826052748
0.504245283018868    0.6409247526953054
0.5051886792452831    0.6444592641991397
0.5061320754716981    0.652235189507729
0.5070754716981132    0.6458730688006734
0.5080188679245283    0.6458730688006734
0.5089622641509435    0.6185395131710207
0.5099056603773585    0.6675514060243483
0.5108490566037736    0.6319706568855915
0.5117924528301887    0.6402178503945384
0.5127358490566039    0.6581260420139661
0.5136792452830189    0.638097143492388
0.5146226415094339    0.6428098254973503
0.5155660377358491    0.660011114816011
0.5165094339622642    0.6406891185950496
0.5174528301886793    0.6505857508059392
0.5183962264150943    0.6628387240190786
0.5193396226415095    0.6630743581193344
0.5202830188679246    0.6223096587751108
0.5212264150943396    0.6512926531067061
0.5221698113207547    0.6604823830165224
0.5231132075471698    0.6798043792374837
0.524056603773585    0.6609536512170336
0.525    0.6446948982995471
0.5259433962264151    0.6597754807157554
0.5268867924528302    0.6861664999443856
0.5278301886792454    0.6616605535178005
0.5287735849056604    0.6498788485051722
0.5297169811320754    0.6668445037234243
0.5306603773584906    0.6571835056129436
0.5316037735849057    0.660011114816011
0.5325471698113208    0.6286717794821607
0.5334905660377358    0.6673157719239355
0.534433962264151    0.6892297432477089
0.5353773584905661    0.646815605201696
0.5363207547169812    0.6720284539292062
0.5372641509433962    0.644930532399651
0.5382075471698113    0.6720284539290481
0.5391509433962265    0.6798043792374837
0.5400943396226415    0.6541202623097744
0.5410377358490566    0.6760342336333938
0.5419811320754717    0.6668445037234243
0.5429245283018869    0.6696721129264919
0.5438679245283019    0.658832944314888
0.5448113207547169    0.6762698677336494
0.5457547169811321    0.6477581416027185
0.5466981132075472    0.6482294098032297
0.5476415094339623    0.6979482049573313
0.5485849056603773    0.6774480382349275
0.5495283018867925    0.6682583083249581
0.5504716981132076    0.656947871512688
0.5514150943396227    0.6993620095588654
0.5523584905660377    0.6899366455484757
0.5533018867924528    0.6838101589418295
0.554245283018868    0.6593042125152443
0.555188679245283    0.6748560631322744
0.5561320754716981    0.6706146493275142
0.5570754716981132    0.662603089918823
0.5580188679245284    0.6713215516282812
0.5589622641509434    0.6713215516284392
0.5599056603773584    0.6609536512170336
0.5608490566037736    0.6644881627208681
0.5617924528301887    0.6788618428364613
0.5627358490566038    0.6722640880294619
0.5636792452830188    0.6692008447259805
0.564622641509434    0.6871090363454082
0.5655660377358491    0.6637812604201011
0.5665094339622642    0.6847526953430131
0.5674528301886792    0.6651950650216348
0.5683962264150944    0.6802756474379951
0.5693396226415095    0.6788618428364613
0.5702830188679245    0.6654306991220471
0.5712264150943396    0.6722640880293037
0.5721698113207547    0.6614249194175448
0.5731132075471699    0.6788618428364613
0.5740566037735849    0.6661376014228142
0.575    0.6856952317438745
0.5759433962264151    0.6779193064354387
0.5768867924528303    0.6621318217183118
0.5778301886792453    0.6887584750473597
0.5787735849056603    0.6856952317438745
0.5797169811320755    0.6856952317438745
0.5806603773584906    0.6680226742247024
0.5816037735849057    0.6720284539292062
0.5825471698113207    0.6633099922195899
0.5834905660377359    0.660718017116778
0.584433962264151    0.6604823830165224
0.585377358490566    0.6663732355230699
0.5863207547169811    0.6743847949316043
0.5872641509433962    0.6934711570523101
0.5882075471698114    0.6602467489162667
0.5891509433962264    0.6503501167056834
0.5900943396226415    0.6710859175280256
0.5910377358490566    0.6819250861397844
0.5919811320754718    0.6753273313326269
0.5929245283018868    0.6783905746361096
0.5938679245283018    0.6920573524507764
0.594811320754717    0.6823963543402957
0.5957547169811321    0.6729709903300706
0.5966981132075472    0.6630743581194903
0.5976415094339622    0.6748560631321157
0.5985849056603774    0.7005401800599789
0.5995283018867925    0.6856952317438745
0.6004716981132076    0.6859308658442915
0.6014150943396226    0.6835745248415738
0.6023584905660377    0.6673157719239355
0.6033018867924529    0.6814538179392732
0.6042452830188679    0.6505857508059392
0.605188679245283    0.6724997221295593
0.6061320754716981    0.7040746915638133
0.6070754716981133    0.6703790152272586
0.6080188679245283    0.6840457930422461
0.6089622641509433    0.6906435478492426
0.6099056603773585    0.6701433811270031
0.6108490566037736    0.6720284539290481
0.6117924528301887    0.6614249194177005
0.6127358490566037    0.6809825497387618
0.6136792452830189    0.6798043792374837
0.614622641509434    0.6454018006001623
0.6155660377358491    0.6670801378238369
0.6165094339622641    0.6753273313326269
0.6174528301886792    0.6654306991218905
0.6183962264150944    0.6852239635433632
0.6193396226415094    0.6734422585307404
0.6202830188679245    0.6746204290318599
0.6212264150943396    0.6842814271423406
0.6221698113207548    0.6934711570523101
0.6231132075471698    0.6819250861399448
0.6240566037735849    0.6786262087362057
0.625    0.6793331110369725
0.6259433962264151    0.6666088696231687
0.6268867924528302    0.6750916972325302
0.6278301886792452    0.6859308658441301
0.6287735849056604    0.6722640880293037
0.6297169811320755    0.6739135267310931
0.6306603773584906    0.6880515727465927
0.6316037735849056    0.6871090363454082
0.6325471698113208    0.6696721129264919
0.6334905660377359    0.6790974769367168
0.6344339622641509    0.6651950650217915
0.635377358490566    0.6788618428364613
0.6363207547169811    0.7092586417694371
0.6372641509433963    0.656240969211921
0.6382075471698113    0.6649594309215358
0.6391509433962264    0.6673157719239355
0.6400943396226415    0.6729709903300706
0.6410377358490567    0.6602467489162667
0.6419811320754717    0.6882872068468483
0.6429245283018867    0.6574191397131992
0.6438679245283019    0.6590685784149887
0.644811320754717    0.6675514060241912
0.6457547169811321    0.6821607202402006
0.6466981132075471    0.6550627987106429
0.6476415094339623    0.6659019673224018
0.6485849056603774    0.6694364788262362
0.6495283018867924    0.6732066244304846
0.6504716981132075    0.6666088696231687
0.6514150943396226    0.6802756474379951
0.6523584905660378    0.6746204290318599
0.6533018867924528    0.648465043903638
0.6542452830188679    0.6496432144047635
0.655188679245283    0.6571835056129436
0.6561320754716982    0.6550627987106429
0.6570754716981132    0.6644881627210245
0.6580188679245282    0.6616605535178005
0.6589622641509434    0.6496432144047635
0.6599056603773585    0.6380971434922378
0.6608490566037736    0.6706146493276721
0.6617924528301886    0.6548271646103873
0.6627358490566038    0.654355896409876
0.6636792452830189    0.6406891185950496
0.664622641509434    0.6604823830166778
0.665566037735849    0.6682583083249581
0.6665094339622641    0.6611892853172893
0.6674528301886793    0.6666088696231687
0.6683962264150943    0.6517639213072176
0.6693396226415094    0.6373902411914709
0.6702830188679245    0.6397465821940272
0.6712264150943397    0.6293786817827797
0.6721698113207547    0.6487006780038937
0.6731132075471697    0.6395109480937716
0.6740566037735849    0.6435167277981173
0.675    0.6395109480937716
0.6759433962264151    0.6494075803046607
0.6768867924528301    0.6555340669111542
0.6778301886792453    0.6515282872068086
0.6787735849056604    0.6581260420139661
0.6797169811320755    0.6571835056130982
0.6806603773584905    0.6067578081582393
0.6816037735849056    0.6475225075024629
0.6825471698113208    0.6555340669111542
0.6834905660377358    0.6409247526954561
0.6844339622641509    0.6319706568855915
0.685377358490566    0.6505857508057861
0.6863207547169812    0.6371546070912153
0.6872641509433962    0.6465799711015926
0.6882075471698113    0.6548271646103873
0.6891509433962264    0.6465799711014404
0.6900943396226416    0.6413960208958166
0.6910377358490567    0.6659019673224018
0.6919811320754717    0.6383327775926437
0.6929245283018868    0.6423385572968391
0.6938679245283019    0.6284361453817571
0.6948113207547171    0.6435167277981173
0.6957547169811321    0.6510570190064505
0.6966981132075472    0.6611892853172893
0.6976415094339623    0.6413960208958166
0.6985849056603775    0.6388040457930046
0.6995283018867925    0.6550627987107971
0.7004716981132075    0.620895854173577
0.7014150943396227    0.619010781371532
0.7023584905660378    0.6241947315771559
0.7033018867924529    0.6383327775926437
0.7042452830188679    0.6519995554073198
0.7051886792452831    0.629143047682524
0.7061320754716982    0.6303212181838022
0.7070754716981132    0.6399822162944335
0.7080188679245283    0.6324419250861028
0.7089622641509434    0.6277292430809902
0.7099056603773586    0.6260798043792007
0.7108490566037736    0.6286717794821607
0.7117924528301887    0.6256085361786896
0.7127358490566038    0.620895854173577
0.713679245283019    0.6206602200733214
0.714622641509434    0.6423385572969903
0.715566037735849    0.6175969767699983
0.7165094339622642    0.6312637545848246
0.7174528301886793    0.6305568522840578
0.7183962264150944    0.6303212181839505
0.7193396226415094    0.6065221740579838
0.7202830188679246    0.6067578081582393
0.7212264150943397    0.6230165610758777
0.7221698113207548    0.6218383905747459
0.7231132075471698    0.6180682449705095
0.7240566037735849    0.5869645437367668
0.7250000000000001    0.6102923196620738
0.7259433962264151    0.6138268311660526
0.7268867924528302    0.6178326108702539
0.7278301886792453    0.5954473713459694
0.7287735849056605    0.6015738579526155
0.7297169811320755    0.5879070801379277
0.7306603773584905    0.5999244192508262
0.7316037735849057    0.5827231299321655
0.7325471698113208    0.6044014671556832
0.7334905660377359    0.5707057908192628
0.7344339622641509    0.5886139824385561
0.7353773584905661    0.5784817161275642
0.7363207547169812    0.5961542736467361
0.7372641509433963    0.5756541069246321
0.7382075471698113    0.5867289096365111
0.7391509433962264    0.581780593531143
0.7400943396226416    0.5591597199066027
0.7410377358490566    0.5601022563077571
0.7419811320754717    0.59002778704009
0.7429245283018868    0.5667000111147829
0.743867924528302    0.5615160609091591
0.744811320754717    0.5692919862177287
0.745754716981132    0.5648149383127378
0.7466981132075472    0.5320617983772057
0.7476415094339623    0.5457285761920321
0.7485849056603774    0.5370101144827002
0.7495283018867924    0.5560964766032797
0.7504716981132076    0.5513837945981671
0.7514150943396227    0.5452573079915207
0.7523584905660378    0.564579304212615
0.7533018867924528    0.5400733577858969
0.754245283018868    0.5530332332999565
0.7551886792452831    0.5410158941869195
0.7561320754716981    0.513446704457132
0.7570754716981132    0.559630988107114
0.7580188679245283    0.5417227964876864
0.7589622641509435    0.5299410914749051
0.7599056603773585    0.5125041680561092
0.7608490566037736    0.5259353117705593
0.7617924528301887    0.5245215071690256
0.7627358490566039    0.5205157274646799
0.7636792452830189    0.52829165277324
0.7646226415094339    0.5245215071690256
0.7655660377358491    0.517923752361868
0.7665094339622642    0.5153317772590561
0.7674528301886793    0.4922396354341205
0.7683962264150943    0.5139179726575224
0.7693396226415095    0.5035500722462748
0.7702830188679246    0.4917683672334935
0.7712264150943396    0.4948316105369331
0.7721698113207547    0.4922396354340047
0.7731132075471698    0.47621651661662207
0.774056603773585    0.4729176392130433
0.775    0.4743314438146887
0.7759433962264151    0.46113593420026194
0.7768867924528302    0.5021362676447411
0.7778301886792454    0.47857285761917834
0.7787735849056604    0.4771590530177569
0.7797169811320754    0.4538312770923375
0.7806603773584906    0.48658441702786964
0.7816037735849057    0.46372790930307384
0.7825471698113208    0.46042903189960344
0.7834905660377358    0.4609003001000063
0.784433962264151    0.4326242080693311
0.7853773584905661    0.45265310659105934
0.7863207547169812    0.44888296098707503
0.7872641509433962    0.44275647438032306
0.7882075471698113    0.42084250305654974
0.7891509433962265    0.42767589196396294
0.7900943396226415    0.4380437923753136
0.7910377358490566    0.42908969656549667
0.7919811320754717    0.4173079915527153
0.7929245283018869    0.423198844059106
0.7938679245283019    0.42154940535741586
0.7948113207547169    0.4078826275424903
0.7957547169811321    0.4274402578637073
0.7966981132075472    0.40057797043456583
0.7976415094339623    0.4130665777482113
0.7985849056603773    0.3883249972212732
0.7995283018867925    0.4158941869511816
0.8004716981132076    0.3836123152161607
0.8014150943396227    0.38950316772264304
0.8023584905660377    0.3961009225297089
0.8033018867924528    0.3732444148049131
0.804245283018868    0.3756007558074694
0.805188679245283    0.3777214627098589
0.8061320754716981    0.3694742692008231
0.8070754716981132    0.3671179281982668
0.8080188679245284    0.3661753917972443
0.8089622641509434    0.37041680560193274
0.8099056603773584    0.3612270756918761
0.8108490566037736    0.35533622318548547
0.8117924528301887    0.3407269089696366
0.8127358490566038    0.33271534956102355
0.8136792452830188    0.32753139935532144
0.814622641509434    0.3287095698565996
0.8155660377358491    0.32823830165608836
0.8165094339622642    0.3355429587640918
0.8174528301886792    0.3272957652550658
0.8183962264150944    0.3277670334555771
0.8193396226415095    0.3075025008335932
0.8202830188679245    0.3249394242525861
0.8212264150943396    0.3060886962320594
0.8221698113207547    0.29312882071799995
0.8231132075471699    0.2870023341113536
0.8240566037735849    0.31245081693903487
0.825    0.30278981882848066
0.8259433962264151    0.2846459931087974
0.8268867924528303    0.28111148160496296
0.8278301886792453    0.27545626319889277
0.8287735849056603    0.27404245859729415
0.8297169811320755    0.27427809269754977
0.8306603773584906    0.2771057019006173
0.8316037735849057    0.2756918972991484
0.8325471698113207    0.2759275313993391
0.8334905660377359    0.25495609647658835
0.834433962264151    0.2464732688673858
0.835377358490566    0.24576636656667675
0.8363207547169811    0.2504790485717314
0.8372641509433962    0.24529509836610766
0.8382075471698114    0.22997888184949192
0.8391509433962264    0.239639879960029
0.8400943396226415    0.23304212515281506
0.8410377358490566    0.23304212515281506
0.8419811320754718    0.21442703123262052
0.8429245283018868    0.21631210403471646
0.8438679245283018    0.23751917305767198
0.844811320754717    0.22149605424028934
0.8457547169811321    0.21489829943313177
0.8466981132075472    0.20924308102704597
0.8476415094339622    0.20759364232520736
0.8485849056603774    0.19793264421472664
0.8495283018867925    0.18756474380347907
0.8504716981132076    0.19557630321221642
0.8514150943396226    0.2012315216183054
0.8523584905660377    0.17790374569299836
0.8533018867924529    0.1913348894075691
0.8542452830188679    0.17884628209406295
0.855188679245283    0.17366233188839708
0.8561320754716981    0.195811937312426
0.8570754716981133    0.18544403690117842
0.8580188679245283    0.17224852728690385
0.8589622641509433    0.17366233188839708
0.8599056603773585    0.17672557519172022
0.8608490566037736    0.17083472268532954
0.8617924528301887    0.1569323107702845
0.8627358490566037    0.17201289318660767
0.8636792452830189    0.15622540846948066
0.864622641509434    0.15151272646436814
0.8655660377358491    0.13619650994778443
0.8665094339622641    0.1548116038679469
0.8674528301886792    0.1432655329554212
0.8683962264150944    0.15009892186283438
0.8693396226415094    0.14538623985775606
0.8702830188679245    0.1432655329554212
0.8712264150943396    0.1486851172613006
0.8721698113207548    0.12865621873957234
0.8731132075471698    0.1340758030454833
0.8740566037735849    0.13219073024340675
0.875    0.12606424363676041
0.8759433962264151    0.12276536623318164
0.8768867924528302    0.11805268422809688
0.8778301886792452    0.10721351561631026
0.8787735849056604    0.11640324552627972
0.8797169811320755    0.10697788151605464
0.8806603773584906    0.11169056352119347
0.8816037735849056    0.10391463821273149
0.8825471698113208    0.11004112481937778
0.8834905660377359    0.09307546960097264
0.8844339622641509    0.10038012670892071
0.885377358490566    0.09590307880404017
0.8863207547169811    0.09189729909969452
0.8872641509433963    0.08930532399688261
0.8882075471698113    0.09849505390687524
0.8891509433962264    0.08011559408691317
0.8900943396226415    0.07823052128486815
0.8910377358490567    0.09260420140046138
0.8919811320754717    0.08223630098923317
0.8929245283018867    0.08482827609202571
0.8938679245283019    0.07351783927975561
0.894811320754717    0.07469600978103375
0.8957547169811321    0.07563854618207405
0.8966981132075471    0.06739135267310932
0.8976415094339623    0.07658108258307876
0.8985849056603774    0.07021896187617684
0.8995283018867924    0.06927642547517063
0.9004716981132075    0.0664488162720868
0.9014150943396226    0.06267867066799677
0.9023584905660378    0.07587418028231188
0.9033018867924528    0.07069023007670473
0.9042452830188679    0.060086695565184874
0.905188679245283    0.07964432588640191
0.9061320754716982    0.06668445037234243
0.9070754716981132    0.06715571857286949
0.9080188679245282    0.06856952317438744
0.9089622641509434    0.07328220517949999
0.9099056603773585    0.06715571857285368
0.9108490566037736    0.07351783927977291
0.9117924528301886    0.06621318217183117
0.9127358490566038    0.06668445037234243
0.9136792452830189    0.0683338890741318
0.914622641509434    0.06621318217184675
0.915566037735849    0.06432810936978617
0.9165094339622641    0.059379793264417995
0.9174528301886793    0.06479937757029741
0.9183962264150943    0.07045459597644904
0.9193396226415094    0.06385684116927491
0.9202830188679245    0.0683338890741318
0.9212264150943397    0.05396020895853857
0.9221698113207547    0.06150050016673311
0.9231132075471697    0.05702345226186172
0.9240566037735849    0.06150050016671863
0.925    0.05796598866288423
0.9259433962264151    0.0629143047682672
0.9268867924528301    0.06385684116927491
0.9278301886792453    0.054902745359561085
0.9287735849056604    0.06385684116927491
0.9297169811320755    0.060557963765710376
0.9306603773584905    0.06338557296876365
0.9316037735849056    0.06244303656774114
0.9325471698113208    0.061264866066463
0.933490566037736    0.05725908636211735
0.934433962264151    0.0603223296654547
0.935377358490566    0.06079359786595176
0.9363207547169812    0.06173613426697426
0.9372641509433963    0.06079359786595176
0.9382075471698114    0.06597754807159108
0.9391509433962264    0.05749472046237298
0.9400943396226416    0.05890852506390674
0.9410377358490567    0.06739135267310932
0.9419811320754717    0.06102923196622175
0.9429245283018868    0.0629143047682524
0.9438679245283019    0.059144159164162366
0.9448113207547171    0.06409247526953053
0.9457547169811321    0.06880515727465927
0.9466981132075472    0.06338557296876365
0.9476415094339623    0.07021896187617684
0.9485849056603775    0.06503501167055303
0.9495283018867925    0.06739135267312518
0.9504716981132075    0.06079359786595176
0.9514150943396227    0.06385684116927491
0.9523584905660378    0.06409247526953053
0.9533018867924529    0.06503501167056834
0.9542452830188679    0.07092586417694371
0.9551886792452831    0.06668445037234243
0.9561320754716982    0.06597754807157555
0.9570754716981132    0.06267867066801153
0.9580188679245283    0.06197176836722989
0.9589622641509434    0.06479937757029741
0.9599056603773586    0.05843725686339548
0.9608490566037736    0.058201622763153556
0.9617924528301887    0.05254640435700481
0.9627358490566038    0.059379793264417995
0.963679245283019    0.060086695565184874
0.964622641509434    0.05325330665778423
0.965566037735849    0.05183950205623793
0.9665094339622642    0.04924752695342603
0.9674528301886793    0.051368233855726676
0.9683962264150944    0.054902745359574005
0.9693396226415094    0.044534844948313494
0.9702830188679246    0.04689118595086977
0.9712264150943397    0.040529065243967835
0.9721698113207548    0.039586528842954646
0.9731132075471698    0.03746582194064469
0.9740566037735849    0.03393131043681028
0.9750000000000001    0.0341669445370659
0.9759433962264151    0.02992553073247167
0.9768867924528302    0.02144270312326205
0.9778301886792453    0.027569189729908353
0.9787735849056605    0.02474158052684083
0.9797169811320755    0.020971434922755737
0.9806603773584905    0.022856507724795815
0.9816037735849057    0.0209714349227508
0.9825471698113208    0.013431143714570735
0.9834905660377359    0.014138046015340945
0.9844339622641509    0.014138046015337618
0.9853773584905661    0.00777592530843569
0.9863207547169812    0.008247193508946944
0.9872641509433963    0.006597754807159108
0.9882075471698113    0.00777592530843569
0.9891509433962264    0.009660998110480705
0.9900943396226416    0.005183950205623793
0.9910377358490566    0.004948316105369331
0.9919811320754717    0.0018850728020450157
0.9929245283018868    0.0009425364010225078
0.993867924528302    0.0
0.994811320754717    0.0
0.995754716981132    0.0
0.9966981132075472    0.0
0.9976415094339623    0.0
0.9985849056603774    0.0
0.9995283018867924    0.0