-0.9995283018867924    0.0
-0.9985849056603773    0.0
-0.9976415094339622    0.0
-0.9966981132075472    0.0
-0.995754716981132    0.0
-0.9948113207547169    0.0
-0.9938679245283019    0.0
-0.9929245283018868    0.0
-0.9919811320754717    0.0
-0.9910377358490565    0.0
-0.9900943396226415    0.0
-0.9891509433962264    0.0
-0.9882075471698113    0.0
-0.9872641509433961    0.0
-0.9863207547169811    0.0
-0.9853773584905661    0.0
-0.9844339622641509    0.0
-0.9834905660377358    0.0
-0.9825471698113207    0.0
-0.9816037735849057    0.0
-0.9806603773584905    0.0
-0.9797169811320754    0.0
-0.9787735849056604    0.0
-0.9778301886792453    0.0
-0.9768867924528302    0.0
-0.975943396226415    0.0
-0.975    0.0
-0.9740566037735849    0.0
-0.9731132075471698    0.0
-0.9721698113207546    0.0
-0.9712264150943396    0.0
-0.9702830188679246    0.0
-0.9693396226415094    0.0
-0.9683962264150943    0.0
-0.9674528301886792    0.0
-0.9665094339622642    0.0
-0.965566037735849    0.0
-0.9646226415094339    0.0
-0.9636792452830188    0.0
-0.9627358490566038    0.0
-0.9617924528301887    0.0
-0.9608490566037735    0.0
-0.9599056603773585    0.0
-0.9589622641509434    0.0
-0.9580188679245283    0.0
-0.9570754716981131    0.0
-0.9561320754716981    0.0
-0.9551886792452831    0.0
-0.9542452830188679    0.0
-0.9533018867924528    0.0
-0.9523584905660377    0.0
-0.9514150943396227    0.0
-0.9504716981132075    0.0
-0.9495283018867924    0.0
-0.9485849056603773    0.0
-0.9476415094339623    0.0
-0.9466981132075472    0.0
-0.945754716981132    0.0
-0.944811320754717    0.0
-0.9438679245283019    0.0
-0.9429245283018868    0.0
-0.9419811320754716    0.0
-0.9410377358490566    0.0
-0.9400943396226416    0.0
-0.9391509433962264    0.0
-0.9382075471698113    0.0
-0.9372641509433962    0.0
-0.9363207547169812    0.0
-0.935377358490566    0.0
-0.9344339622641509    0.0
-0.9334905660377358    0.0
-0.9325471698113208    0.0
-0.9316037735849056    0.0
-0.9306603773584905    0.0
-0.9297169811320755    0.0
-0.9287735849056604    0.0
-0.9278301886792453    0.0
-0.9268867924528301    0.0
-0.9259433962264151    0.0
-0.925    0.0
-0.9240566037735849    0.0
-0.9231132075471697    0.0
-0.9221698113207547    0.0
-0.9212264150943397    0.0
-0.9202830188679245    0.0
-0.9193396226415094    0.0
-0.9183962264150943    0.0
-0.9174528301886793    0.0
-0.9165094339622641    0.0
-0.915566037735849    0.0
-0.914622641509434    0.0
-0.9136792452830189    0.0
-0.9127358490566038    0.0
-0.9117924528301886    0.0
-0.9108490566037736    0.0
-0.9099056603773585    0.0
-0.9089622641509434    0.0
-0.9080188679245282    0.0
-0.9070754716981132    0.0
-0.9061320754716982    0.0
-0.905188679245283    0.0
-0.9042452830188679    0.0
-0.9033018867924528    0.0
-0.9023584905660378    0.0
-0.9014150943396226    0.0
-0.9004716981132075    0.0
-0.8995283018867924    0.0
-0.8985849056603774    0.0
-0.8976415094339623    0.0
-0.8966981132075471    0.0
-0.8957547169811321    0.0
-0.894811320754717    0.0
-0.8938679245283019    0.0
-0.8929245283018867    0.0
-0.8919811320754717    0.0
-0.8910377358490567    0.0
-0.8900943396226415    0.0
-0.8891509433962264    0.0
-0.8882075471698113    0.0
-0.8872641509433963    0.0
-0.8863207547169811    0.0
-0.885377358490566    0.0
-0.8844339622641509    0.0
-0.8834905660377359    0.0
-0.8825471698113208    0.0
-0.8816037735849056    0.0
-0.8806603773584906    0.0
-0.8797169811320755    0.0
-0.8787735849056604    0.0
-0.8778301886792452    0.0
-0.8768867924528302    0.0
-0.8759433962264151    0.0
-0.875    0.0
-0.8740566037735849    0.0
-0.8731132075471698    0.0
-0.8721698113207548    0.0
-0.8712264150943396    0.0
-0.8702830188679245    0.0
-0.8693396226415094    0.0
-0.8683962264150944    0.0
-0.8674528301886792    0.0
-0.8665094339622641    0.0
-0.8655660377358491    0.0
-0.864622641509434    0.0
-0.8636792452830189    0.0
-0.8627358490566037    0.0
-0.8617924528301887    0.0
-0.8608490566037736    0.0
-0.8599056603773585    0.0
-0.8589622641509433    0.0
-0.8580188679245283    0.0
-0.8570754716981133    0.0
-0.8561320754716981    0.0
-0.855188679245283    0.0
-0.8542452830188679    0.0
-0.8533018867924529    0.0
-0.8523584905660377    0.0
-0.8514150943396226    0.0
-0.8504716981132076    0.0
-0.8495283018867925    0.0
-0.8485849056603774    0.0
-0.8476415094339622    0.0
-0.8466981132075472    0.0
-0.8457547169811321    0.0
-0.844811320754717    0.0
-0.8438679245283018    0.0
-0.8429245283018868    0.0
-0.8419811320754718    0.0
-0.8410377358490566    0.0
-0.8400943396226415    0.0
-0.8391509433962264    0.0
-0.8382075471698114    0.0
-0.8372641509433962    0.0
-0.8363207547169811    0.0
-0.835377358490566    0.0
-0.834433962264151    0.0
-0.8334905660377359    0.0
-0.8325471698113207    0.0
-0.8316037735849057    0.0
-0.8306603773584906    0.0
-0.8297169811320755    0.0
-0.8287735849056603    0.0
-0.8278301886792453    0.0
-0.8268867924528303    0.0
-0.8259433962264151    0.0
-0.825    0.0
-0.8240566037735849    0.0
-0.8231132075471699    0.0
-0.8221698113207547    0.0
-0.8212264150943396    0.0
-0.8202830188679245    0.0
-0.8193396226415095    0.0
-0.8183962264150944    0.0
-0.8174528301886792    0.0
-0.816509433962264    0.0
-0.8155660377358491    0.0
-0.814622641509434    0.0
-0.8136792452830188    0.0
-0.8127358490566037    0.0
-0.8117924528301887    0.0
-0.8108490566037736    0.0
-0.8099056603773584    0.0
-0.8089622641509433    0.0
-0.8080188679245284    0.0
-0.8070754716981132    0.0
-0.8061320754716981    0.0
-0.8051886792452829    0.0
-0.804245283018868    0.0
-0.8033018867924528    0.0
-0.8023584905660377    0.0
-0.8014150943396225    0.0
-0.8004716981132076    0.0
-0.7995283018867925    0.0
-0.7985849056603773    0.0
-0.7976415094339622    0.0
-0.7966981132075472    0.0
-0.7957547169811321    0.0
-0.7948113207547169    0.0
-0.7938679245283018    0.0
-0.7929245283018869    0.0
-0.7919811320754717    0.0
-0.7910377358490566    0.0
-0.7900943396226414    0.0
-0.7891509433962265    0.0
-0.7882075471698113    0.0
-0.7872641509433962    0.0
-0.786320754716981    0.0
-0.7853773584905661    0.0
-0.784433962264151    0.0
-0.7834905660377358    0.0
-0.7825471698113207    0.0
-0.7816037735849057    0.0
-0.7806603773584906    0.0
-0.7797169811320754    0.0
-0.7787735849056603    0.0
-0.7778301886792454    0.0
-0.7768867924528302    0.0
-0.7759433962264151    0.0
-0.7749999999999999    0.0
-0.774056603773585    0.0
-0.7731132075471698    0.0
-0.7721698113207547    0.0
-0.7712264150943395    0.0
-0.7702830188679246    0.0
-0.7693396226415095    0.0
-0.7683962264150943    0.0
-0.7674528301886792    0.0
-0.7665094339622642    0.0
-0.7655660377358491    0.0
-0.7646226415094339    0.0
-0.7636792452830188    0.0
-0.7627358490566039    0.0
-0.7617924528301887    0.0
-0.7608490566037736    0.0
-0.7599056603773584    0.0
-0.7589622641509435    0.0
-0.7580188679245283    0.0
-0.7570754716981132    0.0
-0.756132075471698    0.0
-0.7551886792452831    0.0
-0.754245283018868    0.0
-0.7533018867924528    0.0
-0.7523584905660377    0.0
-0.7514150943396227    0.0
-0.7504716981132076    0.0
-0.7495283018867924    0.0
-0.7485849056603773    0.0
-0.7476415094339623    0.0
-0.7466981132075472    0.0
-0.745754716981132    0.0
-0.7448113207547169    0.0
-0.743867924528302    0.0
-0.7429245283018868    0.0
-0.7419811320754717    0.0
-0.7410377358490565    0.0
-0.7400943396226416    0.0
-0.7391509433962264    0.0
-0.7382075471698113    0.0
-0.7372641509433961    0.0
-0.7363207547169812    0.0
-0.7353773584905661    0.0
-0.7344339622641509    0.0
-0.7334905660377358    0.0
-0.7325471698113208    0.0
-0.7316037735849057    0.0
-0.7306603773584905    0.0
-0.7297169811320754    0.0
-0.7287735849056605    0.0
-0.7278301886792453    0.0
-0.7268867924528302    0.0
-0.725943396226415    0.0
-0.7250000000000001    0.0
-0.7240566037735849    0.0
-0.7231132075471698    0.0
-0.7221698113207546    0.0
-0.7212264150943397    0.0
-0.7202830188679246    0.0
-0.7193396226415094    0.0
-0.7183962264150943    0.0
-0.7174528301886793    0.0
-0.7165094339622642    0.0
-0.715566037735849    0.0
-0.7146226415094339    0.0
-0.713679245283019    0.0
-0.7127358490566038    0.0
-0.7117924528301887    0.0
-0.7108490566037735    0.0
-0.7099056603773586    0.0
-0.7089622641509434    0.0
-0.7080188679245283    0.0
-0.7070754716981131    0.0
-0.7061320754716982    0.0
-0.7051886792452831    0.0
-0.7042452830188679    0.0
-0.7033018867924528    0.0
-0.7023584905660378    0.0
-0.7014150943396227    0.0
-0.7004716981132075    0.0
-0.6995283018867924    0.0
-0.6985849056603775    0.0
-0.6976415094339623    0.0
-0.6966981132075472    0.0
-0.695754716981132    0.0
-0.6948113207547171    0.0
-0.6938679245283019    0.0
-0.6929245283018868    0.0
-0.6919811320754716    0.0
-0.6910377358490567    0.0
-0.6900943396226416    0.0
-0.6891509433962264    0.0
-0.6882075471698113    0.0
-0.6872641509433963    0.0
-0.6863207547169812    0.0
-0.685377358490566    0.0
-0.6844339622641509    0.0
-0.683490566037736    0.0
-0.6825471698113208    0.0
-0.6816037735849056    0.0
-0.6806603773584905    0.0
-0.6797169811320756    0.0
-0.6787735849056604    0.0
-0.6778301886792453    0.0
-0.6768867924528301    0.0
-0.6759433962264152    0.0
-0.675    0.0
-0.6740566037735849    0.0
-0.6731132075471697    0.0
-0.6721698113207548    0.0
-0.6712264150943397    0.0
-0.6702830188679245    0.0
-0.6693396226415094    0.0
-0.6683962264150944    0.0
-0.6674528301886793    0.0
-0.6665094339622641    0.0
-0.665566037735849    0.0
-0.6646226415094341    0.0
-0.6636792452830189    0.0
-0.6627358490566038    0.0
-0.6617924528301886    0.0
-0.6608490566037737    0.0
-0.6599056603773585    0.0
-0.6589622641509434    0.0
-0.6580188679245282    0.0
-0.6570754716981133    0.0
-0.6561320754716982    0.0
-0.655188679245283    0.0
-0.6542452830188679    0.0
-0.6533018867924529    0.0
-0.6523584905660378    0.0
-0.6514150943396226    0.0
-0.6504716981132075    0.0
-0.6495283018867926    0.0
-0.6485849056603774    0.0
-0.6476415094339623    0.0
-0.6466981132075471    0.0
-0.6457547169811322    0.0
-0.644811320754717    0.0
-0.6438679245283019    0.0
-0.6429245283018867    0.0
-0.6419811320754718    0.0
-0.6410377358490567    0.0
-0.6400943396226415    0.0
-0.6391509433962264    0.0
-0.6382075471698113    0.0
-0.6372641509433963    0.0
-0.6363207547169811    0.0
-0.635377358490566    0.0
-0.6344339622641508    0.0
-0.6334905660377359    0.0
-0.6325471698113208    0.0
-0.6316037735849056    0.0
-0.6306603773584905    0.0
-0.6297169811320755    0.0
-0.6287735849056604    0.0
-0.6278301886792452    0.0
-0.6268867924528301    0.0
-0.6259433962264151    0.0
-0.625    0.0
-0.6240566037735849    0.0
-0.6231132075471697    0.0
-0.6221698113207548    0.0
-0.6212264150943396    0.0
-0.6202830188679245    0.0
-0.6193396226415093    0.0
-0.6183962264150944    0.0
-0.6174528301886792    0.0
-0.6165094339622641    0.0
-0.615566037735849    0.0
-0.614622641509434    0.0
-0.6136792452830189    0.0
-0.6127358490566037    0.0
-0.6117924528301886    0.0
-0.6108490566037736    0.0
-0.6099056603773585    0.0
-0.6089622641509433    0.0
-0.6080188679245282    0.0
-0.6070754716981133    0.0
-0.6061320754716981    0.0
-0.605188679245283    0.0
-0.6042452830188678    0.0
-0.6033018867924529    0.0
-0.6023584905660377    0.0
-0.6014150943396226    0.0
-0.6004716981132074    0.0
-0.5995283018867925    0.0
-0.5985849056603774    0.0
-0.5976415094339622    0.0
-0.5966981132075471    0.0
-0.5957547169811321    0.0
-0.594811320754717    0.0
-0.5938679245283018    0.0
-0.5929245283018867    0.0
-0.5919811320754718    0.0
-0.5910377358490566    0.0
-0.5900943396226415    0.0
-0.5891509433962263    0.0
-0.5882075471698114    0.0
-0.5872641509433962    0.0
-0.5863207547169811    0.0
-0.5853773584905659    0.0
-0.584433962264151    0.0
-0.5834905660377359    0.0
-0.5825471698113207    0.0
-0.5816037735849056    0.0
-0.5806603773584906    0.0
-0.5797169811320755    0.0
-0.5787735849056603    0.0
-0.5778301886792452    0.0
-0.5768867924528303    0.0
-0.5759433962264151    0.0
-0.575    0.0
-0.5740566037735848    0.0
-0.5731132075471699    0.0
-0.5721698113207547    0.0
-0.5712264150943396    0.0
-0.5702830188679244    0.0
-0.5693396226415095    0.0
-0.5683962264150944    0.0
-0.5674528301886792    0.0
-0.566509433962264    0.0
-0.5655660377358491    0.0
-0.564622641509434    0.0
-0.5636792452830188    0.0
-0.5627358490566037    0.0
-0.5617924528301887    0.0
-0.5608490566037736    0.0
-0.5599056603773584    0.0
-0.5589622641509433    0.0
-0.5580188679245284    0.0
-0.5570754716981132    0.0
-0.5561320754716981    0.0
-0.5551886792452829    0.0
-0.554245283018868    0.0
-0.5533018867924528    0.0
-0.5523584905660377    0.0
-0.5514150943396225    0.0
-0.5504716981132076    0.0
-0.5495283018867925    0.0
-0.5485849056603773    0.0
-0.5476415094339622    0.0
-0.5466981132075472    0.0
-0.5457547169811321    0.0
-0.5448113207547169    0.0
-0.5438679245283018    0.0
-0.5429245283018869    0.0
-0.5419811320754717    0.0
-0.5410377358490566    0.0
-0.5400943396226414    0.0
-0.5391509433962265    0.0
-0.5382075471698113    0.0
-0.5372641509433962    0.0
-0.536320754716981    0.0
-0.5353773584905661    0.0
-0.534433962264151    0.0
-0.5334905660377358    0.0
-0.5325471698113207    0.0
-0.5316037735849057    0.0
-0.5306603773584906    0.0
-0.5297169811320754    0.0
-0.5287735849056603    0.0
-0.5278301886792454    0.0
-0.5268867924528302    0.0
-0.5259433962264151    0.0
-0.5249999999999999    0.0
-0.524056603773585    0.0
-0.5231132075471698    0.0
-0.5221698113207547    0.0
-0.5212264150943395    0.0
-0.5202830188679246    0.0
-0.5193396226415095    0.0
-0.5183962264150943    0.0
-0.5174528301886792    0.0
-0.5165094339622642    0.0
-0.5155660377358491    0.0
-0.5146226415094339    0.0
-0.5136792452830188    0.0
-0.5127358490566039    0.0
-0.5117924528301887    0.0
-0.5108490566037736    0.0
-0.5099056603773584    0.0
-0.5089622641509435    0.0
-0.5080188679245283    0.0
-0.5070754716981132    0.0
-0.506132075471698    0.0
-0.5051886792452831    0.0
-0.504245283018868    0.0
-0.5033018867924528    0.0
-0.5023584905660377    0.0
-0.5014150943396227    0.0
-0.5004716981132076    0.0
-0.4995283018867924    0.0
-0.49858490566037733    0.0
-0.49764150943396224    0.0
-0.49669811320754714    0.0
-0.49575471698113205    0.0
-0.49481132075471695    0.0
-0.49386792452830186    0.0
-0.49292452830188677    0.0
-0.49198113207547167    0.0
-0.4910377358490566    0.0
-0.4900943396226415    0.0
-0.4891509433962264    0.0
-0.4882075471698113    0.0
-0.4872641509433962    0.0
-0.4863207547169811    0.0
-0.485377358490566    0.00023563410025565466
-0.4844339622641509    0.0
-0.4834905660377358    0.0
-0.48254716981132073    0.00023563410025562696
-0.48160377358490564    0.0
-0.48066037735849054    0.0
-0.47971698113207545    0.0
-0.47877358490566035    0.0
-0.47783018867924526    0.0
-0.47688679245283017    0.0
-0.47594339622641507    0.0
-0.475    0.0
-0.4740566037735849    0.00023563410025565466
-0.4731132075471698    0.00023563410025562696
-0.4721698113207547    0.0
-0.4712264150943396    0.00023563410025562696
-0.4702830188679245    0.0
-0.4693396226415094    0.0
-0.4683962264150943    0.0007069023007669641
-0.4674528301886792    0.0
-0.46650943396226413    0.0
-0.46556603773584904    0.0
-0.46462264150943394    0.0
-0.46367924528301885    0.00023563410025562696
-0.46273584905660375    0.0
-0.46179245283018866    0.0
-0.46084905660377357    0.0
-0.45990566037735847    0.00023563410025562696
-0.4589622641509434    0.0007069023007669641
-0.4580188679245283    0.00023563410025562696
-0.4570754716981132    0.00023563410025565466
-0.4561320754716981    0.0
-0.455188679245283    0.0
-0.4542452830188679    0.00023563410025562696
-0.4533018867924528    0.0
-0.4523584905660377    0.0
-0.4514150943396226    0.0
-0.45047169811320753    0.00023563410025562696
-0.44952830188679244    0.0
-0.44858490566037734    0.00023563410025562696
-0.44764150943396225    0.0
-0.44669811320754715    0.0
-0.44575471698113206    0.00023563410025565466
-0.44481132075471697    0.0004712682005112539
-0.44386792452830187    0.00023563410025565466
-0.4429245283018868    0.00023563410025562696
-0.4419811320754717    0.00023563410025565466
-0.4410377358490566    0.00023563410025562696
-0.4400943396226415    0.0004712682005113093
-0.4391509433962264    0.00023563410025562696
-0.4382075471698113    0.0
-0.4372641509433962    0.0
-0.4363207547169811    0.00023563410025565466
-0.435377358490566    0.00023563410025562696
-0.43443396226415093    0.00023563410025565466
-0.43349056603773584    0.0
-0.43254716981132074    0.0
-0.43160377358490565    0.0
-0.43066037735849055    0.0009425364010226187
-0.42971698113207546    0.0
-0.42877358490566037    0.00023563410025565466
-0.42783018867924527    0.00023563410025562696
-0.4268867924528302    0.0004712682005113093
-0.4259433962264151    0.00023563410025562696
-0.425    0.0007069023007669641
-0.4240566037735849    0.00023563410025562696
-0.4231132075471698    0.0004712682005113093
-0.4221698113207547    0.00023563410025562696
-0.4212264150943396    0.0007069023007669641
-0.4202830188679245    0.0007069023007668808
-0.4193396226415094    0.0004712682005113093
-0.41839622641509433    0.0014138046015337617
-0.41745283018867924    0.0016494387017895829
-0.41650943396226414    0.0004712682005112539
-0.41556603773584905    0.0004712682005113093
-0.41462264150943395    0.0009425364010225078
-0.41367924528301886    0.00023563410025565466
-0.41273584905660377    0.0007069023007668808
-0.41179245283018867    0.00023563410025565466
-0.4108490566037736    0.0007069023007668808
-0.4099056603773585    0.0004712682005113093
-0.4089622641509434    0.0011781705012781348
-0.4080188679245283    0.0004712682005113093
-0.4070754716981132    0.0011781705012781348
-0.4061320754716981    0.0009425364010226187
-0.405188679245283    0.0014138046015337617
-0.4042452830188679    0.0007069023007669641
-0.4033018867924528    0.0011781705012781348
-0.40235849056603773    0.0016494387017895829
-0.40141509433962264    0.0014138046015337617
-0.40047169811320754    0.00023563410025565466
-0.39952830188679245    0.0009425364010225078
-0.39858490566037735    0.0018850728020452373
-0.39764150943396226    0.0007069023007668808
-0.39669811320754716    0.0009425364010226187
-0.39575471698113207    0.0004712682005112539
-0.394811320754717    0.0011781705012782733
-0.3938679245283019    0.0009425364010225078
-0.3929245283018868    0.0011781705012782733
-0.3919811320754717    0.0016494387017893888
-0.3910377358490566    0.0028276092030678564
-0.3900943396226415    0.0007069023007668808
-0.3891509433962264    0.0016494387017895829
-0.3882075471698113    0.0021207069023006426
-0.3872641509433962    0.0009425364010226187
-0.38632075471698113    0.0016494387017893888
-0.38537735849056604    0.0014138046015339282
-0.38443396226415094    0.0025919751028118964
-0.38349056603773585    0.0011781705012782733
-0.38254716981132075    0.0023563410025562695
-0.38160377358490566    0.0032988774035791657
-0.38066037735849056    0.004005779704345658
-0.37971698113207547    0.00400577970434613
-0.3787735849056604    0.0021207069023006426
-0.3778301886792453    0.0025919751028122017
-0.3768867924528302    0.0021207069023006426
-0.3759433962264151    0.0014138046015339282
-0.375    0.0021207069023006426
-0.3740566037735849    0.0023563410025565466
-0.3731132075471698    0.0035345115038344045
-0.3721698113207547    0.0018850728020452373
-0.3712264150943396    0.0014138046015337617
-0.37028301886792453    0.004241413804601785
-0.36933962264150944    0.0018850728020450157
-0.36839622641509434    0.0035345115038348204
-0.36745283018867925    0.0030632433033231507
-0.36650943396226415    0.0035345115038348204
-0.36556603773584906    0.0037701456040900314
-0.36462264150943396    0.0028276092030678564
-0.36367924528301887    0.004712682005112539
-0.3627358490566038    0.0037701456040904746
-0.3617924528301887    0.0032988774035787776
-0.3608490566037736    0.0028276092030678564
-0.3599056603773585    0.0030632433033231507
-0.3589622641509434    0.004712682005113093
-0.3580188679245283    0.0037701456040900314
-0.3570754716981132    0.004948316105368748
-0.3561320754716981    0.005655218406135047
-0.355188679245283    0.00400577970434613
-0.35424528301886793    0.0058908525063906736
-0.35330188679245284    0.0028276092030678564
-0.35235849056603774    0.004005779704345658
-0.35141509433962265    0.007775925308436605
-0.35047169811320755    0.0058908525063906736
-0.34952830188679246    0.0051839502056244035
-0.34858490566037736    0.006833388907413182
-0.34764150943396227    0.0051839502056244035
-0.3466981132075472    0.006833388907413182
-0.3457547169811321    0.006126486606647021
-0.344811320754717    0.006362120706901928
-0.3438679245283019    0.006126486606647021
-0.3429245283018868    0.006126486606646301
-0.3419811320754717    0.005655218406135713
-0.3410377358490566    0.0058908525063906736
-0.3400943396226415    0.00848282760920357
-0.3391509433962264    0.0058908525063906736
-0.33820754716981133    0.006126486606647021
-0.33726415094339623    0.008247193508946944
-0.33632075471698114    0.007304657107925295
-0.33537735849056605    0.008011559408691317
-0.33443396226415095    0.007540291208180949
-0.33349056603773586    0.010132266310991959
-0.33254716981132076    0.008247193508947913
-0.33160377358490567    0.009660998110480705
-0.3306603773584906    0.01154607091252708
-0.3297169811320755    0.009425364010225078
-0.3287735849056604    0.01060353451150446
-0.3278301886792453    0.009896632210736332
-0.3268867924528302    0.01060353451150446
-0.3259433962264151    0.011074802712014468
-0.325    0.012252973213294042
-0.3240566037735849    0.010603534511503214
-0.3231132075471698    0.009660998110481843
-0.32216981132075473    0.011546070912525722
-0.32122641509433963    0.009425364010226187
-0.32028301886792454    0.011781705012781347
-0.31933962264150945    0.01201733911303839
-0.31839622641509435    0.00848282760920257
-0.31745283018867926    0.014138046015339282
-0.31650943396226416    0.012017339113036974
-0.31556603773584907    0.012252973213294042
-0.314622641509434    0.014844948316104499
-0.3136792452830189    0.01814382571968541
-0.3127358490566038    0.013902411915081991
-0.3117924528301887    0.016258752917640173
-0.3108490566037736    0.017201289318660766
-0.3099056603773585    0.018379459819941067
-0.3089622641509434    0.017201289318660766
-0.3080188679245283    0.016730021118151483
-0.3070754716981132    0.020028898521728292
-0.30613207547169813    0.016730021118151483
-0.30518867924528303    0.018379459819938902
-0.30424528301886794    0.01814382571968541
-0.30330188679245285    0.01955763032121704
-0.30235849056603775    0.01908636212070803
-0.30141509433962266    0.022149605424028936
-0.30047169811320756    0.020500166722241957
-0.29952830188679247    0.02167833722351768
-0.2985849056603774    0.020264532621986305
-0.2976415094339623    0.016730021118149516
-0.2966981132075472    0.029925530732468144
-0.2957547169811321    0.025212848727352084
-0.294811320754717    0.024270312326332432
-0.2938679245283019    0.029925530732464626
-0.2929245283018868    0.030396798932979457
-0.2919811320754717    0.025448482827607713
-0.2910377358490566    0.030632433033235113
-0.29009433962264153    0.027569189729908353
-0.28915094339622643    0.029925530732468144
-0.28820754716981134    0.03086806713348713
-0.28726415094339625    0.02686228742914463
-0.28632075471698115    0.03534511503834405
-0.28537735849056606    0.02851172613093422
-0.28443396226415096    0.0358163832388553
-0.28349056603773587    0.03157496943425773
-0.2825471698113208    0.0341669445370659
-0.2816037735849057    0.03110370123374642
-0.2806603773584906    0.0341669445370659
-0.2797169811320755    0.0379370901411604
-0.2787735849056604    0.03463821273757716
-0.2778301886792453    0.04641991775036398
-0.2768867924528302    0.04312104034677973
-0.27594339622641506    0.03840835834166719
-0.27499999999999997    0.045006113148830046
-0.2740566037735849    0.0393508947426897
-0.2731132075471698    0.048540624652664864
-0.2721698113207547    0.047833722351892274
-0.2712264150943396    0.04571301544959701
-0.2702830188679245    0.051368233855726676
-0.2693396226415094    0.051603867955988376
-0.2683962264150943    0.04948316105368166
-0.2674528301886792    0.04453484494831874
-0.2665094339622641    0.05443147715904983
-0.265566037735849    0.05113259975547707
-0.26462264150943393    0.05396020895853857
-0.26367924528301884    0.05843725686340236
-0.26273584905660374    0.05725908636211735
-0.26179245283018865    0.05796598866289105
-0.26084905660377355    0.0603223296654405
-0.25990566037735846    0.060086695565191944
-0.25896226415094337    0.06786262087362056
-0.2580188679245283    0.07328220517950862
-0.2570754716981132    0.06692008447259806
-0.2561320754716981    0.07398910748027558
-0.255188679245283    0.07186840057796622
-0.2542452830188679    0.0676269867733729
-0.2533018867924528    0.07846615538512378
-0.2523584905660377    0.07893742358564432
-0.2514150943396226    0.07493164388128938
-0.2504716981132075    0.07870178948538867
-0.24952830188679243    0.08412137379125882
-0.24858490566037733    0.08789151939535919
-0.24764150943396224    0.08058686228742443
-0.24669811320754714    0.08082249638768955
-0.24575471698113205    0.08930532399688261
-0.24481132075471695    0.08883405579638182
-0.24386792452830186    0.1032077359119646
-0.24292452830188677    0.09283983550072795
-0.24198113207547167    0.1013226631099196
-0.24103773584905658    0.10627097921530027
-0.24009433962264148    0.10297210181170899
-0.2391509433962264    0.11216183172169163
-0.2382075471698113    0.11239746582193406
-0.2372641509433962    0.11805268422808299
-0.2363207547169811    0.11334000222295658
-0.235377358490566    0.11569634322552645
-0.23443396226415092    0.12417917083471541
-0.23349056603773582    0.1272424141380535
-0.23254716981132073    0.1319550961431511
-0.23160377358490564    0.13784594864955801
-0.23066037735849054    0.14302989885516557
-0.22971698113207545    0.14774258086029549
-0.22877358490566035    0.134547071245963
-0.22783018867924526    0.14279426475492674
-0.22688679245283017    0.14467933755695495
-0.22594339622641507    0.1571679448705217
-0.22499999999999998    0.16070245637433758
-0.22405660377358488    0.16258752917640173
-0.2231132075471698    0.15198399466487938
-0.2221698113207547    0.17366233188841748
-0.2212264150943396    0.1790819161942765
-0.2202830188679245    0.17201289318662794
-0.2193396226415094    0.1807313548960659
-0.21839622641509432    0.18709347560298983
-0.21745283018867922    0.18685784150271217
-0.21650943396226413    0.19604757141270468
-0.21556603773584904    0.20971434922750798
-0.21462264150943394    0.19463376681117076
-0.21367924528301885    0.2132488607313424
-0.21273584905660375    0.20335222852062998
-0.21179245283018866    0.21913971323773307
-0.21084905660377357    0.23068578415028596
-0.20990566037735847    0.23492719795486008
-0.20896226415094338    0.24128931866179038
-0.20801886792452828    0.23963987995997263
-0.2070754716981132    0.2396398799600008
-0.2061320754716981    0.25778370567965586
-0.205188679245283    0.24977214627099398
-0.2042452830188679    0.27003667889294847
-0.2033018867924528    0.2698010447927246
-0.20235849056603772    0.2721573857952492
-0.20141509433962262    0.2968989663221249
-0.20047169811320753    0.2846459931087974
-0.19952830188679244    0.30231855062800495
-0.19858490566037734    0.30655996443257066
-0.19764150943396225    0.2999622096254484
-0.19669811320754715    0.3324797154606896
-0.19575471698113206    0.31692786484385554
-0.19481132075471697    0.32635322885404333
-0.19386792452830187    0.34520395687453415
-0.19292452830188678    0.35604312548625233
-0.19198113207547168    0.3395487384683984
-0.1910377358490566    0.3489741024785835
-0.1900943396226415    0.3763076581082805
-0.1891509433962264    0.3890318995220401
-0.1882075471698113    0.3895031677225972
-0.1872641509433962    0.3986928976325208
-0.18632075471698112    0.41000333444483916
-0.18537735849056602    0.4107102367455578
-0.18443396226415093    0.41754362565302006
-0.18349056603773584    0.4378081582749549
-0.18254716981132074    0.4389863287762847
-0.18160377358490565    0.46985439590972017
-0.18066037735849055    0.4835211737246034
-0.17971698113207546    0.47857285761917834
-0.17877358490566037    0.48069356452153555
-0.17783018867924527    0.49035456263195965
-0.17688679245283018    0.5075558519506802
-0.17594339622641508    0.5216938979659581
-0.175    0.5282916527731778
-0.1740566037735849    0.5315905301766944
-0.1731132075471698    0.5549183061020668
-0.1721698113207547    0.5629298655106928
-0.1712264150943396    0.5789529843281436
-0.17028301886792452    0.5982749805490368
-0.16933962264150942    0.5937979326442498
-0.16839622641509433    0.6166544403689758
-0.16745283018867924    0.6260798043792745
-0.16650943396226414    0.6418672890963278
-0.16556603773584905    0.6576547738135322
-0.16462264150943395    0.6578904079137105
-0.16367924528301886    0.6873446704457447
-0.16273584905660377    0.6915860842502651
-0.16179245283018867    0.6965344003557152
-0.16084905660377358    0.7549716572190287
-0.15990566037735848    0.7438968545071017
-0.1589622641509434    0.7705235078359002
-0.1580188679245283    0.775943092141871
-0.1570754716981132    0.8032766477714323
-0.1561320754716981    0.8183572301878888
-0.155188679245283    0.795265088362741
-0.15424528301886792    0.8416850061131985
-0.15330188679245282    0.8852773146603905
-0.15235849056603773    0.8687829276425989
-0.15141509433962264    0.892581971768315
-0.15047169811320754    0.9210936978993542
-0.14952830188679245    0.9265132822051252
-0.14858490566037735    0.9670423474492068
-0.14764150943396226    0.967042347449093
-0.14669811320754716    0.9703412248527861
-0.14575471698113207    0.9729331999554838
-0.14481132075471698    1.0278359453151658
-0.14386792452830188    1.0686006446592682
-0.1429245283018868    1.0803823496721767
-0.1419811320754717    1.0841524952761397
-0.1410377358490566    1.081560520173455
-0.1400943396226415    1.1378770701344225
-0.1391509433962264    1.163325552962167
-0.13820754716981132    1.167331332666376
-0.13726415094339622    1.2102167389130425
-0.13632075471698113    1.226711125930794
-0.13537735849056604    1.2231766144271035
-0.13443396226415094    1.2834989440924
-0.13349056603773585    1.278786262087438
-0.13254716981132075    1.3188440591307442
-0.13160377358490566    1.323321107035757
-0.13066037735849056    1.3445281760586074
-0.12971698113207547    1.3815227297989034
-0.12877358490566038    1.3966033122151011
-0.12783018867924528    1.4394887184617946
-0.1268867924528302    1.4298277203511442
-0.1259433962264151    1.4675291763922174
-0.125    1.480017783705593
-0.1240566037735849    1.5302078470602216
-0.12311320754716981    1.5862887629208806
-0.12216981132075472    1.5617828164944794
-0.12122641509433962    1.6074958319438872
-0.12028301886792453    1.6609847727021099
-0.11933962264150944    1.64236967878172
-0.11839622641509434    1.7022207402468494
-0.11745283018867925    1.716830054462498
-0.11650943396226415    1.7736178726243128
-0.11556603773584906    1.747698121595985
-0.11462264150943396    1.8231010336780002
-0.11367924528301887    1.847606980104371
-0.11273584905660378    1.8476069801045885
-0.11179245283018868    1.9225386239856603
-0.11084905660377359    1.916647771479495
-0.1099056603773585    1.9489296432142906
-0.1089622641509434    1.9840391241526125
-0.1080188679245283    1.9797977103477777
-0.10707547169811321    2.0488385017229174
-0.10613207547169812    2.09549405357329
-0.10518867924528302    2.1115171723909216
-0.10424528301886793    2.1216494387016653
-0.10330188679245284    2.181500500166851
-0.10235849056603774    2.2333400022228322
-0.10141509433962265    2.2201444926087786
-0.10047169811320755    2.2378170501276893
-0.09952830188679246    2.2929554295877757
-0.09858490566037736    2.301673891296964
-0.09764150943396227    2.35563410025578
-0.09669811320754718    2.4352784261419047
-0.09575471698113208    2.4510659108593202
-0.09481132075471699    2.4586062020672115
-0.0938679245283019    2.440933644548327
-0.0929245283018868    2.5021985106145026
-0.0919811320754717    2.562285206179989
-0.09103773584905661    2.5552161831720186
-0.09009433962264152    2.609883294431631
-0.08915094339622642    2.654182505279382
-0.08820754716981133    2.7086139824387505
-0.08726415094339623    2.72487273535607
-0.08632075471698114    2.7307635878627825
-0.08537735849056605    2.747022340780099
-0.08443396226415095    2.802631988440757
-0.08349056603773586    2.8226608869621552
-0.08254716981132076    2.8834544848284462
-0.08160377358490567    2.927046793375398
-0.08066037735849058    2.9517883739025863
-0.07971698113207548    2.9400066688894575
-0.07877358490566039    2.9817139046350545
-0.0778301886792453    3.063950205623917
-0.0768867924528302    3.100002222963393
-0.0759433962264151    3.134876069800861
-0.07500000000000001    3.117203512282056
-0.07405660377358492    3.1798821829496857
-0.07311320754716982    3.1895431810605417
-0.07216981132075473    3.266831165944012
-0.07122641509433963    3.2922796487720074
-0.07028301886792454    3.32621095920843
-0.06933962264150945    3.3858263865735023
-0.06839622641509435    3.4075047237966216
-0.06745283018867926    3.4652350783596577
-0.06650943396226416    3.481022563076377
-0.06556603773584907    3.501051461598517
-0.06462264150943398    3.569385350672237
-0.06367924528301888    3.5802245192844175
-0.06273584905660379    3.596012004001123
-0.06179245283018869    3.6233455596312023
-0.0608490566037736    3.6440813604532707
-0.059905660377358505    3.68908747360253
-0.05896226415094341    3.6839035233964714
-0.05801886792452832    3.7732088473937986
-0.05707547169811322    3.7904101367120155
-0.05613207547169813    3.8662843169947823
-0.055188679245283034    3.8709969989994395
-0.05424528301886794    3.8955029454264833
-0.053301886792452846    3.9268422807600234
-0.05235849056603775    3.9136467711461687
-0.05141509433962266    3.9683138824050137
-0.050471698113207564    3.9756185395134063
-0.04952830188679247    3.965486273201946
-0.048584905660377375    4.0411248193844775
-0.04764150943396228    4.146453262198267
-0.04669811320754719    4.077176836723593
-0.04575471698113209    4.139148605090343
-0.044811320754717    4.141504946093386
-0.043867924528301905    4.1891030343445355
-0.04292452830188681    4.191930643548097
-0.04198113207547172    4.2418850728017965
-0.04103773584905662    4.229396465488747
-0.04009433962264153    4.317523618983852
-0.039150943396226434    4.35498944092501
-0.03820754716981134    4.368184950538812
-0.037264150943396246    4.301500500166976
-0.03632075471698115    4.361822829831911
-0.03537735849056606    4.412955429587901
-0.034433962264150964    4.493777925975062
-0.033490566037735814    4.496134266977618
-0.03254716981132072    4.463381127042611
-0.031603773584905626    4.465737468044642
-0.03066037735849053    4.499904412582238
-0.029716981132075437    4.563761253750983
-0.028773584905660343    4.57624986106507
-0.02783018867924525    4.573186617761208
-0.026886792452830155    4.507680337890674
-0.02594339622641506    4.589445370678846
-0.024999999999999967    4.559048571746406
-0.024056603773584873    4.6603712348557895
-0.02311320754716978    4.645290652439976
-0.022169811320754684    4.699250861397968
-0.02122641509433959    4.661313771257361
-0.020283018867924496    4.72658441702762
-0.019339622641509402    4.728705123930478
-0.018396226415094308    4.754860509058296
-0.017452830188679214    4.697130154496221
-0.01650943396226412    4.728940758030177
-0.015566037735849025    4.7525041680563
-0.014622641509433931    4.782429698788205
-0.013679245283018837    4.727055685228689
-0.012735849056603743    4.820838057129872
-0.011792452830188649    4.768998555074195
-0.010849056603773555    4.804343670111978
-0.00990566037735846    4.782194064688512
-0.008962264150943366    4.7829009669887155
-0.008018867924528272    4.819659886629161
-0.007075471698113178    4.848642880960036
-0.006132075471698084    4.860660220073645
-0.00518867924528299    4.8868156052014475
-0.004245283018867896    4.821309325330951
-0.0033018867924528017    4.8302634211400965
-0.0023584905660377076    4.885401800600488
-0.0014150943396226134    4.858068244970261
-0.0004716981132075193    4.939126375458778
0.0004716981132075748    4.832384128042397
0.0014150943396227245    4.873148827386621
0.002358490566037763    4.823194398133563
0.0033018867924528017    4.825079470934472
0.004245283018867951    4.829792152939586
0.005188679245283101    4.852884294764637
0.00613207547169814    4.878097143493137
0.007075471698113178    4.807171279315046
0.008018867924528328    4.869849949983042
0.008962264150943478    4.834740469044954
0.009905660377358516    4.847464710459899
0.010849056603773555    4.776067578081303
0.011792452830188704    4.846050905857224
0.012735849056603854    4.802694231410189
0.013679245283018893    4.727998221630267
0.014622641509433931    4.786671112592805
0.015566037735849081    4.738366122040403
0.01650943396226423    4.672624208069083
0.01745283018867927    4.6738023785714615
0.018396226415094308    4.6749805490716385
0.019339622641509457    4.702785372901802
0.020283018867924607    4.680164499277263
0.021226415094339646    4.676394353674273
0.022169811320754684    4.677336890074195
0.023113207547169834    4.727055685228132
0.024056603773584984    4.6254973880179575
0.025000000000000022    4.655422918751518
0.02594339622641506    4.5453817939310435
0.02688679245283021    4.614186951205687
0.02783018867924536    4.549387573635389
0.0287735849056604    4.482938757364358
0.029716981132075437    4.5562209625428025
0.030660377358490587    4.53100811381545
0.03160377358490574    4.485059464265604
0.032547169811320775    4.464559297544415
0.033490566037735814    4.408949649883036
0.034433962264150964    4.387506946759774
0.03537735849056611    4.357110147826798
0.03632075471698115    4.4054151383802385
0.03726415094339619    4.363001000333188
0.03820754716981134    4.303149938868259
0.03915094339622649    4.325299544292289
0.04009433962264153    4.232695342892823
0.04103773584905657    4.246362120706653
0.04198113207547172    4.251310436812021
0.042924528301886866    4.209838835167031
0.043867924528301905    4.125717461376744
0.04481132075471694    4.178263865732777
0.04575471698113209    4.084010225630527
0.04669811320754724    4.148338335000313
0.04764150943396228    4.086837834834555
0.04858490566037732    4.029107480270966
0.04952830188679247    4.0425386239855365
0.05047169811320762    3.9862220740244414
0.05141509433962266    3.910112259642794
0.052358490566037696    3.9021007002331825
0.053301886792452846    3.882071801711454
0.054245283018867996    3.8156229854393673
0.055188679245283034    3.8497899299773395
0.05613207547169807    3.823163276647547
0.05707547169811322    3.731737245748364
0.05801886792452837    3.7100589085248465
0.05896226415094341    3.7098232744254642
0.05990566037735845    3.674242525285991
0.0608490566037736    3.661753917972443
0.06179245283018875    3.6322996554404896
0.06273584905660379    3.5592530843620827
0.06367924528301883    3.515660775813954
0.06462264150943398    3.4621718350559267
0.06556603773584913    3.455102812048258
0.06650943396226416    3.490683561187679
0.0674528301886792    3.377343558963901
0.06839622641509435    3.374987217961345
0.0693396226415095    3.3740446815603224
0.07028301886792454    3.315607424697707
0.07122641509433958    3.233371123707713
0.07216981132075473    3.2632966544401776
0.07311320754716988    3.2237101255972327
0.07405660377358492    3.1721062576419965
0.07499999999999996    3.149249749916454
0.0759433962264151    3.077381349338488
0.07688679245283025    2.9871334889405827
0.0778301886792453    3.0540535734139
0.07877358490566033    3.011168167166657
0.07971698113207548    2.9784150272311245
0.08066037735849063    2.971346004223456
0.08160377358490567    2.9079604312553764
0.08254716981132071    2.9117305768587824
0.08349056603773586    2.8768567300209495
0.08443396226415101    2.7828387240189545
0.08537735849056605    2.760689118595575
0.08632075471698109    2.7500855840834224
0.08726415094339623    2.6982460820271843
0.08820754716981138    2.6841080360118466
0.08915094339622642    2.5936245415142962
0.09009433962264146    2.568882960986845
0.09103773584905661    2.5566299877735523
0.09198113207547176    2.542491941758215
0.0929245283018868    2.498192730910745
0.09386792452830184    2.4857041235966086
0.09481132075471699    2.415249527620176
0.09575471698113214    2.4013471157050943
0.09669811320754718    2.3410247860402045
0.09764150943396221    2.308036012003866
0.09858490566037736    2.333484494831474
0.09952830188679251    2.2755185061685896
0.10047169811320755    2.274340335667847
0.10141509433962259    2.210247860397781
0.10235849056603774    2.1909258641768194
0.10330188679245289    2.1626497721461444
0.10424528301886793    2.11316661109296
0.10518867924528297    2.1221207069021766
0.10613207547169812    2.032108480604527
0.10707547169811327    2.02009114149149
0.1080188679245283    1.9960564632658857
0.10896226415094334    1.9465733022117342
0.1099056603773585    1.9439813271089226
0.11084905660377364    1.8780037790373467
0.11179245283018868    1.858681782816823
0.11273584905660372    1.8454862732020703
0.11367924528301887    1.7889340891407197
0.11462264150943402    1.7663132155161796
0.11556603773584906    1.7568878515063682
0.1165094339622641    1.7231921751694
0.11745283018867925    1.7295542958763017
0.1183962264150944    1.646846726686577
0.11933962264150944    1.6480248971882427
0.12028301886792447    1.6263465599643374
0.12122641509433962    1.5997199066354515
0.12216981132075477    1.5591908413914837
0.12311320754716981    1.5467022340782992
0.12405660377358485    1.5042880960319225
0.125    1.4910925864176074
0.12594339622641515    1.463523396687699
0.1268867924528302    1.4387818161611967
0.12783018867924523    1.4088562854283935
0.12877358490566038    1.3900055574079433
0.12971698113207553    1.3695053906857038
0.13066037735849056    1.3506546626655715
0.1316037735849056    1.2957519173056926
0.13254716981132075    1.2728954095808969
0.1334905660377359    1.2599355340668372
0.13443396226415094    1.239671001445145
0.13537735849056598    1.232366344336929
0.13632075471698113    1.2123374458152008
0.13726415094339628    1.1781705012781347
0.13820754716981132    1.159791041458469
0.13915094339622636    1.1352850950316107
0.1400943396226415    1.1150205624096268
0.14103773584905666    1.0935778592863645
0.1419811320754717    1.098761809492247
0.14292452830188673    1.0276003112147891
0.14386792452830188    1.0325486273201574
0.14481132075471703    0.9903701233744002
0.14575471698113207    0.9873068800713094
0.1466981132075471    0.967042347449093
0.14764150943396226    0.944892742025064
0.1485849056603774    0.9267489163053808
0.14952830188679245    0.8888118261644341
0.15047169811320749    0.8904612648660143
0.15141509433962264    0.8836278759586011
0.15235849056603779    0.8499321996220465
0.15330188679245282    0.8471045904191783
0.15424528301886786    0.8164721573857474
0.155188679245283    0.8141158163831911
0.15613207547169816    0.8004490385683648
0.1570754716981132    0.7957363565634396
0.15801886792452824    0.7481382683116156
0.1589622641509434    0.7707591419361558
0.15990566037735854    0.7304657107924435
0.16084905660377358    0.7208047126821325
0.16179245283018862    0.7064310325663696
0.16273584905660377    0.6833388907413182
0.16367924528301891    0.6402178503945384
0.16462264150943395    0.6576547738136096
0.165566037735849    0.6529420918083423
0.16650943396226414    0.6258441702789452
0.1674528301886793    0.6277292430809902
0.16839622641509433    0.6055796376571038
0.16933962264150937    0.5742403023229629
0.17028301886792452    0.5947404690452024
0.17122641509433967    0.5643436701122265
0.1721698113207547    0.5582171835057116
0.17311320754716975    0.5494987217961221
0.1740566037735849    0.5301767255751607
0.17500000000000004    0.5254640435700481
0.17594339622641508    0.5023719017451149
0.17688679245283012    0.5035500722462748
0.17783018867924527    0.5035500722462748
0.17877358490566042    0.47927975991994526
0.17971698113207546    0.4587795931978137
0.1806603773584905    0.44817605868620247
0.18160377358490565    0.44440591308211247
0.1825471698113208    0.43238857396907543
0.18349056603773584    0.4246126486607397
0.18443396226415087    0.4406357674780224
0.18537735849056602    0.40882516394351276
0.18632075471698117    0.3883249972212732
0.1872641509433962    0.38856063132162033
0.18820754716981125    0.4001067022340546
0.1891509433962264    0.3817272424141157
0.19009433962264155    0.3470890296765385
0.1910377358490566    0.34920973657892135
0.19198113207547163    0.3496810047793504
0.19292452830188678    0.3529798821829292
0.19386792452830193    0.32800266755583274
0.19481132075471697    0.31551406024235873
0.195754716981132    0.3079737690341044
0.19669811320754715    0.30019784372566877
0.1976415094339623    0.32140491274867516
0.19858490566037734    0.28770923641218826
0.19952830188679238    0.28888740691339865
0.20047169811320753    0.27851950650215107
0.20141509433962268    0.27121484939422663
0.20235849056603772    0.27121484939429047
0.20330188679245276    0.2542491941758215
0.2042452830188679    0.26084694898297905
0.20518867924528306    0.2610825830832347
0.2061320754716981    0.22832944314775624
0.20707547169811313    0.23445592975434879
0.20801886792452828    0.22927197954872502
0.20896226415094343    0.22738690674668002
0.20990566037735858    0.23398466155383757
0.21084905660377362    0.214427031232671
0.21179245283018866    0.2106568856285305
0.2127358490566038    0.20453039902188422
0.21367924528301896    0.20782927642546298
0.214622641509434    0.19675447371349483
0.21556603773584904    0.18497276870066717
0.2165094339622642    0.1835589640991334
0.21745283018867934    0.18332332999887777
0.21839622641509437    0.174369234189205
0.2193396226415094    0.1748405023896752
0.22028301886792456    0.17248416138711892
0.2212264150943397    0.16800711348226202
0.22216981132075475    0.16918528398358
0.2231132075471698    0.1583461153717813
0.22405660377358494    0.15198399466487938
0.2250000000000001    0.14844948316104498
0.22594339622641513    0.14444370345673332
0.22688679245283017    0.1366677781482636
0.22783018867924532    0.1366677781482636
0.22877358490566047    0.13855285095030864
0.2297169811320755    0.135018339446506
0.23066037735849054    0.13030565744136172
0.2316037735849057    0.12889185283982793
0.23254716981132084    0.12088029343113663
0.23349056603773588    0.12535734133602305
0.23443396226415092    0.11404690452372344
0.23537735849056607    0.11428253862397907
0.23632075471698122    0.11781705012781347
0.23726415094339626    0.10933422251863663
0.2382075471698113    0.0996732244081302
0.23915094339622645    0.10768478381682152
0.2400943396226416    0.10532844281426525
0.24103773584905663    0.10250083361122185
0.24198113207547167    0.09802378570634082
0.24292452830188682    0.09849505390685206
0.24386792452830197    0.09425364010225078
0.244811320754717    0.08671334889409113
0.24575471698113205    0.09166166499943888
0.2466981132075472    0.09024786039790512
0.24764150943396235    0.08435700789151446
0.2485849056603774    0.0911903967989491
0.24952830188679243    0.0838857396910032
0.2504716981132076    0.07540291208180062
0.2514150943396227    0.07281093697898873
0.25235849056603776    0.06644881627210245
0.2533018867924528    0.06527064577080867
0.25424528301886795    0.0699833277759212
0.2551886792452831    0.0725753028787331
0.25613207547169814    0.069747693675682
0.2570754716981132    0.06409247526953053
0.25801886792452833    0.06055796376569613
0.2589622641509435    0.061264866066463
0.2599056603773585    0.0629143047682672
0.26084905660377355    0.06197176836722989
0.2617924528301887    0.06385684116927491
0.26273584905660385    0.05843725686339548
0.2636792452830189    0.05278203845727286
0.26462264150943393    0.0541958430587942
0.2655660377358491    0.055374013560072335
0.26650943396226423    0.048304990552403525
0.26745283018867927    0.048776258752926266
0.2683962264150943    0.04736245415138102
0.26933962264150946    0.043827942647546615
0.2702830188679246    0.04924752695342603
0.27122641509433965    0.04665555185062512
0.2721698113207547    0.04524174724908037
0.27311320754716983    0.040764699344223464
0.274056603773585    0.04641991775035851
0.275    0.04029343114372169
0.27594339622641506    0.03723018784038906
0.2768867924528302    0.03793709014115594
0.27783018867924536    0.036052017339110926
0.2787735849056604    0.043356674447045565
0.27971698113207544    0.03534511503834405
0.2806603773584906    0.040057797043456585
0.28160377358490574    0.03534511503834405
0.2825471698113208    0.03322440813605122
0.2834905660377358    0.02851172613093086
0.28443396226415096    0.032281871735020895
0.2853773584905661    0.03534511503834405
0.28632075471698115    0.03699455374014214
0.2872641509433962    0.02851172613093086
0.28820754716981134    0.02945426253195337
0.2891509433962265    0.025212848727352084
0.29009433962264153    0.02827609203068189
0.29103773584905657    0.03016116483272025
0.2919811320754717    0.03251750583527652
0.29292452830188687    0.025212848727352084
0.2938679245283019    0.024741580526846656
0.29481132075471694    0.02238523952428456
0.2957547169811321    0.023563410025562694
0.29669811320754724    0.0209714349227508
0.2976415094339623    0.02332777592531256
0.2985849056603773    0.01790819161942765
0.29952830188679247    0.023799044125818323
0.3004716981132076    0.020028898521728292
0.30141509433962266    0.019793264421477323
0.3023584905660377    0.019793264421472664
0.30330188679245285    0.01932199622096141
0.304245283018868    0.019086362120705785
0.30518867924528303    0.022149605424034147
0.3061320754716981    0.02073580082249517
0.3070754716981132    0.022620873624540187
0.3080188679245284    0.01932199622096141
0.3089622641509434    0.01837945981994323
0.30990566037735845    0.01531621651661575
0.3108490566037736    0.016494387017893887
0.31179245283018875    0.015787484717127008
0.3127358490566038    0.020971434922755737
0.3136792452830188    0.01531621651661575
0.314622641509434    0.014138046015337618
0.3155660377358491    0.016023118817382633
0.31650943396226416    0.016258752917642085
0.3174528301886792    0.01319550961431511
0.31839622641509435    0.012724241413803856
0.3193396226415095    0.014373680115593245
0.32028301886792454    0.014138046015340945
0.3212264150943396    0.014138046015337618
0.32216981132075473    0.012252973213292603
0.3231132075471699    0.010132266310991959
0.3240566037735849    0.011546070912528439
0.32499999999999996    0.012017339113036974
0.3259433962264151    0.012959875514059482
0.32688679245283025    0.008954095809713824
0.3278301886792453    0.010839168611761391
0.32877358490566033    0.009425364010225078
0.3297169811320755    0.009896632210736332
0.33066037735849063    0.010367900411247586
0.33160377358490567    0.008482827609204567
0.3325471698113207    0.00848282760920257
0.33349056603773586    0.012017339113036974
0.334433962264151    0.012252973213292603
0.33537735849056605    0.010367900411250026
0.3363207547169811    0.00848282760920257
0.33726415094339623    0.011546070912525722
0.3382075471698114    0.010603534511503214
0.3391509433962264    0.00966099811048298
0.34009433962264146    0.008954095809713824
0.3410377358490566    0.005183950205623793
0.34198113207547176    0.007069023007668809
0.3429245283018868    0.00777592530843752
0.34386792452830184    0.008011559408691317
0.344811320754717    0.006362120706901928
0.34575471698113214    0.007069023007668809
0.3466981132075472    0.0063621207069034244
0.3476415094339622    0.005655218406135047
0.34858490566037736    0.004477047904856912
0.3495283018867925    0.008011559408691317
0.35047169811320755    0.007304657107926154
0.3514150943396226    0.007540291208180063
0.35235849056603774    0.006597754807157555
0.3533018867924529    0.0032988774035787776
0.35424528301886793    0.005655218406136378
0.35518867924528297    0.005655218406135047
0.3561320754716981    0.007540291208180063
0.35707547169811327    0.004948316105368166
0.3580188679245283    0.006597754807159108
0.35896226415094334    0.004241413804601285
0.3599056603773585    0.004477047904856912
0.36084905660377364    0.0032988774035787776
0.3617924528301887    0.004477047904857966
0.3627358490566037    0.00541958430587942
0.36367924528301887    0.0037701456040900314
0.364622641509434    0.006126486606646301
0.36556603773584906    0.0035345115038352363
0.3665094339622641    0.004241413804601285
0.36745283018867925    0.005655218406135047
0.3683962264150944    0.0037701456040900314
0.36933962264150944    0.0030632433033238714
0.3702830188679245    0.005183950205623793
0.3712264150943396    0.004712682005112539
0.3721698113207548    0.0025919751028118964
0.3731132075471698    0.005183950205625013
0.37405660377358485    0.0035345115038344045
0.375    0.0028276092030675233
0.37594339622641515    0.0023563410025562695
0.3768867924528302    0.0037701456040909187
0.3778301886792452    0.0028276092030675233
0.3787735849056604    0.0035345115038344045
0.3797169811320755    0.0021207069023006426
0.38066037735849056    0.002356341002556824
0.3816037735849056    0.0014138046015337617
0.38254716981132075    0.0021207069023006426
0.3834905660377359    0.0018850728020450157
0.38443396226415094    0.001649438701789777
0.385377358490566    0.0025919751028118964
0.38632075471698113    0.0023563410025562695
0.3872641509433963    0.0025919751028118964
0.3882075471698113    0.0025919751028125066
0.38915094339622636    0.0016494387017893888
0.3900943396226415    0.0011781705012781348
0.39103773584905666    0.004241413804601285
0.3919811320754717    0.0021207069023011418
0.39292452830188673    0.0021207069023006426
0.3938679245283019    0.0021207069023006426
0.39481132075471703    0.0014138046015337617
0.39575471698113207    0.001649438701789777
0.3966981132075471    0.0018850728020450157
0.39764150943396226    0.0018850728020450157
0.3985849056603774    0.0011781705012781348
0.39952830188679245    0.0014138046015340945
0.4004716981132075    0.0014138046015337617
0.40141509433962264    0.0018850728020450157
0.4023584905660378    0.0018850728020450157
0.4033018867924528    0.0018850728020454594
0.40424528301886786    0.0018850728020450157
0.405188679245283    0.0025919751028118964
0.40613207547169816    0.0011781705012781348
0.4070754716981132    0.001178170501278412
0.40801886792452824    0.0016494387017893888
0.4089622641509434    0.0018850728020450157
0.40990566037735854    0.0009425364010225078
0.4108490566037736    0.0009425364010227297
0.4117924528301886    0.0011781705012781348
0.41273584905660377    0.0007069023007668808
0.4136792452830189    0.0014138046015337617
0.41462264150943395    0.00047126820051136484
0.415566037735849    0.00023563410025562696
0.41650943396226414    0.0014138046015337617
0.4174528301886793    0.00023563410025562696
0.41839622641509433    0.00023563410025568242
0.41933962264150937    0.0007069023007668808
0.4202830188679245    0.0014138046015337617
0.42122641509433967    0.0007069023007668808
0.4221698113207547    0.001178170501278412
0.42311320754716975    0.0009425364010225078
0.4240566037735849    0.0009425364010225078
0.42500000000000004    0.0011781705012781348
0.4259433962264151    0.001178170501278412
0.4268867924528301    0.0004712682005112539
0.42783018867924527    0.0004712682005112539
0.4287735849056604    0.0014138046015337617
0.42971698113207546    0.0007069023007670473
0.4306603773584905    0.0011781705012781348
0.43160377358490565    0.00023563410025562696
0.4325471698113208    0.0007069023007668808
0.43349056603773584    0.00047126820051136484
0.4344339622641509    0.0007069023007668808
0.435377358490566    0.0009425364010225078
0.4363207547169812    0.00023563410025562696
0.4372641509433962    0.00023563410025568242
0.43820754716981125    0.0004712682005112539
0.4391509433962264    0.0004712682005112539
0.44009433962264155    0.00023563410025562696
0.4410377358490566    0.0007069023007670473
0.4419811320754716    0.0007069023007668808
0.4429245283018868    0.0007069023007668808
0.4438679245283019    0.0004712682005112539
0.44481132075471697    0.0007069023007670473
0.445754716981132    0.00023563410025562696
0.44669811320754715    0.0
0.4476415094339623    0.0004712682005112539
0.44858490566037745    0.0009425364010225078
0.4495283018867925    0.0007069023007670473
0.45047169811320753    0.00023563410025562696
0.4514150943396227    0.00023563410025562696
0.45235849056603783    0.00023563410025562696
0.45330188679245287    0.00023563410025568242
0.4542452830188679    0.0
0.45518867924528306    0.0
0.4561320754716982    0.00023563410025562696
0.45707547169811324    0.0009425364010227297
0.4580188679245283    0.0
0.45896226415094343    0.0
0.4599056603773586    0.0
0.4608490566037736    0.00047126820051136484
0.46179245283018866    0.0
0.4627358490566038    0.0
0.46367924528301896    0.0
0.464622641509434    0.0
0.46556603773584904    0.0
0.4665094339622642    0.0
0.46745283018867934    0.0
0.4683962264150944    0.00023563410025568242
0.4693396226415094    0.0009425364010225078
0.47028301886792456    0.0004712682005112539
0.4712264150943397    0.0004712682005112539
0.47216981132075475    0.00023563410025568242
0.4731132075471698    0.0
0.47405660377358494    0.00023563410025562696
0.4750000000000001    0.0004712682005112539
0.4759433962264151    0.0
0.47688679245283017    0.0
0.4778301886792453    0.0
0.47877358490566047    0.0
0.4797169811320755    0.0
0.48066037735849054    0.0
0.4816037735849057    0.0
0.48254716981132084    0.00023563410025562696
0.4834905660377359    0.0
0.4844339622641509    0.00023563410025562696
0.48537735849056607    0.0
0.4863207547169812    0.00023563410025562696
0.48726415094339626    0.00023563410025568242
0.4882075471698113    0.0
0.48915094339622645    0.00023563410025562696
0.4900943396226416    0.0
0.49103773584905663    0.0
0.49198113207547167    0.00023563410025562696
0.4929245283018868    0.0
0.49386792452830197    0.0
0.494811320754717    0.00023563410025568242
0.49575471698113205    0.00023563410025562696
0.4966981132075472    0.0
0.49764150943396235    0.0
0.4985849056603774    0.0
0.4995283018867924    0.0
0.5004716981132076    0.00023563410025562696
0.5014150943396227    0.0
0.5023584905660378    0.00023563410025568242
0.5033018867924528    0.0
0.504245283018868    0.0004712682005112539
0.5051886792452831    0.0
0.5061320754716981    0.0
0.5070754716981132    0.0
0.5080188679245283    0.0
0.5089622641509435    0.0
0.5099056603773585    0.00047126820051136484
0.5108490566037736    0.0
0.5117924528301887    0.0
0.5127358490566039    0.0
0.5136792452830189    0.0
0.5146226415094339    0.0004712682005112539
0.5155660377358491    0.0
0.5165094339622642    0.0
0.5174528301886793    0.0
0.5183962264150943    0.00023563410025562696
0.5193396226415095    0.0
0.5202830188679246    0.0
0.5212264150943396    0.0
0.5221698113207547    0.0
0.5231132075471698    0.00023563410025562696
0.524056603773585    0.0
0.525    0.00023563410025568242
0.5259433962264151    0.0
0.5268867924528302    0.00023563410025562696
0.5278301886792454    0.0
0.5287735849056604    0.0
0.5297169811320754    0.0
0.5306603773584906    0.0
0.5316037735849057    0.0
0.5325471698113208    0.0
0.5334905660377358    0.0
0.534433962264151    0.0
0.5353773584905661    0.0
0.5363207547169812    0.0
0.5372641509433962    0.0
0.5382075471698113    0.0
0.5391509433962265    0.0
0.5400943396226415    0.0
0.5410377358490566    0.00023563410025562696
0.5419811320754717    0.0
0.5429245283018869    0.0
0.5438679245283019    0.0
0.5448113207547169    0.0
0.5457547169811321    0.0
0.5466981132075472    0.0
0.5476415094339623    0.0
0.5485849056603773    0.0
0.5495283018867925    0.0
0.5504716981132076    0.0
0.5514150943396227    0.00023563410025568242
0.5523584905660377    0.0
0.5533018867924528    0.0
0.554245283018868    0.0
0.555188679245283    0.0
0.5561320754716981    0.00023563410025562696
0.5570754716981132    0.0
0.5580188679245284    0.0
0.5589622641509434    0.0
0.5599056603773584    0.0
0.5608490566037736    0.0
0.5617924528301887    0.0
0.5627358490566038    0.0
0.5636792452830188    0.0
0.564622641509434    0.0
0.5655660377358491    0.0
0.5665094339622642    0.0
0.5674528301886792    0.0
0.5683962264150944    0.0
0.5693396226415095    0.0
0.5702830188679245    0.0
0.5712264150943396    0.0
0.5721698113207547    0.0
0.5731132075471699    0.0
0.5740566037735849    0.0
0.575    0.0
0.5759433962264151    0.0
0.5768867924528303    0.0
0.5778301886792453    0.00023563410025568242
0.5787735849056603    0.0
0.5797169811320755    0.0
0.5806603773584906    0.0
0.5816037735849057    0.0
0.5825471698113207    0.0
0.5834905660377359    0.0
0.584433962264151    0.0
0.585377358490566    0.0
0.5863207547169811    0.0
0.5872641509433962    0.0
0.5882075471698114    0.0
0.5891509433962264    0.0
0.5900943396226415    0.0
0.5910377358490566    0.0
0.5919811320754718    0.0
0.5929245283018868    0.0
0.5938679245283018    0.0
0.594811320754717    0.0
0.5957547169811321    0.0
0.5966981132075472    0.0
0.5976415094339622    0.0
0.5985849056603774    0.0
0.5995283018867925    0.0
0.6004716981132076    0.0
0.6014150943396226    0.0
0.6023584905660377    0.0
0.6033018867924529    0.0
0.6042452830188679    0.0
0.605188679245283    0.0
0.6061320754716981    0.0
0.6070754716981133    0.0
0.6080188679245283    0.0
0.6089622641509433    0.0
0.6099056603773585    0.0
0.6108490566037736    0.0
0.6117924528301887    0.0
0.6127358490566037    0.0
0.6136792452830189    0.0
0.614622641509434    0.0
0.6155660377358491    0.0
0.6165094339622641    0.0
0.6174528301886792    0.0
0.6183962264150944    0.0
0.6193396226415094    0.0
0.6202830188679245    0.0
0.6212264150943396    0.0
0.6221698113207548    0.0
0.6231132075471698    0.0
0.6240566037735849    0.0
0.625    0.0
0.6259433962264151    0.0
0.6268867924528302    0.0
0.6278301886792452    0.0
0.6287735849056604    0.0
0.6297169811320755    0.0
0.6306603773584906    0.0
0.6316037735849056    0.0
0.6325471698113208    0.0
0.6334905660377359    0.0
0.6344339622641509    0.0
0.635377358490566    0.0
0.6363207547169811    0.0
0.6372641509433963    0.0
0.6382075471698113    0.0
0.6391509433962264    0.0
0.6400943396226415    0.0
0.6410377358490567    0.0
0.6419811320754717    0.0
0.6429245283018867    0.0
0.6438679245283019    0.0
0.644811320754717    0.0
0.6457547169811321    0.0
0.6466981132075471    0.0
0.6476415094339623    0.0
0.6485849056603774    0.0
0.6495283018867924    0.0
0.6504716981132075    0.0
0.6514150943396226    0.0
0.6523584905660378    0.0
0.6533018867924528    0.0
0.6542452830188679    0.0
0.655188679245283    0.0
0.6561320754716982    0.0
0.6570754716981132    0.0
0.6580188679245282    0.0
0.6589622641509434    0.0
0.6599056603773585    0.0
0.6608490566037736    0.0
0.6617924528301886    0.0
0.6627358490566038    0.0
0.6636792452830189    0.0
0.664622641509434    0.0
0.665566037735849    0.0
0.6665094339622641    0.0
0.6674528301886793    0.0
0.6683962264150943    0.0
0.6693396226415094    0.0
0.6702830188679245    0.0
0.6712264150943397    0.0
0.6721698113207547    0.0
0.6731132075471697    0.0
0.6740566037735849    0.0
0.675    0.0
0.6759433962264151    0.0
0.6768867924528301    0.0
0.6778301886792453    0.0
0.6787735849056604    0.0
0.6797169811320755    0.0
0.6806603773584905    0.0
0.6816037735849056    0.0
0.6825471698113208    0.0
0.6834905660377358    0.0
0.6844339622641509    0.0
0.685377358490566    0.0
0.6863207547169812    0.0
0.6872641509433962    0.0
0.6882075471698113    0.0
0.6891509433962264    0.0
0.6900943396226416    0.0
0.6910377358490567    0.0
0.6919811320754717    0.0
0.6929245283018868    0.0
0.6938679245283019    0.0
0.6948113207547171    0.0
0.6957547169811321    0.0
0.6966981132075472    0.0
0.6976415094339623    0.0
0.6985849056603775    0.0
0.6995283018867925    0.0
0.7004716981132075    0.0
0.7014150943396227    0.0
0.7023584905660378    0.0
0.7033018867924529    0.0
0.7042452830188679    0.0
0.7051886792452831    0.0
0.7061320754716982    0.0
0.7070754716981132    0.0
0.7080188679245283    0.0
0.7089622641509434    0.0
0.7099056603773586    0.0
0.7108490566037736    0.0
0.7117924528301887    0.0
0.7127358490566038    0.0
0.713679245283019    0.0
0.714622641509434    0.0
0.715566037735849    0.0
0.7165094339622642    0.0
0.7174528301886793    0.0
0.7183962264150944    0.0
0.7193396226415094    0.0
0.7202830188679246    0.0
0.7212264150943397    0.0
0.7221698113207548    0.0
0.7231132075471698    0.0
0.7240566037735849    0.0
0.7250000000000001    0.0
0.7259433962264151    0.0
0.7268867924528302    0.0
0.7278301886792453    0.0
0.7287735849056605    0.0
0.7297169811320755    0.0
0.7306603773584905    0.0
0.7316037735849057    0.0
0.7325471698113208    0.0
0.7334905660377359    0.0
0.7344339622641509    0.0
0.7353773584905661    0.0
0.7363207547169812    0.0
0.7372641509433963    0.0
0.7382075471698113    0.0
0.7391509433962264    0.0
0.7400943396226416    0.0
0.7410377358490566    0.0
0.7419811320754717    0.0
0.7429245283018868    0.0
0.743867924528302    0.0
0.744811320754717    0.0
0.745754716981132    0.0
0.7466981132075472    0.0
0.7476415094339623    0.0
0.7485849056603774    0.0
0.7495283018867924    0.0
0.7504716981132076    0.0
0.7514150943396227    0.0
0.7523584905660378    0.0
0.7533018867924528    0.0
0.754245283018868    0.0
0.7551886792452831    0.0
0.7561320754716981    0.0
0.7570754716981132    0.0
0.7580188679245283    0.0
0.7589622641509435    0.0
0.7599056603773585    0.0
0.7608490566037736    0.0
0.7617924528301887    0.0
0.7627358490566039    0.0
0.7636792452830189    0.0
0.7646226415094339    0.0
0.7655660377358491    0.0
0.7665094339622642    0.0
0.7674528301886793    0.0
0.7683962264150943    0.0
0.7693396226415095    0.0
0.7702830188679246    0.0
0.7712264150943396    0.0
0.7721698113207547    0.0
0.7731132075471698    0.0
0.774056603773585    0.0
0.775    0.0
0.7759433962264151    0.0
0.7768867924528302    0.0
0.7778301886792454    0.0
0.7787735849056604    0.0
0.7797169811320754    0.0
0.7806603773584906    0.0
0.7816037735849057    0.0
0.7825471698113208    0.0
0.7834905660377358    0.0
0.784433962264151    0.0
0.7853773584905661    0.0
0.7863207547169812    0.0
0.7872641509433962    0.0
0.7882075471698113    0.0
0.7891509433962265    0.0
0.7900943396226415    0.0
0.7910377358490566    0.0
0.7919811320754717    0.0
0.7929245283018869    0.0
0.7938679245283019    0.0
0.7948113207547169    0.0
0.7957547169811321    0.0
0.7966981132075472    0.0
0.7976415094339623    0.0
0.7985849056603773    0.0
0.7995283018867925    0.0
0.8004716981132076    0.0
0.8014150943396227    0.0
0.8023584905660377    0.0
0.8033018867924528    0.0
0.804245283018868    0.0
0.805188679245283    0.0
0.8061320754716981    0.0
0.8070754716981132    0.0
0.8080188679245284    0.0
0.8089622641509434    0.0
0.8099056603773584    0.0
0.8108490566037736    0.0
0.8117924528301887    0.0
0.8127358490566038    0.0
0.8136792452830188    0.0
0.814622641509434    0.0
0.8155660377358491    0.0
0.8165094339622642    0.0
0.8174528301886792    0.0
0.8183962264150944    0.0
0.8193396226415095    0.0
0.8202830188679245    0.0
0.8212264150943396    0.0
0.8221698113207547    0.0
0.8231132075471699    0.0
0.8240566037735849    0.0
0.825    0.0
0.8259433962264151    0.0
0.8268867924528303    0.0
0.8278301886792453    0.0
0.8287735849056603    0.0
0.8297169811320755    0.0
0.8306603773584906    0.0
0.8316037735849057    0.0
0.8325471698113207    0.0
0.8334905660377359    0.0
0.834433962264151    0.0
0.835377358490566    0.0
0.8363207547169811    0.0
0.8372641509433962    0.0
0.8382075471698114    0.0
0.8391509433962264    0.0
0.8400943396226415    0.0
0.8410377358490566    0.0
0.8419811320754718    0.0
0.8429245283018868    0.0
0.8438679245283018    0.0
0.844811320754717    0.0
0.8457547169811321    0.0
0.8466981132075472    0.0
0.8476415094339622    0.0
0.8485849056603774    0.0
0.8495283018867925    0.0
0.8504716981132076    0.0
0.8514150943396226    0.0
0.8523584905660377    0.0
0.8533018867924529    0.0
0.8542452830188679    0.0
0.855188679245283    0.0
0.8561320754716981    0.0
0.8570754716981133    0.0
0.8580188679245283    0.0
0.8589622641509433    0.0
0.8599056603773585    0.0
0.8608490566037736    0.0
0.8617924528301887    0.0
0.8627358490566037    0.0
0.8636792452830189    0.0
0.864622641509434    0.0
0.8655660377358491    0.0
0.8665094339622641    0.0
0.8674528301886792    0.0
0.8683962264150944    0.0
0.8693396226415094    0.0
0.8702830188679245    0.0
0.8712264150943396    0.0
0.8721698113207548    0.0
0.8731132075471698    0.0
0.8740566037735849    0.0
0.875    0.0
0.8759433962264151    0.0
0.8768867924528302    0.0
0.8778301886792452    0.0
0.8787735849056604    0.0
0.8797169811320755    0.0
0.8806603773584906    0.0
0.8816037735849056    0.0
0.8825471698113208    0.0
0.8834905660377359    0.0
0.8844339622641509    0.0
0.885377358490566    0.0
0.8863207547169811    0.0
0.8872641509433963    0.0
0.8882075471698113    0.0
0.8891509433962264    0.0
0.8900943396226415    0.0
0.8910377358490567    0.0
0.8919811320754717    0.0
0.8929245283018867    0.0
0.8938679245283019    0.0
0.894811320754717    0.0
0.8957547169811321    0.0
0.8966981132075471    0.0
0.8976415094339623    0.0
0.8985849056603774    0.0
0.8995283018867924    0.0
0.9004716981132075    0.0
0.9014150943396226    0.0
0.9023584905660378    0.0
0.9033018867924528    0.0
0.9042452830188679    0.0
0.905188679245283    0.0
0.9061320754716982    0.0
0.9070754716981132    0.0
0.9080188679245282    0.0
0.9089622641509434    0.0
0.9099056603773585    0.0
0.9108490566037736    0.0
0.9117924528301886    0.0
0.9127358490566038    0.0
0.9136792452830189    0.0
0.914622641509434    0.0
0.915566037735849    0.0
0.9165094339622641    0.0
0.9174528301886793    0.0
0.9183962264150943    0.0
0.9193396226415094    0.0
0.9202830188679245    0.0
0.9212264150943397    0.0
0.9221698113207547    0.0
0.9231132075471697    0.0
0.9240566037735849    0.0
0.925    0.0
0.9259433962264151    0.0
0.9268867924528301    0.0
0.9278301886792453    0.0
0.9287735849056604    0.0
0.9297169811320755    0.0
0.9306603773584905    0.0
0.9316037735849056    0.0
0.9325471698113208    0.0
0.933490566037736    0.0
0.934433962264151    0.0
0.935377358490566    0.0
0.9363207547169812    0.0
0.9372641509433963    0.0
0.9382075471698114    0.0
0.9391509433962264    0.0
0.9400943396226416    0.0
0.9410377358490567    0.0
0.9419811320754717    0.0
0.9429245283018868    0.0
0.9438679245283019    0.0
0.9448113207547171    0.0
0.9457547169811321    0.0
0.9466981132075472    0.0
0.9476415094339623    0.0
0.9485849056603775    0.0
0.9495283018867925    0.0
0.9504716981132075    0.0
0.9514150943396227    0.0
0.9523584905660378    0.0
0.9533018867924529    0.0
0.9542452830188679    0.0
0.9551886792452831    0.0
0.9561320754716982    0.0
0.9570754716981132    0.0
0.9580188679245283    0.0
0.9589622641509434    0.0
0.9599056603773586    0.0
0.9608490566037736    0.0
0.9617924528301887    0.0
0.9627358490566038    0.0
0.963679245283019    0.0
0.964622641509434    0.0
0.965566037735849    0.0
0.9665094339622642    0.0
0.9674528301886793    0.0
0.9683962264150944    0.0
0.9693396226415094    0.0
0.9702830188679246    0.0
0.9712264150943397    0.0
0.9721698113207548    0.0
0.9731132075471698    0.0
0.9740566037735849    0.0
0.9750000000000001    0.0
0.9759433962264151    0.0
0.9768867924528302    0.0
0.9778301886792453    0.0
0.9787735849056605    0.0
0.9797169811320755    0.0
0.9806603773584905    0.0
0.9816037735849057    0.0
0.9825471698113208    0.0
0.9834905660377359    0.0
0.9844339622641509    0.0
0.9853773584905661    0.0
0.9863207547169812    0.0
0.9872641509433963    0.0
0.9882075471698113    0.0
0.9891509433962264    0.0
0.9900943396226416    0.0
0.9910377358490566    0.0
0.9919811320754717    0.0
0.9929245283018868    0.0
0.993867924528302    0.0
0.994811320754717    0.0
0.995754716981132    0.0
0.9966981132075472    0.0
0.9976415094339623    0.0
0.9985849056603774    0.0
0.9995283018867924    0.0