-0.9995283018867924    0.0
-0.9985849056603773    0.0
-0.9976415094339622    0.0
-0.9966981132075472    0.0
-0.995754716981132    0.0
-0.9948113207547169    0.0
-0.9938679245283019    0.0
-0.9929245283018868    0.0
-0.9919811320754717    0.0
-0.9910377358490565    0.0
-0.9900943396226415    0.0
-0.9891509433962264    0.0
-0.9882075471698113    0.0
-0.9872641509433961    0.0
-0.9863207547169811    0.0
-0.9853773584905661    0.0
-0.9844339622641509    0.0
-0.9834905660377358    0.0
-0.9825471698113207    0.0
-0.9816037735849057    0.00023563410025565466
-0.9806603773584905    0.0
-0.9797169811320754    0.0004712682005113093
-0.9787735849056604    0.0016494387017893888
-0.9778301886792453    0.0030632433033235106
-0.9768867924528302    0.004712682005112539
-0.975943396226415    0.008247193508947913
-0.975    0.01555185061687138
-0.9740566037735849    0.023327775925309813
-0.9731132075471698    0.03746582194064469
-0.9721698113207546    0.055845281760590164
-0.9712264150943396    0.07634544848282314
-0.9702830188679246    0.09543181060354015
-0.9693396226415094    0.12794931643880544
-0.9683962264150943    0.17271979548739488
-0.9674528301886792    0.21584083583415428
-0.9665094339622642    0.2530710236745731
-0.965566037735849    0.30655996443257066
-0.9646226415094339    0.33554295876405227
-0.9636792452830188    0.39374458152715264
-0.9627358490566038    0.45901522729801536
-0.9617924528301887    0.5299410914749051
-0.9608490566037735    0.6117061242636795
-0.9599056603773585    0.6314993886850802
-0.9589622641509434    0.6854595976436995
-0.9580188679245283    0.7884316994553279
-0.9570754716981131    0.807282427475873
-0.9561320754716981    0.8650127820384066
-0.9551886792452831    0.9554962765366798
-0.9542452830188679    0.9976747804823246
-0.9533018867924528    1.0374969434256476
-0.9523584905660377    1.1161987329109049
-0.9514150943396227    1.1506013115483618
-0.9504716981132075    1.1984350339001189
-0.9495283018867924    1.2255329554296601
-0.9485849056603773    1.2486250972545672
-0.9476415094339623    1.2764299210848815
-0.9466981132075472    1.3683272201844259
-0.945754716981132    1.3384016894521187
-0.944811320754717    1.3683272201844259
-0.9438679245283019    1.3984883850173107
-0.9429245283018868    1.466822274091278
-0.9419811320754716    1.405086139824469
-0.9410377358490566    1.430770256752167
-0.9400943396226416    1.4107413582306045
-0.9391509433962264    1.3817583638989965
-0.9382075471698113    1.375631877292512
-0.9372641509433962    1.3909480938089658
-0.9363207547169812    1.4027297988219123
-0.935377358490566    1.3322752028453149
-0.9344339622641509    1.2955162832055895
-0.9334905660377358    1.3016427698120832
-0.9325471698113208    1.2799644325887163
-0.9316037735849056    1.2844414804934225
-0.9306603773584905    1.2012626431033278
-0.9297169811320755    1.193251083694495
-0.9287735849056604    1.1786417694787847
-0.9278301886792453    1.1447104590418358
-0.9268867924528301    1.1425897521396695
-0.9259433962264151    1.112428587306815
-0.925    1.0721351561632289
-0.9240566037735849    1.065537401355945
-0.9231132075471697    1.0254796043126093
-0.9221698113207547    1.0313704568188793
-0.9212264150943397    0.98259419806608
-0.9202830188679245    0.9326397688117715
-0.9193396226415094    0.9481916194287545
-0.9183962264150943    0.9201511614982233
-0.9174528301886793    0.9272201845060012
-0.9165094339622641    0.9069556518839081
-0.915566037735849    0.8815071690564041
-0.914622641509434    0.8492252973212795
-0.9136792452830189    0.8586506613316057
-0.9127358490566038    0.8263687895964837
-0.9117924528301886    0.8315527398022053
-0.9108490566037736    0.8447482494164227
-0.9099056603773585    0.817414693786866
-0.9089622641509434    0.8513460042235802
-0.9080188679245282    0.817414693786866
-0.9070754716981132    0.8141158163831911
-0.9061320754716982    0.8440413471157552
-0.905188679245283    0.8256618872957168
-0.9042452830188679    0.8056329887740834
-0.9033018867924528    0.8214204734911156
-0.9023584905660378    0.7959719906636015
-0.9014150943396226    0.8068111592752667
-0.9004716981132075    0.8176503278871218
-0.8995283018867924    0.8164721573857474
-0.8985849056603774    0.8094031343781739
-0.8976415094339623    0.8244837167944387
-0.8966981132075471    0.8207135711904452
-0.8957547169811321    0.8228342780926493
-0.894811320754717    0.8426275425142212
-0.8938679245283019    0.8433344448148888
-0.8929245283018867    0.8560586862287934
-0.8919811320754717    0.8850416805601349
-0.8910377358490567    0.8511103701234247
-0.8900943396226415    0.8555874180281814
-0.8891509433962264    0.8961164832722548
-0.8882075471698113    0.8659553184394291
-0.8872641509433963    0.8603001000333953
-0.8863207547169811    0.8857485828609016
-0.885377358490566    0.9093119928865715
-0.8844339622641509    0.9137890407913214
-0.8834905660377359    0.9335823052129038
-0.8825471698113208    0.9069556518839081
-0.8816037735849056    0.9269845504057456
-0.8806603773584906    0.9274558186061477
-0.8797169811320755    0.9493697899300327
-0.8787735849056604    0.9592664221406573
-0.8778301886792452    0.9696343225520191
-0.8768867924528302    0.9375880849171397
-0.8759433962264151    0.9609158608425598
-0.875    0.980944759364175
-0.8740566037735849    0.9538468378348901
-0.8731132075471698    0.9602089585416799
-0.8721698113207548    0.9924908302768175
-0.8712264150943396    0.997439146382069
-0.8702830188679245    0.9993242191842315
-0.8693396226415094    0.9882494164720994
-0.8683962264150944    1.0075714126931794
-0.8674528301886792    1.0078070467933167
-0.8665094339622641    1.0341980660220684
-0.8655660377358491    0.997439146382069
-0.864622641509434    1.0370256752251363
-0.8636792452830189    1.021473824608143
-0.8627358490566037    1.0539913304435435
-0.8617924528301887    1.033255529620924
-0.8608490566037736    1.0452728687340842
-0.8599056603773585    1.0235945315104436
-0.8589622641509433    1.0645948649550478
-0.8580188679245283    1.0730776925641252
-0.8570754716981133    1.0796754473714099
-0.8561320754716981    1.0627097921528776
-0.855188679245283    1.1140780260087353
-0.8542452830188679    1.0822674224740947
-0.8533018867924529    1.097348004890584
-0.8523584905660377    1.0949916638878985
-0.8514150943396226    1.0794398132711542
-0.8504716981132076    1.1107791486050254
-0.8495283018867925    1.1609692119596107
-0.8485849056603774    1.1385839724351896
-0.8476415094339622    1.1390552406358347
-0.8466981132075472    1.150836945648482
-0.8457547169811321    1.1581416027565428
-0.844811320754717    1.1272735356229193
-0.8438679245283018    1.1567277981550088
-0.8429245283018868    1.1574347004556396
-0.8419811320754718    1.1642680893631898
-0.8410377358490566    1.1649749916638197
-0.8400943396226415    1.1494231410470837
-0.8391509433962264    1.1461242636433695
-0.8382075471698114    1.176521062576484
-0.8372641509433962    1.162854284761519
-0.8363207547169811    1.1977281315994928
-0.835377358490566    1.1809981104812024
-0.834433962264151    1.1652106257642123
-0.8334905660377359    1.163561187062286
-0.8325471698113207    1.1701589418695812
-0.8316037735849057    1.1765210625763454
-0.8306603773584906    1.1529576525509184
-0.8297169811320755    1.1753428920750673
-0.8287735849056603    1.1619117483606332
-0.8278301886792453    1.1732221851727667
-0.8268867924528303    1.1847682560854318
-0.8259433962264151    1.1692164054684209
-0.825    1.1567277981550088
-0.8240566037735849    1.1555496276535946
-0.8231132075471699    1.1663887962654909
-0.8221698113207547    1.1579059686561508
-0.8212264150943396    1.1432966544404366
-0.8202830188679245    1.14824497054567
-0.8193396226415095    1.1569634322552644
-0.8183962264150944    1.1180838057129499
-0.8174528301886792    1.123739024119085
-0.816509433962264    1.1369345337335337
-0.8155660377358491    1.1319862176281652
-0.814622641509434    1.105359564299146
-0.8136792452830188    1.0968767366899435
-0.8127358490566037    1.134106924530466
-0.8117924528301887    1.093106591085982
-0.8108490566037736    1.0770834722684708
-0.8099056603773584    1.109129709903236
-0.8089622641509433    1.0605890852507018
-0.8080188679245284    1.0940491274870048
-0.8070754716981132    1.0721351561631025
-0.8061320754716981    1.084623763476651
-0.8051886792452829    1.0518706235412425
-0.804245283018868    1.0971123707903283
-0.8033018867924528    1.0471579415360064
-0.8023584905660377    1.0792041791707714
-0.8014150943396225    1.080146715571921
-0.8004716981132076    1.0737845948650184
-0.7995283018867925    1.046686673335495
-0.7985849056603773    1.04480160053345
-0.7976415094339622    1.0561120373458441
-0.7966981132075472    1.043387795932039
-0.7957547169811321    1.0513993553406074
-0.7948113207547169    1.045979771034728
-0.7938679245283018    1.0172324108036612
-0.7929245283018869    1.012755362898804
-0.7919811320754717    1.0325486273201574
-0.7910377358490566    1.0417383572301269
-0.7900943396226414    1.0224163610092858
-0.7891509433962265    1.01676114260315
-0.7882075471698113    1.016289874402519
-0.7872641509433962    1.0080426808935723
-0.786320754716981    1.0120484605980369
-0.7853773584905661    0.9903701233745168
-0.784433962264151    0.9887206846726107
-0.7834905660377358    1.0115771923974066
-0.7825471698113207    1.0021518283872994
-0.7816037735849057    1.0122840946982925
-0.7806603773584906    0.9936690007779789
-0.7797169811320754    0.9898988551738889
-0.7787735849056603    1.01676114260315
-0.7778301886792454    0.9833011003668471
-0.7768867924528302    0.9825941980659645
-0.7759433962264151    0.999324219184114
-0.7749999999999999    0.9939046348783516
-0.774056603773585    0.9503123263310553
-0.7731132075471698    0.9611514949427024
-0.7721698113207547    0.9677492497498599
-0.7712264150943395    0.9399444259198065
-0.7702830188679246    0.9453640102256866
-0.7693396226415095    0.9729331999554838
-0.7683962264150943    0.9540824719350336
-0.7674528301886792    0.9514904968323336
-0.7665094339622642    0.9286339891075351
-0.7655660377358491    0.9276914527064034
-0.7646226415094339    0.9055418472823744
-0.7636792452830188    0.9166166499944968
-0.7627358490566039    0.9031855062799243
-0.7617924528301887    0.9283983550071702
-0.7608490566037736    0.8864554851616686
-0.7599056603773584    0.8628920751362075
-0.7589622641509435    0.8777370234523137
-0.7580188679245283    0.888104923863458
-0.7570754716981132    0.8461620540179564
-0.756132075471698    0.8704323663443885
-0.7551886792452831    0.8558230521285378
-0.754245283018868    0.8496965655217908
-0.7533018867924528    0.8461620540179564
-0.7523584905660377    0.8525241747249586
-0.7514150943396227    0.8244837167945357
-0.7504716981132076    0.7978570634655529
-0.7495283018867924    0.8261331554962281
-0.7485849056603773    0.7966788929643686
-0.7476415094339623    0.8221273757919791
-0.7466981132075472    0.8258975213959725
-0.745754716981132    0.824248082694183
-0.7448113207547169    0.8002134044682033
-0.743867924528302    0.8096387684784295
-0.7429245283018868    0.7891386017560946
-0.7419811320754717    0.8136445481826798
-0.7410377358490565    0.7516727798155385
-0.7400943396226416    0.7839546515505631
-0.7391509433962264    0.7634544848282314
-0.7382075471698113    0.7709947760364113
-0.7372641509433961    0.7856040902523527
-0.7363207547169812    0.7830121151495405
-0.7353773584905661    0.7443681227075255
-0.7344339622641509    0.7686384350338552
-0.7334905660377358    0.7304657107925295
-0.7325471698113208    0.7521440480160497
-0.7316037735849057    0.7436612204067586
-0.7306603773584905    0.7278737356896317
-0.7297169811320754    0.7455462932088914
-0.7287735849056605    0.7377703679004548
-0.7278301886792453    0.7200978103811959
-0.7268867924528302    0.723867955985286
-0.725943396226415    0.7179771034789799
-0.7250000000000001    0.6948849616539257
-0.7240566037735849    0.7243392241857973
-0.7231132075471698    0.7057241302656027
-0.7221698113207546    0.7149138601756563
-0.7212264150943397    0.715149494275912
-0.7202830188679246    0.7243392241857973
-0.7193396226415094    0.7085517394686703
-0.7183962264150943    0.708316105368498
-0.7174528301886793    0.6927642547516247
-0.7165094339622642    0.7130287873735272
-0.715566037735849    0.6699077470267475
-0.7146226415094339    0.6798043792375638
-0.713679245283019    0.6838101589419099
-0.7127358490566038    0.6861664999443856
-0.7117924528301887    0.6597754807157554
-0.7108490566037735    0.6663732355229914
-0.7099056603773586    0.6649594309214575
-0.7089622641509434    0.6734422585305819
-0.7080188679245283    0.6675514060241912
-0.7070754716981131    0.655769701011487
-0.7061320754716982    0.6498788485050957
-0.7051886792452831    0.6392753139935159
-0.7042452830188679    0.6661376014226574
-0.7033018867924528    0.6647237968212019
-0.7023584905660378    0.6543558964099531
-0.7014150943396227    0.6498788485050192
-0.7004716981132075    0.6659019673224018
-0.6995283018867924    0.6397465821941025
-0.6985849056603775    0.6487006780038174
-0.6976415094339623    0.6593042125152443
-0.6966981132075472    0.6340913637878921
-0.695754716981132    0.6406891185951251
-0.6948113207547171    0.6272579748805528
-0.6938679245283019    0.6369189729909597
-0.6929245283018868    0.6178326108702539
-0.6919811320754716    0.6140624652662361
-0.6910377358490567    0.6140624652662361
-0.6900943396226416    0.6413960208958166
-0.6891509433962264    0.6456374347004178
-0.6882075471698113    0.6333844614871997
-0.6872641509433963    0.6199533177726275
-0.6863207547169812    0.6241947315771559
-0.685377358490566    0.615240635767442
-0.6844339622641509    0.6020451261531978
-0.683490566037736    0.6124130265644465
-0.6825471698113208    0.6105279537623294
-0.6816037735849056    0.6001600533510818
-0.6806603773584905    0.5994531510503855
-0.6797169811320756    0.5872001778370914
-0.6787735849056604    0.5718839613204066
-0.6778301886792453    0.5996887851505706
-0.6768867924528301    0.597803712348596
-0.6759433962264152    0.5926197621429715
-0.675    0.5907346893408567
-0.6740566037735849    0.5970968100477587
-0.6731132075471697    0.5890852506391367
-0.6721698113207548    0.5937979326442498
-0.6712264150943397    0.5963899077469919
-0.6702830188679245    0.5968611759475031
-0.6693396226415094    0.5763610092253314
-0.6683962264150944    0.5794242525286549
-0.6674528301886793    0.5544470379014902
-0.6665094339622641    0.5659931088140159
-0.665566037735849    0.564343670112293
-0.6646226415094341    0.5504412581972093
-0.6636792452830189    0.5579815494053246
-0.6627358490566038    0.5407802600866639
-0.6617924528301886    0.576596643325587
-0.6608490566037737    0.5648149383128043
-0.6599056603773585    0.5537401356007233
-0.6589622641509434    0.5473780148938214
-0.6580188679245282    0.5407802600867275
-0.6570754716981133    0.5551539402023224
-0.6561320754716982    0.564108036011971
-0.655188679245283    0.5471423807935658
-0.6542452830188679    0.5549183061020668
-0.6533018867924529    0.5282916527731778
-0.6523584905660378    0.5266422140713263
-0.6514150943396226    0.5429009669889645
-0.6504716981132075    0.524050238968576
-0.6495283018867926    0.5311192619762457
-0.6485849056603774    0.5233433366677475
-0.6476415094339623    0.5431366010892201
-0.6466981132075471    0.5193375569634628
-0.6457547169811322    0.5256996776703656
-0.644811320754717    0.5202800933644243
-0.6438679245283019    0.5360675780815513
-0.6429245283018867    0.5082627542514472
-0.6419811320754718    0.5110903634545151
-0.6410377358490567    0.4988373902411623
-0.6400943396226415    0.5172168500611012
-0.6391509433962264    0.5198088251639743
-0.6382075471698113    0.5193375569634018
-0.6372641509433963    0.5082627542514472
-0.6363207547169811    0.5150961431588005
-0.635377358490566    0.52805601867286
-0.6344339622641508    0.5252284094698543
-0.6334905660377359    0.5115616316550263
-0.6325471698113208    0.5238146048682587
-0.6316037735849056    0.5193375569634018
-0.6306603773584905    0.5075558519506802
-0.6297169811320755    0.511797265755282
-0.6287735849056604    0.5174524841613568
-0.6278301886792452    0.5487918194953552
-0.6268867924528301    0.5122685339557933
-0.6259433962264151    0.4993086584417323
-0.625    0.5282916527731156
-0.6240566037735849    0.5044926086472973
-0.6231132075471697    0.5271134822718996
-0.6221698113207548    0.5077914860509358
-0.6212264150943396    0.5233433366677475
-0.6202830188679245    0.5348894075802731
-0.6193396226415093    0.511797265755282
-0.6183962264150944    0.538423919084171
-0.6174528301886792    0.5560964766032797
-0.6165094339622641    0.5544470379014902
-0.615566037735849    0.510383461153748
-0.614622641509434    0.5141536067578385
-0.6136792452830189    0.5037857063465304
-0.6127358490566037    0.5136823385572667
-0.6117924528301886    0.5141536067578385
-0.6108490566037736    0.5075558519506802
-0.6099056603773585    0.5318261642769501
-0.6089622641509433    0.5011937312437185
-0.6080188679245282    0.518630654662696
-0.6070754716981133    0.49624541513840875
-0.6061320754716981    0.4821073691230128
-0.605188679245283    0.4948316105368166
-0.6042452830188678    0.49600978103815313
-0.6033018867924529    0.5094409247527255
-0.6023584905660377    0.48564188062684716
-0.6014150943396226    0.5054351450483199
-0.6004716981132074    0.47951539402025734
-0.5995283018867925    0.48587751472715995
-0.5985849056603774    0.4884694898299146
-0.5976415094339622    0.5061420473490866
-0.5966981132075471    0.4842280760253703
-0.5957547169811321    0.47951539402025734
-0.594811320754717    0.47975102812045645
-0.5938679245283018    0.4729176392130433
-0.5929245283018867    0.4757452484161668
-0.5919811320754718    0.4875269534289495
-0.5910377358490566    0.4707969323107426
-0.5900943396226415    0.46113593420026194
-0.5891509433962263    0.47221073691233195
-0.5882075471698114    0.47503834611539986
-0.5872641509433962    0.46019339779923946
-0.5863207547169811    0.47503834611534396
-0.5853773584905659    0.46655551850619625
-0.584433962264151    0.47739468711795635
-0.5834905660377359    0.4641991775035851
-0.5825471698113207    0.44958986328773626
-0.5816037735849056    0.4637279093031284
-0.5806603773584906    0.4580726908969927
-0.5797169811320755    0.4429921084805787
-0.5787735849056603    0.45571634989438253
-0.5778301886792452    0.4425208402801195
-0.5768867924528303    0.4356874513727055
-0.5759433962264151    0.4401644992775111
-0.575    0.4413426697787893
-0.5740566037735848    0.4243770145604341
-0.5731132075471699    0.4507680337890674
-0.5721698113207547    0.42885406246524105
-0.5712264150943396    0.4286184283649855
-0.5702830188679244    0.43639435367347246
-0.5693396226415095    0.4231988440591558
-0.5683962264150944    0.41801489385348223
-0.5674528301886792    0.43992886517725555
-0.566509433962264    0.42084250305659926
-0.5655660377358491    0.42461264866068976
-0.564622641509434    0.4206068689562941
-0.5636792452830188    0.4392219628764887
-0.5627358490566037    0.41683672335225314
-0.5617924528301887    0.4451128153829317
-0.5608490566037736    0.4361587195731655
-0.5599056603773584    0.43285984216958673
-0.5589622641509433    0.41306657774816263
-0.5580188679245284    0.4229632099589002
-0.5570754716981132    0.4248482827608954
-0.5561320754716981    0.4229632099588504
-0.5551886792452829    0.41424474824944096
-0.554245283018868    0.4540669111926466
-0.5533018867924528    0.41942869845501596
-0.5523584905660377    0.40081360453482145
-0.5514150943396225    0.4340380126709159
-0.5504716981132076    0.43144603756810374
-0.5495283018867925    0.42720462376345164
-0.5485849056603773    0.43592308547290987
-0.5476415094339622    0.43521618317219424
-0.5466981132075472    0.41047460264535046
-0.5457547169811321    0.43450928087137614
-0.5448113207547169    0.42154940535731666
-0.5438679245283018    0.4154229187507192
-0.5429245283018869    0.4177792597532758
-0.5419811320754717    0.4286184283649855
-0.5410377358490566    0.4125953095476028
-0.5400943396226414    0.42461264866068976
-0.5391509433962265    0.41495165055020794
-0.5382075471698113    0.42084250305654974
-0.5372641509433962    0.4151872846504147
-0.536320754716981    0.40481938423921476
-0.5353773584905661    0.42673335556299063
-0.534433962264151    0.4177792597532266
-0.5334905660377358    0.4057619206401896
-0.5325471698113207    0.4281471601645246
-0.5316037735849057    0.4081182616427939
-0.5306603773584906    0.3996354340335433
-0.5297169811320754    0.41188840724683595
-0.5287735849056603    0.427204623763502
-0.5278301886792454    0.4071757252417713
-0.5268867924528302    0.41448038234964785
-0.5259433962264151    0.4227275758585948
-0.5249999999999999    0.4290896965655472
-0.524056603773585    0.43545181727244986
-0.5231132075471698    0.43427364677112046
-0.5221698113207547    0.4133022118483697
-0.5212264150943395    0.412830943647907
-0.5202830188679246    0.4305035011670811
-0.5193396226415095    0.4158941869511816
-0.5183962264150943    0.4163654551516928
-0.5174528301886792    0.4180148938535314
-0.5165094339622642    0.43521618317219424
-0.5155660377358491    0.3975147271312427
-0.5146226415094339    0.42885406246524105
-0.5136792452830188    0.412830943647907
-0.5127358490566039    0.41047460264535046
-0.5117924528301887    0.4045837501389115
-0.5108490566037736    0.41966433255527164
-0.5099056603773584    0.4125953095476514
-0.5089622641509435    0.4123596754473957
-0.5080188679245283    0.39374458152715264
-0.5070754716981132    0.4078826275424903
-0.506132075471698    0.41683672335225314
-0.5051886792452831    0.4095320662443278
-0.504245283018868    0.41848616205399347
-0.5033018867924528    0.40481938423916713
-0.5023584905660377    0.4029343114371695
-0.5014150943396227    0.399871068133846
-0.5004716981132076    0.42107813715680537
-0.4995283018867924    0.41047460264530217
-0.49858490566037733    0.4092964321440722
-0.49764150943396224    0.40882516394351276
-0.49669811320754714    0.41754362565302006
-0.49575471698113205    0.3923307769256189
-0.49481132075471695    0.3975147271312895
-0.49386792452830186    0.4149516505501591
-0.49292452830188677    0.4026986773369139
-0.49198113207547167    0.4109458708458134
-0.4910377358490566    0.4243770145604341
-0.4900943396226415    0.397279093030987
-0.4891509433962264    0.40152050683563556
-0.4882075471698113    0.3920951428253633
-0.4872641509433962    0.4234344781594115
-0.4863207547169811    0.3993997999332877
-0.485377358490566    0.40741135934202694
-0.4844339622641509    0.38337668111590506
-0.4834905660377358    0.3984572635323121
-0.48254716981132073    0.3864399244192282
-0.48160377358490564    0.40175614093589124
-0.48066037735849054    0.3986928976325208
-0.47971698113207545    0.36994553740137787
-0.47877358490566035    0.39515838612868637
-0.47783018867924526    0.3892675336223415
-0.47688679245283017    0.36476158719571056
-0.47594339622641507    0.373951317105724
-0.475    0.3772501945092588
-0.4740566037735849    0.3763076581082805
-0.4731132075471698    0.3890318995220401
-0.4721698113207547    0.38361231521620587
-0.4712264150943396    0.3654684894964774
-0.4702830188679245    0.3786639991108371
-0.4693396226415094    0.35792819828829736
-0.4683962264150943    0.36099144159166296
-0.4674528301886792    0.3558074913859967
-0.46650943396226413    0.3640546848949865
-0.46556603773584904    0.3459108591752604
-0.46462264150943394    0.36146270979217426
-0.46367924528301885    0.36476158719571056
-0.46273584905660375    0.3435545181727445
-0.46179245283018866    0.37395131710567997
-0.46084905660377357    0.36216961209294124
-0.45990566037735847    0.3501522729798616
-0.4589622641509434    0.35062354118041417
-0.4580188679245283    0.3569856618872749
-0.4570754716981132    0.3329509836612401
-0.4561320754716981    0.34685339557628286
-0.455188679245283    0.35062354118041417
-0.4542452830188679    0.36476158719571056
-0.4533018867924528    0.33436478826277405
-0.4523584905660377    0.33601422696452404
-0.4514150943396226    0.3475602978770907
-0.45047169811320753    0.34543959097474913
-0.44952830188679244    0.3456752250750454
-0.44858490566037734    0.33460042236299026
-0.44764150943396225    0.3435545181727445
-0.44669811320754715    0.348031566077561
-0.44575471698113206    0.3393131043681427
-0.44481132075471697    0.3513304434811398
-0.44386792452830187    0.33884183616763147
-0.4429245283018868    0.328473935756344
-0.4419811320754717    0.33860620206737574
-0.4410377358490566    0.3357785928642684
-0.4400943396226415    0.32753139935536
-0.4391509433962264    0.346146493275516
-0.4382075471698113    0.34049127486942105
-0.4372641509433962    0.3331866177614565
-0.4363207547169811    0.3244681560520365
-0.435377358490566    0.33601422696452404
-0.43443396226415093    0.3244681560520365
-0.43349056603773584    0.3452039568744935
-0.43254716981132074    0.3341291541625183
-0.43160377358490565    0.3272957652550658
-0.43066037735849055    0.32753139935536
-0.42971698113207546    0.35368678448369606
-0.42877358490566037    0.33860620206737574
-0.42783018867924527    0.3289452039568552
-0.4268867924528302    0.3336578859620071
-0.4259433962264151    0.3287095698565996
-0.425    0.32493942425254785
-0.4240566037735849    0.34025564076912534
-0.4231132075471698    0.3341291541625183
-0.4221698113207547    0.33412915416247907
-0.4212264150943396    0.3435545181727445
-0.4202830188679245    0.3463821273757716
-0.4193396226415094    0.33884183616763147
-0.41839622641509433    0.34143381127040345
-0.41745283018867924    0.32588196065357045
-0.41650943396226414    0.3357785928642684
-0.41556603773584905    0.3395487384683984
-0.41462264150943395    0.3357785928642684
-0.41367924528301886    0.33648549516507487
-0.41273584905660377    0.33978437256861405
-0.41179245283018867    0.32517505835280347
-0.4108490566037736    0.3357785928642684
-0.4099056603773585    0.32941647215740527
-0.4089622641509434    0.33742803156605783
-0.4080188679245283    0.34119817717018797
-0.4070754716981132    0.32823830165608836
-0.4061320754716981    0.32682449705459304
-0.405188679245283    0.3287095698565996
-0.4042452830188679    0.2978415027231475
-0.4033018867924528    0.32706013115481025
-0.40235849056603773    0.31504279204181035
-0.40141509433962264    0.3206980104479083
-0.40047169811320754    0.32187618094922427
-0.39952830188679245    0.32965210625762215
-0.39858490566037735    0.31504279204181035
-0.39764150943396226    0.3209336445481639
-0.39669811320754716    0.33200844726021744
-0.39575471698113207    0.3254106924530208
-0.394811320754717    0.3089163054351633
-0.3938679245283019    0.3197554740468858
-0.3929245283018868    0.3141002556407877
-0.3919811320754717    0.32399688785148706
-0.3910377358490566    0.300904746026471
-0.3900943396226415    0.3254106924530208
-0.3891509433962264    0.3082094031343963
-0.3882075471698113    0.3086806713348713
-0.3872641509433962    0.3228187173502469
-0.38632075471698113    0.32965210625762215
-0.38537735849056604    0.309151939535419
-0.38443396226415094    0.31197954873845013
-0.38349056603773585    0.313864621540532
-0.38254716981132075    0.31433588974100635
-0.38160377358490566    0.3067955985328624
-0.38066037735849056    0.30891630543512694
-0.37971698113207547    0.2992553073246815
-0.3787735849056604    0.3105657441369163
-0.3778301886792453    0.31221518283874244
-0.3768867924528302    0.3016116483272025
-0.3759433962264151    0.31999110814717907
-0.375    0.3023185506279694
-0.3740566037735849    0.2973702345226362
-0.3731132075471698    0.3129220851394726
-0.3721698113207547    0.3082094031343963
-0.3712264150943396    0.2895943092141655
-0.37028301886792453    0.3042036234300502
-0.36933962264150944    0.29854840502387936
-0.36839622641509434    0.2895943092141996
-0.36745283018867925    0.29360008891851114
-0.36650943396226415    0.30137601422698235
-0.36556603773584906    0.29053684561518806
-0.36462264150943396    0.2999622096254484
-0.36367924528301887    0.2912437479159549
-0.3627358490566038    0.2994909414249371
-0.3617924528301887    0.29053684561518806
-0.3608490566037736    0.2997265755251928
-0.3599056603773585    0.2919506502167218
-0.3589622641509434    0.28205401800601865
-0.3580188679245283    0.2895943092141655
-0.3570754716981132    0.3063243303323511
-0.3561320754716981    0.30114038012669125
-0.355188679245283    0.2957207958208466
-0.35424528301886793    0.29100811381569924
-0.35330188679245284    0.30561742803158415
-0.35235849056603774    0.31174391463819445
-0.35141509433962265    0.2796976770034621
-0.35047169811320755    0.2872379682116093
-0.34952830188679246    0.29147938201624485
-0.34858490566037736    0.2919506502167218
-0.34764150943396227    0.28629543181062045
-0.3466981132075472    0.3018472824274581
-0.3457547169811321    0.2841747249083195
-0.344811320754717    0.2789907747026623
-0.3438679245283019    0.2785195065021838
-0.3429245283018868    0.28346782260751924
-0.3419811320754717    0.2917150161165005
-0.3410377358490566    0.27922640880291794
-0.3400943396226415    0.2794620429032065
-0.3391509433962264    0.27262865399576036
-0.33820754716981133    0.29289318661777874
-0.33726415094339623    0.28040457930419604
-0.33632075471698114    0.2796976770034621
-0.33537735849056605    0.28888740691339865
-0.33443396226415095    0.2895943092141996
-0.33349056603773586    0.2789907747026623
-0.33254716981132076    0.2950138935200797
-0.33160377358490567    0.28181838390572983
-0.3306603773584906    0.2646170945871002
-0.3297169811320755    0.2780482383016398
-0.3287735849056604    0.2837034567078083
-0.3278301886792453    0.27828387240189545
-0.3268867924528302    0.28134711570525167
-0.3259433962264151    0.2858241636100755
-0.325    0.26320328998556625
-0.3240566037735849    0.27309992219627166
-0.3231132075471698    0.2653239968878672
-0.32216981132075473    0.2738068244970385
-0.32122641509433963    0.24953651217073833
-0.32028301886792454    0.2799333111036848
-0.31933962264150945    0.2721573857952812
-0.31839622641509435    0.2775769701011286
-0.31745283018867926    0.27168611759476985
-0.31650943396226416    0.2721573857952492
-0.31556603773584907    0.2775769701011612
-0.314622641509434    0.2695654106924373
-0.3136792452830189    0.28158274980550735
-0.3127358490566038    0.28346782260751924
-0.3117924528301887    0.2577837056796862
-0.3108490566037736    0.2745137267978054
-0.3099056603773585    0.27639879959988295
-0.3089622641509434    0.2648527286873247
-0.3080188679245283    0.2679159719906794
-0.3070754716981132    0.27027231299320414
-0.30613207547169813    0.2742780926975821
-0.30518867924528303    0.26249638768476846
-0.30424528301886794    0.2646170945871002
-0.30330188679245285    0.25778370567965586
-0.30235849056603775    0.28605979771036477
-0.30141509433962266    0.2716861175947379
-0.30047169811320756    0.263438924085822
-0.29952830188679247    0.26815160609090344
-0.2985849056603774    0.27262865399579245
-0.2976415094339623    0.2674447037901366
-0.2966981132075472    0.2754562631988603
-0.2957547169811321    0.26273202178502403
-0.294811320754717    0.2657952650883785
-0.2938679245283019    0.253306657774799
-0.2929245283018868    0.2745137267978377
-0.2919811320754717    0.2641458263865578
-0.2910377358490566    0.2709792152940029
-0.29009433962264153    0.2763987995998504
-0.28915094339622643    0.2584906079804532
-0.28820754716981134    0.2683872401911591
-0.28726415094339625    0.2636745581860776
-0.28632075471698115    0.2893586751139099
-0.28537735849056606    0.27262865399579245
-0.28443396226415096    0.26061131488272343
-0.28349056603773587    0.2738068244970707
-0.2825471698113208    0.25754807157940024
-0.2816037735849057    0.2594331443814758
-0.2806603773584906    0.2683872401911591
-0.2797169811320755    0.2603756807824984
-0.2787735849056604    0.26768033789039225
-0.2778301886792453    0.2589618761809645
-0.2768867924528302    0.25754807157940024
-0.27594339622641506    0.26202511948425716
-0.27499999999999997    0.2629676558853106
-0.2740566037735849    0.255191730576844
-0.2731132075471698    0.254484828276107
-0.2721698113207547    0.2561342669778665
-0.2712264150943396    0.2587262420807088
-0.2702830188679245    0.2643814604868135
-0.2693396226415094    0.27639879959988295
-0.2683962264150943    0.25919751028118965
-0.2674528301886792    0.2646170945871002
-0.2665094339622641    0.2632032899855353
-0.265566037735849    0.2577837056796862
-0.26462264150943393    0.24930087807045334
-0.26367924528301884    0.2528353895743175
-0.26273584905660374    0.26626653328885846
-0.26179245283018865    0.24882960986997135
-0.26084905660377355    0.2516572190730096
-0.25990566037735846    0.2582549738801975
-0.25896226415094337    0.2535422918750546
-0.2580188679245283    0.2702723129932359
-0.2570754716981132    0.253306657774799
-0.2561320754716981    0.25707680337891925
-0.255188679245283    0.2568411692786334
-0.2542452830188679    0.2589618761809645
-0.2533018867924528    0.25778370567965586
-0.2523584905660377    0.24388129376460257
-0.2514150943396226    0.2530710236745433
-0.2504716981132075    0.2601400466822428
-0.24952830188679243    0.2573124374791447
-0.24858490566037733    0.2575480715794306
-0.24764150943396224    0.24694453706789704
-0.24669811320754714    0.24953651217073833
-0.24575471698113205    0.24317439146380704
-0.24481132075471695    0.25142158497278355
-0.24386792452830186    0.2504790485717314
-0.24292452830188677    0.25707680337891925
-0.24198113207547167    0.2504790485717314
-0.24103773584905658    0.229271979548752
-0.24009433962264148    0.2490652439701977
-0.2391509433962264    0.24411692786485828
-0.2382075471698113    0.25118595087249834
-0.2372641509433962    0.24718017116818175
-0.2363207547169811    0.24176058686227325
-0.235377358490566    0.23704790485718863
-0.23443396226415092    0.24765143936866396
-0.23349056603773582    0.2266800044459398
-0.23254716981132073    0.2403467822607395
-0.23160377358490564    0.2540135600755958
-0.23066037735849054    0.23916861175946136
-0.22971698113207545    0.2391686117594895
-0.22877358490566035    0.24553073246636328
-0.22783018867924526    0.23893297765923388
-0.22688679245283017    0.253306657774799
-0.22594339622641507    0.23586973435591033
-0.22499999999999998    0.24364565966431828
-0.22405660377358488    0.2382260753584669
-0.2231132075471698    0.245059464265852
-0.2221698113207547    0.2542491941758514
-0.2212264150943396    0.2389329776592057
-0.2202830188679245    0.24694453706792613
-0.2193396226415094    0.2358697343558826
-0.21839622641509432    0.2339846615538651
-0.21745283018867922    0.24812270756917518
-0.21650943396226413    0.23681227075693295
-0.21556603773584904    0.23751917305767198
-0.21462264150943394    0.23539846615539906
-0.21367924528301885    0.26037568078246776
-0.21273584905660375    0.23799044125821125
-0.21179245283018866    0.253306657774799
-0.21084905660377357    0.24953651217073833
-0.20990566037735847    0.2490652439701977
-0.20896226415094338    0.2417605868623017
-0.20801886792452828    0.2403467822607395
-0.2070754716981132    0.24388129376460257
-0.2061320754716981    0.25212848727352083
-0.205188679245283    0.23681227075693295
-0.2042452830188679    0.2516572190730096
-0.2033018867924528    0.23704790485718863
-0.20235849056603772    0.2438812937645739
-0.20141509433962262    0.24011114816051213
-0.20047169811320753    0.24788707346891956
-0.19952830188679244    0.255191730576874
-0.19858490566037734    0.2410536845615064
-0.19764150943396225    0.24835834166946003
-0.19669811320754715    0.24529509836610766
-0.19575471698113206    0.2391686117594895
-0.19481132075471697    0.24600200066687453
-0.19386792452830187    0.24034678226076778
-0.19292452830188678    0.25377792597531024
-0.19198113207547168    0.24388129376460257
-0.1910377358490566    0.25118595087249834
-0.1900943396226415    0.24034678226076778
-0.1891509433962264    0.2379904412581832
-0.1882075471698113    0.24529509836613653
-0.1872641509433962    0.24364565966431828
-0.18632075471698112    0.23681227075693295
-0.18537735849056602    0.23704790485716074
-0.18443396226415093    0.23681227075693295
-0.18349056603773584    0.24246748916304012
-0.18254716981132074    0.24930087807048262
-0.18160377358490565    0.2573124374791447
-0.18066037735849055    0.24270312326332433
-0.17971698113207546    0.24694453706789704
-0.17877358490566037    0.23280649105258683
-0.17783018867924527    0.2504790485717314
-0.17688679245283018    0.24246748916306868
-0.17594339622641508    0.25825497388016716
-0.175    0.23940424585974515
-0.1740566037735849    0.2542491941758215
-0.1731132075471698    0.2589618761809645
-0.1721698113207547    0.24411692786482955
-0.1712264150943396    0.24812270756920438
-0.17028301886792452    0.2530710236745433
-0.16933962264150942    0.2509503167722722
-0.16839622641509433    0.2410536845615064
-0.16745283018867924    0.2549560964766184
-0.16650943396226414    0.2561342669778665
-0.16556603773584905    0.25684116927866363
-0.16462264150943395    0.25024341447147586
-0.16367924528301886    0.2417605868623017
-0.16273584905660377    0.2613182171834903
-0.16179245283018867    0.2533066577748288
-0.16084905660377358    0.2617894853840016
-0.15990566037735848    0.26131821718352105
-0.1589622641509434    0.25754807157940024
-0.1580188679245283    0.2554273646771297
-0.1570754716981132    0.27003667889294847
-0.1561320754716981    0.24623763476715915
-0.155188679245283    0.24835834166943083
-0.15424528301886792    0.2686228742914464
-0.15330188679245282    0.26296765588527965
-0.15235849056603773    0.2485939757697157
-0.15141509433962264    0.27003667889294847
-0.15047169811320754    0.26603089918863415
-0.14952830188679245    0.2584906079804228
-0.14858490566037735    0.2693297765922133
-0.14764150943396226    0.25778370567965586
-0.14669811320754716    0.27498499499834905
-0.14575471698113207    0.27050794709345977
-0.14481132075471698    0.2690941424919576
-0.14386792452830188    0.26084694898297905
-0.1429245283018868    0.2672090696899124
-0.1419811320754717    0.257076803378889
-0.1410377358490566    0.2754562631988603
-0.1400943396226415    0.2716861175947379
-0.1391509433962264    0.2530710236745731
-0.13820754716981132    0.26555963098809154
-0.13726415094339622    0.2721573857952812
-0.13632075471698113    0.27309992219627166
-0.13537735849056604    0.2533066577748288
-0.13443396226415094    0.2587262420806784
-0.13349056603773585    0.2653239968878672
-0.13254716981132075    0.2773413360008729
-0.13160377358490566    0.2502434144715053
-0.13066037735849056    0.27145048349448225
-0.12971698113207547    0.2584906079804532
-0.12877358490566038    0.26791597199064787
-0.12783018867924528    0.26178948538403235
-0.1268867924528302    0.2587262420806784
-0.1259433962264151    0.262732021785055
-0.125    0.2556629987773552
-0.1240566037735849    0.27192175169502547
-0.12311320754716981    0.2891230410136543
-0.12216981132075472    0.2575480715794306
-0.12122641509433962    0.25636990107812213
-0.12028301886792453    0.2596687784817314
-0.11933962264150944    0.2558986328776109
-0.11839622641509434    0.268858508391702
-0.11745283018867925    0.25542736467709964
-0.11650943396226415    0.25990441258198715
-0.11556603773584906    0.255191730576844
-0.11462264150943396    0.2615538512837767
-0.11367924528301887    0.257076803378889
-0.11273584905660378    0.2669734355896568
-0.11179245283018868    0.25825497388016716
-0.11084905660377359    0.263438924085822
-0.1099056603773585    0.2410536845615064
-0.1089622641509434    0.2721573857952812
-0.1080188679245283    0.2542491941758215
-0.10707547169811321    0.2738068244970707
-0.10613207547169812    0.258961876180934
-0.10518867924528302    0.2639101922863332
-0.10424528301886793    0.2639101922863022
-0.10330188679245284    0.2648527286873559
-0.10235849056603774    0.25825497388016716
-0.10141509433962265    0.2596687784817314
-0.10047169811320755    0.24765143936866396
-0.09952830188679246    0.2525997554740618
-0.09858490566037736    0.25259975547403213
-0.09764150943396227    0.24977214627099398
-0.09669811320754718    0.24694453706789704
-0.09575471698113208    0.2594331443814758
-0.09481132075471699    0.2669734355896254
-0.0938679245283019    0.2648527286873559
-0.0929245283018868    0.2657952650883472
-0.0919811320754717    0.26178948538403235
-0.09103773584905661    0.25212848727352083
-0.09009433962264152    0.2615538512837767
-0.08915094339622642    0.25754807157940024
-0.08820754716981133    0.2500077803712496
-0.08726415094339623    0.25801933977991154
-0.08632075471698114    0.2542491941758514
-0.08537735849056605    0.2547204623763328
-0.08443396226415095    0.242231855062813
-0.08349056603773586    0.25542736467709964
-0.08254716981132076    0.25636990107815233
-0.08160377358490567    0.25401356007556586
-0.08066037735849058    0.25613426697789665
-0.07971698113207548    0.24223185506278452
-0.07877358490566039    0.25142158497278355
-0.0778301886792453    0.25990441258195657
-0.0768867924528302    0.2657952650883785
-0.0759433962264151    0.24694453706789704
-0.07500000000000001    0.26650216738914545
-0.07405660377358492    0.2516572190730096
-0.07311320754716982    0.2705079470934916
-0.07216981132075473    0.258961876180934
-0.07122641509433963    0.2502434144715053
-0.07028301886792454    0.2535422918750546
-0.06933962264150945    0.24977214627099398
-0.06839622641509435    0.25495609647658835
-0.06745283018867926    0.24058241636102345
-0.06650943396226416    0.24011114816048387
-0.06556603773584907    0.25142158497278355
-0.06462264150943398    0.2558986328776109
-0.06367924528301888    0.24105368456153475
-0.06273584905660379    0.24882960986994207
-0.06179245283018869    0.25189285317329485
-0.0608490566037736    0.26084694898297905
-0.059905660377358505    0.25212848727355053
-0.05896226415094341    0.24977214627096456
-0.05801886792452832    0.2434100255640913
-0.05707547169811322    0.24176058686227325
-0.05613207547169813    0.24623763476715915
-0.055188679245283034    0.24081805046125074
-0.05424528301886794    0.25636990107815233
-0.053301886792452846    0.25919751028118965
-0.05235849056603775    0.24930087807048262
-0.05141509433962266    0.2403467822607395
-0.050471698113207564    0.23751917305769993
-0.04952830188679247    0.24458819606534077
-0.048584905660377375    0.2448238301656252
-0.04764150943396228    0.26084694898297905
-0.04669811320754719    0.2464732688674148
-0.04575471698113209    0.24482383016559642
-0.044811320754717    0.23846170945872253
-0.043867924528301905    0.2509503167722427
-0.04292452830188681    0.25684116927866363
-0.04198113207547172    0.24317439146380704
-0.04103773584905662    0.25236412137380615
-0.04009433962264153    0.2384617094586945
-0.039150943396226434    0.2500077803712496
-0.03820754716981134    0.24458819606534077
-0.037264150943396246    0.2448238301656252
-0.03632075471698115    0.23516283205511573
-0.03537735849056606    0.23445592975437643
-0.034433962264150964    0.24011114816048387
-0.033490566037735814    0.24270312326329577
-0.03254716981132072    0.23634100255642165
-0.031603773584905626    0.23987551406022822
-0.03066037735849053    0.2584906079804532
-0.029716981132075437    0.23209958875179254
-0.028773584905660343    0.23634100255642165
-0.02783018867924525    0.23563410025562695
-0.026886792452830155    0.2339846615538651
-0.02594339622641506    0.2464732688673858
-0.024999999999999967    0.24435256196511393
-0.024056603773584873    0.24482383016559642
-0.02311320754716978    0.2516572190730392
-0.022169811320754684    0.245059464265852
-0.02122641509433959    0.2485939757697157
-0.020283018867924496    0.2516572190730096
-0.019339622641509402    0.25118595087252793
-0.018396226415094308    0.24482383016559642
-0.017452830188679214    0.24930087807048262
-0.01650943396226412    0.2507146826719871
-0.015566037735849025    0.22267422474159368
-0.014622641509433931    0.24859397576968642
-0.013679245283018837    0.23445592975437643
-0.012735849056603743    0.23728353895741633
-0.011792452830188649    0.24882960986997135
-0.010849056603773555    0.24788707346891956
-0.00990566037735846    0.24930087807048262
-0.008962264150943366    0.22832944314770254
-0.008018867924528272    0.24411692786485828
-0.007075471698113178    0.24011114816048387
-0.006132075471698084    0.2516572190730392
-0.00518867924528299    0.24435256196508515
-0.004245283018867896    0.24011114816051213
-0.0033018867924528017    0.24270312326329577
-0.0023584905660377076    0.23681227075693295
-0.0014150943396226134    0.24246748916304012
-0.0004716981132075193    0.255898632877641
0.0004716981132075748    0.23021451594974754
0.0014150943396227245    0.23045015005000316
0.002358490566037763    0.24364565966437562
0.0033018867924528017    0.2384617094586945
0.004245283018867951    0.23704790485716074
0.005188679245283101    0.23822607535843884
0.00613207547169814    0.24788707346897793
0.007075471698113178    0.2410536845615064
0.008018867924528328    0.23092141825051443
0.008962264150943478    0.24482383016559642
0.009905660377358516    0.23751917305772788
0.010849056603773555    0.2262087362454019
0.011792452830188704    0.23963987995997263
0.012735849056603854    0.2323352228520482
0.013679245283018893    0.23681227075696085
0.014622641509433931    0.23351339335332633
0.015566037735849081    0.2403467822607395
0.01650943396226423    0.2290363454484694
0.01745283018867927    0.2384617094587506
0.018396226415094308    0.2474158052684083
0.019339622641509457    0.22102478603977807
0.020283018867924607    0.24270312326329577
0.021226415094339646    0.24859397576974496
0.022169811320754684    0.2613182171834903
0.023113207547169834    0.22668000444591316
0.024056603773584984    0.2377548071579276
0.025000000000000022    0.24176058686233018
0.02594339622641506    0.2379904412581832
0.02688679245283021    0.2535422918750546
0.02783018867924536    0.2438812937645739
0.0287735849056604    0.25142158497281314
0.029716981132075437    0.23822607535843884
0.030660377358490587    0.24835834166943083
0.03160377358490574    0.2544848282760771
0.032547169811320775    0.24600200066693245
0.033490566037735814    0.24694453706789704
0.034433962264150964    0.24553073246636328
0.03537735849056611    0.2504790485717314
0.03632075471698115    0.24529509836616542
0.03726415094339619    0.25000778037122023
0.03820754716981134    0.24058241636099514
0.03915094339622649    0.2316283205512813
0.04009433962264153    0.25519173057690403
0.04103773584905657    0.25919751028118965
0.04198113207547172    0.24270312326329577
0.042924528301886866    0.2530710236745433
0.043867924528301905    0.2535422918751143
0.04481132075471694    0.2389329776592057
0.04575471698113209    0.24835834166943083
0.04669811320754724    0.2542491941758215
0.04764150943396228    0.23775480715798356
0.04858490566037732    0.2547204623763328
0.04952830188679247    0.25377792597531024
0.05047169811320762    0.24930087807045334
0.05141509433962266    0.2660308991886654
0.052358490566037696    0.2516572190730096
0.053301886792452846    0.24529509836610766
0.054245283018867996    0.24600200066687453
0.055188679245283034    0.25024341447153475
0.05613207547169807    0.25142158497275396
0.05707547169811322    0.24482383016559642
0.05801886792452837    0.24953651217070894
0.05896226415094341    0.25990441258201774
0.05990566037735845    0.25636990107812213
0.0608490566037736    0.26202511948425716
0.06179245283018875    0.25024341447147586
0.06273584905660379    0.24977214627102337
0.06367924528301883    0.2568411692786334
0.06462264150943398    0.2558986328776109
0.06556603773584913    0.2530710236745433
0.06650943396226416    0.25377792597536997
0.0674528301886792    0.2403467822607395
0.06839622641509435    0.27687006780036166
0.0693396226415095    0.24953651217070894
0.07028301886792454    0.2525997554740916
0.07122641509433958    0.24882960986994207
0.07216981132075473    0.24553073246636328
0.07311320754716988    0.25212848727352083
0.07405660377358492    0.2429387573636086
0.07499999999999996    0.2573124374791447
0.0759433962264151    0.2464732688673858
0.07688679245283025    0.26202511948425716
0.0778301886792453    0.2509503167723018
0.07877358490566033    0.26084694898297905
0.07971698113207548    0.2641458263865578
0.08066037735849063    0.25778370567965586
0.08160377358490567    0.2509503167723018
0.08254716981132071    0.2683872401911591
0.08349056603773586    0.27003667889294847
0.08443396226415101    0.2648527286873247
0.08537735849056605    0.2384617094587506
0.08632075471698109    0.2622607535845128
0.08726415094339623    0.26014004668221213
0.08820754716981138    0.2716861175947379
0.08915094339622642    0.24953651217076767
0.09009433962264146    0.25495609647658835
0.09103773584905661    0.255191730576844
0.09198113207547176    0.2518928531732652
0.0929245283018868    0.24600200066693245
0.09386792452830184    0.27522062909857226
0.09481132075471699    0.2759275313993391
0.09575471698113214    0.2669734355896254
0.09669811320754718    0.25825497388022794
0.09764150943396221    0.26273202178502403
0.09858490566037736    0.27404245859729415
0.09952830188679251    0.2648527286873247
0.10047169811320755    0.24670890296769946
0.10141509433962259    0.27074358119371533
0.10235849056603774    0.25754807157940024
0.10330188679245289    0.26084694898297905
0.10424528301886793    0.2763987995999155
0.10518867924528297    0.2516572190730096
0.10613207547169812    0.27121484939422663
0.10707547169811327    0.27239301989550474
0.1080188679245283    0.27145048349454615
0.10896226415094334    0.2653239968878359
0.1099056603773585    0.2507146826719871
0.11084905660377364    0.26768033789039225
0.11179245283018868    0.27545626319889277
0.11273584905660372    0.2547204623763328
0.11367924528301887    0.26343892408579095
0.11462264150943402    0.2771057019006173
0.11556603773584906    0.258961876180995
0.1165094339622641    0.26249638768476846
0.11745283018867925    0.26202511948425716
0.1183962264150944    0.2735711903967829
0.11933962264150944    0.2665021673891768
0.12028301886792447    0.26815160609090344
0.12122641509433962    0.27239301989550474
0.12216981132075477    0.2745137267978054
0.12311320754716981    0.25825497388022794
0.12405660377358485    0.26343892408579095
0.125    0.26061131488272343
0.12594339622641515    0.28111148160496296
0.1268867924528302    0.2615538512838075
0.12783018867924523    0.27003667889294847
0.12877358490566038    0.2617894853840016
0.12971698113207553    0.26603089918860284
0.13066037735849056    0.26014004668227336
0.1316037735849056    0.24482383016559642
0.13254716981132075    0.24788707346891956
0.1334905660377359    0.2657952650883472
0.13443396226415094    0.2752206290986371
0.13537735849056598    0.26555963098809154
0.13632075471698113    0.2584906079804228
0.13726415094339628    0.2653239968878359
0.13820754716981132    0.2504790485717904
0.13915094339622636    0.253306657774799
0.1400943396226415    0.2615538512837459
0.14103773584905666    0.2504790485717314
0.1419811320754717    0.2650883627876427
0.14292452830188673    0.2584906079804228
0.14386792452830188    0.2622607535845128
0.14481132075471703    0.27050794709345977
0.14575471698113207    0.254484828276137
0.1466981132075471    0.26273202178502403
0.14764150943396226    0.2474158052684083
0.1485849056603774    0.2632032899855353
0.14952830188679245    0.24835834166948925
0.15047169811320749    0.2632032899855353
0.15141509433962264    0.26815160609090344
0.15235849056603779    0.26249638768476846
0.15330188679245282    0.26414582638662
0.15424528301886786    0.26249638768476846
0.155188679245283    0.26343892408579095
0.15613207547169816    0.26461709458706906
0.1570754716981132    0.254484828276137
0.15801886792452824    0.2584906079804228
0.1589622641509434    0.239404245859717
0.15990566037735854    0.25825497388016716
0.16084905660377358    0.2530710236746029
0.16179245283018862    0.24953651217070894
0.16273584905660377    0.27145048349448225
0.16367924528301891    0.26202511948425716
0.16462264150943395    0.23799044125823926
0.165566037735849    0.24411692786482955
0.16650943396226414    0.26555963098809154
0.1674528301886793    0.2419962209625289
0.16839622641509433    0.25024341447153475
0.16933962264150937    0.25495609647658835
0.17028301886792452    0.25660553517837775
0.17122641509433967    0.24977214627096456
0.1721698113207547    0.2587262420807393
0.17311320754716975    0.2719217516949935
0.1740566037735849    0.25401356007556586
0.17500000000000004    0.2573124374791447
0.17594339622641508    0.2568411692786938
0.17688679245283012    0.2509503167722427
0.17783018867924527    0.24576636656661893
0.17877358490566042    0.25636990107812213
0.17971698113207546    0.24647326886744383
0.1806603773584905    0.25212848727352083
0.18160377358490565    0.2558986328776109
0.1825471698113208    0.25825497388016716
0.18349056603773584    0.25636990107818247
0.18443396226415087    0.255191730576844
0.18537735849056602    0.2568411692786334
0.18632075471698117    0.26343892408579095
0.1872641509433962    0.23280649105261422
0.18820754716981125    0.24435256196508515
0.1891509433962264    0.2507146826719871
0.19009433962264155    0.241289318661762
0.1910377358490566    0.2518928531733245
0.19198113207547163    0.25212848727352083
0.19292452830188678    0.24482383016559642
0.19386792452830193    0.23916861175946136
0.19481132075471697    0.23940424585977335
0.195754716981132    0.25542736467709964
0.19669811320754715    0.23045015005000316
0.1976415094339623    0.25118595087249834
0.19858490566037734    0.23610536845619376
0.19952830188679238    0.23092141825051443
0.20047169811320753    0.23280649105255943
0.20141509433962268    0.24670890296764145
0.20235849056603772    0.24741580526846654
0.20330188679245276    0.24718017116815266
0.2042452830188679    0.2410536845615064
0.20518867924528306    0.2403467822607395
0.2061320754716981    0.23610536845619376
0.20707547169811313    0.2474158052684083
0.20801886792452828    0.23115705235077003
0.20896226415094343    0.24317439146380704
0.20990566037735858    0.23280649105255943
0.21084905660377362    0.23681227075696085
0.21179245283018866    0.22950761364898065
0.2127358490566038    0.23280649105255943
0.21367924528301896    0.2323352228520482
0.214622641509434    0.23445592975440402
0.21556603773584904    0.23634100255639381
0.2165094339622642    0.23280649105255943
0.21745283018867934    0.2379904412581832
0.21839622641509437    0.24576636656667675
0.2193396226415094    0.23704790485716074
0.22028301886792456    0.24223185506278452
0.2212264150943397    0.23045015005000316
0.22216981132075475    0.24835834166948925
0.2231132075471698    0.25000778037122023
0.22405660377358494    0.2429387573635514
0.2250000000000001    0.23963987995997263
0.22594339622641513    0.23374902745363693
0.22688679245283017    0.22832944314770254
0.22783018867924532    0.2368122707569051
0.22877358490566047    0.24058241636099514
0.2297169811320755    0.23681227075696085
0.23066037735849054    0.23634100255639381
0.2316037735849057    0.24623763476713018
0.23254716981132084    0.24482383016559642
0.23349056603773588    0.24458819606539833
0.23443396226415092    0.245059464265852
0.23537735849056607    0.23492719795486008
0.23632075471698122    0.24081805046125074
0.23726415094339626    0.2386973435590063
0.2382075471698113    0.2410536845615064
0.23915094339622645    0.24482383016559642
0.2400943396226416    0.22785817494719127
0.24103773584905663    0.23893297765926197
0.24198113207547167    0.2415249527620176
0.24292452830188682    0.25000778037122023
0.24386792452830197    0.24600200066687453
0.244811320754717    0.25636990107818247
0.24575471698113205    0.25801933977991154
0.2466981132075472    0.2518928531732652
0.24764150943396235    0.253306657774799
0.2485849056603774    0.24529509836616542
0.24952830188679243    0.25377792597531024
0.2504716981132076    0.24694453706789704
0.2514150943396227    0.24953651217070894
0.25235849056603776    0.2523641213738359
0.2533018867924528    0.2490652439701977
0.25424528301886795    0.2410536845615064
0.2551886792452831    0.26037568078246776
0.25613207547169814    0.2653239968878984
0.2570754716981132    0.2474158052684083
0.25801886792452833    0.270979215293971
0.2589622641509435    0.26249638768476846
0.2599056603773585    0.2587262420807393
0.26084905660377355    0.2674447037901366
0.2617924528301887    0.2641458263865578
0.26273584905660385    0.25118595087249834
0.2636792452830189    0.2523641213738359
0.26462264150943393    0.25919751028118965
0.2655660377358491    0.2542491941758215
0.26650943396226423    0.25825497388016716
0.26745283018867927    0.26438146048687566
0.2683962264150943    0.26202511948425716
0.26933962264150946    0.27569189729908355
0.2702830188679246    0.26720906968988095
0.27122641509433965    0.24364565966437562
0.2721698113207547    0.25919751028118965
0.27311320754716983    0.255191730576844
0.274056603773585    0.24411692786482955
0.275    0.2681516060909666
0.27594339622641506    0.26202511948425716
0.2768867924528302    0.25495609647658835
0.27783018867924536    0.26296765588527965
0.2787735849056604    0.2533066577748586
0.27971698113207544    0.25801933977991154
0.2806603773584906    0.2568411692786334
0.28160377358490574    0.24081805046125074
0.2825471698113208    0.2558986328776711
0.2834905660377358    0.26461709458706906
0.28443396226415096    0.2561342669778665
0.2853773584905661    0.26720906968988095
0.28632075471698115    0.27027231299326776
0.2872641509433962    0.25778370567965586
0.28820754716981134    0.2632032899855353
0.2891509433962265    0.26343892408579095
0.29009433962264153    0.26273202178508587
0.29103773584905657    0.26555963098809154
0.2919811320754717    0.26367455818604657
0.29292452830188687    0.2547204623763328
0.2938679245283019    0.2615538512838075
0.29481132075471694    0.2596687784817009
0.2957547169811321    0.26815160609090344
0.29669811320754724    0.25000778037122023
0.2976415094339623    0.258961876180995
0.2985849056603773    0.26508836278758036
0.29952830188679247    0.26273202178502403
0.3004716981132076    0.26603089918860284
0.30141509433962266    0.2690941424919893
0.3023584905660377    0.2584906079804228
0.30330188679245285    0.27427809269754977
0.304245283018868    0.26555963098809154
0.30518867924528303    0.27027231299326776
0.3061320754716981    0.26626653328885846
0.3070754716981132    0.2665021673891141
0.3080188679245284    0.2745137267978054
0.3089622641509434    0.2676803378904552
0.30990566037735845    0.2641458263865578
0.3108490566037736    0.2568411692786334
0.31179245283018875    0.2735711903967829
0.3127358490566038    0.27663443370017116
0.3136792452830188    0.269094142491926
0.314622641509434    0.27050794709345977
0.3155660377358491    0.2657952650883472
0.31650943396226416    0.2756918972991484
0.3174528301886792    0.2617894853840016
0.31839622641509435    0.26768033789039225
0.3193396226415095    0.27687006780036166
0.32028301886792454    0.27145048349454615
0.3212264150943396    0.2815827498054742
0.32216981132075473    0.27781260420138415
0.3231132075471699    0.28488162720905297
0.3240566037735849    0.28488162720912
0.32499999999999996    0.2947782594197893
0.3259433962264151    0.28087584750470734
0.32688679245283025    0.2775769701011286
0.3278301886792453    0.2787551406024723
0.32877358490566033    0.29572079582081184
0.3297169811320755    0.2771057019006173
0.33066037735849063    0.2771057019006173
0.33160377358490567    0.29147938201627915
0.3325471698113207    0.2806402134044517
0.33349056603773586    0.2780482383016398
0.334433962264151    0.28346782260751924
0.33537735849056605    0.27922640880298366
0.3363207547169811    0.2865310659108424
0.33726415094339623    0.29666333222183433
0.3382075471698114    0.2903012115149324
0.3391509433962264    0.29265755251755754
0.34009433962264146    0.2992553073246462
0.3410377358490566    0.2846459931087974
0.34198113207547176    0.2912437479159549
0.3429245283018868    0.2839390908080973
0.34386792452830184    0.2999622096254131
0.344811320754717    0.2895943092141655
0.34575471698113214    0.29807713682336806
0.3466981132075472    0.2900655774147451
0.3476415094339622    0.2855885295098199
0.34858490566037736    0.2851172613093086
0.3495283018867925    0.2999622096254131
0.35047169811320755    0.29689896632215984
0.3514150943396226    0.3098588418361494
0.35235849056603774    0.2921862843169774
0.3533018867924529    0.30467489163052563
0.35424528301886793    0.29524952762037004
0.35518867924528297    0.30114038012669125
0.3561320754716981    0.29430699121927806
0.35707547169811327    0.2997265755251575
0.3580188679245283    0.29312882071806895
0.35896226415094334    0.29100811381569924
0.3599056603773585    0.295013893520045
0.36084905660377364    0.3004334778259244
0.3617924528301887    0.3027898188285519
0.3627358490566037    0.30467489163052563
0.36367924528301887    0.29689896632208995
0.364622641509434    0.3060886962320594
0.36556603773584906    0.308680671334944
0.3665094339622641    0.3190485717461189
0.36745283018867925    0.28747360231186486
0.3683962264150944    0.29572079582081184
0.36933962264150944    0.29619206402139275
0.3702830188679245    0.3075025008335932
0.3712264150943396    0.3129220851394726
0.3721698113207548    0.3249394242525096
0.3731132075471698    0.3056174280316201
0.37405660377358485    0.30679559853282634
0.375    0.312686451039217
0.37594339622641515    0.3056174280315482
0.3768867924528302    0.31410025564082467
0.3778301886792452    0.29595642992106747
0.3787735849056604    0.31739913304432954
0.3797169811320755    0.3124508169389613
0.38066037735849056    0.3150427920418474
0.3816037735849056    0.31834166944535197
0.38254716981132075    0.31692786484381824
0.3834905660377359    0.3131577192397282
0.38443396226415094    0.31551406024235873
0.385377358490566    0.31339335333998386
0.38632075471698113    0.3070312326330819
0.3872641509433963    0.3148071579415176
0.3882075471698113    0.308680671334944
0.38915094339622636    0.29854840502387936
0.3900943396226415    0.31150828053793883
0.39103773584905666    0.320226742247397
0.3919811320754717    0.3103301100367338
0.39292452830188673    0.3034967211292475
0.3938679245283019    0.3247037901522539
0.39481132075471703    0.3150427920417732
0.39575471698113207    0.32234744914977354
0.3966981132075471    0.3218761809491864
0.39764150943396226    0.3098588418361494
0.3985849056603774    0.3249394242525096
0.39952830188679245    0.309387573635711
0.4004716981132075    0.30938757363563824
0.40141509433962264    0.31150828053793883
0.4023584905660378    0.3315371790596672
0.4033018867924528    0.32918083805718834
0.40424528301886786    0.3162209625430514
0.405188679245283    0.3249394242525096
0.40613207547169816    0.33483605646324593
0.4070754716981132    0.3284739357564213
0.40801886792452824    0.32635322885404333
0.4089622641509434    0.3298877403578777
0.40990566037735854    0.3409625430698922
0.4108490566037736    0.32258308325002927
0.4117924528301886    0.3223474491496977
0.41273584905660377    0.32211181504944203
0.4136792452830189    0.3496810047793504
0.41462264150943395    0.32894520395693266
0.415566037735849    0.33342225186171215
0.41650943396226414    0.3228187173502089
0.4174528301886793    0.3218761809491864
0.41839622641509433    0.3216405468490065
0.41933962264150937    0.3407269089696366
0.4202830188679245    0.3268244970545546
0.42122641509433967    0.34473268867398227
0.4221698113207547    0.32988774035795543
0.42311320754716975    0.33460042236299026
0.4240566037735849    0.33200844726017836
0.42500000000000004    0.3268244970545546
0.4259433962264151    0.34638212737585317
0.4268867924528301    0.3404912748693809
0.42783018867924527    0.33059464265864463
0.4287735849056604    0.3277670334555771
0.42971698113207546    0.34756029787713155
0.4306603773584905    0.34237634767142594
0.43160377358490565    0.33083027675890025
0.4325471698113208    0.348031566077561
0.43349056603773584    0.3386062020674156
0.4344339622641509    0.33695676336554653
0.435377358490566    0.348031566077561
0.4363207547169812    0.35792819828829736
0.4372641509433962    0.3485028342781543
0.43820754716981125    0.33742803156605783
0.4391509433962264    0.33742803156605783
0.44009433962264155    0.3515660775813954
0.4410377358490566    0.3527442480827566
0.4419811320754716    0.3355429587640128
0.4429245283018868    0.34284761587193724
0.4438679245283019    0.3430832499721928
0.44481132075471697    0.3548649549850577
0.445754716981132    0.37230187840389056
0.44669811320754715    0.33412915416247907
0.4476415094339623    0.36169834389238736
0.44858490566037745    0.3633477825941767
0.4495283018867925    0.3381349338669043
0.45047169811320753    0.36829609869954494
0.4514150943396227    0.3593420028898311
0.45235849056603783    0.35510058908522985
0.45330188679245287    0.38125597421369417
0.4542452830188679    0.3645259530954549
0.45518867924528306    0.35769256418804174
0.4561320754716982    0.35203734578190665
0.45707547169811324    0.36570412359681914
0.4580188679245283    0.361933977992643
0.45896226415094343    0.36688229409801115
0.4599056603773586    0.3635834166944324
0.4608490566037736    0.37277314660448957
0.46179245283018866    0.3463821273757716
0.4627358490566038    0.38290541291539376
0.46367924528301896    0.3810203401133488
0.464622641509434    0.3508591752807111
0.46556603773584904    0.37795709681002565
0.4665094339622642    0.3635834166944324
0.46745283018867934    0.37088807380235683
0.4683962264150944    0.37889963321113734
0.4693396226415094    0.3706524397021012
0.47028301886792456    0.3770145604090031
0.4712264150943397    0.38290541291539376
0.47216981132075475    0.38125597421369417
0.4731132075471698    0.38761809492050636
0.47405660377358494    0.3732444148049131
0.4750000000000001    0.37630765810823624
0.4759433962264151    0.3793709014116487
0.47688679245283017    0.3843192175169276
0.4778301886792453    0.40175614093584394
0.47877358490566047    0.3836123152161607
0.4797169811320755    0.3633477825942623
0.48066037735849054    0.389738801822807
0.4816037735849057    0.3706524397021012
0.48254716981132084    0.39421584972766394
0.4834905660377359    0.39610092252980217
0.4844339622641509    0.3715949761031237
0.48537735849056607    0.3869111926197395
0.4863207547169812    0.3890318995220401
0.48726415094339626    0.38408358341676235
0.4882075471698113    0.38455485161718317
0.48915094339622645    0.36782483049903364
0.4900943396226416    0.3883249972212732
0.49103773584905663    0.3897388018228987
0.49198113207547167    0.3812559742136044
0.4929245283018868    0.3996354340335433
0.49386792452830197    0.3760720240079806
0.494811320754717    0.38290541291548397
0.49575471698113205    0.3819628765143713
0.4966981132075472    0.37630765810823624
0.49764150943396235    0.3812559742136044
0.4985849056603774    0.3767789263088362
0.4995283018867924    0.36523285539622175
0.5004716981132076    0.3756007558074694
0.5014150943396227    0.3890318995220401
0.5023584905660378    0.3838479493165067
0.5033018867924528    0.39539402022894204
0.504245283018868    0.40623318884070087
0.5051886792452831    0.3791352673113038
0.5061320754716981    0.3963365566300578
0.5070754716981132    0.38808936312101755
0.5080188679245283    0.37819273091028127
0.5089622641509435    0.38502611981769447
0.5099056603773585    0.3857330221185521
0.5108490566037736    0.4031699455373777
0.5117924528301887    0.39303767922638577
0.5127358490566039    0.38808936312101755
0.5136792452830189    0.4083538957430976
0.5146226415094339    0.37772146270977003
0.5155660377358491    0.3873824608202507
0.5165094339622642    0.3986928976325208
0.5174528301886793    0.3793709014116487
0.5183962264150943    0.3949227520284308
0.5193396226415095    0.41047460264530217
0.5202830188679246    0.39138824052459636
0.5212264150943396    0.39374458152724534
0.5221698113207547    0.42154940535731666
0.5231132075471698    0.40387684783814465
0.524056603773585    0.3975147271312427
0.525    0.4107102367456545
0.5259433962264151    0.4076469934422346
0.5268867924528302    0.4081182616427459
0.5278301886792454    0.423198844059106
0.5287735849056604    0.4130665777482113
0.5297169811320754    0.4142447482493922
0.5306603773584906    0.42225630765808353
0.5316037735849057    0.4083538957430015
0.5325471698113208    0.41989996665562607
0.5334905660377358    0.3975147271312427
0.534433962264151    0.4203712348560385
0.5353773584905661    0.4239057463598729
0.5363207547169812    0.42814716016457494
0.5372641509433962    0.43733689007444365
0.5382075471698113    0.4142447482493922
0.5391509433962265    0.42107813715680537
0.5400943396226415    0.41989996665562607
0.5410377358490566    0.42461264866063975
0.5419811320754717    0.4248482827608954
0.5429245283018869    0.4189574302545047
0.5438679245283019    0.4213137712571602
0.5448113207547169    0.421313771257061
0.5457547169811321    0.435216183172143
0.5466981132075472    0.41825052795373785
0.5476415094339623    0.4510036678893761
0.5485849056603773    0.4187217961542491
0.5495283018867925    0.43733689007444365
0.5504716981132076    0.435216183172143
0.5514150943396227    0.4319173057686659
0.5523584905660377    0.45595198399463815
0.5533018867924528    0.4198999666555272
0.554245283018868    0.44275647438032306
0.555188679245283    0.44016449927761475
0.5561320754716981    0.438986328776233
0.5570754716981132    0.4330954762698423
0.5580188679245284    0.44723352228517993
0.5589622641509434    0.4248482827609954
0.5599056603773584    0.44770479048569123
0.5608490566037736    0.4467622540846687
0.5617924528301887    0.438986328776233
0.5627358490566038    0.4474691563855409
0.5636792452830188    0.44699788818492436
0.564622641509434    0.4564232521951494
0.5655660377358491    0.4604290318994951
0.5665094339622642    0.44888296098707503
0.5674528301886792    0.44464154718236804
0.5683962264150944    0.4634922752028182
0.5693396226415095    0.4413426697787893
0.5702830188679245    0.46749805490727386
0.5712264150943396    0.4378081582749549
0.5721698113207547    0.46891185950869757
0.5731132075471699    0.44652661998441306
0.5740566037735849    0.45406691119270004
0.575    0.46019339779923946
0.5759433962264151    0.45877959319770567
0.5768867924528303    0.46679115260639703
0.5778301886792453    0.45288874069142165
0.5787735849056603    0.4484116927864581
0.5797169811320755    0.4858775147271028
0.5806603773584906    0.46019339779923946
0.5816037735849057    0.4613715683006262
0.5825471698113207    0.44911859508722496
0.5834905660377359    0.46914749360895325
0.584433962264151    0.4512393019895256
0.585377358490566    0.45383127709244436
0.5863207547169811    0.4748027120150883
0.5872641509433962    0.4764521507168777
0.5882075471698114    0.48092919862173467
0.5891509433962264    0.4969523174392343
0.5900943396226415    0.4568945203956607
0.5910377358490566    0.46113593420026194
0.5919811320754718    0.4580726908969388
0.5929245283018868    0.4814004668223592
0.5938679245283018    0.47739468711790023
0.594811320754717    0.49789485384013976
0.5957547169811321    0.4884694898299146
0.5966981132075472    0.48163610092261483
0.5976415094339622    0.4953028787373279
0.5985849056603774    0.476923418917389
0.5995283018867925    0.4877625875291478
0.6004716981132076    0.47833722351903535
0.6014150943396226    0.4981304879403954
0.6023584905660377    0.4997799266421848
0.6033018867924529    0.5143892408580337
0.6042452830188679    0.5101478270535524
0.605188679245283    0.4943603423363053
0.6061320754716981    0.5207513615649355
0.6070754716981133    0.5080271201511317
0.6080188679245283    0.5026075358453705
0.6089622641509433    0.4997799266421848
0.6099056603773585    0.49742358563962846
0.6108490566037736    0.5110903634544549
0.6117924528301887    0.4964810492387229
0.6127358490566037    0.5019006335444854
0.6136792452830189    0.5216938979659581
0.614622641509434    0.5073202178503649
0.6155660377358491    0.5136823385573877
0.6165094339622641    0.5077914860508761
0.6174528301886792    0.5094409247526656
0.6183962264150944    0.508498388351643
0.6193396226415094    0.5216938979660809
0.6202830188679245    0.522400800266725
0.6212264150943396    0.5158030454595675
0.6221698113207548    0.5221651661664694
0.6231132075471698    0.5200444592642911
0.6240566037735849    0.5306479937756718
0.625    0.5136823385572667
0.6259433962264151    0.5125041680559886
0.6268867924528302    0.5047282427476718
0.6278301886792452    0.5344181393797619
0.6287735849056604    0.5198088251639131
0.6297169811320755    0.5426653328887089
0.6306603773584906    0.5355963098811661
0.6316037735849056    0.5188662887628905
0.6325471698113208    0.5120328998554774
0.6334905660377359    0.5264065799710707
0.6344339622641509    0.552797599199831
0.635377358490566    0.5464354784927989
0.6363207547169811    0.5393664554851302
0.6372641509433963    0.5370101144825739
0.6382075471698113    0.529705457374774
0.6391509433962264    0.5454929420917763
0.6400943396226415    0.5436078692897314
0.6410377358490567    0.5537401356007233
0.6419811320754717    0.5516194286985525
0.6429245283018867    0.5643436701122265
0.6438679245283019    0.5509125263976559
0.644811320754717    0.5410158941869195
0.6457547169811321    0.5777748138269333
0.6466981132075471    0.5624585973101814
0.6476415094339623    0.5676425475158053
0.6485849056603774    0.5711770590196398
0.6495283018867924    0.589085250639206
0.6504716981132075    0.5810736912303761
0.6514150943396226    0.5728264977214291
0.6523584905660378    0.5850794709347218
0.6533018867924528    0.5716483272202856
0.6542452830188679    0.571648327220151
0.655188679245283    0.5648149383127378
0.6561320754716982    0.5629298655106928
0.6570754716981132    0.5902634211404845
0.6580188679245282    0.5784817161275642
0.6589622641509434    0.5777748138267973
0.6599056603773585    0.5923841280426462
0.6608490566037736    0.5553895743026435
0.6617924528301886    0.577303545626286
0.6627358490566038    0.5765966433255191
0.6636792452830189    0.6112348560630964
0.664622641509434    0.5761253751251435
0.665566037735849    0.59002778704009
0.6665094339622641    0.5824874958319098
0.6674528301886793    0.5813093253306317
0.6683962264150943    0.5968611759476435
0.6693396226415094    0.6062865399577282
0.6702830188679245    0.6044014671556832
0.6712264150943397    0.5904990552406012
0.6721698113207547    0.5904990552407401
0.6731132075471697    0.5834300322329324
0.6740566037735849    0.6027520284538938
0.675    0.5937979326441799
0.6759433962264151    0.6204245859732118
0.6768867924528301    0.6022807602533825
0.6778301886792453    0.6131199288651413
0.6787735849056604    0.6001600533510818
0.6797169811320755    0.607700344559405
0.6806603773584905    0.5926197621429018
0.6816037735849056    0.5959186395464806
0.6825471698113208    0.5992175169500594
0.6834905660377358    0.6067578081583822
0.6844339622641509    0.5879070801377893
0.685377358490566    0.6079359786595175
0.6863207547169812    0.6109992219628407
0.6872641509433962    0.617361342669888
0.6882075471698113    0.6218383905745996
0.6891509433962264    0.6380971434922378
0.6900943396226416    0.6289074135822683
0.6910377358490567    0.6380971434922378
0.6919811320754717    0.6376258752918766
0.6929245283018868    0.6383327775924935
0.6938679245283019    0.6362120706901928
0.6948113207547171    0.6298499499832908
0.6957547169811321    0.6562409692120755
0.6966981132075472    0.660718017116778
0.6976415094339623    0.6423385572968391
0.6985849056603775    0.6814538179392732
0.6995283018867925    0.6324419250862516
0.7004716981132075    0.6609536512170336
0.7014150943396227    0.644930532399651
0.7023584905660378    0.6602467489162667
0.7033018867924529    0.6442236300990357
0.7042452830188679    0.6571835056129436
0.7051886792452831    0.6800400133377394
0.7061320754716982    0.6623674558185674
0.7070754716981132    0.6498788485051722
0.7080188679245283    0.6585973102144773
0.7089622641509434    0.6828676225408069
0.7099056603773586    0.6692008447259805
0.7108490566037736    0.6571835056130982
0.7117924528301887    0.6793331110369725
0.7127358490566038    0.6633099922195899
0.713679245283019    0.7090230076691815
0.714622641509434    0.6887584750473597
0.715566037735849    0.68216072024004
0.7165094339622642    0.6807469156385062
0.7174528301886793    0.7043103256640689
0.7183962264150944    0.723396687784945
0.7193396226415094    0.6873446704456638
0.7202830188679246    0.7233966877847747
0.7212264150943397    0.7113793486717378
0.7221698113207548    0.7057241302657689
0.7231132075471698    0.7064310325663696
0.7240566037735849    0.7106724463709709
0.7250000000000001    0.7127931532732715
0.7259433962264151    0.7332933199956837
0.7268867924528302    0.7120862509725047
0.7278301886792453    0.7167989329776172
0.7287735849056605    0.7537934867177506
0.7297169811320755    0.7429543181061667
0.7306603773584905    0.7196265421806847
0.7316037735849057    0.728345003890143
0.7325471698113208    0.7325864176947442
0.7334905660377359    0.7257530287875018
0.7344339622641509    0.7365921973990899
0.7353773584905661    0.7646326553295095
0.7363207547169812    0.767460264532577
0.7372641509433963    0.7450750250084678
0.7382075471698113    0.7559141936200513
0.7391509433962264    0.7660464599310433
0.7400943396226416    0.8037479159719436
0.7410377358490566    0.7903167722575588
0.7419811320754717    0.7681671668333439
0.7429245283018868    0.8035122818716879
0.743867924528302    0.7825408469489371
0.744811320754717    0.7910236745583259
0.745754716981132    0.8035122818716879
0.7466981132075472    0.8320240080026188
0.7476415094339623    0.8218917416916268
0.7485849056603774    0.8266044236969339
0.7495283018867924    0.8237768144936719
0.7504716981132076    0.8409781038123326
0.7514150943396227    0.8492252973212795
0.7523584905660378    0.8289607646994906
0.7533018867924528    0.840742469712077
0.754245283018868    0.8329665444036413
0.7551886792452831    0.8501678337223021
0.7561320754716981    0.8925819717685249
0.7570754716981132    0.8506391019228133
0.7580188679245283    0.8805646326552778
0.7589622641509435    0.8734956096476091
0.7599056603773585    0.8603001000334966
0.7608490566037736    0.8829209736578342
0.7617924528301887    0.8803289985550222
0.7627358490566039    0.8869267533621799
0.7636792452830189    0.8916394353675022
0.7646226415094339    0.888104923863458
0.7655660377358491    0.9189729909969452
0.7665094339622642    0.8852773146603905
0.7674528301886793    0.9331110370125024
0.7683962264150943    0.9121396020895319
0.7693396226415095    0.907662554184675
0.7702830188679246    0.9060131154828857
0.7712264150943396    0.9239213071025308
0.7721698113207547    0.9451283761253196
0.7731132075471698    0.9404156941202072
0.774056603773585    0.9324041347115158
0.775    0.9517261309327014
0.7759433962264151    0.9116683338890207
0.7768867924528302    0.9679848838501156
0.7778301886792454    0.9427720351227634
0.7787735849056604    0.9540824719352582
0.7797169811320754    0.9543181060352892
0.7806603773584906    0.962094031343725
0.7816037735849057    0.9762320773590626
0.7825471698113208    0.9745826386575025
0.7834905660377358    0.985421807269032
0.784433962264151    0.9915482938756782
0.7853773584905661    0.9849505390685207
0.7863207547169812    0.9873068800713094
0.7872641509433962    0.9830654662664757
0.7882075471698113    0.9649216405467924
0.7891509433962265    0.9870712459708214
0.7900943396226415    1.0028587306881844
0.7910377358490566    0.9898988551738889
0.7919811320754717    0.9781171501611075
0.7929245283018869    0.9894275869733776
0.7938679245283019    0.9903701233746333
0.7948113207547169    0.9979104145825801
0.7957547169811321    1.0080426808935723
0.7966981132075472    0.988485050572355
0.7976415094339623    1.0259508725132414
0.7985849056603773    1.016289874402519
0.7995283018867925    1.0210025564076317
0.8004716981132076    0.9990885850838582
0.8014150943396227    1.0122840946984115
0.8023584905660377    0.9894275869733776
0.8033018867924528    1.0035656329887153
0.804245283018868    1.029014115816323
0.805188679245283    1.02383016561094
0.8061320754716981    1.0323129932199018
0.8070754716981132    1.0464510392352393
0.8080188679245284    1.0177036790040528
0.8089622641509434    1.0285428476160536
0.8099056603773584    1.0563476714459756
0.8108490566037736    1.0495142825385626
0.8117924528301887    1.0445659664331943
0.8127358490566038    1.0775547404692356
0.8136792452830188    1.0721351561631025
0.814622641509434    1.0886295431809967
0.8155660377358491    1.0634166944536445
0.8165094339622642    1.0704857174615652
0.8174528301886792    1.0810892519728166
0.8183962264150944    1.1088940758029804
0.8193396226415095    1.1046526619983792
0.8202830188679245    1.080146715572048
0.8212264150943396    1.0949916638878985
0.8221698113207547    1.1128998555073262
0.8231132075471699    1.1164343670111605
0.8240566037735849    1.1183194398134688
0.825    1.0992330776925
0.8259433962264151    1.0608247193508327
0.8268867924528303    1.1230321218183181
0.8278301886792453    1.1185550739137244
0.8287735849056603    1.133871290430077
0.8297169811320755    1.1355207291318663
0.8306603773584906    1.1343425586305882
0.8316037735849057    1.1703945759699745
0.8325471698113207    1.1301011448259868
0.8334905660377359    1.1385839724351896
0.834433962264151    1.1465955318438807
0.835377358490566    1.1489518728467074
0.8363207547169811    1.1456529954428583
0.8372641509433962    1.137641436034167
0.8382075471698114    1.12939424252522
0.8391509433962264    1.1635611870625597
0.8400943396226415    1.1454173613426026
0.8410377358490566    1.1593197732576848
0.8419811320754718    1.1489518728464372
0.8429245283018868    1.1614404801602587
0.8438679245283018    1.1574347004556396
0.844811320754717    1.1939579859952618
0.8457547169811321    1.161676114260241
0.8466981132075472    1.17227964877202
0.8476415094339622    1.1604979437589626
0.8485849056603774    1.1894809380904048
0.8495283018867925    1.2038546182059982
0.8504716981132076    1.22411915082827
0.8514150943396226    1.1901878403911716
0.8523584905660377    1.177463598977368
0.8533018867924529    1.194429254195773
0.8542452830188679    1.1993775703014236
0.855188679245283    1.2088029343113664
0.8561320754716981    1.2125730799154564
0.8570754716981133    1.2062109592085544
0.8580188679245283    1.2014982772037246
0.8589622641509433    1.2029120818049754
0.8599056603773585    1.2420273424474095
0.8608490566037736    1.224119150827982
0.8617924528301887    1.212337445815486
0.8627358490566037    1.2408491719461316
0.8636792452830189    1.2182282983215913
0.864622641509434    1.2679470934755286
0.8655660377358491    1.2201133711239236
0.8665094339622641    1.2486250972545672
0.8674528301886792    1.2257685895297714
0.8683962264150944    1.2429698788484322
0.8693396226415094    1.2139868845172757
0.8702830188679245    1.2514527064576348
0.8712264150943396    1.231659442036162
0.8721698113207548    1.2236478826274708
0.8731132075471698    1.2745448482829862
0.8740566037735849    1.2613493386683712
0.875    1.2401422696453648
0.8759433962264151    1.252395242858657
0.8768867924528302    1.2512170723576737
0.8778301886792452    1.2488607313548228
0.8787735849056604    1.2516883405578905
0.8797169811320755    1.240613537845876
0.8806603773584906    1.2526308769592076
0.8816037735849056    1.2356652217405077
0.8825471698113208    1.2472112926530334
0.8834905660377359    1.2384928309435752
0.8844339622641509    1.2611137045684124
0.885377358490566    1.2653551183727167
0.8863207547169811    1.2554584861619804
0.8872641509433963    1.2285961987328389
0.8882075471698113    1.2245904190287815
0.8891509433962264    1.254515949760958
0.8900943396226415    1.2483894631543118
0.8910377358490567    1.256401022563003
0.8919811320754717    1.2288318328333838
0.8929245283018867    1.2333088807379515
0.8938679245283019    1.251923974658146
0.894811320754717    1.2288318328330945
0.8957547169811321    1.2387284650441226
0.8966981132075471    1.2302456374346284
0.8976415094339623    1.2526308769589127
0.8985849056603774    1.2104523730131556
0.8995283018867924    1.2262398577305713
0.9004716981132075    1.2151650550182682
0.9014150943396226    1.220349005223892
0.9023584905660378    1.2073891297098325
0.9033018867924528    1.2102167389131848
0.9042452830188679    1.1979637656996074
0.905188679245283    1.173693453373278
0.9061320754716982    1.1805268422806912
0.9070754716981132    1.1802912081807133
0.9080188679245282    1.1826475491829918
0.9089622641509434    1.1762854284760897
0.9099056603773585    1.1670956985661205
0.9108490566037736    1.1711014782707416
0.9117924528301886    1.12562409692113
0.9127358490566038    1.1341069245303326
0.9136792452830189    1.1032388573968455
0.914622641509434    1.1039457596978721
0.915566037735849    1.122325219517551
0.9165094339622641    1.0874513726797184
0.9174528301886793    1.04480160053345
0.9183962264150943    1.0561120373459687
0.9193396226415094    1.0431521618316606
0.9202830188679245    1.0325486273201574
0.9212264150943397    1.0033299988884596
0.9221698113207547    1.00309436478844
0.9231132075471697    0.9719906635544613
0.9240566037735849    0.9611514949427024
0.925    0.9474847171278761
0.9259433962264151    0.9397087918196614
0.9268867924528301    0.90200733577854
0.9278301886792453    0.892581971768315
0.9287735849056604    0.8883405579637136
0.9297169811320755    0.8652484161388658
0.9306603773584905    0.8225986439923937
0.9316037735849056    0.7959719906635079
0.9325471698113208    0.8042191841724549
0.933490566037736    0.7785350672445914
0.934433962264151    0.7669889963322463
0.935377358490566    0.7660464599310433
0.9363207547169812    0.7775925308435689
0.9372641509433963    0.7170345670778728
0.9382075471698114    0.72858063799057
0.9391509433962264    0.7250461264865641
0.9400943396226416    0.7179771034788953
0.9410377358490567    0.697948204957167
0.9419811320754717    0.6772124041348312
0.9429245283018868    0.6595398466154999
0.9438679245283019    0.6529420918083423
0.9448113207547171    0.6491719462042522
0.9457547169811321    0.627022340780371
0.9466981132075472    0.617125708569487
0.9476415094339623    0.6154762698676975
0.9485849056603775    0.5914415916416237
0.9495283018867925    0.5827231299323026
0.9504716981132075    0.5598666222073696
0.9514150943396227    0.5426653328887089
0.9523584905660378    0.5655218406135047
0.9533018867924529    0.5099121929532968
0.9542452830188679    0.4941247082360497
0.9551886792452831    0.5028431699455079
0.9561320754716982    0.47857285761917834
0.9570754716981132    0.46773368900752965
0.9580188679245283    0.472446371012532
0.9589622641509434    0.46561298210511887
0.9599056603773586    0.4354518172723986
0.9608490566037736    0.4439346448817057
0.9617924528301887    0.41660108925194844
0.9627358490566038    0.4107102367455578
0.963679245283019    0.42885406246524105
0.964622641509434    0.42791152606431926
0.965566037735849    0.42720462376345164
0.9665094339622642    0.42084250305654974
0.9674528301886793    0.4418139379793006
0.9683962264150944    0.4552450816939784
0.9693396226415094    0.46019339779923946
0.9702830188679246    0.4712682005112539
0.9712264150943397    0.4917683672334935
0.9721698113207548    0.5101478270535524
0.9731132075471698    0.5306479937756718
0.9740566037735849    0.533711237078995
0.9750000000000001    0.5556252084027683
0.9759433962264151    0.5850794709348595
0.9768867924528302    0.5770679115260304
0.9778301886792453    0.5707057908191285
0.9787735849056605    0.5862576414359999
0.9797169811320755    0.578717350227956
0.9806603773584905    0.5523263309991896
0.9816037735849057    0.5037857063465304
0.9825471698113208    0.4422852061798118
0.9834905660377359    0.35533622318556907
0.9844339622641509    0.2693297765921816
0.9853773584905661    0.18238079359785528
0.9863207547169812    0.11098366122040029
0.9872641509433963    0.052075136156505816
0.9882075471698113    0.02238523952428456
0.9891509433962264    0.004477047904856912
0.9900943396226416    0.0004712682005112539
0.9910377358490566    0.0007069023007670473
0.9919811320754717    0.0
0.9929245283018868    0.0
0.993867924528302    0.0
0.994811320754717    0.0
0.995754716981132    0.0
0.9966981132075472    0.0
0.9976415094339623    0.0
0.9985849056603774    0.0
0.9995283018867924    0.0